LINESTRING (3116973.564 193552.008, 3117039.928 193795.045)	65	658	0	547	false	1220	S:3117004.037641462 193663.608
LINESTRING (3117039.928 193795.045, 3117051.295 193837.096)	65	658	0	548	false	1220	None
LINESTRING (3117051.295 193837.096, 3117039.332 193912.275)	65	658	0	549	false	1220	None
LINESTRING (3117039.332 193912.275, 3116997.601 194173.494)	65	658	0	550	false	1220	None
LINESTRING (3116997.601 194173.494, 3116938.135 194298.439)	65	658	0	551	false	1220	None
LINESTRING (3116938.135 194298.439, 3116906.853 194344.088)	65	658	0	552	false	1220	None
LINESTRING (3116906.853 194344.088, 3116781.716 194526.208)	65	658	0	553	false	1220	None
LINESTRING (3116781.716 194526.208, 3116540.686 195044.746)	65	658	0	554	false	1220	None
LINESTRING (3116540.686 195044.746, 3116465.838 195621.977)	65	658	0	555	false	1220	None
LINESTRING (3116465.838 195621.977, 3116439.215 195827.18)	65	658	0	556	false	1220	None
LINESTRING (3116439.215 195827.18, 3116410.549 196074.281)	65	658	0	557	false	1220	None
LINESTRING (3116410.549 196074.281, 3116391.293 196240.584)	65	658	0	558	false	1220	None
LINESTRING (3116391.293 196240.584, 3116356.876 196535.65)	65	658	0	559	false	1220	None
LINESTRING (3116356.876 196535.65, 3116319.595 196738.904)	65	658	0	560	false	1220	None
LINESTRING (3116319.595 196738.904, 3116289.044 196904.677)	65	658	0	561	false	1220	None
LINESTRING (3116289.044 196904.677, 3116167.186 196857.768)	65	658	0	562	false	1220	None
LINESTRING (3116167.186 196857.768, 3115558.361 196623.553)	65	658	0	563	false	1220	None
LINESTRING (3115558.361 196623.553, 3115117.209 196456.598)	65	658	0	564	false	1220	None
LINESTRING (3115117.209 196456.598, 3114942.293 196390.297)	65	658	0	565	false	1220	None
LINESTRING (3114942.293 196390.297, 3114939.553 196389.246)	65	658	0	566	false	1220	None
LINESTRING (3114939.553 196389.246, 3113987.568 196028.586)	65	658	0	567	false	1220	None
LINESTRING (3113987.568 196028.586, 3113985.856 196027.929)	65	658	0	568	false	1220	None
LINESTRING (3113985.856 196027.929, 3113125.3 195702.105)	65	658	0	569	false	1220	None
LINESTRING (3113125.3 195702.105, 3112945.361 195634.047)	65	658	0	570	false	1220	None
LINESTRING (3112945.361 195634.047, 3112849.142 195597.622)	65	658	0	571	false	1220	None
LINESTRING (3112849.142 195597.622, 3112841.179 195594.569)	65	658	0	572	false	1220	None
LINESTRING (3112841.179 195594.569, 3112804.456 195580.723)	65	658	0	573	false	1220	None
LINESTRING (3112804.456 195580.723, 3112799.359 195578.65)	65	658	0	574	false	1220	None
LINESTRING (3112799.359 195578.65, 3112478.511 195457.281)	65	658	0	575	false	1220	None
LINESTRING (3112478.511 195457.281, 3112475.943 195456.296)	65	658	0	576	false	1220	None
LINESTRING (3112475.943 195456.296, 3112084.381 195308.306)	65	658	0	577	false	1220	W:3112314.717 195395.36098654114
LINESTRING (3121445.226 198842.299, 3119432.188 198106.686)	65	663	0	318	false	590	E:3120870.383 198632.2373996929
LINESTRING (3119432.188 198106.686, 3119430.89 198109.04)	65	663	0	319	false	590	None
LINESTRING (3119430.89 198109.04, 3119421.772 198105.416)	65	663	0	320	false	590	None
LINESTRING (3119421.772 198105.416, 3119422.305 198108.118)	65	663	0	321	false	590	None
LINESTRING (3119422.305 198108.118, 3119418.071 198106.61)	65	663	0	322	false	590	None
LINESTRING (3119418.071 198106.61, 3119283.938 198057.901)	65	663	0	323	false	590	None
LINESTRING (3119283.938 198057.901, 3119274.78 198054.381)	65	663	0	324	false	590	None
LINESTRING (3119274.78 198054.381, 3119100.216 197987.161)	65	663	0	325	false	590	None
LINESTRING (3119100.216 197987.161, 3118710.295 197836.939)	65	663	0	326	false	590	None
LINESTRING (3118710.295 197836.939, 3118145.842 197619.674)	65	663	0	327	false	590	None
LINESTRING (3118145.842 197619.674, 3118145.796 197619.537)	65	663	0	328	false	590	None
LINESTRING (3118145.796 197619.537, 3117685.269 197441.648)	65	663	0	329	false	590	None
LINESTRING (3117685.269 197441.648, 3117685.184 197441.615)	65	663	0	330	false	590	None
LINESTRING (3117685.184 197441.615, 3117113.261 197221.801)	65	663	0	331	false	590	None
LINESTRING (3117113.261 197221.801, 3117052.104 197198.43)	65	663	0	332	false	590	None
LINESTRING (3117052.104 197198.43, 3117049.108 197197.279)	65	663	0	333	false	590	None
LINESTRING (3117049.108 197197.279, 3116289.044 196904.677)	65	663	0	334	false	590	None
LINESTRING (3116289.044 196904.677, 3116319.595 196738.904)	65	663	0	335	false	590	None
LINESTRING (3116319.595 196738.904, 3116356.876 196535.65)	65	663	0	336	false	590	None
LINESTRING (3116356.876 196535.65, 3116391.293 196240.584)	65	663	0	337	false	590	None
LINESTRING (3116391.293 196240.584, 3116410.549 196074.281)	65	663	0	338	false	590	None
LINESTRING (3116410.549 196074.281, 3116439.215 195827.18)	65	663	0	339	false	590	None
LINESTRING (3116439.215 195827.18, 3116465.838 195621.977)	65	663	0	340	false	590	None
LINESTRING (3116465.838 195621.977, 3116540.686 195044.746)	65	663	0	341	false	590	None
LINESTRING (3116540.686 195044.746, 3116781.716 194526.208)	65	663	0	342	false	590	None
LINESTRING (3116781.716 194526.208, 3116906.853 194344.088)	65	663	0	343	false	590	None
LINESTRING (3116906.853 194344.088, 3116938.135 194298.439)	65	663	0	344	false	590	None
LINESTRING (3116938.135 194298.439, 3116997.601 194173.494)	65	663	0	345	false	590	None
LINESTRING (3116997.601 194173.494, 3117039.332 193912.275)	65	663	0	346	false	590	None
LINESTRING (3117039.332 193912.275, 3117051.295 193837.096)	65	663	0	347	false	590	None
LINESTRING (3117051.295 193837.096, 3117039.928 193795.045)	65	663	0	348	false	590	None
LINESTRING (3117039.928 193795.045, 3116973.564 193552.008)	65	663	0	349	false	590	S:3117004.037641462 193663.608
LINESTRING (3112084.381 195308.306, 3112475.943 195456.296)	65	314	0	54	false	1296	W:3112314.717 195395.36098654114
LINESTRING (3112475.943 195456.296, 3112478.511 195457.281)	65	314	0	55	false	1296	None
LINESTRING (3112478.511 195457.281, 3112799.359 195578.65)	65	314	0	56	false	1296	None
LINESTRING (3112799.359 195578.65, 3112804.456 195580.723)	65	314	0	57	false	1296	None
LINESTRING (3112804.456 195580.723, 3112841.179 195594.569)	65	314	0	58	false	1296	None
LINESTRING (3112841.179 195594.569, 3112849.142 195597.622)	65	314	0	59	false	1296	None
LINESTRING (3112849.142 195597.622, 3112945.361 195634.047)	65	314	0	60	false	1296	None
LINESTRING (3112945.361 195634.047, 3113125.3 195702.105)	65	314	0	61	false	1296	None
LINESTRING (3113125.3 195702.105, 3113985.856 196027.929)	65	314	0	62	false	1296	None
LINESTRING (3113985.856 196027.929, 3113987.568 196028.586)	65	314	0	63	false	1296	None
LINESTRING (3113987.568 196028.586, 3114939.553 196389.246)	65	314	0	64	false	1296	None
LINESTRING (3114939.553 196389.246, 3114942.293 196390.297)	65	314	0	65	false	1296	None
LINESTRING (3114942.293 196390.297, 3115117.209 196456.598)	65	314	0	66	false	1296	None
LINESTRING (3115117.209 196456.598, 3115558.361 196623.553)	65	314	0	67	false	1296	None
LINESTRING (3115558.361 196623.553, 3116167.186 196857.768)	65	314	0	68	false	1296	None
LINESTRING (3116167.186 196857.768, 3116069.78 197548.096)	65	314	0	69	false	1296	None
LINESTRING (3116069.78 197548.096, 3116041.395 199038.821)	65	314	0	70	false	1296	None
LINESTRING (3116041.395 199038.821, 3116113.343 199371.303)	65	314	0	71	false	1296	None
LINESTRING (3116113.343 199371.303, 3116216.197 199738.846)	65	314	0	72	false	1296	None
LINESTRING (3116216.197 199738.846, 3116179.227 200269.678)	65	314	0	73	false	1296	None
LINESTRING (3116179.227 200269.678, 3116212.569 200549.179)	65	314	0	74	false	1296	None
LINESTRING (3116212.569 200549.179, 3116256.965 200753.622)	65	314	0	75	false	1296	None
LINESTRING (3116256.965 200753.622, 3116200.896 201086.409)	65	314	0	76	false	1296	None
LINESTRING (3116200.896 201086.409, 3116248.14 201192.427)	65	314	0	77	false	1296	None
LINESTRING (3116248.14 201192.427, 3116242.237 201263.761)	65	314	0	78	false	1296	None
LINESTRING (3116242.237 201263.761, 3116200.995 201502.725)	65	314	0	79	false	1296	None
LINESTRING (3116200.995 201502.725, 3116166.478 201799.564)	65	314	0	80	false	1296	N:3116200.224051068 201509.355
LINESTRING (3116166.478 201799.564, 3116200.995 201502.725)	65	316	0	124	false	215	N:3116200.224051068 201509.355
LINESTRING (3116200.995 201502.725, 3116242.237 201263.761)	65	316	0	125	false	215	None
LINESTRING (3116242.237 201263.761, 3116248.14 201192.427)	65	316	0	126	false	215	None
LINESTRING (3116248.14 201192.427, 3116200.896 201086.409)	65	316	0	127	false	215	None
LINESTRING (3116200.896 201086.409, 3116256.965 200753.622)	65	316	0	128	false	215	None
LINESTRING (3116256.965 200753.622, 3116212.569 200549.179)	65	316	0	129	false	215	None
LINESTRING (3116212.569 200549.179, 3116179.227 200269.678)	65	316	0	130	false	215	None
LINESTRING (3116179.227 200269.678, 3116216.197 199738.846)	65	316	0	131	false	215	None
LINESTRING (3116216.197 199738.846, 3116113.343 199371.303)	65	316	0	132	false	215	None
LINESTRING (3116113.343 199371.303, 3116041.395 199038.821)	65	316	0	133	false	215	None
LINESTRING (3116041.395 199038.821, 3116069.78 197548.096)	65	316	0	134	false	215	None
LINESTRING (3116069.78 197548.096, 3116167.186 196857.768)	65	316	0	135	false	215	None
LINESTRING (3116167.186 196857.768, 3116289.044 196904.677)	65	316	0	136	false	215	None
LINESTRING (3116289.044 196904.677, 3117049.108 197197.279)	65	316	0	137	false	215	None
LINESTRING (3117049.108 197197.279, 3117052.104 197198.43)	65	316	0	138	false	215	None
LINESTRING (3117052.104 197198.43, 3117113.261 197221.801)	65	316	0	139	false	215	None
LINESTRING (3117113.261 197221.801, 3117685.184 197441.615)	65	316	0	140	false	215	None
LINESTRING (3117685.184 197441.615, 3117685.269 197441.648)	65	316	0	141	false	215	None
LINESTRING (3117685.269 197441.648, 3118145.796 197619.537)	65	316	0	142	false	215	None
LINESTRING (3118145.796 197619.537, 3118145.842 197619.674)	65	316	0	143	false	215	None
LINESTRING (3118145.842 197619.674, 3118710.295 197836.939)	65	316	0	144	false	215	None
LINESTRING (3118710.295 197836.939, 3119100.216 197987.161)	65	316	0	145	false	215	None
LINESTRING (3119100.216 197987.161, 3119274.78 198054.381)	65	316	0	146	false	215	None
LINESTRING (3119274.78 198054.381, 3119283.938 198057.901)	65	316	0	147	false	215	None
LINESTRING (3119283.938 198057.901, 3119418.071 198106.61)	65	316	0	148	false	215	None
LINESTRING (3119418.071 198106.61, 3119422.305 198108.118)	65	316	0	149	false	215	None
LINESTRING (3119422.305 198108.118, 3119421.772 198105.416)	65	316	0	150	false	215	None
LINESTRING (3119421.772 198105.416, 3119430.89 198109.04)	65	316	0	151	false	215	None
LINESTRING (3119430.89 198109.04, 3119432.188 198106.686)	65	316	0	152	false	215	None
LINESTRING (3119432.188 198106.686, 3121445.226 198842.299)	65	316	0	153	false	215	E:3120870.383 198632.2373996929
