LINESTRING (3135638.14 232916.481, 3135619.521 232849.239)	47	1612	0	121	false	1573	N:3135631.4562990097 232892.343
LINESTRING (3135619.521 232849.239, 3135595.046 232749.835)	47	1612	0	122	false	1573	None
LINESTRING (3135595.046 232749.835, 3135581.093 232704.171)	47	1612	0	123	false	1573	None
LINESTRING (3135581.093 232704.171, 3135572.803 232677.019)	47	1612	0	124	false	1573	None
LINESTRING (3135572.803 232677.019, 3135585.534 232666.955)	47	1612	0	125	false	1573	None
LINESTRING (3135585.534 232666.955, 3135570.127 232663.953)	47	1612	0	126	false	1573	None
LINESTRING (3135570.127 232663.953, 3135559.556 232612.1)	47	1612	0	127	false	1573	None
LINESTRING (3135559.556 232612.1, 3135538.159 232475.191)	47	1612	0	128	false	1573	None
LINESTRING (3135538.159 232475.191, 3135531.509 232445.579)	47	1612	0	129	false	1573	None
LINESTRING (3135531.509 232445.579, 3135498.369 232367.226)	47	1612	0	130	false	1573	None
LINESTRING (3135498.369 232367.226, 3135469.992 232302.63)	47	1612	0	131	false	1573	None
LINESTRING (3135469.992 232302.63, 3135443.846 232235.565)	47	1612	0	132	false	1573	None
LINESTRING (3135443.846 232235.565, 3135442.921 232219.249)	47	1612	0	133	false	1573	None
LINESTRING (3135442.921 232219.249, 3135450.358 232204.631)	47	1612	0	134	false	1573	None
LINESTRING (3135450.358 232204.631, 3135473.53 232180.042)	47	1612	0	135	false	1573	None
LINESTRING (3135473.53 232180.042, 3135502.56 232164.871)	47	1612	0	136	false	1573	None
LINESTRING (3135502.56 232164.871, 3135524.458 232152.41)	47	1612	0	137	false	1573	None
LINESTRING (3135524.458 232152.41, 3135622.116 232075.871)	47	1612	0	138	false	1573	None
LINESTRING (3135622.116 232075.871, 3135761.298 231937.568)	47	1612	0	139	false	1573	None
LINESTRING (3135761.298 231937.568, 3135770.335 231922.618)	47	1612	0	140	false	1573	None
LINESTRING (3135770.335 231922.618, 3135776.278 231909.325)	47	1612	0	141	false	1573	None
LINESTRING (3135776.278 231909.325, 3135780.373 231892.457)	47	1612	0	142	false	1573	None
LINESTRING (3135780.373 231892.457, 3135780.919 231881.951)	47	1612	0	143	false	1573	None
LINESTRING (3135780.919 231881.951, 3135777.684 231870.575)	47	1612	0	144	false	1573	None
LINESTRING (3135777.684 231870.575, 3135766.207 231844.806)	47	1612	0	145	false	1573	None
LINESTRING (3135766.207 231844.806, 3135759.249 231804.358)	47	1612	0	146	false	1573	None
LINESTRING (3135759.249 231804.358, 3135746.276 231744.786)	47	1612	0	147	false	1573	None
LINESTRING (3135746.276 231744.786, 3135742.335 231731.944)	47	1612	0	148	false	1573	None
LINESTRING (3135742.335 231731.944, 3135733.081 231713.588)	47	1612	0	149	false	1573	None
LINESTRING (3135733.081 231713.588, 3135713.84 231688.617)	47	1612	0	150	false	1573	None
LINESTRING (3135713.84 231688.617, 3135694.843 231667.313)	47	1612	0	151	false	1573	None
LINESTRING (3135694.843 231667.313, 3135688.896 231655.598)	47	1612	0	152	false	1573	None
LINESTRING (3135688.896 231655.598, 3135681.009 231640.035)	47	1612	0	153	false	1573	None
LINESTRING (3135681.009 231640.035, 3135673.802 231604.016)	47	1612	0	154	false	1573	None
LINESTRING (3135673.802 231604.016, 3135674.084 231551.731)	47	1612	0	155	false	1573	None
LINESTRING (3135674.084 231551.731, 3135674.791 231526.404)	47	1612	0	156	false	1573	None
LINESTRING (3135674.791 231526.404, 3135675.777 231516.784)	47	1612	0	157	false	1573	None
LINESTRING (3135675.777 231516.784, 3135678.406 231490.297)	47	1612	0	158	false	1573	None
LINESTRING (3135678.406 231490.297, 3135684.694 231452.608)	47	1612	0	159	false	1573	None
LINESTRING (3135684.694 231452.608, 3135689.429 231436.108)	47	1612	0	160	false	1573	None
LINESTRING (3135689.429 231436.108, 3135694.23 231406.296)	47	1612	0	161	false	1573	None
LINESTRING (3135694.23 231406.296, 3135694.21 231339.367)	47	1612	0	162	false	1573	None
LINESTRING (3135694.21 231339.367, 3135702.401 231295.51)	47	1612	0	163	false	1573	None
LINESTRING (3135702.401 231295.51, 3135726.753 231229.464)	47	1612	0	164	false	1573	None
LINESTRING (3135726.753 231229.464, 3135736.247 231212.072)	47	1612	0	165	false	1573	None
LINESTRING (3135736.247 231212.072, 3135766.348 231166.595)	47	1612	0	166	false	1573	None
LINESTRING (3135766.348 231166.595, 3135792.033 231103.686)	47	1612	0	167	false	1573	None
LINESTRING (3135792.033 231103.686, 3135793.765 231099.476)	47	1612	0	168	false	1573	None
LINESTRING (3135793.765 231099.476, 3135802.624 231077.907)	47	1612	0	169	false	1573	None
LINESTRING (3135802.624 231077.907, 3135830.622 230956.715)	47	1612	0	170	false	1573	None
LINESTRING (3135830.622 230956.715, 3135832.056 230942.149)	47	1612	0	171	false	1573	None
LINESTRING (3135832.056 230942.149, 3135838.77 230917.009)	47	1612	0	172	false	1573	None
LINESTRING (3135838.77 230917.009, 3135857.213 230882.37)	47	1612	0	173	false	1573	None
LINESTRING (3135857.213 230882.37, 3135869.305 230865.866)	47	1612	0	174	false	1573	None
LINESTRING (3135869.305 230865.866, 3135927.047 230786.818)	47	1612	0	175	false	1573	None
LINESTRING (3135927.047 230786.818, 3135940.055 230761.382)	47	1612	0	176	false	1573	None
LINESTRING (3135940.055 230761.382, 3135962.24 230723.669)	47	1612	0	177	false	1573	None
LINESTRING (3135962.24 230723.669, 3135978.741 230691.253)	47	1612	0	178	false	1573	None
LINESTRING (3135978.741 230691.253, 3136011.235 230646.943)	47	1612	0	179	false	1573	None
LINESTRING (3136011.235 230646.943, 3136029.165 230632.585)	47	1612	0	180	false	1573	None
LINESTRING (3136029.165 230632.585, 3136041.513 230628.565)	47	1612	0	181	false	1573	None
LINESTRING (3136041.513 230628.565, 3136056.425 230623.754)	47	1612	0	182	false	1573	None
LINESTRING (3136056.425 230623.754, 3136105.839 230612.682)	47	1612	0	183	false	1573	None
LINESTRING (3136105.839 230612.682, 3136126.919 230607.645)	47	1612	0	184	false	1573	None
LINESTRING (3136126.919 230607.645, 3136117.713 230560.848)	47	1612	0	185	false	1573	None
LINESTRING (3136117.713 230560.848, 3136089.131 230548.566)	47	1612	0	186	false	1573	None
LINESTRING (3136089.131 230548.566, 3136055.389 230534.163)	47	1612	0	187	false	1573	None
LINESTRING (3136055.389 230534.163, 3136016.781 230521.683)	47	1612	0	188	false	1573	None
LINESTRING (3136016.781 230521.683, 3136000.672 230519.72)	47	1612	0	189	false	1573	None
LINESTRING (3136000.672 230519.72, 3135985.161 230517.988)	47	1612	0	190	false	1573	None
LINESTRING (3135985.161 230517.988, 3135977.277 230517.072)	47	1612	0	191	false	1573	None
LINESTRING (3135977.277 230517.072, 3135969.434 230516.053)	47	1612	0	192	false	1573	None
LINESTRING (3135969.434 230516.053, 3135974.954 230492.475)	47	1612	0	193	false	1573	None
LINESTRING (3135974.954 230492.475, 3135975.612 230489.515)	47	1612	0	194	false	1573	None
LINESTRING (3135975.612 230489.515, 3135979.846 230469.248)	47	1612	0	195	false	1573	None
LINESTRING (3135979.846 230469.248, 3135986.103 230430.119)	47	1612	0	196	false	1573	None
LINESTRING (3135986.103 230430.119, 3135987.891 230422.477)	47	1612	0	197	false	1573	None
LINESTRING (3135987.891 230422.477, 3135988.558 230409.637)	47	1612	0	198	false	1573	None
LINESTRING (3135988.558 230409.637, 3135988.664 230406.583)	47	1612	0	199	false	1573	None
LINESTRING (3135988.664 230406.583, 3135989.302 230402.663)	47	1612	0	200	false	1573	None
LINESTRING (3135989.302 230402.663, 3135994.018 230383.178)	47	1612	0	201	false	1573	None
LINESTRING (3135994.018 230383.178, 3135987.906 230377.949)	47	1612	0	202	false	1573	None
LINESTRING (3135987.906 230377.949, 3135984.522 230375.802)	47	1612	0	203	false	1573	None
LINESTRING (3135984.522 230375.802, 3135984.05 230375.5)	47	1612	0	204	false	1573	None
LINESTRING (3135984.05 230375.5, 3135959.279 230363.507)	47	1612	0	205	false	1573	None
LINESTRING (3135959.279 230363.507, 3135955.488 230362.155)	47	1612	0	206	false	1573	None
LINESTRING (3135955.488 230362.155, 3135949.751 230360.763)	47	1612	0	207	false	1573	None
LINESTRING (3135949.751 230360.763, 3135937.474 230358.024)	47	1612	0	208	false	1573	None
LINESTRING (3135937.474 230358.024, 3135922.56 230354.499)	47	1612	0	209	false	1573	None
LINESTRING (3135922.56 230354.499, 3135877.777 230344.03)	47	1612	0	210	false	1573	None
LINESTRING (3135877.777 230344.03, 3135873.529 230343.096)	47	1612	0	211	false	1573	None
LINESTRING (3135873.529 230343.096, 3135865.68 230341.837)	47	1612	0	212	false	1573	None
LINESTRING (3135865.68 230341.837, 3135862.581 230341.23)	47	1612	0	213	false	1573	None
LINESTRING (3135862.581 230341.23, 3135834.342 230335.394)	47	1612	0	214	false	1573	None
LINESTRING (3135834.342 230335.394, 3135810.339 230334.059)	47	1612	0	215	false	1573	None
LINESTRING (3135810.339 230334.059, 3135806.472 230335.179)	47	1612	0	216	false	1573	None
LINESTRING (3135806.472 230335.179, 3135803.001 230337.047)	47	1612	0	217	false	1573	None
LINESTRING (3135803.001 230337.047, 3135787.741 230349.583)	47	1612	0	218	false	1573	None
LINESTRING (3135787.741 230349.583, 3135774.909 230358.893)	47	1612	0	219	false	1573	None
LINESTRING (3135774.909 230358.893, 3135768.799 230364.024)	47	1612	0	220	false	1573	None
LINESTRING (3135768.799 230364.024, 3135766.325 230367.113)	47	1612	0	221	false	1573	None
LINESTRING (3135766.325 230367.113, 3135762.246 230374.342)	47	1612	0	222	false	1573	None
LINESTRING (3135762.246 230374.342, 3135760.449 230377.455)	47	1612	0	223	false	1573	None
LINESTRING (3135760.449 230377.455, 3135750.828 230398.966)	47	1612	0	224	false	1573	None
LINESTRING (3135750.828 230398.966, 3135749.639 230402.791)	47	1612	0	225	false	1573	None
LINESTRING (3135749.639 230402.791, 3135742.446 230421.077)	47	1612	0	226	false	1573	None
LINESTRING (3135742.446 230421.077, 3135732.103 230442.427)	47	1612	0	227	false	1573	None
LINESTRING (3135732.103 230442.427, 3135729.764 230449.974)	47	1612	0	228	false	1573	None
LINESTRING (3135729.764 230449.974, 3135721.122 230467.697)	47	1612	0	229	false	1573	None
LINESTRING (3135721.122 230467.697, 3135718.648 230470.786)	47	1612	0	230	false	1573	None
LINESTRING (3135718.648 230470.786, 3135715.744 230473.469)	47	1612	0	231	false	1573	None
LINESTRING (3135715.744 230473.469, 3135712.448 230475.644)	47	1612	0	232	false	1573	None
LINESTRING (3135712.448 230475.644, 3135708.761 230477.31)	47	1612	0	233	false	1573	None
LINESTRING (3135708.761 230477.31, 3135704.839 230477.812)	47	1612	0	234	false	1573	None
LINESTRING (3135704.839 230477.812, 3135696.845 230477.687)	47	1612	0	235	false	1573	None
LINESTRING (3135696.845 230477.687, 3135689.348 230475.017)	47	1612	0	236	false	1573	None
LINESTRING (3135689.348 230475.017, 3135683.111 230469.858)	47	1612	0	237	false	1573	None
LINESTRING (3135683.111 230469.858, 3135675.23 230460.847)	47	1612	0	238	false	1573	None
LINESTRING (3135675.23 230460.847, 3135650.468 230434.927)	47	1612	0	239	false	1573	None
LINESTRING (3135650.468 230434.927, 3135644.356 230429.698)	47	1612	0	240	false	1573	None
LINESTRING (3135644.356 230429.698, 3135640.725 230427.932)	47	1612	0	241	false	1573	None
LINESTRING (3135640.725 230427.932, 3135630.657 230421.525)	47	1612	0	242	false	1573	None
LINESTRING (3135630.657 230421.525, 3135611.503 230407.188)	47	1612	0	243	false	1573	None
LINESTRING (3135611.503 230407.188, 3135608.615 230404.52)	47	1612	0	244	false	1573	None
LINESTRING (3135608.615 230404.52, 3135598.913 230397.422)	47	1612	0	245	false	1573	None
LINESTRING (3135598.913 230397.422, 3135585.174 230389.353)	47	1612	0	246	false	1573	None
LINESTRING (3135585.174 230389.353, 3135578.61 230384.782)	47	1612	0	247	false	1573	None
LINESTRING (3135578.61 230384.782, 3135575.145 230382.842)	47	1612	0	248	false	1573	None
LINESTRING (3135575.145 230382.842, 3135572.543 230379.69)	47	1612	0	249	false	1573	None
LINESTRING (3135572.543 230379.69, 3135565.486 230365.521)	47	1612	0	250	false	1573	None
LINESTRING (3135565.486 230365.521, 3135562.627 230349.885)	47	1612	0	251	false	1573	None
LINESTRING (3135562.627 230349.885, 3135563.311 230342.053)	47	1612	0	252	false	1573	None
LINESTRING (3135563.311 230342.053, 3135563.537 230322.256)	47	1612	0	253	false	1573	None
LINESTRING (3135563.537 230322.256, 3135564.176 230316.312)	47	1612	0	254	false	1573	None
LINESTRING (3135564.176 230316.312, 3135564.689 230310.438)	47	1612	0	255	false	1573	None
LINESTRING (3135564.689 230310.438, 3135564.44 230306.531)	47	1612	0	256	false	1573	None
LINESTRING (3135564.44 230306.531, 3135561.538 230299.094)	47	1612	0	257	false	1573	None
LINESTRING (3135561.538 230299.094, 3135512.267 230230.922)	47	1612	0	258	false	1573	None
LINESTRING (3135512.267 230230.922, 3135505.188 230219.841)	47	1612	0	259	false	1573	None
LINESTRING (3135505.188 230219.841, 3135503.675 230216.158)	47	1612	0	260	false	1573	None
LINESTRING (3135503.675 230216.158, 3135500.859 230204.706)	47	1612	0	261	false	1573	None
LINESTRING (3135500.859 230204.706, 3135500.781 230196.817)	47	1612	0	262	false	1573	None
LINESTRING (3135500.781 230196.817, 3135501.807 230189.118)	47	1612	0	263	false	1573	None
LINESTRING (3135501.807 230189.118, 3135504.146 230181.571)	47	1612	0	264	false	1573	None
LINESTRING (3135504.146 230181.571, 3135505.807 230178.048)	47	1612	0	265	false	1573	None
LINESTRING (3135505.807 230178.048, 3135508.276 230170.671)	47	1612	0	266	false	1573	None
LINESTRING (3135508.276 230170.671, 3135510.189 230162.959)	47	1612	0	267	false	1573	None
LINESTRING (3135510.189 230162.959, 3135520.919 230137.829)	47	1612	0	268	false	1573	None
LINESTRING (3135520.919 230137.829, 3135524.582 230130.915)	47	1612	0	269	false	1573	None
LINESTRING (3135524.582 230130.915, 3135528.801 230124.336)	47	1612	0	270	false	1573	None
LINESTRING (3135528.801 230124.336, 3135535.912 230110.305)	47	1612	0	271	false	1573	None
LINESTRING (3135535.912 230110.305, 3135542.56 230100.501)	47	1612	0	272	false	1573	None
LINESTRING (3135542.56 230100.501, 3135545.163 230097.581)	47	1612	0	273	false	1573	None
LINESTRING (3135545.163 230097.581, 3135552.056 230093.468)	47	1612	0	274	false	1573	None
LINESTRING (3135552.056 230093.468, 3135559.128 230089.901)	47	1612	0	275	false	1573	None
LINESTRING (3135559.128 230089.901, 3135562.82 230088.475)	47	1612	0	276	false	1573	None
LINESTRING (3135562.82 230088.475, 3135574.867 230088.267)	47	1612	0	277	false	1573	None
LINESTRING (3135574.867 230088.267, 3135582.801 230089.559)	47	1612	0	278	false	1573	None
LINESTRING (3135582.801 230089.559, 3135593.768 230094.409)	47	1612	0	279	false	1573	None
LINESTRING (3135593.768 230094.409, 3135618.771 230107.323)	47	1612	0	280	false	1573	None
LINESTRING (3135618.771 230107.323, 3135626.313 230110.13)	47	1612	0	281	false	1573	None
LINESTRING (3135626.313 230110.13, 3135633.203 230114.113)	47	1612	0	282	false	1573	None
LINESTRING (3135633.203 230114.113, 3135636.789 230115.742)	47	1612	0	283	false	1573	None
LINESTRING (3135636.789 230115.742, 3135640.464 230117.644)	47	1612	0	284	false	1573	None
LINESTRING (3135640.464 230117.644, 3135648.167 230120.037)	47	1612	0	285	false	1573	None
LINESTRING (3135648.167 230120.037, 3135659.928 230122.338)	47	1612	0	286	false	1573	None
LINESTRING (3135659.928 230122.338, 3135671.879 230123.64)	47	1612	0	287	false	1573	None
LINESTRING (3135671.879 230123.64, 3135679.918 230123.901)	47	1612	0	288	false	1573	None
LINESTRING (3135679.918 230123.901, 3135695.732 230121.82)	47	1612	0	289	false	1573	None
LINESTRING (3135695.732 230121.82, 3135706.141 230115.975)	47	1612	0	290	false	1573	None
LINESTRING (3135706.141 230115.975, 3135712.085 230111.018)	47	1612	0	291	false	1573	None
LINESTRING (3135712.085 230111.018, 3135714.644 230107.962)	47	1612	0	292	false	1573	None
LINESTRING (3135714.644 230107.962, 3135720.539 230102.628)	47	1612	0	293	false	1573	None
LINESTRING (3135720.539 230102.628, 3135734.351 230083.458)	47	1612	0	294	false	1573	None
LINESTRING (3135734.351 230083.458, 3135740.869 230073.484)	47	1612	0	295	false	1573	None
LINESTRING (3135740.869 230073.484, 3135743.083 230066.008)	47	1612	0	296	false	1573	None
LINESTRING (3135743.083 230066.008, 3135743.806 230062.121)	47	1612	0	297	false	1573	None
LINESTRING (3135743.806 230062.121, 3135749.846 230039.22)	47	1612	0	298	false	1573	None
LINESTRING (3135749.846 230039.22, 3135751.73 230011.612)	47	1612	0	299	false	1573	None
LINESTRING (3135751.73 230011.612, 3135751.691 230007.667)	47	1612	0	300	false	1573	None
LINESTRING (3135751.691 230007.667, 3135750.008 229999.87)	47	1612	0	301	false	1573	None
LINESTRING (3135750.008 229999.87, 3135741.902 229986.128)	47	1612	0	302	false	1573	None
LINESTRING (3135741.902 229986.128, 3135732.918 229972.878)	47	1612	0	303	false	1573	None
LINESTRING (3135732.918 229972.878, 3135730.943 229969.373)	47	1612	0	304	false	1573	None
LINESTRING (3135730.943 229969.373, 3135730.186 229965.508)	47	1612	0	305	false	1573	None
LINESTRING (3135730.186 229965.508, 3135729.431 229957.594)	47	1612	0	306	false	1573	None
LINESTRING (3135729.431 229957.594, 3135730.878 229949.82)	47	1612	0	307	false	1573	None
LINESTRING (3135730.878 229949.82, 3135733.728 229942.472)	47	1612	0	308	false	1573	None
LINESTRING (3135733.728 229942.472, 3135735.731 229939.081)	47	1612	0	309	false	1573	None
LINESTRING (3135735.731 229939.081, 3135745.023 229926.254)	47	1612	0	310	false	1573	None
LINESTRING (3135745.023 229926.254, 3135749.97 229920.076)	47	1612	0	311	false	1573	None
LINESTRING (3135749.97 229920.076, 3135752.874 229917.393)	47	1612	0	312	false	1573	None
LINESTRING (3135752.874 229917.393, 3135759.767 229913.279)	47	1612	0	313	false	1573	None
LINESTRING (3135759.767 229913.279, 3135763.679 229912.297)	47	1612	0	314	false	1573	None
LINESTRING (3135763.679 229912.297, 3135771.604 229911.084)	47	1612	0	315	false	1573	None
LINESTRING (3135771.604 229911.084, 3135779.568 229911.793)	47	1612	0	316	false	1573	None
LINESTRING (3135779.568 229911.793, 3135791.56 229910.968)	47	1612	0	317	false	1573	None
LINESTRING (3135791.56 229910.968, 3135807.273 229914.206)	47	1612	0	318	false	1573	None
LINESTRING (3135807.273 229914.206, 3135818.727 229918.054)	47	1612	0	319	false	1573	None
LINESTRING (3135818.727 229918.054, 3135826.064 229921.139)	47	1612	0	320	false	1573	None
LINESTRING (3135826.064 229921.139, 3135848.927 229928.699)	47	1612	0	321	false	1573	None
LINESTRING (3135848.927 229928.699, 3135860.733 229931.136)	47	1612	0	322	false	1573	None
LINESTRING (3135860.733 229931.136, 3135864.314 229932.526)	47	1612	0	323	false	1573	None
LINESTRING (3135864.314 229932.526, 3135871.249 229936.645)	47	1612	0	324	false	1573	None
LINESTRING (3135871.249 229936.645, 3135885.962 229942.711)	47	1612	0	325	false	1573	None
LINESTRING (3135885.962 229942.711, 3135916.755 229951.323)	47	1612	0	326	false	1573	None
LINESTRING (3135916.755 229951.323, 3135935.666 229957.946)	47	1612	0	327	false	1573	None
LINESTRING (3135935.666 229957.946, 3135943.324 229960.203)	47	1612	0	328	false	1573	None
LINESTRING (3135943.324 229960.203, 3135963.17 229962.901)	47	1612	0	329	false	1573	None
LINESTRING (3135963.17 229962.901, 3135998.085 229972.518)	47	1612	0	330	false	1573	None
LINESTRING (3135998.085 229972.518, 3136048.863 229984.48)	47	1612	0	331	false	1573	None
LINESTRING (3136048.863 229984.48, 3136063.546 229991.13)	47	1612	0	332	false	1573	None
LINESTRING (3136063.546 229991.13, 3136069.904 229995.978)	47	1612	0	333	false	1573	None
LINESTRING (3136069.904 229995.978, 3136083.689 230004.184)	47	1612	0	334	false	1573	None
LINESTRING (3136083.689 230004.184, 3136086.662 230006.886)	47	1612	0	335	false	1573	None
LINESTRING (3136086.662 230006.886, 3136089.219 230009.902)	47	1612	0	336	false	1573	None
LINESTRING (3136089.219 230009.902, 3136094.347 230020.703)	47	1612	0	337	false	1573	None
LINESTRING (3136094.347 230020.703, 3136095.946 230024.42)	47	1612	0	338	false	1573	None
LINESTRING (3136095.946 230024.42, 3136098.511 230031.964)	47	1612	0	339	false	1573	None
LINESTRING (3136098.511 230031.964, 3136104.944 230054.822)	47	1612	0	340	false	1573	None
LINESTRING (3136104.944 230054.822, 3136110.786 230090.072)	47	1612	0	341	false	1573	None
LINESTRING (3136110.786 230090.072, 3136117.558 230117.111)	47	1612	0	342	false	1573	None
LINESTRING (3136117.558 230117.111, 3136120.038 230124.622)	47	1612	0	343	false	1573	None
LINESTRING (3136120.038 230124.622, 3136120.794 230128.488)	47	1612	0	344	false	1573	None
LINESTRING (3136120.794 230128.488, 3136125.697 230134.558)	47	1612	0	345	false	1573	None
LINESTRING (3136125.697 230134.558, 3136134.532 230142.63)	47	1612	0	346	false	1573	None
LINESTRING (3136134.532 230142.63, 3136145.454 230147.344)	47	1612	0	347	false	1573	None
LINESTRING (3136145.454 230147.344, 3136149.406 230148.282)	47	1612	0	348	false	1573	None
LINESTRING (3136149.406 230148.282, 3136153.378 230148.156)	47	1612	0	349	false	1573	None
LINESTRING (3136153.378 230148.156, 3136165.135 230146.169)	47	1612	0	350	false	1573	None
LINESTRING (3136165.135 230146.169, 3136168.832 230144.983)	47	1612	0	351	false	1573	None
LINESTRING (3136168.832 230144.983, 3136172.433 230143.285)	47	1612	0	352	false	1573	None
LINESTRING (3136172.433 230143.285, 3136178.724 230138.701)	47	1612	0	353	false	1573	None
LINESTRING (3136178.724 230138.701, 3136181.714 230136.05)	47	1612	0	354	false	1573	None
LINESTRING (3136181.714 230136.05, 3136189.095 230126.888)	47	1612	0	355	false	1573	None
LINESTRING (3136189.095 230126.888, 3136193.693 230116.049)	47	1612	0	356	false	1573	None
LINESTRING (3136193.693 230116.049, 3136195.992 230108.606)	47	1612	0	357	false	1573	None
LINESTRING (3136195.992 230108.606, 3136196.249 230104.658)	47	1612	0	358	false	1573	None
LINESTRING (3136196.249 230104.658, 3136197.951 230101.031)	47	1612	0	359	false	1573	None
LINESTRING (3136197.951 230101.031, 3136200.209 230097.74)	47	1612	0	360	false	1573	None
LINESTRING (3136200.209 230097.74, 3136206.189 230092.439)	47	1612	0	361	false	1573	None
LINESTRING (3136206.189 230092.439, 3136203.704 230084.688)	47	1612	0	362	false	1573	None
LINESTRING (3136203.704 230084.688, 3136202.738 230076.811)	47	1612	0	363	false	1573	None
LINESTRING (3136202.738 230076.811, 3136202.365 230068.926)	47	1612	0	364	false	1573	None
LINESTRING (3136202.365 230068.926, 3136202.747 230064.907)	47	1612	0	365	false	1573	None
LINESTRING (3136202.747 230064.907, 3136204.62 230057.299)	47	1612	0	366	false	1573	None
LINESTRING (3136204.62 230057.299, 3136207.133 230041.722)	47	1612	0	367	false	1573	None
LINESTRING (3136207.133 230041.722, 3136209.473 230034.176)	47	1612	0	368	false	1573	None
LINESTRING (3136209.473 230034.176, 3136214.969 230019.757)	47	1612	0	369	false	1573	None
LINESTRING (3136214.969 230019.757, 3136217.896 230011.962)	47	1612	0	370	false	1573	None
LINESTRING (3136217.896 230011.962, 3136221.429 230004.878)	47	1612	0	371	false	1573	None
LINESTRING (3136221.429 230004.878, 3136227.521 229994.739)	47	1612	0	372	false	1573	None
LINESTRING (3136227.521 229994.739, 3136241.245 229975.297)	47	1612	0	373	false	1573	None
LINESTRING (3136241.245 229975.297, 3136244.105 229972.477)	47	1612	0	374	false	1573	None
LINESTRING (3136244.105 229972.477, 3136259.406 229959.838)	47	1612	0	375	false	1573	None
LINESTRING (3136259.406 229959.838, 3136273.715 229946.219)	47	1612	0	376	false	1573	None
LINESTRING (3136273.715 229946.219, 3136283.076 229938.778)	47	1612	0	377	false	1573	None
LINESTRING (3136283.076 229938.778, 3136297.946 229925.734)	47	1612	0	378	false	1573	None
LINESTRING (3136297.946 229925.734, 3136300.204 229922.442)	47	1612	0	379	false	1573	None
LINESTRING (3136300.204 229922.442, 3136301.781 229918.886)	47	1612	0	380	false	1573	None
LINESTRING (3136301.781 229918.886, 3136305.355 229907.651)	47	1612	0	381	false	1573	None
LINESTRING (3136305.355 229907.651, 3136306.889 229895.862)	47	1612	0	382	false	1573	None
LINESTRING (3136306.889 229895.862, 3136307.993 229892.004)	47	1612	0	383	false	1573	None
LINESTRING (3136307.993 229892.004, 3136317.132 229892.216)	47	1612	0	384	false	1573	None
LINESTRING (3136317.132 229892.216, 3136325.026 229893.612)	47	1612	0	385	false	1573	None
LINESTRING (3136325.026 229893.612, 3136333.066 229893.874)	47	1612	0	386	false	1573	None
LINESTRING (3136333.066 229893.874, 3136348.83 229891.418)	47	1612	0	387	false	1573	None
LINESTRING (3136348.83 229891.418, 3136359.726 229886.595)	47	1612	0	388	false	1573	None
LINESTRING (3136359.726 229886.595, 3136360.353 229886.243)	47	1612	0	389	false	1573	None
LINESTRING (3136360.353 229886.243, 3136370.441 229881.227)	47	1612	0	390	false	1573	None
LINESTRING (3136370.441 229881.227, 3136380.72 229875.213)	47	1612	0	391	false	1573	None
LINESTRING (3136380.72 229875.213, 3136393.683 229866.073)	47	1612	0	392	false	1573	None
LINESTRING (3136393.683 229866.073, 3136407.779 229858.564)	47	1612	0	393	false	1573	None
LINESTRING (3136407.779 229858.564, 3136410.9 229856.084)	47	1612	0	394	false	1573	None
LINESTRING (3136410.9 229856.084, 3136419.524 229847.761)	47	1612	0	395	false	1573	None
LINESTRING (3136419.524 229847.761, 3136427.774 229850.009)	47	1612	0	396	false	1573	None
LINESTRING (3136427.774 229850.009, 3136437.267 229855.122)	47	1612	0	397	false	1573	None
LINESTRING (3136437.267 229855.122, 3136445.396 229859.705)	47	1612	0	398	false	1573	None
LINESTRING (3136445.396 229859.705, 3136449.268 229860.85)	47	1612	0	399	false	1573	None
LINESTRING (3136449.268 229860.85, 3136467.537 229869.13)	47	1612	0	400	false	1573	None
LINESTRING (3136467.537 229869.13, 3136482.978 229873.574)	47	1612	0	401	false	1573	None
LINESTRING (3136482.978 229873.574, 3136486.925 229874.272)	47	1612	0	402	false	1573	None
LINESTRING (3136486.925 229874.272, 3136491.449 229874.241)	47	1612	0	403	false	1573	None
LINESTRING (3136491.449 229874.241, 3136510.99 229874.441)	47	1612	0	404	false	1573	None
LINESTRING (3136510.99 229874.441, 3136527.734 229868.198)	47	1612	0	405	false	1573	None
LINESTRING (3136527.734 229868.198, 3136531.612 229867.559)	47	1612	0	406	false	1573	None
LINESTRING (3136531.612 229867.559, 3136539.606 229867.685)	47	1612	0	407	false	1573	None
LINESTRING (3136539.606 229867.685, 3136547.587 229867.09)	47	1612	0	408	false	1573	None
LINESTRING (3136547.587 229867.09, 3136579.505 229870.783)	47	1612	0	409	false	1573	None
LINESTRING (3136579.505 229870.783, 3136587.55 229871.285)	47	1612	0	410	false	1573	None
LINESTRING (3136587.55 229871.285, 3136595.535 229870.931)	47	1612	0	411	false	1573	None
LINESTRING (3136595.535 229870.931, 3136599.407 229870.052)	47	1612	0	412	false	1573	None
LINESTRING (3136599.407 229870.052, 3136606.836 229867.338)	47	1612	0	413	false	1573	None
LINESTRING (3136606.836 229867.338, 3136610.042 229864.891)	47	1612	0	414	false	1573	None
LINESTRING (3136610.042 229864.891, 3136612.691 229862.108)	47	1612	0	415	false	1573	None
LINESTRING (3136612.691 229862.108, 3136617.122 229855.493)	47	1612	0	416	false	1573	None
LINESTRING (3136617.122 229855.493, 3136620.741 229848.442)	47	1612	0	417	false	1573	None
LINESTRING (3136620.741 229848.442, 3136623.423 229836.98)	47	1612	0	418	false	1573	None
LINESTRING (3136623.423 229836.98, 3136624.108 229829.149)	47	1612	0	419	false	1573	None
LINESTRING (3136624.108 229829.149, 3136622.635 229825.362)	47	1612	0	420	false	1573	None
LINESTRING (3136622.635 229825.362, 3136616.755 229814.983)	47	1612	0	421	false	1573	None
LINESTRING (3136616.755 229814.983, 3136607.149 229802.325)	47	1612	0	422	false	1573	None
LINESTRING (3136607.149 229802.325, 3136604.382 229799.346)	47	1612	0	423	false	1573	None
LINESTRING (3136604.382 229799.346, 3136581.551 229783.103)	47	1612	0	424	false	1573	None
LINESTRING (3136581.551 229783.103, 3136566.769 229769.627)	47	1612	0	425	false	1573	None
LINESTRING (3136566.769 229769.627, 3136566.679 229769.354)	47	1612	0	426	false	1573	None
LINESTRING (3136566.679 229769.354, 3136556.827 229757.077)	47	1612	0	427	false	1573	None
LINESTRING (3136556.827 229757.077, 3136555.399 229753.427)	47	1612	0	428	false	1573	None
LINESTRING (3136555.399 229753.427, 3136553.506 229745.666)	47	1612	0	429	false	1573	None
LINESTRING (3136553.506 229745.666, 3136552.96 229741.763)	47	1612	0	430	false	1573	None
LINESTRING (3136552.96 229741.763, 3136553.599 229737.843)	47	1612	0	431	false	1573	None
LINESTRING (3136553.599 229737.843, 3136555.768 229730.231)	47	1612	0	432	false	1573	None
LINESTRING (3136555.768 229730.231, 3136557.384 229726.571)	47	1612	0	433	false	1573	None
LINESTRING (3136557.384 229726.571, 3136559.858 229723.483)	47	1612	0	434	false	1573	None
LINESTRING (3136559.858 229723.483, 3136562.893 229720.969)	47	1612	0	435	false	1573	None
LINESTRING (3136562.893 229720.969, 3136584.855 229711.392)	47	1612	0	436	false	1573	None
LINESTRING (3136584.855 229711.392, 3136604.217 229706.997)	47	1612	0	437	false	1573	None
LINESTRING (3136604.217 229706.997, 3136671.754 229705.103)	47	1612	0	438	false	1573	None
LINESTRING (3136671.754 229705.103, 3136675.611 229705.528)	47	1612	0	439	false	1573	None
LINESTRING (3136675.611 229705.528, 3136695.193 229705.625)	47	1612	0	440	false	1573	None
LINESTRING (3136695.193 229705.625, 3136699.055 229706.29)	47	1612	0	441	false	1573	None
LINESTRING (3136699.055 229706.29, 3136706.959 229706.143)	47	1612	0	442	false	1573	None
LINESTRING (3136706.959 229706.143, 3136714.568 229708.024)	47	1612	0	443	false	1573	None
LINESTRING (3136714.568 229708.024, 3136733.645 229714.474)	47	1612	0	444	false	1573	None
LINESTRING (3136733.645 229714.474, 3136764.363 229723.537)	47	1612	0	445	false	1573	None
LINESTRING (3136764.363 229723.537, 3136814.706 229736.882)	47	1612	0	446	false	1573	None
LINESTRING (3136814.706 229736.882, 3136822.591 229737.799)	47	1612	0	447	false	1573	None
LINESTRING (3136822.591 229737.799, 3136826.604 229737.57)	47	1612	0	448	false	1573	None
LINESTRING (3136826.604 229737.57, 3136830.431 229736.554)	47	1612	0	449	false	1573	None
LINESTRING (3136830.431 229736.554, 3136837.023 229732.206)	47	1612	0	450	false	1573	None
LINESTRING (3136837.023 229732.206, 3136854.579 229716.037)	47	1612	0	451	false	1573	None
LINESTRING (3136854.579 229716.037, 3136869.882 229703.4)	47	1612	0	452	false	1573	None
LINESTRING (3136869.882 229703.4, 3136884.623 229690.187)	47	1612	0	453	false	1573	None
LINESTRING (3136884.623 229690.187, 3136890.172 229684.482)	47	1612	0	454	false	1573	None
LINESTRING (3136890.172 229684.482, 3136897.895 229675.452)	47	1612	0	455	false	1573	None
LINESTRING (3136897.895 229675.452, 3136905.734 229661.823)	47	1612	0	456	false	1573	None
LINESTRING (3136905.734 229661.823, 3136912.29 229647.459)	47	1612	0	457	false	1573	None
LINESTRING (3136912.29 229647.459, 3136921.734 229621.354)	47	1612	0	458	false	1573	None
LINESTRING (3136921.734 229621.354, 3136923.607 229613.746)	47	1612	0	459	false	1573	None
LINESTRING (3136923.607 229613.746, 3136924.504 229601.829)	47	1612	0	460	false	1573	None
LINESTRING (3136924.504 229601.829, 3136923.164 229590.116)	47	1612	0	461	false	1573	None
LINESTRING (3136923.164 229590.116, 3136917.572 229575.204)	47	1612	0	462	false	1573	None
LINESTRING (3136917.572 229575.204, 3136912.695 229564.262)	47	1612	0	463	false	1573	None
LINESTRING (3136912.695 229564.262, 3136913.038 229560.346)	47	1612	0	464	false	1573	None
LINESTRING (3136913.038 229560.346, 3136924.326 229539.601)	47	1612	0	465	false	1573	None
LINESTRING (3136924.326 229539.601, 3136935.47 229528.327)	47	1612	0	466	false	1573	None
LINESTRING (3136935.47 229528.327, 3136938.636 229525.983)	47	1612	0	467	false	1573	None
LINESTRING (3136938.636 229525.983, 3136942.148 229524.012)	47	1612	0	468	false	1573	None
LINESTRING (3136942.148 229524.012, 3136952.397 229518.583)	47	1612	0	469	false	1573	None
LINESTRING (3136952.397 229518.583, 3136967.296 229513.052)	47	1612	0	470	false	1573	None
LINESTRING (3136967.296 229513.052, 3136978.809 229509.423)	47	1612	0	471	false	1573	None
LINESTRING (3136978.809 229509.423, 3137009.779 229501.913)	47	1612	0	472	false	1573	None
LINESTRING (3137009.779 229501.913, 3137017.424 229499.403)	47	1612	0	473	false	1573	None
LINESTRING (3137017.424 229499.403, 3137031.662 229492.544)	47	1612	0	474	false	1573	None
LINESTRING (3137031.662 229492.544, 3137034.828 229490.201)	47	1612	0	475	false	1573	None
LINESTRING (3137034.828 229490.201, 3137037.402 229485.841)	47	1612	0	476	false	1573	None
LINESTRING (3137037.402 229485.841, 3137038.833 229483.42)	47	1612	0	477	false	1573	None
LINESTRING (3137038.833 229483.42, 3137041.258 229475.906)	47	1612	0	478	false	1573	None
LINESTRING (3137041.258 229475.906, 3137044.283 229460.528)	47	1612	0	479	false	1573	None
LINESTRING (3137044.283 229460.528, 3137044.587 229452.668)	47	1612	0	480	false	1573	None
LINESTRING (3137044.587 229452.668, 3137044.337 229448.761)	47	1612	0	481	false	1573	None
LINESTRING (3137044.337 229448.761, 3137045.45 229437.047)	47	1612	0	482	false	1573	None
LINESTRING (3137045.45 229437.047, 3137047.534 229429.401)	47	1612	0	483	false	1573	None
LINESTRING (3137047.534 229429.401, 3137050.642 229422.153)	47	1612	0	484	false	1573	None
LINESTRING (3137050.642 229422.153, 3137053.767 229419.912)	47	1612	0	485	false	1573	None
LINESTRING (3137053.767 229419.912, 3137057.825 229419.82)	47	1612	0	486	false	1573	None
LINESTRING (3137057.825 229419.82, 3137065.564 229421.871)	47	1612	0	487	false	1573	None
LINESTRING (3137065.564 229421.871, 3137068.909 229424.122)	47	1612	0	488	false	1573	None
LINESTRING (3137068.909 229424.122, 3137071.797 229426.791)	47	1612	0	489	false	1573	None
LINESTRING (3137071.797 229426.791, 3137074.023 229430.155)	47	1612	0	490	false	1573	None
LINESTRING (3137074.023 229430.155, 3137079.194 229445.141)	47	1612	0	491	false	1573	None
LINESTRING (3137079.194 229445.141, 3137090.419 229474.861)	47	1612	0	492	false	1573	None
LINESTRING (3137090.419 229474.861, 3137112.702 229538.523)	47	1612	0	493	false	1573	None
LINESTRING (3137112.702 229538.523, 3137123.912 229565.499)	47	1612	0	494	false	1573	None
LINESTRING (3137123.912 229565.499, 3137124.935 229567.92)	47	1612	0	495	false	1573	None
LINESTRING (3137124.935 229567.92, 3137134.845 229585.103)	47	1612	0	496	false	1573	None
LINESTRING (3137134.845 229585.103, 3137139.352 229590.425)	47	1612	0	497	false	1573	None
LINESTRING (3137139.352 229590.425, 3137140.004 229591.273)	47	1612	0	498	false	1573	None
LINESTRING (3137140.004 229591.273, 3137142.932 229593.839)	47	1612	0	499	false	1573	None
LINESTRING (3137142.932 229593.839, 3137146.277 229596.089)	47	1612	0	500	false	1573	None
LINESTRING (3137146.277 229596.089, 3137150.148 229597.235)	47	1612	0	501	false	1573	None
LINESTRING (3137150.148 229597.235, 3137154.171 229597.486)	47	1612	0	502	false	1573	None
LINESTRING (3137154.171 229597.486, 3137158.872 229595.738)	47	1612	0	503	false	1573	None
LINESTRING (3137158.872 229595.738, 3137165.248 229593.211)	47	1612	0	504	false	1573	None
LINESTRING (3137165.248 229593.211, 3137168.629 229591.071)	47	1612	0	505	false	1573	None
LINESTRING (3137168.629 229591.071, 3137185.305 229569.083)	47	1612	0	506	false	1573	None
LINESTRING (3137185.305 229569.083, 3137202.581 229539.231)	47	1612	0	507	false	1573	None
LINESTRING (3137202.581 229539.231, 3137210.993 229524.634)	47	1612	0	508	false	1573	None
LINESTRING (3137210.993 229524.634, 3137218.472 229509.913)	47	1612	0	509	false	1573	None
LINESTRING (3137218.472 229509.913, 3137235.906 229475.359)	47	1612	0	510	false	1573	None
LINESTRING (3137235.906 229475.359, 3137244.372 229448.994)	47	1612	0	511	false	1573	None
LINESTRING (3137244.372 229448.994, 3137253.006 229418.408)	47	1612	0	512	false	1573	None
LINESTRING (3137253.006 229418.408, 3137257.517 229399.201)	47	1612	0	513	false	1573	None
LINESTRING (3137257.517 229399.201, 3137258.925 229391.531)	47	1612	0	514	false	1573	None
LINESTRING (3137258.925 229391.531, 3137261.818 229380.032)	47	1612	0	515	false	1573	None
LINESTRING (3137261.818 229380.032, 3137267.778 229365.435)	47	1612	0	516	false	1573	None
LINESTRING (3137267.778 229365.435, 3137271.522 229358.315)	47	1612	0	517	false	1573	None
LINESTRING (3137271.522 229358.315, 3137273.229 229354.929)	47	1612	0	518	false	1573	None
LINESTRING (3137273.229 229354.929, 3137292.406 229324.981)	47	1612	0	519	false	1573	None
LINESTRING (3137292.406 229324.981, 3137309.819 229289.467)	47	1612	0	520	false	1573	None
LINESTRING (3137309.819 229289.467, 3137311.907 229286.109)	47	1612	0	521	false	1573	None
LINESTRING (3137311.907 229286.109, 3137326.064 229267.074)	47	1612	0	522	false	1573	None
LINESTRING (3137326.064 229267.074, 3137337.016 229250.485)	47	1612	0	523	false	1573	None
LINESTRING (3137337.016 229250.485, 3137346.741 229238.065)	47	1612	0	524	false	1573	None
LINESTRING (3137346.741 229238.065, 3137357.823 229221.647)	47	1612	0	525	false	1573	None
LINESTRING (3137357.823 229221.647, 3137387.687 229170.483)	47	1612	0	526	false	1573	None
LINESTRING (3137387.687 229170.483, 3137398.882 229145.178)	47	1612	0	527	false	1573	None
LINESTRING (3137398.882 229145.178, 3137402.372 229133.91)	47	1612	0	528	false	1573	None
LINESTRING (3137402.372 229133.91, 3137409.605 229107.186)	47	1612	0	529	false	1573	None
LINESTRING (3137409.605 229107.186, 3137421.987 229073.767)	47	1612	0	530	false	1573	None
LINESTRING (3137421.987 229073.767, 3137425.606 229066.717)	47	1612	0	531	false	1573	None
LINESTRING (3137425.606 229066.717, 3137437.074 229050.568)	47	1612	0	532	false	1573	None
LINESTRING (3137437.074 229050.568, 3137442.022 229044.391)	47	1612	0	533	false	1573	None
LINESTRING (3137442.022 229044.391, 3137457.881 229021.729)	47	1612	0	534	false	1573	None
LINESTRING (3137457.881 229021.729, 3137461.886 229014.948)	47	1612	0	535	false	1573	None
LINESTRING (3137461.886 229014.948, 3137470.957 228997.392)	47	1612	0	536	false	1573	None
LINESTRING (3137470.957 228997.392, 3137476.746 228982.73)	47	1612	0	537	false	1573	None
LINESTRING (3137476.746 228982.73, 3137477.851 228978.872)	47	1612	0	538	false	1573	None
LINESTRING (3137477.851 228978.872, 3137478.069 228970.978)	47	1612	0	539	false	1573	None
LINESTRING (3137478.069 228970.978, 3137476.893 228963.139)	47	1612	0	540	false	1573	S:3137477.8427711446 228969.47
LINESTRING (3133672.284 230479.394, 3133758.457 230489.826)	47	1619	0	248	false	716	W:3133703.884 230483.21945809014
LINESTRING (3133758.457 230489.826, 3133783.17 230492.86)	47	1619	0	249	false	716	None
LINESTRING (3133783.17 230492.86, 3133929.576 230510.575)	47	1619	0	250	false	716	None
LINESTRING (3133929.576 230510.575, 3134120.998 230543.962)	47	1619	0	251	false	716	None
LINESTRING (3134120.998 230543.962, 3134128.094 230541.594)	47	1619	0	252	false	716	None
LINESTRING (3134128.094 230541.594, 3134172.106 230561.876)	47	1619	0	253	false	716	None
LINESTRING (3134172.106 230561.876, 3134206.278 230584.773)	47	1619	0	254	false	716	None
LINESTRING (3134206.278 230584.773, 3134235.189 230610.868)	47	1619	0	255	false	716	None
LINESTRING (3134235.189 230610.868, 3134306.46 230687.801)	47	1619	0	256	false	716	None
LINESTRING (3134306.46 230687.801, 3134333.048 230718.116)	47	1619	0	257	false	716	None
LINESTRING (3134333.048 230718.116, 3134360.782 230754.829)	47	1619	0	258	false	716	None
LINESTRING (3134360.782 230754.829, 3134392.411 230799.958)	47	1619	0	259	false	716	None
LINESTRING (3134392.411 230799.958, 3134409.906 230830.2)	47	1619	0	260	false	716	None
LINESTRING (3134409.906 230830.2, 3134426.41 230851.366)	47	1619	0	261	false	716	None
LINESTRING (3134426.41 230851.366, 3134445.35 230875.857)	47	1619	0	262	false	716	None
LINESTRING (3134445.35 230875.857, 3134473.887 230906.453)	47	1619	0	263	false	716	None
LINESTRING (3134473.887 230906.453, 3134479.839 230910.071)	47	1619	0	264	false	716	None
LINESTRING (3134479.839 230910.071, 3134501.765 230923.576)	47	1619	0	265	false	716	None
LINESTRING (3134501.765 230923.576, 3134575.398 230961.541)	47	1619	0	266	false	716	None
LINESTRING (3134575.398 230961.541, 3134644.377 230997.345)	47	1619	0	267	false	716	None
LINESTRING (3134644.377 230997.345, 3134691.359 231020.331)	47	1619	0	268	false	716	None
LINESTRING (3134691.359 231020.331, 3134730.948 231031.281)	47	1619	0	269	false	716	None
LINESTRING (3134730.948 231031.281, 3134771.736 231036.862)	47	1619	0	270	false	716	None
LINESTRING (3134771.736 231036.862, 3134808.625 231037.834)	47	1619	0	271	false	716	None
LINESTRING (3134808.625 231037.834, 3134812.095 231037.99)	47	1619	0	272	false	716	None
LINESTRING (3134812.095 231037.99, 3134878.929 231029.265)	47	1619	0	273	false	716	None
LINESTRING (3134878.929 231029.265, 3134892.587 231021.107)	47	1619	0	274	false	716	None
LINESTRING (3134892.587 231021.107, 3134934.015 231016.697)	47	1619	0	275	false	716	None
LINESTRING (3134934.015 231016.697, 3134935.484 231016.195)	47	1619	0	276	false	716	None
LINESTRING (3134935.484 231016.195, 3134982.046 231002.346)	47	1619	0	277	false	716	None
LINESTRING (3134982.046 231002.346, 3135021.288 230982.084)	47	1619	0	278	false	716	None
LINESTRING (3135021.288 230982.084, 3135059.321 230960.64)	47	1619	0	279	false	716	None
LINESTRING (3135059.321 230960.64, 3135074.619 230952.048)	47	1619	0	280	false	716	None
LINESTRING (3135074.619 230952.048, 3135099.121 230936.666)	47	1619	0	281	false	716	None
LINESTRING (3135099.121 230936.666, 3135121.953 230922.304)	47	1619	0	282	false	716	None
LINESTRING (3135121.953 230922.304, 3135135.31 230913.911)	47	1619	0	283	false	716	None
LINESTRING (3135135.31 230913.911, 3135175.341 230888.837)	47	1619	0	284	false	716	None
LINESTRING (3135175.341 230888.837, 3135190.464 230879.938)	47	1619	0	285	false	716	None
LINESTRING (3135190.464 230879.938, 3135213.482 230866.362)	47	1619	0	286	false	716	None
LINESTRING (3135213.482 230866.362, 3135223.553 230860.625)	47	1619	0	287	false	716	None
LINESTRING (3135223.553 230860.625, 3135253.563 230843.689)	47	1619	0	288	false	716	None
LINESTRING (3135253.563 230843.689, 3135263.509 230838.022)	47	1619	0	289	false	716	None
LINESTRING (3135263.509 230838.022, 3135364.944 230778.542)	47	1619	0	290	false	716	None
LINESTRING (3135364.944 230778.542, 3135663.992 230603.067)	47	1619	0	291	false	716	None
LINESTRING (3135663.992 230603.067, 3135669.133 230600.18)	47	1619	0	292	false	716	None
LINESTRING (3135669.133 230600.18, 3135746.33 230556.424)	47	1619	0	293	false	716	None
LINESTRING (3135746.33 230556.424, 3135771.535 230544.293)	47	1619	0	294	false	716	None
LINESTRING (3135771.535 230544.293, 3135786.021 230537.292)	47	1619	0	295	false	716	None
LINESTRING (3135786.021 230537.292, 3135787.365 230536.861)	47	1619	0	296	false	716	None
LINESTRING (3135787.365 230536.861, 3135824.03 230524.771)	47	1619	0	297	false	716	None
LINESTRING (3135824.03 230524.771, 3135835.902 230522.232)	47	1619	0	298	false	716	None
LINESTRING (3135835.902 230522.232, 3135852.152 230518.773)	47	1619	0	299	false	716	None
LINESTRING (3135852.152 230518.773, 3135875.896 230513.697)	47	1619	0	300	false	716	None
LINESTRING (3135875.896 230513.697, 3135877.285 230513.402)	47	1619	0	301	false	716	None
LINESTRING (3135877.285 230513.402, 3135926.385 230511.734)	47	1619	0	302	false	716	None
LINESTRING (3135926.385 230511.734, 3135946.34 230513.642)	47	1619	0	303	false	716	None
LINESTRING (3135946.34 230513.642, 3135953.416 230514.363)	47	1619	0	304	false	716	None
LINESTRING (3135953.416 230514.363, 3135963.882 230515.447)	47	1619	0	305	false	716	None
LINESTRING (3135963.882 230515.447, 3135969.434 230516.053)	47	1619	0	306	false	716	None
LINESTRING (3135969.434 230516.053, 3135977.277 230517.072)	47	1619	0	307	false	716	None
LINESTRING (3135977.277 230517.072, 3135985.161 230517.988)	47	1619	0	308	false	716	None
LINESTRING (3135985.161 230517.988, 3136000.672 230519.72)	47	1619	0	309	false	716	None
LINESTRING (3136000.672 230519.72, 3136016.781 230521.683)	47	1619	0	310	false	716	None
LINESTRING (3136016.781 230521.683, 3136055.389 230534.163)	47	1619	0	311	false	716	None
LINESTRING (3136055.389 230534.163, 3136089.131 230548.566)	47	1619	0	312	false	716	None
LINESTRING (3136089.131 230548.566, 3136117.713 230560.848)	47	1619	0	313	false	716	None
LINESTRING (3136117.713 230560.848, 3136126.919 230607.645)	47	1619	0	314	false	716	None
LINESTRING (3136126.919 230607.645, 3136105.839 230612.682)	47	1619	0	315	false	716	None
LINESTRING (3136105.839 230612.682, 3136056.425 230623.754)	47	1619	0	316	false	716	None
LINESTRING (3136056.425 230623.754, 3136041.513 230628.565)	47	1619	0	317	false	716	None
LINESTRING (3136041.513 230628.565, 3136029.165 230632.585)	47	1619	0	318	false	716	None
LINESTRING (3136029.165 230632.585, 3136011.235 230646.943)	47	1619	0	319	false	716	None
LINESTRING (3136011.235 230646.943, 3135978.741 230691.253)	47	1619	0	320	false	716	None
LINESTRING (3135978.741 230691.253, 3135962.24 230723.669)	47	1619	0	321	false	716	None
LINESTRING (3135962.24 230723.669, 3135940.055 230761.382)	47	1619	0	322	false	716	None
LINESTRING (3135940.055 230761.382, 3135927.047 230786.818)	47	1619	0	323	false	716	None
LINESTRING (3135927.047 230786.818, 3135869.305 230865.866)	47	1619	0	324	false	716	None
LINESTRING (3135869.305 230865.866, 3135857.213 230882.37)	47	1619	0	325	false	716	None
LINESTRING (3135857.213 230882.37, 3135838.77 230917.009)	47	1619	0	326	false	716	None
LINESTRING (3135838.77 230917.009, 3135832.056 230942.149)	47	1619	0	327	false	716	None
LINESTRING (3135832.056 230942.149, 3135830.622 230956.715)	47	1619	0	328	false	716	None
LINESTRING (3135830.622 230956.715, 3135802.624 231077.907)	47	1619	0	329	false	716	None
LINESTRING (3135802.624 231077.907, 3135793.765 231099.476)	47	1619	0	330	false	716	None
LINESTRING (3135793.765 231099.476, 3135792.033 231103.686)	47	1619	0	331	false	716	None
LINESTRING (3135792.033 231103.686, 3135766.348 231166.595)	47	1619	0	332	false	716	None
LINESTRING (3135766.348 231166.595, 3135736.247 231212.072)	47	1619	0	333	false	716	None
LINESTRING (3135736.247 231212.072, 3135726.753 231229.464)	47	1619	0	334	false	716	None
LINESTRING (3135726.753 231229.464, 3135702.401 231295.51)	47	1619	0	335	false	716	None
LINESTRING (3135702.401 231295.51, 3135694.21 231339.367)	47	1619	0	336	false	716	None
LINESTRING (3135694.21 231339.367, 3135694.23 231406.296)	47	1619	0	337	false	716	None
LINESTRING (3135694.23 231406.296, 3135689.429 231436.108)	47	1619	0	338	false	716	None
LINESTRING (3135689.429 231436.108, 3135684.694 231452.608)	47	1619	0	339	false	716	None
LINESTRING (3135684.694 231452.608, 3135678.406 231490.297)	47	1619	0	340	false	716	None
LINESTRING (3135678.406 231490.297, 3135675.777 231516.784)	47	1619	0	341	false	716	None
LINESTRING (3135675.777 231516.784, 3135674.791 231526.404)	47	1619	0	342	false	716	None
LINESTRING (3135674.791 231526.404, 3135674.084 231551.731)	47	1619	0	343	false	716	None
LINESTRING (3135674.084 231551.731, 3135673.802 231604.016)	47	1619	0	344	false	716	None
LINESTRING (3135673.802 231604.016, 3135681.009 231640.035)	47	1619	0	345	false	716	None
LINESTRING (3135681.009 231640.035, 3135688.896 231655.598)	47	1619	0	346	false	716	None
LINESTRING (3135688.896 231655.598, 3135694.843 231667.313)	47	1619	0	347	false	716	None
LINESTRING (3135694.843 231667.313, 3135713.84 231688.617)	47	1619	0	348	false	716	None
LINESTRING (3135713.84 231688.617, 3135733.081 231713.588)	47	1619	0	349	false	716	None
LINESTRING (3135733.081 231713.588, 3135742.335 231731.944)	47	1619	0	350	false	716	None
LINESTRING (3135742.335 231731.944, 3135746.276 231744.786)	47	1619	0	351	false	716	None
LINESTRING (3135746.276 231744.786, 3135759.249 231804.358)	47	1619	0	352	false	716	None
LINESTRING (3135759.249 231804.358, 3135766.207 231844.806)	47	1619	0	353	false	716	None
LINESTRING (3135766.207 231844.806, 3135777.684 231870.575)	47	1619	0	354	false	716	None
LINESTRING (3135777.684 231870.575, 3135780.919 231881.951)	47	1619	0	355	false	716	None
LINESTRING (3135780.919 231881.951, 3135780.373 231892.457)	47	1619	0	356	false	716	None
LINESTRING (3135780.373 231892.457, 3135776.278 231909.325)	47	1619	0	357	false	716	None
LINESTRING (3135776.278 231909.325, 3135770.335 231922.618)	47	1619	0	358	false	716	None
LINESTRING (3135770.335 231922.618, 3135761.298 231937.568)	47	1619	0	359	false	716	None
LINESTRING (3135761.298 231937.568, 3135622.116 232075.871)	47	1619	0	360	false	716	None
LINESTRING (3135622.116 232075.871, 3135524.458 232152.41)	47	1619	0	361	false	716	None
LINESTRING (3135524.458 232152.41, 3135502.56 232164.871)	47	1619	0	362	false	716	None
LINESTRING (3135502.56 232164.871, 3135473.53 232180.042)	47	1619	0	363	false	716	None
LINESTRING (3135473.53 232180.042, 3135450.358 232204.631)	47	1619	0	364	false	716	None
LINESTRING (3135450.358 232204.631, 3135442.921 232219.249)	47	1619	0	365	false	716	None
LINESTRING (3135442.921 232219.249, 3135443.846 232235.565)	47	1619	0	366	false	716	None
LINESTRING (3135443.846 232235.565, 3135469.992 232302.63)	47	1619	0	367	false	716	None
LINESTRING (3135469.992 232302.63, 3135498.369 232367.226)	47	1619	0	368	false	716	None
LINESTRING (3135498.369 232367.226, 3135531.509 232445.579)	47	1619	0	369	false	716	None
LINESTRING (3135531.509 232445.579, 3135538.159 232475.191)	47	1619	0	370	false	716	None
LINESTRING (3135538.159 232475.191, 3135559.556 232612.1)	47	1619	0	371	false	716	None
LINESTRING (3135559.556 232612.1, 3135570.127 232663.953)	47	1619	0	372	false	716	None
LINESTRING (3135570.127 232663.953, 3135585.534 232666.955)	47	1619	0	373	false	716	None
LINESTRING (3135585.534 232666.955, 3135572.803 232677.019)	47	1619	0	374	false	716	None
LINESTRING (3135572.803 232677.019, 3135581.093 232704.171)	47	1619	0	375	false	716	None
LINESTRING (3135581.093 232704.171, 3135595.046 232749.835)	47	1619	0	376	false	716	None
LINESTRING (3135595.046 232749.835, 3135619.521 232849.239)	47	1619	0	377	false	716	None
LINESTRING (3135619.521 232849.239, 3135638.14 232916.481)	47	1619	0	378	false	716	N:3135631.4562990097 232892.343
LINESTRING (3137476.893 228963.139, 3137478.069 228970.978)	47	1624	0	329	false	829	S:3137477.8427711446 228969.47
LINESTRING (3137478.069 228970.978, 3137477.851 228978.872)	47	1624	0	330	false	829	None
LINESTRING (3137477.851 228978.872, 3137476.746 228982.73)	47	1624	0	331	false	829	None
LINESTRING (3137476.746 228982.73, 3137470.957 228997.392)	47	1624	0	332	false	829	None
LINESTRING (3137470.957 228997.392, 3137461.886 229014.948)	47	1624	0	333	false	829	None
LINESTRING (3137461.886 229014.948, 3137457.881 229021.729)	47	1624	0	334	false	829	None
LINESTRING (3137457.881 229021.729, 3137442.022 229044.391)	47	1624	0	335	false	829	None
LINESTRING (3137442.022 229044.391, 3137437.074 229050.568)	47	1624	0	336	false	829	None
LINESTRING (3137437.074 229050.568, 3137425.606 229066.717)	47	1624	0	337	false	829	None
LINESTRING (3137425.606 229066.717, 3137421.987 229073.767)	47	1624	0	338	false	829	None
LINESTRING (3137421.987 229073.767, 3137409.605 229107.186)	47	1624	0	339	false	829	None
LINESTRING (3137409.605 229107.186, 3137402.372 229133.91)	47	1624	0	340	false	829	None
LINESTRING (3137402.372 229133.91, 3137398.882 229145.178)	47	1624	0	341	false	829	None
LINESTRING (3137398.882 229145.178, 3137387.687 229170.483)	47	1624	0	342	false	829	None
LINESTRING (3137387.687 229170.483, 3137357.823 229221.647)	47	1624	0	343	false	829	None
LINESTRING (3137357.823 229221.647, 3137346.741 229238.065)	47	1624	0	344	false	829	None
LINESTRING (3137346.741 229238.065, 3137337.016 229250.485)	47	1624	0	345	false	829	None
LINESTRING (3137337.016 229250.485, 3137326.064 229267.074)	47	1624	0	346	false	829	None
LINESTRING (3137326.064 229267.074, 3137311.907 229286.109)	47	1624	0	347	false	829	None
LINESTRING (3137311.907 229286.109, 3137309.819 229289.467)	47	1624	0	348	false	829	None
LINESTRING (3137309.819 229289.467, 3137292.406 229324.981)	47	1624	0	349	false	829	None
LINESTRING (3137292.406 229324.981, 3137273.229 229354.929)	47	1624	0	350	false	829	None
LINESTRING (3137273.229 229354.929, 3137271.522 229358.315)	47	1624	0	351	false	829	None
LINESTRING (3137271.522 229358.315, 3137267.778 229365.435)	47	1624	0	352	false	829	None
LINESTRING (3137267.778 229365.435, 3137261.818 229380.032)	47	1624	0	353	false	829	None
LINESTRING (3137261.818 229380.032, 3137258.925 229391.531)	47	1624	0	354	false	829	None
LINESTRING (3137258.925 229391.531, 3137257.517 229399.201)	47	1624	0	355	false	829	None
LINESTRING (3137257.517 229399.201, 3137253.006 229418.408)	47	1624	0	356	false	829	None
LINESTRING (3137253.006 229418.408, 3137244.372 229448.994)	47	1624	0	357	false	829	None
LINESTRING (3137244.372 229448.994, 3137235.906 229475.359)	47	1624	0	358	false	829	None
LINESTRING (3137235.906 229475.359, 3137218.472 229509.913)	47	1624	0	359	false	829	None
LINESTRING (3137218.472 229509.913, 3137210.993 229524.634)	47	1624	0	360	false	829	None
LINESTRING (3137210.993 229524.634, 3137202.581 229539.231)	47	1624	0	361	false	829	None
LINESTRING (3137202.581 229539.231, 3137185.305 229569.083)	47	1624	0	362	false	829	None
LINESTRING (3137185.305 229569.083, 3137168.629 229591.071)	47	1624	0	363	false	829	None
LINESTRING (3137168.629 229591.071, 3137165.248 229593.211)	47	1624	0	364	false	829	None
LINESTRING (3137165.248 229593.211, 3137158.872 229595.738)	47	1624	0	365	false	829	None
LINESTRING (3137158.872 229595.738, 3137154.171 229597.486)	47	1624	0	366	false	829	None
LINESTRING (3137154.171 229597.486, 3137150.148 229597.235)	47	1624	0	367	false	829	None
LINESTRING (3137150.148 229597.235, 3137146.277 229596.089)	47	1624	0	368	false	829	None
LINESTRING (3137146.277 229596.089, 3137142.932 229593.839)	47	1624	0	369	false	829	None
LINESTRING (3137142.932 229593.839, 3137140.004 229591.273)	47	1624	0	370	false	829	None
LINESTRING (3137140.004 229591.273, 3137139.352 229590.425)	47	1624	0	371	false	829	None
LINESTRING (3137139.352 229590.425, 3137134.845 229585.103)	47	1624	0	372	false	829	None
LINESTRING (3137134.845 229585.103, 3137124.935 229567.92)	47	1624	0	373	false	829	None
LINESTRING (3137124.935 229567.92, 3137123.912 229565.499)	47	1624	0	374	false	829	None
LINESTRING (3137123.912 229565.499, 3137112.702 229538.523)	47	1624	0	375	false	829	None
LINESTRING (3137112.702 229538.523, 3137090.419 229474.861)	47	1624	0	376	false	829	None
LINESTRING (3137090.419 229474.861, 3137079.194 229445.141)	47	1624	0	377	false	829	None
LINESTRING (3137079.194 229445.141, 3137074.023 229430.155)	47	1624	0	378	false	829	None
LINESTRING (3137074.023 229430.155, 3137071.797 229426.791)	47	1624	0	379	false	829	None
LINESTRING (3137071.797 229426.791, 3137068.909 229424.122)	47	1624	0	380	false	829	None
LINESTRING (3137068.909 229424.122, 3137065.564 229421.871)	47	1624	0	381	false	829	None
LINESTRING (3137065.564 229421.871, 3137057.825 229419.82)	47	1624	0	382	false	829	None
LINESTRING (3137057.825 229419.82, 3137053.767 229419.912)	47	1624	0	383	false	829	None
LINESTRING (3137053.767 229419.912, 3137050.642 229422.153)	47	1624	0	384	false	829	None
LINESTRING (3137050.642 229422.153, 3137047.534 229429.401)	47	1624	0	385	false	829	None
LINESTRING (3137047.534 229429.401, 3137045.45 229437.047)	47	1624	0	386	false	829	None
LINESTRING (3137045.45 229437.047, 3137044.337 229448.761)	47	1624	0	387	false	829	None
LINESTRING (3137044.337 229448.761, 3137044.587 229452.668)	47	1624	0	388	false	829	None
LINESTRING (3137044.587 229452.668, 3137044.283 229460.528)	47	1624	0	389	false	829	None
LINESTRING (3137044.283 229460.528, 3137041.258 229475.906)	47	1624	0	390	false	829	None
LINESTRING (3137041.258 229475.906, 3137038.833 229483.42)	47	1624	0	391	false	829	None
LINESTRING (3137038.833 229483.42, 3137037.402 229485.841)	47	1624	0	392	false	829	None
LINESTRING (3137037.402 229485.841, 3137034.828 229490.201)	47	1624	0	393	false	829	None
LINESTRING (3137034.828 229490.201, 3137031.662 229492.544)	47	1624	0	394	false	829	None
LINESTRING (3137031.662 229492.544, 3137017.424 229499.403)	47	1624	0	395	false	829	None
LINESTRING (3137017.424 229499.403, 3137009.779 229501.913)	47	1624	0	396	false	829	None
LINESTRING (3137009.779 229501.913, 3136978.809 229509.423)	47	1624	0	397	false	829	None
LINESTRING (3136978.809 229509.423, 3136967.296 229513.052)	47	1624	0	398	false	829	None
LINESTRING (3136967.296 229513.052, 3136952.397 229518.583)	47	1624	0	399	false	829	None
LINESTRING (3136952.397 229518.583, 3136942.148 229524.012)	47	1624	0	400	false	829	None
LINESTRING (3136942.148 229524.012, 3136938.636 229525.983)	47	1624	0	401	false	829	None
LINESTRING (3136938.636 229525.983, 3136935.47 229528.327)	47	1624	0	402	false	829	None
LINESTRING (3136935.47 229528.327, 3136924.326 229539.601)	47	1624	0	403	false	829	None
LINESTRING (3136924.326 229539.601, 3136913.038 229560.346)	47	1624	0	404	false	829	None
LINESTRING (3136913.038 229560.346, 3136912.695 229564.262)	47	1624	0	405	false	829	None
LINESTRING (3136912.695 229564.262, 3136917.572 229575.204)	47	1624	0	406	false	829	None
LINESTRING (3136917.572 229575.204, 3136923.164 229590.116)	47	1624	0	407	false	829	None
LINESTRING (3136923.164 229590.116, 3136924.504 229601.829)	47	1624	0	408	false	829	None
LINESTRING (3136924.504 229601.829, 3136923.607 229613.746)	47	1624	0	409	false	829	None
LINESTRING (3136923.607 229613.746, 3136921.734 229621.354)	47	1624	0	410	false	829	None
LINESTRING (3136921.734 229621.354, 3136912.29 229647.459)	47	1624	0	411	false	829	None
LINESTRING (3136912.29 229647.459, 3136905.734 229661.823)	47	1624	0	412	false	829	None
LINESTRING (3136905.734 229661.823, 3136897.895 229675.452)	47	1624	0	413	false	829	None
LINESTRING (3136897.895 229675.452, 3136890.172 229684.482)	47	1624	0	414	false	829	None
LINESTRING (3136890.172 229684.482, 3136884.623 229690.187)	47	1624	0	415	false	829	None
LINESTRING (3136884.623 229690.187, 3136869.882 229703.4)	47	1624	0	416	false	829	None
LINESTRING (3136869.882 229703.4, 3136854.579 229716.037)	47	1624	0	417	false	829	None
LINESTRING (3136854.579 229716.037, 3136837.023 229732.206)	47	1624	0	418	false	829	None
LINESTRING (3136837.023 229732.206, 3136830.431 229736.554)	47	1624	0	419	false	829	None
LINESTRING (3136830.431 229736.554, 3136826.604 229737.57)	47	1624	0	420	false	829	None
LINESTRING (3136826.604 229737.57, 3136822.591 229737.799)	47	1624	0	421	false	829	None
LINESTRING (3136822.591 229737.799, 3136814.706 229736.882)	47	1624	0	422	false	829	None
LINESTRING (3136814.706 229736.882, 3136764.363 229723.537)	47	1624	0	423	false	829	None
LINESTRING (3136764.363 229723.537, 3136733.645 229714.474)	47	1624	0	424	false	829	None
LINESTRING (3136733.645 229714.474, 3136714.568 229708.024)	47	1624	0	425	false	829	None
LINESTRING (3136714.568 229708.024, 3136706.959 229706.143)	47	1624	0	426	false	829	None
LINESTRING (3136706.959 229706.143, 3136699.055 229706.29)	47	1624	0	427	false	829	None
LINESTRING (3136699.055 229706.29, 3136695.193 229705.625)	47	1624	0	428	false	829	None
LINESTRING (3136695.193 229705.625, 3136675.611 229705.528)	47	1624	0	429	false	829	None
LINESTRING (3136675.611 229705.528, 3136671.754 229705.103)	47	1624	0	430	false	829	None
LINESTRING (3136671.754 229705.103, 3136604.217 229706.997)	47	1624	0	431	false	829	None
LINESTRING (3136604.217 229706.997, 3136584.855 229711.392)	47	1624	0	432	false	829	None
LINESTRING (3136584.855 229711.392, 3136562.893 229720.969)	47	1624	0	433	false	829	None
LINESTRING (3136562.893 229720.969, 3136559.858 229723.483)	47	1624	0	434	false	829	None
LINESTRING (3136559.858 229723.483, 3136557.384 229726.571)	47	1624	0	435	false	829	None
LINESTRING (3136557.384 229726.571, 3136555.768 229730.231)	47	1624	0	436	false	829	None
LINESTRING (3136555.768 229730.231, 3136553.599 229737.843)	47	1624	0	437	false	829	None
LINESTRING (3136553.599 229737.843, 3136552.96 229741.763)	47	1624	0	438	false	829	None
LINESTRING (3136552.96 229741.763, 3136553.506 229745.666)	47	1624	0	439	false	829	None
LINESTRING (3136553.506 229745.666, 3136555.399 229753.427)	47	1624	0	440	false	829	None
LINESTRING (3136555.399 229753.427, 3136556.827 229757.077)	47	1624	0	441	false	829	None
LINESTRING (3136556.827 229757.077, 3136566.679 229769.354)	47	1624	0	442	false	829	None
LINESTRING (3136566.679 229769.354, 3136566.769 229769.627)	47	1624	0	443	false	829	None
LINESTRING (3136566.769 229769.627, 3136581.551 229783.103)	47	1624	0	444	false	829	None
LINESTRING (3136581.551 229783.103, 3136604.382 229799.346)	47	1624	0	445	false	829	None
LINESTRING (3136604.382 229799.346, 3136607.149 229802.325)	47	1624	0	446	false	829	None
LINESTRING (3136607.149 229802.325, 3136616.755 229814.983)	47	1624	0	447	false	829	None
LINESTRING (3136616.755 229814.983, 3136622.635 229825.362)	47	1624	0	448	false	829	None
LINESTRING (3136622.635 229825.362, 3136624.108 229829.149)	47	1624	0	449	false	829	None
LINESTRING (3136624.108 229829.149, 3136623.423 229836.98)	47	1624	0	450	false	829	None
LINESTRING (3136623.423 229836.98, 3136620.741 229848.442)	47	1624	0	451	false	829	None
LINESTRING (3136620.741 229848.442, 3136617.122 229855.493)	47	1624	0	452	false	829	None
LINESTRING (3136617.122 229855.493, 3136612.691 229862.108)	47	1624	0	453	false	829	None
LINESTRING (3136612.691 229862.108, 3136610.042 229864.891)	47	1624	0	454	false	829	None
LINESTRING (3136610.042 229864.891, 3136606.836 229867.338)	47	1624	0	455	false	829	None
LINESTRING (3136606.836 229867.338, 3136599.407 229870.052)	47	1624	0	456	false	829	None
LINESTRING (3136599.407 229870.052, 3136595.535 229870.931)	47	1624	0	457	false	829	None
LINESTRING (3136595.535 229870.931, 3136587.55 229871.285)	47	1624	0	458	false	829	None
LINESTRING (3136587.55 229871.285, 3136579.505 229870.783)	47	1624	0	459	false	829	None
LINESTRING (3136579.505 229870.783, 3136547.587 229867.09)	47	1624	0	460	false	829	None
LINESTRING (3136547.587 229867.09, 3136539.606 229867.685)	47	1624	0	461	false	829	None
LINESTRING (3136539.606 229867.685, 3136531.612 229867.559)	47	1624	0	462	false	829	None
LINESTRING (3136531.612 229867.559, 3136527.734 229868.198)	47	1624	0	463	false	829	None
LINESTRING (3136527.734 229868.198, 3136510.99 229874.441)	47	1624	0	464	false	829	None
LINESTRING (3136510.99 229874.441, 3136491.449 229874.241)	47	1624	0	465	false	829	None
LINESTRING (3136491.449 229874.241, 3136486.925 229874.272)	47	1624	0	466	false	829	None
LINESTRING (3136486.925 229874.272, 3136482.978 229873.574)	47	1624	0	467	false	829	None
LINESTRING (3136482.978 229873.574, 3136467.537 229869.13)	47	1624	0	468	false	829	None
LINESTRING (3136467.537 229869.13, 3136449.268 229860.85)	47	1624	0	469	false	829	None
LINESTRING (3136449.268 229860.85, 3136445.396 229859.705)	47	1624	0	470	false	829	None
LINESTRING (3136445.396 229859.705, 3136437.267 229855.122)	47	1624	0	471	false	829	None
LINESTRING (3136437.267 229855.122, 3136427.774 229850.009)	47	1624	0	472	false	829	None
LINESTRING (3136427.774 229850.009, 3136419.524 229847.761)	47	1624	0	473	false	829	None
LINESTRING (3136419.524 229847.761, 3136410.9 229856.084)	47	1624	0	474	false	829	None
LINESTRING (3136410.9 229856.084, 3136407.779 229858.564)	47	1624	0	475	false	829	None
LINESTRING (3136407.779 229858.564, 3136393.683 229866.073)	47	1624	0	476	false	829	None
LINESTRING (3136393.683 229866.073, 3136380.72 229875.213)	47	1624	0	477	false	829	None
LINESTRING (3136380.72 229875.213, 3136370.441 229881.227)	47	1624	0	478	false	829	None
LINESTRING (3136370.441 229881.227, 3136360.353 229886.243)	47	1624	0	479	false	829	None
LINESTRING (3136360.353 229886.243, 3136359.726 229886.595)	47	1624	0	480	false	829	None
LINESTRING (3136359.726 229886.595, 3136348.83 229891.418)	47	1624	0	481	false	829	None
LINESTRING (3136348.83 229891.418, 3136333.066 229893.874)	47	1624	0	482	false	829	None
LINESTRING (3136333.066 229893.874, 3136325.026 229893.612)	47	1624	0	483	false	829	None
LINESTRING (3136325.026 229893.612, 3136317.132 229892.216)	47	1624	0	484	false	829	None
LINESTRING (3136317.132 229892.216, 3136307.993 229892.004)	47	1624	0	485	false	829	None
LINESTRING (3136307.993 229892.004, 3136306.889 229895.862)	47	1624	0	486	false	829	None
LINESTRING (3136306.889 229895.862, 3136305.355 229907.651)	47	1624	0	487	false	829	None
LINESTRING (3136305.355 229907.651, 3136301.781 229918.886)	47	1624	0	488	false	829	None
LINESTRING (3136301.781 229918.886, 3136300.204 229922.442)	47	1624	0	489	false	829	None
LINESTRING (3136300.204 229922.442, 3136297.946 229925.734)	47	1624	0	490	false	829	None
LINESTRING (3136297.946 229925.734, 3136283.076 229938.778)	47	1624	0	491	false	829	None
LINESTRING (3136283.076 229938.778, 3136273.715 229946.219)	47	1624	0	492	false	829	None
LINESTRING (3136273.715 229946.219, 3136259.406 229959.838)	47	1624	0	493	false	829	None
LINESTRING (3136259.406 229959.838, 3136244.105 229972.477)	47	1624	0	494	false	829	None
LINESTRING (3136244.105 229972.477, 3136241.245 229975.297)	47	1624	0	495	false	829	None
LINESTRING (3136241.245 229975.297, 3136227.521 229994.739)	47	1624	0	496	false	829	None
LINESTRING (3136227.521 229994.739, 3136221.429 230004.878)	47	1624	0	497	false	829	None
LINESTRING (3136221.429 230004.878, 3136217.896 230011.962)	47	1624	0	498	false	829	None
LINESTRING (3136217.896 230011.962, 3136214.969 230019.757)	47	1624	0	499	false	829	None
LINESTRING (3136214.969 230019.757, 3136209.473 230034.176)	47	1624	0	500	false	829	None
LINESTRING (3136209.473 230034.176, 3136207.133 230041.722)	47	1624	0	501	false	829	None
LINESTRING (3136207.133 230041.722, 3136204.62 230057.299)	47	1624	0	502	false	829	None
LINESTRING (3136204.62 230057.299, 3136202.747 230064.907)	47	1624	0	503	false	829	None
LINESTRING (3136202.747 230064.907, 3136202.365 230068.926)	47	1624	0	504	false	829	None
LINESTRING (3136202.365 230068.926, 3136202.738 230076.811)	47	1624	0	505	false	829	None
LINESTRING (3136202.738 230076.811, 3136203.704 230084.688)	47	1624	0	506	false	829	None
LINESTRING (3136203.704 230084.688, 3136206.189 230092.439)	47	1624	0	507	false	829	None
LINESTRING (3136206.189 230092.439, 3136200.209 230097.74)	47	1624	0	508	false	829	None
LINESTRING (3136200.209 230097.74, 3136197.951 230101.031)	47	1624	0	509	false	829	None
LINESTRING (3136197.951 230101.031, 3136196.249 230104.658)	47	1624	0	510	false	829	None
LINESTRING (3136196.249 230104.658, 3136195.992 230108.606)	47	1624	0	511	false	829	None
LINESTRING (3136195.992 230108.606, 3136193.693 230116.049)	47	1624	0	512	false	829	None
LINESTRING (3136193.693 230116.049, 3136189.095 230126.888)	47	1624	0	513	false	829	None
LINESTRING (3136189.095 230126.888, 3136181.714 230136.05)	47	1624	0	514	false	829	None
LINESTRING (3136181.714 230136.05, 3136178.724 230138.701)	47	1624	0	515	false	829	None
LINESTRING (3136178.724 230138.701, 3136172.433 230143.285)	47	1624	0	516	false	829	None
LINESTRING (3136172.433 230143.285, 3136168.832 230144.983)	47	1624	0	517	false	829	None
LINESTRING (3136168.832 230144.983, 3136165.135 230146.169)	47	1624	0	518	false	829	None
LINESTRING (3136165.135 230146.169, 3136153.378 230148.156)	47	1624	0	519	false	829	None
LINESTRING (3136153.378 230148.156, 3136149.406 230148.282)	47	1624	0	520	false	829	None
LINESTRING (3136149.406 230148.282, 3136145.454 230147.344)	47	1624	0	521	false	829	None
LINESTRING (3136145.454 230147.344, 3136134.532 230142.63)	47	1624	0	522	false	829	None
LINESTRING (3136134.532 230142.63, 3136125.697 230134.558)	47	1624	0	523	false	829	None
LINESTRING (3136125.697 230134.558, 3136120.794 230128.488)	47	1624	0	524	false	829	None
LINESTRING (3136120.794 230128.488, 3136120.038 230124.622)	47	1624	0	525	false	829	None
LINESTRING (3136120.038 230124.622, 3136117.558 230117.111)	47	1624	0	526	false	829	None
LINESTRING (3136117.558 230117.111, 3136110.786 230090.072)	47	1624	0	527	false	829	None
LINESTRING (3136110.786 230090.072, 3136104.944 230054.822)	47	1624	0	528	false	829	None
LINESTRING (3136104.944 230054.822, 3136098.511 230031.964)	47	1624	0	529	false	829	None
LINESTRING (3136098.511 230031.964, 3136095.946 230024.42)	47	1624	0	530	false	829	None
LINESTRING (3136095.946 230024.42, 3136094.347 230020.703)	47	1624	0	531	false	829	None
LINESTRING (3136094.347 230020.703, 3136089.219 230009.902)	47	1624	0	532	false	829	None
LINESTRING (3136089.219 230009.902, 3136086.662 230006.886)	47	1624	0	533	false	829	None
LINESTRING (3136086.662 230006.886, 3136083.689 230004.184)	47	1624	0	534	false	829	None
LINESTRING (3136083.689 230004.184, 3136069.904 229995.978)	47	1624	0	535	false	829	None
LINESTRING (3136069.904 229995.978, 3136063.546 229991.13)	47	1624	0	536	false	829	None
LINESTRING (3136063.546 229991.13, 3136048.863 229984.48)	47	1624	0	537	false	829	None
LINESTRING (3136048.863 229984.48, 3135998.085 229972.518)	47	1624	0	538	false	829	None
LINESTRING (3135998.085 229972.518, 3135963.17 229962.901)	47	1624	0	539	false	829	None
LINESTRING (3135963.17 229962.901, 3135943.324 229960.203)	47	1624	0	540	false	829	None
LINESTRING (3135943.324 229960.203, 3135935.666 229957.946)	47	1624	0	541	false	829	None
LINESTRING (3135935.666 229957.946, 3135916.755 229951.323)	47	1624	0	542	false	829	None
LINESTRING (3135916.755 229951.323, 3135885.962 229942.711)	47	1624	0	543	false	829	None
LINESTRING (3135885.962 229942.711, 3135871.249 229936.645)	47	1624	0	544	false	829	None
LINESTRING (3135871.249 229936.645, 3135864.314 229932.526)	47	1624	0	545	false	829	None
LINESTRING (3135864.314 229932.526, 3135860.733 229931.136)	47	1624	0	546	false	829	None
LINESTRING (3135860.733 229931.136, 3135848.927 229928.699)	47	1624	0	547	false	829	None
LINESTRING (3135848.927 229928.699, 3135826.064 229921.139)	47	1624	0	548	false	829	None
LINESTRING (3135826.064 229921.139, 3135818.727 229918.054)	47	1624	0	549	false	829	None
LINESTRING (3135818.727 229918.054, 3135807.273 229914.206)	47	1624	0	550	false	829	None
LINESTRING (3135807.273 229914.206, 3135791.56 229910.968)	47	1624	0	551	false	829	None
LINESTRING (3135791.56 229910.968, 3135779.568 229911.793)	47	1624	0	552	false	829	None
LINESTRING (3135779.568 229911.793, 3135771.604 229911.084)	47	1624	0	553	false	829	None
LINESTRING (3135771.604 229911.084, 3135763.679 229912.297)	47	1624	0	554	false	829	None
LINESTRING (3135763.679 229912.297, 3135759.767 229913.279)	47	1624	0	555	false	829	None
LINESTRING (3135759.767 229913.279, 3135752.874 229917.393)	47	1624	0	556	false	829	None
LINESTRING (3135752.874 229917.393, 3135749.97 229920.076)	47	1624	0	557	false	829	None
LINESTRING (3135749.97 229920.076, 3135745.023 229926.254)	47	1624	0	558	false	829	None
LINESTRING (3135745.023 229926.254, 3135735.731 229939.081)	47	1624	0	559	false	829	None
LINESTRING (3135735.731 229939.081, 3135733.728 229942.472)	47	1624	0	560	false	829	None
LINESTRING (3135733.728 229942.472, 3135730.878 229949.82)	47	1624	0	561	false	829	None
LINESTRING (3135730.878 229949.82, 3135729.431 229957.594)	47	1624	0	562	false	829	None
LINESTRING (3135729.431 229957.594, 3135730.186 229965.508)	47	1624	0	563	false	829	None
LINESTRING (3135730.186 229965.508, 3135730.943 229969.373)	47	1624	0	564	false	829	None
LINESTRING (3135730.943 229969.373, 3135732.918 229972.878)	47	1624	0	565	false	829	None
LINESTRING (3135732.918 229972.878, 3135741.902 229986.128)	47	1624	0	566	false	829	None
LINESTRING (3135741.902 229986.128, 3135750.008 229999.87)	47	1624	0	567	false	829	None
LINESTRING (3135750.008 229999.87, 3135751.691 230007.667)	47	1624	0	568	false	829	None
LINESTRING (3135751.691 230007.667, 3135751.73 230011.612)	47	1624	0	569	false	829	None
LINESTRING (3135751.73 230011.612, 3135749.846 230039.22)	47	1624	0	570	false	829	None
LINESTRING (3135749.846 230039.22, 3135743.806 230062.121)	47	1624	0	571	false	829	None
LINESTRING (3135743.806 230062.121, 3135743.083 230066.008)	47	1624	0	572	false	829	None
LINESTRING (3135743.083 230066.008, 3135740.869 230073.484)	47	1624	0	573	false	829	None
LINESTRING (3135740.869 230073.484, 3135734.351 230083.458)	47	1624	0	574	false	829	None
LINESTRING (3135734.351 230083.458, 3135720.539 230102.628)	47	1624	0	575	false	829	None
LINESTRING (3135720.539 230102.628, 3135714.644 230107.962)	47	1624	0	576	false	829	None
LINESTRING (3135714.644 230107.962, 3135712.085 230111.018)	47	1624	0	577	false	829	None
LINESTRING (3135712.085 230111.018, 3135706.141 230115.975)	47	1624	0	578	false	829	None
LINESTRING (3135706.141 230115.975, 3135695.732 230121.82)	47	1624	0	579	false	829	None
LINESTRING (3135695.732 230121.82, 3135679.918 230123.901)	47	1624	0	580	false	829	None
LINESTRING (3135679.918 230123.901, 3135671.879 230123.64)	47	1624	0	581	false	829	None
LINESTRING (3135671.879 230123.64, 3135659.928 230122.338)	47	1624	0	582	false	829	None
LINESTRING (3135659.928 230122.338, 3135648.167 230120.037)	47	1624	0	583	false	829	None
LINESTRING (3135648.167 230120.037, 3135640.464 230117.644)	47	1624	0	584	false	829	None
LINESTRING (3135640.464 230117.644, 3135636.789 230115.742)	47	1624	0	585	false	829	None
LINESTRING (3135636.789 230115.742, 3135633.203 230114.113)	47	1624	0	586	false	829	None
LINESTRING (3135633.203 230114.113, 3135626.313 230110.13)	47	1624	0	587	false	829	None
LINESTRING (3135626.313 230110.13, 3135618.771 230107.323)	47	1624	0	588	false	829	None
LINESTRING (3135618.771 230107.323, 3135593.768 230094.409)	47	1624	0	589	false	829	None
LINESTRING (3135593.768 230094.409, 3135582.801 230089.559)	47	1624	0	590	false	829	None
LINESTRING (3135582.801 230089.559, 3135574.867 230088.267)	47	1624	0	591	false	829	None
LINESTRING (3135574.867 230088.267, 3135562.82 230088.475)	47	1624	0	592	false	829	None
LINESTRING (3135562.82 230088.475, 3135559.128 230089.901)	47	1624	0	593	false	829	None
LINESTRING (3135559.128 230089.901, 3135552.056 230093.468)	47	1624	0	594	false	829	None
LINESTRING (3135552.056 230093.468, 3135545.163 230097.581)	47	1624	0	595	false	829	None
LINESTRING (3135545.163 230097.581, 3135542.56 230100.501)	47	1624	0	596	false	829	None
LINESTRING (3135542.56 230100.501, 3135535.912 230110.305)	47	1624	0	597	false	829	None
LINESTRING (3135535.912 230110.305, 3135528.801 230124.336)	47	1624	0	598	false	829	None
LINESTRING (3135528.801 230124.336, 3135524.582 230130.915)	47	1624	0	599	false	829	None
LINESTRING (3135524.582 230130.915, 3135520.919 230137.829)	47	1624	0	600	false	829	None
LINESTRING (3135520.919 230137.829, 3135510.189 230162.959)	47	1624	0	601	false	829	None
LINESTRING (3135510.189 230162.959, 3135508.276 230170.671)	47	1624	0	602	false	829	None
LINESTRING (3135508.276 230170.671, 3135505.807 230178.048)	47	1624	0	603	false	829	None
LINESTRING (3135505.807 230178.048, 3135504.146 230181.571)	47	1624	0	604	false	829	None
LINESTRING (3135504.146 230181.571, 3135501.807 230189.118)	47	1624	0	605	false	829	None
LINESTRING (3135501.807 230189.118, 3135500.781 230196.817)	47	1624	0	606	false	829	None
LINESTRING (3135500.781 230196.817, 3135500.859 230204.706)	47	1624	0	607	false	829	None
LINESTRING (3135500.859 230204.706, 3135503.675 230216.158)	47	1624	0	608	false	829	None
LINESTRING (3135503.675 230216.158, 3135505.188 230219.841)	47	1624	0	609	false	829	None
LINESTRING (3135505.188 230219.841, 3135512.267 230230.922)	47	1624	0	610	false	829	None
LINESTRING (3135512.267 230230.922, 3135561.538 230299.094)	47	1624	0	611	false	829	None
LINESTRING (3135561.538 230299.094, 3135564.44 230306.531)	47	1624	0	612	false	829	None
LINESTRING (3135564.44 230306.531, 3135564.689 230310.438)	47	1624	0	613	false	829	None
LINESTRING (3135564.689 230310.438, 3135564.176 230316.312)	47	1624	0	614	false	829	None
LINESTRING (3135564.176 230316.312, 3135563.537 230322.256)	47	1624	0	615	false	829	None
LINESTRING (3135563.537 230322.256, 3135563.311 230342.053)	47	1624	0	616	false	829	None
LINESTRING (3135563.311 230342.053, 3135562.627 230349.885)	47	1624	0	617	false	829	None
LINESTRING (3135562.627 230349.885, 3135565.486 230365.521)	47	1624	0	618	false	829	None
LINESTRING (3135565.486 230365.521, 3135572.543 230379.69)	47	1624	0	619	false	829	None
LINESTRING (3135572.543 230379.69, 3135575.145 230382.842)	47	1624	0	620	false	829	None
LINESTRING (3135575.145 230382.842, 3135578.61 230384.782)	47	1624	0	621	false	829	None
LINESTRING (3135578.61 230384.782, 3135585.174 230389.353)	47	1624	0	622	false	829	None
LINESTRING (3135585.174 230389.353, 3135598.913 230397.422)	47	1624	0	623	false	829	None
LINESTRING (3135598.913 230397.422, 3135608.615 230404.52)	47	1624	0	624	false	829	None
LINESTRING (3135608.615 230404.52, 3135611.503 230407.188)	47	1624	0	625	false	829	None
LINESTRING (3135611.503 230407.188, 3135630.657 230421.525)	47	1624	0	626	false	829	None
LINESTRING (3135630.657 230421.525, 3135640.725 230427.932)	47	1624	0	627	false	829	None
LINESTRING (3135640.725 230427.932, 3135644.356 230429.698)	47	1624	0	628	false	829	None
LINESTRING (3135644.356 230429.698, 3135650.468 230434.927)	47	1624	0	629	false	829	None
LINESTRING (3135650.468 230434.927, 3135675.23 230460.847)	47	1624	0	630	false	829	None
LINESTRING (3135675.23 230460.847, 3135683.111 230469.858)	47	1624	0	631	false	829	None
LINESTRING (3135683.111 230469.858, 3135689.348 230475.017)	47	1624	0	632	false	829	None
LINESTRING (3135689.348 230475.017, 3135696.845 230477.687)	47	1624	0	633	false	829	None
LINESTRING (3135696.845 230477.687, 3135704.839 230477.812)	47	1624	0	634	false	829	None
LINESTRING (3135704.839 230477.812, 3135708.761 230477.31)	47	1624	0	635	false	829	None
LINESTRING (3135708.761 230477.31, 3135712.448 230475.644)	47	1624	0	636	false	829	None
LINESTRING (3135712.448 230475.644, 3135715.744 230473.469)	47	1624	0	637	false	829	None
LINESTRING (3135715.744 230473.469, 3135718.648 230470.786)	47	1624	0	638	false	829	None
LINESTRING (3135718.648 230470.786, 3135721.122 230467.697)	47	1624	0	639	false	829	None
LINESTRING (3135721.122 230467.697, 3135729.764 230449.974)	47	1624	0	640	false	829	None
LINESTRING (3135729.764 230449.974, 3135732.103 230442.427)	47	1624	0	641	false	829	None
LINESTRING (3135732.103 230442.427, 3135742.446 230421.077)	47	1624	0	642	false	829	None
LINESTRING (3135742.446 230421.077, 3135749.639 230402.791)	47	1624	0	643	false	829	None
LINESTRING (3135749.639 230402.791, 3135750.828 230398.966)	47	1624	0	644	false	829	None
LINESTRING (3135750.828 230398.966, 3135760.449 230377.455)	47	1624	0	645	false	829	None
LINESTRING (3135760.449 230377.455, 3135762.246 230374.342)	47	1624	0	646	false	829	None
LINESTRING (3135762.246 230374.342, 3135766.325 230367.113)	47	1624	0	647	false	829	None
LINESTRING (3135766.325 230367.113, 3135768.799 230364.024)	47	1624	0	648	false	829	None
LINESTRING (3135768.799 230364.024, 3135774.909 230358.893)	47	1624	0	649	false	829	None
LINESTRING (3135774.909 230358.893, 3135787.741 230349.583)	47	1624	0	650	false	829	None
LINESTRING (3135787.741 230349.583, 3135803.001 230337.047)	47	1624	0	651	false	829	None
LINESTRING (3135803.001 230337.047, 3135806.472 230335.179)	47	1624	0	652	false	829	None
LINESTRING (3135806.472 230335.179, 3135810.339 230334.059)	47	1624	0	653	false	829	None
LINESTRING (3135810.339 230334.059, 3135834.342 230335.394)	47	1624	0	654	false	829	None
LINESTRING (3135834.342 230335.394, 3135862.581 230341.23)	47	1624	0	655	false	829	None
LINESTRING (3135862.581 230341.23, 3135865.68 230341.837)	47	1624	0	656	false	829	None
LINESTRING (3135865.68 230341.837, 3135873.529 230343.096)	47	1624	0	657	false	829	None
LINESTRING (3135873.529 230343.096, 3135877.777 230344.03)	47	1624	0	658	false	829	None
LINESTRING (3135877.777 230344.03, 3135922.56 230354.499)	47	1624	0	659	false	829	None
LINESTRING (3135922.56 230354.499, 3135937.474 230358.024)	47	1624	0	660	false	829	None
LINESTRING (3135937.474 230358.024, 3135949.751 230360.763)	47	1624	0	661	false	829	None
LINESTRING (3135949.751 230360.763, 3135955.488 230362.155)	47	1624	0	662	false	829	None
LINESTRING (3135955.488 230362.155, 3135959.279 230363.507)	47	1624	0	663	false	829	None
LINESTRING (3135959.279 230363.507, 3135984.05 230375.5)	47	1624	0	664	false	829	None
LINESTRING (3135984.05 230375.5, 3135984.522 230375.802)	47	1624	0	665	false	829	None
LINESTRING (3135984.522 230375.802, 3135987.906 230377.949)	47	1624	0	666	false	829	None
LINESTRING (3135987.906 230377.949, 3135994.018 230383.178)	47	1624	0	667	false	829	None
LINESTRING (3135994.018 230383.178, 3135989.302 230402.663)	47	1624	0	668	false	829	None
LINESTRING (3135989.302 230402.663, 3135988.664 230406.583)	47	1624	0	669	false	829	None
LINESTRING (3135988.664 230406.583, 3135988.558 230409.637)	47	1624	0	670	false	829	None
LINESTRING (3135988.558 230409.637, 3135987.891 230422.477)	47	1624	0	671	false	829	None
LINESTRING (3135987.891 230422.477, 3135986.103 230430.119)	47	1624	0	672	false	829	None
LINESTRING (3135986.103 230430.119, 3135979.846 230469.248)	47	1624	0	673	false	829	None
LINESTRING (3135979.846 230469.248, 3135975.612 230489.515)	47	1624	0	674	false	829	None
LINESTRING (3135975.612 230489.515, 3135974.954 230492.475)	47	1624	0	675	false	829	None
LINESTRING (3135974.954 230492.475, 3135969.434 230516.053)	47	1624	0	676	false	829	None
LINESTRING (3135969.434 230516.053, 3135963.882 230515.447)	47	1624	0	677	false	829	None
LINESTRING (3135963.882 230515.447, 3135953.416 230514.363)	47	1624	0	678	false	829	None
LINESTRING (3135953.416 230514.363, 3135946.34 230513.642)	47	1624	0	679	false	829	None
LINESTRING (3135946.34 230513.642, 3135926.385 230511.734)	47	1624	0	680	false	829	None
LINESTRING (3135926.385 230511.734, 3135877.285 230513.402)	47	1624	0	681	false	829	None
LINESTRING (3135877.285 230513.402, 3135875.896 230513.697)	47	1624	0	682	false	829	None
LINESTRING (3135875.896 230513.697, 3135852.152 230518.773)	47	1624	0	683	false	829	None
LINESTRING (3135852.152 230518.773, 3135835.902 230522.232)	47	1624	0	684	false	829	None
LINESTRING (3135835.902 230522.232, 3135824.03 230524.771)	47	1624	0	685	false	829	None
LINESTRING (3135824.03 230524.771, 3135787.365 230536.861)	47	1624	0	686	false	829	None
LINESTRING (3135787.365 230536.861, 3135786.021 230537.292)	47	1624	0	687	false	829	None
LINESTRING (3135786.021 230537.292, 3135771.535 230544.293)	47	1624	0	688	false	829	None
LINESTRING (3135771.535 230544.293, 3135746.33 230556.424)	47	1624	0	689	false	829	None
LINESTRING (3135746.33 230556.424, 3135669.133 230600.18)	47	1624	0	690	false	829	None
LINESTRING (3135669.133 230600.18, 3135663.992 230603.067)	47	1624	0	691	false	829	None
LINESTRING (3135663.992 230603.067, 3135364.944 230778.542)	47	1624	0	692	false	829	None
LINESTRING (3135364.944 230778.542, 3135263.509 230838.022)	47	1624	0	693	false	829	None
LINESTRING (3135263.509 230838.022, 3135253.563 230843.689)	47	1624	0	694	false	829	None
LINESTRING (3135253.563 230843.689, 3135223.553 230860.625)	47	1624	0	695	false	829	None
LINESTRING (3135223.553 230860.625, 3135213.482 230866.362)	47	1624	0	696	false	829	None
LINESTRING (3135213.482 230866.362, 3135190.464 230879.938)	47	1624	0	697	false	829	None
LINESTRING (3135190.464 230879.938, 3135175.341 230888.837)	47	1624	0	698	false	829	None
LINESTRING (3135175.341 230888.837, 3135135.31 230913.911)	47	1624	0	699	false	829	None
LINESTRING (3135135.31 230913.911, 3135121.953 230922.304)	47	1624	0	700	false	829	None
LINESTRING (3135121.953 230922.304, 3135099.121 230936.666)	47	1624	0	701	false	829	None
LINESTRING (3135099.121 230936.666, 3135074.619 230952.048)	47	1624	0	702	false	829	None
LINESTRING (3135074.619 230952.048, 3135059.321 230960.64)	47	1624	0	703	false	829	None
LINESTRING (3135059.321 230960.64, 3135021.288 230982.084)	47	1624	0	704	false	829	None
LINESTRING (3135021.288 230982.084, 3134982.046 231002.346)	47	1624	0	705	false	829	None
LINESTRING (3134982.046 231002.346, 3134935.484 231016.195)	47	1624	0	706	false	829	None
LINESTRING (3134935.484 231016.195, 3134934.015 231016.697)	47	1624	0	707	false	829	None
LINESTRING (3134934.015 231016.697, 3134892.587 231021.107)	47	1624	0	708	false	829	None
LINESTRING (3134892.587 231021.107, 3134878.929 231029.265)	47	1624	0	709	false	829	None
LINESTRING (3134878.929 231029.265, 3134812.095 231037.99)	47	1624	0	710	false	829	None
LINESTRING (3134812.095 231037.99, 3134808.625 231037.834)	47	1624	0	711	false	829	None
LINESTRING (3134808.625 231037.834, 3134771.736 231036.862)	47	1624	0	712	false	829	None
LINESTRING (3134771.736 231036.862, 3134730.948 231031.281)	47	1624	0	713	false	829	None
LINESTRING (3134730.948 231031.281, 3134691.359 231020.331)	47	1624	0	714	false	829	None
LINESTRING (3134691.359 231020.331, 3134644.377 230997.345)	47	1624	0	715	false	829	None
LINESTRING (3134644.377 230997.345, 3134575.398 230961.541)	47	1624	0	716	false	829	None
LINESTRING (3134575.398 230961.541, 3134501.765 230923.576)	47	1624	0	717	false	829	None
LINESTRING (3134501.765 230923.576, 3134479.839 230910.071)	47	1624	0	718	false	829	None
LINESTRING (3134479.839 230910.071, 3134473.887 230906.453)	47	1624	0	719	false	829	None
LINESTRING (3134473.887 230906.453, 3134445.35 230875.857)	47	1624	0	720	false	829	None
LINESTRING (3134445.35 230875.857, 3134426.41 230851.366)	47	1624	0	721	false	829	None
LINESTRING (3134426.41 230851.366, 3134409.906 230830.2)	47	1624	0	722	false	829	None
LINESTRING (3134409.906 230830.2, 3134392.411 230799.958)	47	1624	0	723	false	829	None
LINESTRING (3134392.411 230799.958, 3134360.782 230754.829)	47	1624	0	724	false	829	None
LINESTRING (3134360.782 230754.829, 3134333.048 230718.116)	47	1624	0	725	false	829	None
LINESTRING (3134333.048 230718.116, 3134306.46 230687.801)	47	1624	0	726	false	829	None
LINESTRING (3134306.46 230687.801, 3134235.189 230610.868)	47	1624	0	727	false	829	None
LINESTRING (3134235.189 230610.868, 3134206.278 230584.773)	47	1624	0	728	false	829	None
LINESTRING (3134206.278 230584.773, 3134172.106 230561.876)	47	1624	0	729	false	829	None
LINESTRING (3134172.106 230561.876, 3134128.094 230541.594)	47	1624	0	730	false	829	None
LINESTRING (3134128.094 230541.594, 3134120.998 230543.962)	47	1624	0	731	false	829	None
LINESTRING (3134120.998 230543.962, 3133929.576 230510.575)	47	1624	0	732	false	829	None
LINESTRING (3133929.576 230510.575, 3133783.17 230492.86)	47	1624	0	733	false	829	None
LINESTRING (3133783.17 230492.86, 3133758.457 230489.826)	47	1624	0	734	false	829	None
LINESTRING (3133758.457 230489.826, 3133672.284 230479.394)	47	1624	0	735	false	829	W:3133703.884 230483.21945809014
