LINESTRING (3130132.225 235847.26, 3130121.696 235842.823)	40	1617	0	0	false	678	None
LINESTRING (3130121.696 235842.823, 3130079.677 235823.562)	40	1617	0	1	false	678	None
LINESTRING (3130079.677 235823.562, 3130046.148 235804.139)	40	1617	0	2	false	678	None
LINESTRING (3130046.148 235804.139, 3130021.852 235779.603)	40	1617	0	3	false	678	None
LINESTRING (3130021.852 235779.603, 3130005.724 235759.779)	40	1617	0	4	false	678	None
LINESTRING (3130005.724 235759.779, 3129941.373 235659.833)	40	1617	0	5	false	678	None
LINESTRING (3129941.373 235659.833, 3129899.642 235599.371)	40	1617	0	6	false	678	None
LINESTRING (3129899.642 235599.371, 3129886.775 235582.002)	40	1617	0	7	false	678	None
LINESTRING (3129886.775 235582.002, 3129872.044 235562.364)	40	1617	0	8	false	678	None
LINESTRING (3129872.044 235562.364, 3129854.054 235546.582)	40	1617	0	9	false	678	None
LINESTRING (3129854.054 235546.582, 3129828.331 235534.829)	40	1617	0	10	false	678	None
LINESTRING (3129828.331 235534.829, 3129800.086 235525.789)	40	1617	0	11	false	678	None
LINESTRING (3129800.086 235525.789, 3129766.574 235517.447)	40	1617	0	12	false	678	None
LINESTRING (3129766.574 235517.447, 3129714.925 235504.578)	40	1617	0	13	false	678	None
LINESTRING (3129714.925 235504.578, 3129713.692 235504.219)	40	1617	0	14	false	678	None
LINESTRING (3129713.692 235504.219, 3129686.81 235497.732)	40	1617	0	15	false	678	None
LINESTRING (3129686.81 235497.732, 3129620.396 235482)	40	1617	0	16	false	678	None
LINESTRING (3129620.396 235482, 3129553.536 235469.191)	40	1617	0	17	false	678	None
LINESTRING (3129553.536 235469.191, 3129499.661 235459.033)	40	1617	0	18	false	678	None
LINESTRING (3129499.661 235459.033, 3129469.416 235453.386)	40	1617	0	19	false	678	None
LINESTRING (3129469.416 235453.386, 3129387.381 235438.271)	40	1617	0	20	false	678	W:3129426.05 235445.39578740776
LINESTRING (3131687.139 232881.932, 3131675.168 232910.034)	40	1617	0	612	false	678	S:3131682.7040814534 232892.343
LINESTRING (3131675.168 232910.034, 3131665.169 232933.304)	40	1617	0	613	false	678	None
LINESTRING (3131665.169 232933.304, 3131635.129 233003.219)	40	1617	0	614	false	678	None
LINESTRING (3131635.129 233003.219, 3131625.089 233026.593)	40	1617	0	615	false	678	None
LINESTRING (3131625.089 233026.593, 3131619.042 233040.68)	40	1617	0	616	false	678	None
LINESTRING (3131619.042 233040.68, 3131600.898 233082.939)	40	1617	0	617	false	678	None
LINESTRING (3131600.898 233082.939, 3131594.764 233096.993)	40	1617	0	618	false	678	None
LINESTRING (3131594.764 233096.993, 3131580.612 233129.965)	40	1617	0	619	false	678	None
LINESTRING (3131580.612 233129.965, 3131537.901 233228.782)	40	1617	0	620	false	678	None
LINESTRING (3131537.901 233228.782, 3131523.663 233261.721)	40	1617	0	621	false	678	None
LINESTRING (3131523.663 233261.721, 3131517.535 233276.015)	40	1617	0	622	false	678	None
LINESTRING (3131517.535 233276.015, 3131495.59 233326.564)	40	1617	0	623	false	678	None
LINESTRING (3131495.59 233326.564, 3131435.753 233463.75)	40	1617	0	624	false	678	None
LINESTRING (3131435.753 233463.75, 3131410.604 233520.796)	40	1617	0	625	false	678	None
LINESTRING (3131410.604 233520.796, 3131381.894 233585.512)	40	1617	0	626	false	678	None
LINESTRING (3131381.894 233585.512, 3131366.062 233623.072)	40	1617	0	627	false	678	None
LINESTRING (3131366.062 233623.072, 3131318.566 233735.751)	40	1617	0	628	false	678	None
LINESTRING (3131318.566 233735.751, 3131302.609 233773.382)	40	1617	0	629	false	678	None
LINESTRING (3131302.609 233773.382, 3131290.979 233799.593)	40	1617	0	630	false	678	None
LINESTRING (3131290.979 233799.593, 3131255.971 233878.536)	40	1617	0	631	false	678	None
LINESTRING (3131255.971 233878.536, 3131244.262 233904.954)	40	1617	0	632	false	678	None
LINESTRING (3131244.262 233904.954, 3131235.761 233925.115)	40	1617	0	633	false	678	None
LINESTRING (3131235.761 233925.115, 3131209.885 233985.809)	40	1617	0	634	false	678	None
LINESTRING (3131209.885 233985.809, 3131201.259 234006.041)	40	1617	0	635	false	678	None
LINESTRING (3131201.259 234006.041, 3131177.389 234061.559)	40	1617	0	636	false	678	None
LINESTRING (3131177.389 234061.559, 3131113.154 234210.853)	40	1617	0	637	false	678	None
LINESTRING (3131113.154 234210.853, 3131105.436 234227.983)	40	1617	0	638	false	678	None
LINESTRING (3131105.436 234227.983, 3131080.373 234283.04)	40	1617	0	639	false	678	None
LINESTRING (3131080.373 234283.04, 3131055.698 234324.197)	40	1617	0	640	false	678	None
LINESTRING (3131055.698 234324.197, 3131047.635 234338.932)	40	1617	0	641	false	678	None
LINESTRING (3131047.635 234338.932, 3131030.446 234370.132)	40	1617	0	642	false	678	None
LINESTRING (3131030.446 234370.132, 3130990.522 234444.313)	40	1617	0	643	false	678	None
LINESTRING (3130990.522 234444.313, 3130960.907 234502.011)	40	1617	0	644	false	678	None
LINESTRING (3130960.907 234502.011, 3130956.028 234511.312)	40	1617	0	645	false	678	None
LINESTRING (3130956.028 234511.312, 3130925.651 234568.952)	40	1617	0	646	false	678	None
LINESTRING (3130925.651 234568.952, 3130911.3 234596.371)	40	1617	0	647	false	678	None
LINESTRING (3130911.3 234596.371, 3130868.247 234678.626)	40	1617	0	648	false	678	None
LINESTRING (3130868.247 234678.626, 3130853.771 234706.115)	40	1617	0	649	false	678	None
LINESTRING (3130853.771 234706.115, 3130837.63 234736.888)	40	1617	0	650	false	678	None
LINESTRING (3130837.63 234736.888, 3130806.973 234795.254)	40	1617	0	651	false	678	None
LINESTRING (3130806.973 234795.254, 3130805.714 234797.743)	40	1617	0	652	false	678	None
LINESTRING (3130805.714 234797.743, 3130790.746 234830.042)	40	1617	0	653	false	678	None
LINESTRING (3130790.746 234830.042, 3130776.018 234861.72)	40	1617	0	654	false	678	None
LINESTRING (3130776.018 234861.72, 3130770.863 234874.009)	40	1617	0	655	false	678	None
LINESTRING (3130770.863 234874.009, 3130762.679 234893.103)	40	1617	0	656	false	678	None
LINESTRING (3130762.679 234893.103, 3130755.954 234911.213)	40	1617	0	657	false	678	None
LINESTRING (3130755.954 234911.213, 3130751.27 234923.804)	40	1617	0	658	false	678	None
LINESTRING (3130751.27 234923.804, 3130744.946 234940.88)	40	1617	0	659	false	678	None
LINESTRING (3130744.946 234940.88, 3130725.928 234991.97)	40	1617	0	660	false	678	None
LINESTRING (3130725.928 234991.97, 3130719.479 235009.116)	40	1617	0	661	false	678	None
LINESTRING (3130719.479 235009.116, 3130705.266 235047.304)	40	1617	0	662	false	678	None
LINESTRING (3130705.266 235047.304, 3130675.156 235128.027)	40	1617	0	663	false	678	None
LINESTRING (3130675.156 235128.027, 3130661.911 235161.947)	40	1617	0	664	false	678	None
LINESTRING (3130661.911 235161.947, 3130646.977 235199.974)	40	1617	0	665	false	678	None
LINESTRING (3130646.977 235199.974, 3130640.352 235216.814)	40	1617	0	666	false	678	None
LINESTRING (3130640.352 235216.814, 3130596.043 235338.47)	40	1617	0	667	false	678	None
LINESTRING (3130596.043 235338.47, 3130591.87 235349.236)	40	1617	0	668	false	678	None
LINESTRING (3130591.87 235349.236, 3130529.665 235508.724)	40	1617	0	669	false	678	None
LINESTRING (3130529.665 235508.724, 3130452.281 235716.98)	40	1617	0	670	false	678	None
LINESTRING (3130452.281 235716.98, 3130428.135 235773.464)	40	1617	0	671	false	678	None
LINESTRING (3130428.135 235773.464, 3130420.081 235794.751)	40	1617	0	672	false	678	None
LINESTRING (3130420.081 235794.751, 3130363.19 235943.56)	40	1617	0	673	false	678	None
LINESTRING (3130363.19 235943.56, 3130351.339 235938.49)	40	1617	0	674	false	678	None
LINESTRING (3130351.339 235938.49, 3130326.193 235928.03)	40	1617	0	675	false	678	None
LINESTRING (3130326.193 235928.03, 3130316.902 235924.191)	40	1617	0	676	false	678	None
LINESTRING (3130316.902 235924.191, 3130188.526 235870.627)	40	1617	0	677	false	678	None
LINESTRING (3130188.526 235870.627, 3130132.225 235847.26)	40	1617	0	678	false	678	None
LINESTRING (3129589.185 238152.654, 3129562.505 238149.457)	40	1619	0	0	false	716	None
LINESTRING (3129562.505 238149.457, 3129400.092 238129.731)	40	1619	0	1	false	716	W:3129426.05 238132.88374952125
LINESTRING (3129367.938 237969.032, 3129445.939 237811.495)	40	1619	0	23	false	716	W:3129426.05 237851.66440030266
LINESTRING (3129445.939 237811.495, 3129472.017 237758.615)	40	1619	0	24	false	716	None
LINESTRING (3129472.017 237758.615, 3129508.157 237685.585)	40	1619	0	25	false	716	None
LINESTRING (3129508.157 237685.585, 3129535.373 237630.527)	40	1619	0	26	false	716	None
LINESTRING (3129535.373 237630.527, 3129607.581 237478.841)	40	1619	0	27	false	716	None
LINESTRING (3129607.581 237478.841, 3129614.24 237465.705)	40	1619	0	28	false	716	None
LINESTRING (3129614.24 237465.705, 3129650.812 237393.08)	40	1619	0	29	false	716	None
LINESTRING (3129650.812 237393.08, 3129656.618 237381.637)	40	1619	0	30	false	716	None
LINESTRING (3129656.618 237381.637, 3129673.951 237347.277)	40	1619	0	31	false	716	None
LINESTRING (3129673.951 237347.277, 3129679.632 237335.905)	40	1619	0	32	false	716	None
LINESTRING (3129679.632 237335.905, 3129689.74 237315.891)	40	1619	0	33	false	716	None
LINESTRING (3129689.74 237315.891, 3129719.984 237256.054)	40	1619	0	34	false	716	None
LINESTRING (3129719.984 237256.054, 3129729.967 237236.11)	40	1619	0	35	false	716	None
LINESTRING (3129729.967 237236.11, 3129733.136 237229.956)	40	1619	0	36	false	716	None
LINESTRING (3129733.136 237229.956, 3129738.611 237218.861)	40	1619	0	37	false	716	None
LINESTRING (3129738.611 237218.861, 3129742.181 237211.672)	40	1619	0	38	false	716	None
LINESTRING (3129742.181 237211.672, 3129745.054 237205.523)	40	1619	0	39	false	716	None
LINESTRING (3129745.054 237205.523, 3129746.027 237203.518)	40	1619	0	40	false	716	None
LINESTRING (3129746.027 237203.518, 3129748.905 237197.609)	40	1619	0	41	false	716	None
LINESTRING (3129748.905 237197.609, 3129749.753 237195.675)	40	1619	0	42	false	716	None
LINESTRING (3129749.753 237195.675, 3129762.885 237168.617)	40	1619	0	43	false	716	None
LINESTRING (3129762.885 237168.617, 3129768.756 237156.247)	40	1619	0	44	false	716	None
LINESTRING (3129768.756 237156.247, 3129825.687 237038.171)	40	1619	0	45	false	716	None
LINESTRING (3129825.687 237038.171, 3129844.565 236998.814)	40	1619	0	46	false	716	None
LINESTRING (3129844.565 236998.814, 3129857.747 236972.133)	40	1619	0	47	false	716	None
LINESTRING (3129857.747 236972.133, 3129896.998 236892.092)	40	1619	0	48	false	716	None
LINESTRING (3129896.998 236892.092, 3129916.423 236852.59)	40	1619	0	49	false	716	None
LINESTRING (3129916.423 236852.59, 3129918.167 236849.099)	40	1619	0	50	false	716	None
LINESTRING (3129918.167 236849.099, 3129942.25 236799.852)	40	1619	0	51	false	716	None
LINESTRING (3129942.25 236799.852, 3129950.238 236783.54)	40	1619	0	52	false	716	None
LINESTRING (3129950.238 236783.54, 3129953.688 236776.662)	40	1619	0	53	false	716	None
LINESTRING (3129953.688 236776.662, 3129963.781 236755.927)	40	1619	0	54	false	716	None
LINESTRING (3129963.781 236755.927, 3129968.851 236745.628)	40	1619	0	55	false	716	None
LINESTRING (3129968.851 236745.628, 3129969.823 236743.624)	40	1619	0	56	false	716	None
LINESTRING (3129969.823 236743.624, 3129977.856 236727.448)	40	1619	0	57	false	716	None
LINESTRING (3129977.856 236727.448, 3129980.448 236722.023)	40	1619	0	58	false	716	None
LINESTRING (3129980.448 236722.023, 3129987.222 236708.337)	40	1619	0	59	false	716	None
LINESTRING (3129987.222 236708.337, 3130007.374 236667.211)	40	1619	0	60	false	716	None
LINESTRING (3130007.374 236667.211, 3130014.023 236653.595)	40	1619	0	61	false	716	None
LINESTRING (3130014.023 236653.595, 3130018.977 236643.847)	40	1619	0	62	false	716	None
LINESTRING (3130018.977 236643.847, 3130033.633 236614.879)	40	1619	0	63	false	716	None
LINESTRING (3130033.633 236614.879, 3130041.751 236598.737)	40	1619	0	64	false	716	None
LINESTRING (3130041.751 236598.737, 3130045.241 236591.755)	40	1619	0	65	false	716	None
LINESTRING (3130045.241 236591.755, 3130065.428 236552.309)	40	1619	0	66	false	716	None
LINESTRING (3130065.428 236552.309, 3130084.877 236514.007)	40	1619	0	67	false	716	None
LINESTRING (3130084.877 236514.007, 3130095.417 236492.374)	40	1619	0	68	false	716	None
LINESTRING (3130095.417 236492.374, 3130106.845 236468.704)	40	1619	0	69	false	716	None
LINESTRING (3130106.845 236468.704, 3130124.069 236433.111)	40	1619	0	70	false	716	None
LINESTRING (3130124.069 236433.111, 3130143.233 236393.27)	40	1619	0	71	false	716	None
LINESTRING (3130143.233 236393.27, 3130148.664 236382.039)	40	1619	0	72	false	716	None
LINESTRING (3130148.664 236382.039, 3130159.445 236359.785)	40	1619	0	73	false	716	None
LINESTRING (3130159.445 236359.785, 3130164.875 236348.554)	40	1619	0	74	false	716	None
LINESTRING (3130164.875 236348.554, 3130170.18 236337.394)	40	1619	0	75	false	716	None
LINESTRING (3130170.18 236337.394, 3130171.233 236335.183)	40	1619	0	76	false	716	None
LINESTRING (3130171.233 236335.183, 3130180.239 236317.003)	40	1619	0	77	false	716	None
LINESTRING (3130180.239 236317.003, 3130183.277 236310.68)	40	1619	0	78	false	716	None
LINESTRING (3130183.277 236310.68, 3130209.632 236256.837)	40	1619	0	79	false	716	None
LINESTRING (3130209.632 236256.837, 3130324.831 236021.801)	40	1619	0	80	false	716	None
LINESTRING (3130324.831 236021.801, 3130363.19 235943.56)	40	1619	0	81	false	716	None
LINESTRING (3130363.19 235943.56, 3130420.081 235794.751)	40	1619	0	82	false	716	None
LINESTRING (3130420.081 235794.751, 3130428.135 235773.464)	40	1619	0	83	false	716	None
LINESTRING (3130428.135 235773.464, 3130452.281 235716.98)	40	1619	0	84	false	716	None
LINESTRING (3130452.281 235716.98, 3130529.665 235508.724)	40	1619	0	85	false	716	None
LINESTRING (3130529.665 235508.724, 3130591.87 235349.236)	40	1619	0	86	false	716	None
LINESTRING (3130591.87 235349.236, 3130596.043 235338.47)	40	1619	0	87	false	716	None
LINESTRING (3130596.043 235338.47, 3130640.352 235216.814)	40	1619	0	88	false	716	None
LINESTRING (3130640.352 235216.814, 3130646.977 235199.974)	40	1619	0	89	false	716	None
LINESTRING (3130646.977 235199.974, 3130661.911 235161.947)	40	1619	0	90	false	716	None
LINESTRING (3130661.911 235161.947, 3130675.156 235128.027)	40	1619	0	91	false	716	None
LINESTRING (3130675.156 235128.027, 3130705.266 235047.304)	40	1619	0	92	false	716	None
LINESTRING (3130705.266 235047.304, 3130719.479 235009.116)	40	1619	0	93	false	716	None
LINESTRING (3130719.479 235009.116, 3130725.928 234991.97)	40	1619	0	94	false	716	None
LINESTRING (3130725.928 234991.97, 3130744.946 234940.88)	40	1619	0	95	false	716	None
LINESTRING (3130744.946 234940.88, 3130751.27 234923.804)	40	1619	0	96	false	716	None
LINESTRING (3130751.27 234923.804, 3130755.954 234911.213)	40	1619	0	97	false	716	None
LINESTRING (3130755.954 234911.213, 3130762.679 234893.103)	40	1619	0	98	false	716	None
LINESTRING (3130762.679 234893.103, 3130770.863 234874.009)	40	1619	0	99	false	716	None
LINESTRING (3130770.863 234874.009, 3130776.018 234861.72)	40	1619	0	100	false	716	None
LINESTRING (3130776.018 234861.72, 3130790.746 234830.042)	40	1619	0	101	false	716	None
LINESTRING (3130790.746 234830.042, 3130805.714 234797.743)	40	1619	0	102	false	716	None
LINESTRING (3130805.714 234797.743, 3130806.973 234795.254)	40	1619	0	103	false	716	None
LINESTRING (3130806.973 234795.254, 3130837.63 234736.888)	40	1619	0	104	false	716	None
LINESTRING (3130837.63 234736.888, 3130853.771 234706.115)	40	1619	0	105	false	716	None
LINESTRING (3130853.771 234706.115, 3130868.247 234678.626)	40	1619	0	106	false	716	None
LINESTRING (3130868.247 234678.626, 3130911.3 234596.371)	40	1619	0	107	false	716	None
LINESTRING (3130911.3 234596.371, 3130925.651 234568.952)	40	1619	0	108	false	716	None
LINESTRING (3130925.651 234568.952, 3130956.028 234511.312)	40	1619	0	109	false	716	None
LINESTRING (3130956.028 234511.312, 3130960.907 234502.011)	40	1619	0	110	false	716	None
LINESTRING (3130960.907 234502.011, 3130990.522 234444.313)	40	1619	0	111	false	716	None
LINESTRING (3130990.522 234444.313, 3131030.446 234370.132)	40	1619	0	112	false	716	None
LINESTRING (3131030.446 234370.132, 3131047.635 234338.932)	40	1619	0	113	false	716	None
LINESTRING (3131047.635 234338.932, 3131055.698 234324.197)	40	1619	0	114	false	716	None
LINESTRING (3131055.698 234324.197, 3131080.373 234283.04)	40	1619	0	115	false	716	None
LINESTRING (3131080.373 234283.04, 3131105.436 234227.983)	40	1619	0	116	false	716	None
LINESTRING (3131105.436 234227.983, 3131113.154 234210.853)	40	1619	0	117	false	716	None
LINESTRING (3131113.154 234210.853, 3131177.389 234061.559)	40	1619	0	118	false	716	None
LINESTRING (3131177.389 234061.559, 3131201.259 234006.041)	40	1619	0	119	false	716	None
LINESTRING (3131201.259 234006.041, 3131209.885 233985.809)	40	1619	0	120	false	716	None
LINESTRING (3131209.885 233985.809, 3131235.761 233925.115)	40	1619	0	121	false	716	None
LINESTRING (3131235.761 233925.115, 3131244.262 233904.954)	40	1619	0	122	false	716	None
LINESTRING (3131244.262 233904.954, 3131255.971 233878.536)	40	1619	0	123	false	716	None
LINESTRING (3131255.971 233878.536, 3131290.979 233799.593)	40	1619	0	124	false	716	None
LINESTRING (3131290.979 233799.593, 3131302.609 233773.382)	40	1619	0	125	false	716	None
LINESTRING (3131302.609 233773.382, 3131318.566 233735.751)	40	1619	0	126	false	716	None
LINESTRING (3131318.566 233735.751, 3131366.062 233623.072)	40	1619	0	127	false	716	None
LINESTRING (3131366.062 233623.072, 3131381.894 233585.512)	40	1619	0	128	false	716	None
LINESTRING (3131381.894 233585.512, 3131410.604 233520.796)	40	1619	0	129	false	716	None
LINESTRING (3131410.604 233520.796, 3131435.753 233463.75)	40	1619	0	130	false	716	None
LINESTRING (3131435.753 233463.75, 3131495.59 233326.564)	40	1619	0	131	false	716	None
LINESTRING (3131495.59 233326.564, 3131517.535 233276.015)	40	1619	0	132	false	716	None
LINESTRING (3131517.535 233276.015, 3131523.663 233261.721)	40	1619	0	133	false	716	None
LINESTRING (3131523.663 233261.721, 3131537.901 233228.782)	40	1619	0	134	false	716	None
LINESTRING (3131537.901 233228.782, 3131580.612 233129.965)	40	1619	0	135	false	716	None
LINESTRING (3131580.612 233129.965, 3131594.764 233096.993)	40	1619	0	136	false	716	None
LINESTRING (3131594.764 233096.993, 3131600.898 233082.939)	40	1619	0	137	false	716	None
LINESTRING (3131600.898 233082.939, 3131619.042 233040.68)	40	1619	0	138	false	716	None
LINESTRING (3131619.042 233040.68, 3131625.089 233026.593)	40	1619	0	139	false	716	None
LINESTRING (3131625.089 233026.593, 3131635.129 233003.219)	40	1619	0	140	false	716	None
LINESTRING (3131635.129 233003.219, 3131665.169 232933.304)	40	1619	0	141	false	716	None
LINESTRING (3131665.169 232933.304, 3131675.168 232910.034)	40	1619	0	142	false	716	None
LINESTRING (3131675.168 232910.034, 3131687.139 232881.932)	40	1619	0	143	false	716	S:3131682.7040814534 232892.343
LINESTRING (3135619.521 232849.239, 3135638.14 232916.481)	40	1619	0	378	false	716	S:3135631.4562990097 232892.343
LINESTRING (3135638.14 232916.481, 3135647.911 232947.9)	40	1619	0	379	false	716	None
LINESTRING (3135647.911 232947.9, 3135662.954 232976.601)	40	1619	0	380	false	716	None
LINESTRING (3135662.954 232976.601, 3135676.414 232991.947)	40	1619	0	381	false	716	None
LINESTRING (3135676.414 232991.947, 3135690.753 233002.751)	40	1619	0	382	false	716	None
LINESTRING (3135690.753 233002.751, 3135684.234 233014.749)	40	1619	0	383	false	716	None
LINESTRING (3135684.234 233014.749, 3135672.834 233029.974)	40	1619	0	384	false	716	None
LINESTRING (3135672.834 233029.974, 3135657.604 233043.95)	40	1619	0	385	false	716	None
LINESTRING (3135657.604 233043.95, 3135610.913 233065.721)	40	1619	0	386	false	716	None
LINESTRING (3135610.913 233065.721, 3135513.798 233114.843)	40	1619	0	387	false	716	None
LINESTRING (3135513.798 233114.843, 3135422.905 233156.019)	40	1619	0	388	false	716	None
LINESTRING (3135422.905 233156.019, 3135327.562 233204.877)	40	1619	0	389	false	716	None
LINESTRING (3135327.562 233204.877, 3135248.617 233259.742)	40	1619	0	390	false	716	None
LINESTRING (3135248.617 233259.742, 3135148.154 233324.833)	40	1619	0	391	false	716	None
LINESTRING (3135148.154 233324.833, 3135135.707 233309.405)	40	1619	0	392	false	716	None
LINESTRING (3135135.707 233309.405, 3135118.28 233288.115)	40	1619	0	393	false	716	None
LINESTRING (3135118.28 233288.115, 3135096.797 233264.894)	40	1619	0	394	false	716	None
LINESTRING (3135096.797 233264.894, 3135083.357 233250.509)	40	1619	0	395	false	716	None
LINESTRING (3135083.357 233250.509, 3135061.863 233228.832)	40	1619	0	396	false	716	None
LINESTRING (3135061.863 233228.832, 3135014.562 233187.496)	40	1619	0	397	false	716	None
LINESTRING (3135014.562 233187.496, 3135014.477 233187.463)	40	1619	0	398	false	716	None
LINESTRING (3135014.477 233187.463, 3134980.293 233165.387)	40	1619	0	399	false	716	None
LINESTRING (3134980.293 233165.387, 3134950.712 233153.433)	40	1619	0	400	false	716	None
LINESTRING (3134950.712 233153.433, 3134925.049 233147.048)	40	1619	0	401	false	716	None
LINESTRING (3134925.049 233147.048, 3134884.62 233142.079)	40	1619	0	402	false	716	None
LINESTRING (3134884.62 233142.079, 3134829.22 233147.138)	40	1619	0	403	false	716	None
LINESTRING (3134829.22 233147.138, 3134745.811 233159.192)	40	1619	0	404	false	716	None
LINESTRING (3134745.811 233159.192, 3134651.611 233172.776)	40	1619	0	405	false	716	None
LINESTRING (3134651.611 233172.776, 3134644.692 233173.425)	40	1619	0	406	false	716	None
LINESTRING (3134644.692 233173.425, 3134623.854 233175.582)	40	1619	0	407	false	716	None
LINESTRING (3134623.854 233175.582, 3134616.81 233176.302)	40	1619	0	408	false	716	None
LINESTRING (3134616.81 233176.302, 3134548.655 233183.916)	40	1619	0	409	false	716	None
LINESTRING (3134548.655 233183.916, 3134540.557 233184.823)	40	1619	0	410	false	716	None
LINESTRING (3134540.557 233184.823, 3134436.142 233196.946)	40	1619	0	411	false	716	None
LINESTRING (3134436.142 233196.946, 3134216.056 233222.665)	40	1619	0	412	false	716	None
LINESTRING (3134216.056 233222.665, 3134141.725 233232.053)	40	1619	0	413	false	716	None
LINESTRING (3134141.725 233232.053, 3134121.439 233234.305)	40	1619	0	414	false	716	None
LINESTRING (3134121.439 233234.305, 3133980.626 233250.295)	40	1619	0	415	false	716	None
LINESTRING (3133980.626 233250.295, 3133893.822 233261.515)	40	1619	0	416	false	716	None
LINESTRING (3133893.822 233261.515, 3133713.005 233284.853)	40	1619	0	417	false	716	None
LINESTRING (3133713.005 233284.853, 3133667.892 233288.432)	40	1619	0	418	false	716	None
LINESTRING (3133667.892 233288.432, 3133532.434 233299.479)	40	1619	0	419	false	716	None
LINESTRING (3133532.434 233299.479, 3133530.578 233299.712)	40	1619	0	420	false	716	None
LINESTRING (3133530.578 233299.712, 3133487.799 233297.528)	40	1619	0	421	false	716	None
LINESTRING (3133487.799 233297.528, 3133527.763 233323.149)	40	1619	0	422	false	716	None
LINESTRING (3133527.763 233323.149, 3133559.746 233345.079)	40	1619	0	423	false	716	None
LINESTRING (3133559.746 233345.079, 3133591.978 233374.965)	40	1619	0	424	false	716	None
LINESTRING (3133591.978 233374.965, 3133617.703 233400.898)	40	1619	0	425	false	716	None
LINESTRING (3133617.703 233400.898, 3133635.52 233428.766)	40	1619	0	426	false	716	None
LINESTRING (3133635.52 233428.766, 3133667.102 233478.523)	40	1619	0	427	false	716	None
LINESTRING (3133667.102 233478.523, 3133677.761 233505.639)	40	1619	0	428	false	716	None
LINESTRING (3133677.761 233505.639, 3133706.767 233602.98)	40	1619	0	429	false	716	None
LINESTRING (3133706.767 233602.98, 3133743.32 233806.725)	40	1619	0	430	false	716	None
LINESTRING (3133743.32 233806.725, 3133755.98 233865.576)	40	1619	0	431	false	716	None
LINESTRING (3133755.98 233865.576, 3133775.85 233981.404)	40	1619	0	432	false	716	None
LINESTRING (3133775.85 233981.404, 3133790.269 234062.253)	40	1619	0	433	false	716	None
LINESTRING (3133790.269 234062.253, 3133791.26 234067.281)	40	1619	0	434	false	716	None
LINESTRING (3133791.26 234067.281, 3133830.193 234272.191)	40	1619	0	435	false	716	None
LINESTRING (3133830.193 234272.191, 3133832.342 234286.362)	40	1619	0	436	false	716	None
LINESTRING (3133832.342 234286.362, 3133838.379 234319.068)	40	1619	0	437	false	716	None
LINESTRING (3133838.379 234319.068, 3133850.87 234388.453)	40	1619	0	438	false	716	None
LINESTRING (3133850.87 234388.453, 3133855.94 234417.331)	40	1619	0	439	false	716	None
LINESTRING (3133855.94 234417.331, 3133861.599 234450.249)	40	1619	0	440	false	716	None
LINESTRING (3133861.599 234450.249, 3133887.419 234584.582)	40	1619	0	441	false	716	None
LINESTRING (3133887.419 234584.582, 3133889.188 234594.675)	40	1619	0	442	false	716	None
LINESTRING (3133889.188 234594.675, 3133896.471 234638.821)	40	1619	0	443	false	716	None
LINESTRING (3133896.471 234638.821, 3133902.48 234695.094)	40	1619	0	444	false	716	None
LINESTRING (3133902.48 234695.094, 3133905.565 234740.707)	40	1619	0	445	false	716	None
LINESTRING (3133905.565 234740.707, 3133902.339 234777.322)	40	1619	0	446	false	716	None
LINESTRING (3133902.339 234777.322, 3133887.322 234834.727)	40	1619	0	447	false	716	None
LINESTRING (3133887.322 234834.727, 3133864.899 234897.832)	40	1619	0	448	false	716	None
LINESTRING (3133864.899 234897.832, 3133851.018 234938.411)	40	1619	0	449	false	716	None
LINESTRING (3133851.018 234938.411, 3133817.146 235041.133)	40	1619	0	450	false	716	None
LINESTRING (3133817.146 235041.133, 3133811.889 235056.955)	40	1619	0	451	false	716	None
LINESTRING (3133811.889 235056.955, 3133810.333 235061.472)	40	1619	0	452	false	716	None
LINESTRING (3133810.333 235061.472, 3133767.254 235189.439)	40	1619	0	453	false	716	None
LINESTRING (3133767.254 235189.439, 3133763.684 235200.915)	40	1619	0	454	false	716	None
LINESTRING (3133763.684 235200.915, 3133752.809 235235.515)	40	1619	0	455	false	716	None
LINESTRING (3133752.809 235235.515, 3133749.114 235247.061)	40	1619	0	456	false	716	None
LINESTRING (3133749.114 235247.061, 3133728.274 235309.114)	40	1619	0	457	false	716	None
LINESTRING (3133728.274 235309.114, 3133726.58 235319.293)	40	1619	0	458	false	716	None
LINESTRING (3133726.58 235319.293, 3133721.587 235348.078)	40	1619	0	459	false	716	None
LINESTRING (3133721.587 235348.078, 3133719.827 235388.239)	40	1619	0	460	false	716	None
LINESTRING (3133719.827 235388.239, 3133726.34 235442.446)	40	1619	0	461	false	716	None
LINESTRING (3133726.34 235442.446, 3133734.313 235474.952)	40	1619	0	462	false	716	None
LINESTRING (3133734.313 235474.952, 3133750.929 235512.717)	40	1619	0	463	false	716	None
LINESTRING (3133750.929 235512.717, 3133758.109 235527.053)	40	1619	0	464	false	716	None
LINESTRING (3133758.109 235527.053, 3133788.121 235587.639)	40	1619	0	465	false	716	None
LINESTRING (3133788.121 235587.639, 3133821.755 235651.774)	40	1619	0	466	false	716	None
LINESTRING (3133821.755 235651.774, 3133866.783 235738.073)	40	1619	0	467	false	716	None
LINESTRING (3133866.783 235738.073, 3133891.861 235780.551)	40	1619	0	468	false	716	None
LINESTRING (3133891.861 235780.551, 3133923.145 235812.337)	40	1619	0	469	false	716	None
LINESTRING (3133923.145 235812.337, 3133939.221 235827.744)	40	1619	0	470	false	716	None
LINESTRING (3133939.221 235827.744, 3133949.696 235837.882)	40	1619	0	471	false	716	None
LINESTRING (3133949.696 235837.882, 3133995.298 235865.103)	40	1619	0	472	false	716	None
LINESTRING (3133995.298 235865.103, 3134031.319 235878.365)	40	1619	0	473	false	716	None
LINESTRING (3134031.319 235878.365, 3134041.667 235882.262)	40	1619	0	474	false	716	None
LINESTRING (3134041.667 235882.262, 3134072.98 235890.482)	40	1619	0	475	false	716	None
LINESTRING (3134072.98 235890.482, 3134114.155 235893.242)	40	1619	0	476	false	716	None
LINESTRING (3134114.155 235893.242, 3134145.885 235890.788)	40	1619	0	477	false	716	None
LINESTRING (3134145.885 235890.788, 3134153.86 235890.191)	40	1619	0	478	false	716	None
LINESTRING (3134153.86 235890.191, 3134185.087 235890.043)	40	1619	0	479	false	716	None
LINESTRING (3134185.087 235890.043, 3134192.476 235889.695)	40	1619	0	480	false	716	None
LINESTRING (3134192.476 235889.695, 3134214.43 235888.688)	40	1619	0	481	false	716	None
LINESTRING (3134214.43 235888.688, 3134221.694 235888.41)	40	1619	0	482	false	716	None
LINESTRING (3134221.694 235888.41, 3134271.264 235884.187)	40	1619	0	483	false	716	None
LINESTRING (3134271.264 235884.187, 3134275.906 235883.845)	40	1619	0	484	false	716	None
LINESTRING (3134275.906 235883.845, 3134328.178 235879.479)	40	1619	0	485	false	716	None
LINESTRING (3134328.178 235879.479, 3134343.18 235879.466)	40	1619	0	486	false	716	None
LINESTRING (3134343.18 235879.466, 3134386.628 235879.655)	40	1619	0	487	false	716	None
LINESTRING (3134386.628 235879.655, 3134436.217 235886.753)	40	1619	0	488	false	716	None
LINESTRING (3134436.217 235886.753, 3134442.151 235887.627)	40	1619	0	489	false	716	None
LINESTRING (3134442.151 235887.627, 3134480.565 235898.009)	40	1619	0	490	false	716	None
LINESTRING (3134480.565 235898.009, 3134486.994 235900.385)	40	1619	0	491	false	716	None
LINESTRING (3134486.994 235900.385, 3134498.365 235904.679)	40	1619	0	492	false	716	None
LINESTRING (3134498.365 235904.679, 3134532.476 235917.56)	40	1619	0	493	false	716	None
LINESTRING (3134532.476 235917.56, 3134543.761 235921.821)	40	1619	0	494	false	716	None
LINESTRING (3134543.761 235921.821, 3134564.445 235933.182)	40	1619	0	495	false	716	None
LINESTRING (3134564.445 235933.182, 3134582.903 235945.228)	40	1619	0	496	false	716	None
LINESTRING (3134582.903 235945.228, 3134604.618 235959.491)	40	1619	0	497	false	716	None
LINESTRING (3134604.618 235959.491, 3134644.743 235989.711)	40	1619	0	498	false	716	None
LINESTRING (3134644.743 235989.711, 3134664.861 236008.594)	40	1619	0	499	false	716	None
LINESTRING (3134664.861 236008.594, 3134675.245 236018.459)	40	1619	0	500	false	716	None
LINESTRING (3134675.245 236018.459, 3134687.87 236034.673)	40	1619	0	501	false	716	None
LINESTRING (3134687.87 236034.673, 3134716.817 236072.225)	40	1619	0	502	false	716	None
LINESTRING (3134716.817 236072.225, 3134744.493 236128.458)	40	1619	0	503	false	716	None
LINESTRING (3134744.493 236128.458, 3134762.747 236166.029)	40	1619	0	504	false	716	None
LINESTRING (3134762.747 236166.029, 3134824.605 236288.999)	40	1619	0	505	false	716	None
LINESTRING (3134824.605 236288.999, 3134828.349 236296.526)	40	1619	0	506	false	716	None
LINESTRING (3134828.349 236296.526, 3134855.897 236352.829)	40	1619	0	507	false	716	None
LINESTRING (3134855.897 236352.829, 3134863.48 236368.395)	40	1619	0	508	false	716	None
LINESTRING (3134863.48 236368.395, 3134885.891 236415.202)	40	1619	0	509	false	716	None
LINESTRING (3134885.891 236415.202, 3134893.223 236430.91)	40	1619	0	510	false	716	None
LINESTRING (3134893.223 236430.91, 3134934.342 236516.894)	40	1619	0	511	false	716	None
LINESTRING (3134934.342 236516.894, 3134971.137 236591.793)	40	1619	0	512	false	716	None
LINESTRING (3134971.137 236591.793, 3135070.472 236794.696)	40	1619	0	513	false	716	None
LINESTRING (3135070.472 236794.696, 3135078.457 236807.204)	40	1619	0	514	false	716	None
LINESTRING (3135078.457 236807.204, 3135081.276 236817.111)	40	1619	0	515	false	716	None
LINESTRING (3135081.276 236817.111, 3135081.792 236817.549)	40	1619	0	516	false	716	None
LINESTRING (3135081.792 236817.549, 3135104.915 236866.302)	40	1619	0	517	false	716	None
LINESTRING (3135104.915 236866.302, 3135134.402 236930.982)	40	1619	0	518	false	716	None
LINESTRING (3135134.402 236930.982, 3135149.452 236977.553)	40	1619	0	519	false	716	None
LINESTRING (3135149.452 236977.553, 3135161.35 237022.901)	40	1619	0	520	false	716	None
LINESTRING (3135161.35 237022.901, 3135168.596 237068.11)	40	1619	0	521	false	716	None
LINESTRING (3135168.596 237068.11, 3135185.398 237223.02)	40	1619	0	522	false	716	None
LINESTRING (3135185.398 237223.02, 3135202.019 237356.425)	40	1619	0	523	false	716	None
LINESTRING (3135202.019 237356.425, 3135203.158 237366.871)	40	1619	0	524	false	716	None
LINESTRING (3135203.158 237366.871, 3135206.531 237398.072)	40	1619	0	525	false	716	None
LINESTRING (3135206.531 237398.072, 3135207.545 237408.588)	40	1619	0	526	false	716	None
LINESTRING (3135207.545 237408.588, 3135194.183 237408.164)	40	1619	0	527	false	716	None
LINESTRING (3135194.183 237408.164, 3135154.059 237406.997)	40	1619	0	528	false	716	None
LINESTRING (3135154.059 237406.997, 3135144.421 237406.828)	40	1619	0	529	false	716	None
LINESTRING (3135144.421 237406.828, 3135140.653 237406.436)	40	1619	0	530	false	716	None
LINESTRING (3135140.653 237406.436, 3135113.39 237403.95)	40	1619	0	531	false	716	None
LINESTRING (3135113.39 237403.95, 3135093.876 237402.209)	40	1619	0	532	false	716	None
LINESTRING (3135093.876 237402.209, 3135036.408 237391.689)	40	1619	0	533	false	716	None
LINESTRING (3135036.408 237391.689, 3135032.8 237390.884)	40	1619	0	534	false	716	None
LINESTRING (3135032.8 237390.884, 3135013.753 237387.181)	40	1619	0	535	false	716	None
LINESTRING (3135013.753 237387.181, 3135006.352 237384.784)	40	1619	0	536	false	716	None
LINESTRING (3135006.352 237384.784, 3134991.381 237379.925)	40	1619	0	537	false	716	None
LINESTRING (3134991.381 237379.925, 3134979.561 237376.289)	40	1619	0	538	false	716	None
LINESTRING (3134979.561 237376.289, 3134947.109 237363.69)	40	1619	0	539	false	716	None
LINESTRING (3134947.109 237363.69, 3134932.334 237358.073)	40	1619	0	540	false	716	None
LINESTRING (3134932.334 237358.073, 3134912.874 237350.638)	40	1619	0	541	false	716	None
LINESTRING (3134912.874 237350.638, 3134867.833 237336.13)	40	1619	0	542	false	716	None
LINESTRING (3134867.833 237336.13, 3134826.106 237328.744)	40	1619	0	543	false	716	None
LINESTRING (3134826.106 237328.744, 3134684.901 237304.179)	40	1619	0	544	false	716	None
LINESTRING (3134684.901 237304.179, 3134651.479 237302.162)	40	1619	0	545	false	716	None
LINESTRING (3134651.479 237302.162, 3134522.187 237304.731)	40	1619	0	546	false	716	None
LINESTRING (3134522.187 237304.731, 3134492.593 237303.962)	40	1619	0	547	false	716	None
LINESTRING (3134492.593 237303.962, 3134441.183 237302.585)	40	1619	0	548	false	716	None
LINESTRING (3134441.183 237302.585, 3134380.93 237296.466)	40	1619	0	549	false	716	None
LINESTRING (3134380.93 237296.466, 3134360.535 237292.956)	40	1619	0	550	false	716	None
LINESTRING (3134360.535 237292.956, 3134329.9 237290.831)	40	1619	0	551	false	716	None
LINESTRING (3134329.9 237290.831, 3134291.831 237297.252)	40	1619	0	552	false	716	None
LINESTRING (3134291.831 237297.252, 3134281.468 237300.971)	40	1619	0	553	false	716	None
LINESTRING (3134281.468 237300.971, 3134256.423 237309.947)	40	1619	0	554	false	716	None
LINESTRING (3134256.423 237309.947, 3134234.117 237322.725)	40	1619	0	555	false	716	None
LINESTRING (3134234.117 237322.725, 3134218.91 237331.352)	40	1619	0	556	false	716	None
LINESTRING (3134218.91 237331.352, 3134162.753 237379.579)	40	1619	0	557	false	716	None
LINESTRING (3134162.753 237379.579, 3134142.875 237403.779)	40	1619	0	558	false	716	None
LINESTRING (3134142.875 237403.779, 3134114.905 237443.774)	40	1619	0	559	false	716	None
LINESTRING (3134114.905 237443.774, 3134105.144 237462.612)	40	1619	0	560	false	716	None
LINESTRING (3134105.144 237462.612, 3134093.921 237486.479)	40	1619	0	561	false	716	None
LINESTRING (3134093.921 237486.479, 3134064.424 237553.39)	40	1619	0	562	false	716	None
LINESTRING (3134064.424 237553.39, 3134016.338 237662.389)	40	1619	0	563	false	716	None
LINESTRING (3134016.338 237662.389, 3134008.004 237682.852)	40	1619	0	564	false	716	None
LINESTRING (3134008.004 237682.852, 3133975.432 237739.758)	40	1619	0	565	false	716	None
LINESTRING (3133975.432 237739.758, 3133971.227 237747.057)	40	1619	0	566	false	716	None
LINESTRING (3133971.227 237747.057, 3133858.686 237922.141)	40	1619	0	567	false	716	None
LINESTRING (3133858.686 237922.141, 3133833.155 237959.391)	40	1619	0	568	false	716	None
LINESTRING (3133833.155 237959.391, 3133783.856 238031.121)	40	1619	0	569	false	716	None
LINESTRING (3133783.856 238031.121, 3133767.792 238053.825)	40	1619	0	570	false	716	None
LINESTRING (3133767.792 238053.825, 3133765.696 238056.703)	40	1619	0	571	false	716	None
LINESTRING (3133765.696 238056.703, 3133717.59 238120.56)	40	1619	0	572	false	716	None
LINESTRING (3133717.59 238120.56, 3133700.715 238142.83)	40	1619	0	573	false	716	None
LINESTRING (3133700.715 238142.83, 3133668.988 238184.939)	40	1619	0	574	false	716	None
LINESTRING (3133668.988 238184.939, 3133643.678 238222.632)	40	1619	0	575	false	716	None
LINESTRING (3133643.678 238222.632, 3133616.313 238261.076)	40	1619	0	576	false	716	None
LINESTRING (3133616.313 238261.076, 3133611.793 238267.42)	40	1619	0	577	false	716	None
LINESTRING (3133611.793 238267.42, 3133538.991 238355.275)	40	1619	0	578	false	716	None
LINESTRING (3133538.991 238355.275, 3133506.351 238391.91)	40	1619	0	579	false	716	None
LINESTRING (3133506.351 238391.91, 3133466.964 238424.974)	40	1619	0	580	false	716	None
LINESTRING (3133466.964 238424.974, 3133403.281 238468.377)	40	1619	0	581	false	716	None
LINESTRING (3133403.281 238468.377, 3133371.843 238487.02)	40	1619	0	582	false	716	None
LINESTRING (3133371.843 238487.02, 3133296.731 238516.7)	40	1619	0	583	false	716	None
LINESTRING (3133296.731 238516.7, 3133232.476 238542.139)	40	1619	0	584	false	716	None
LINESTRING (3133232.476 238542.139, 3133174.152 238564.163)	40	1619	0	585	false	716	None
LINESTRING (3133174.152 238564.163, 3133145.281 238561.295)	40	1619	0	586	false	716	None
LINESTRING (3133145.281 238561.295, 3133127.781 238556.648)	40	1619	0	587	false	716	None
LINESTRING (3133127.781 238556.648, 3133078.672 238536.997)	40	1619	0	588	false	716	None
LINESTRING (3133078.672 238536.997, 3133059.835 238530.997)	40	1619	0	589	false	716	None
LINESTRING (3133059.835 238530.997, 3133035.065 238526.149)	40	1619	0	590	false	716	None
LINESTRING (3133035.065 238526.149, 3132956.691 238515.506)	40	1619	0	591	false	716	None
LINESTRING (3132956.691 238515.506, 3132932.67 238512.258)	40	1619	0	592	false	716	None
LINESTRING (3132932.67 238512.258, 3132914.639 238508.477)	40	1619	0	593	false	716	None
LINESTRING (3132914.639 238508.477, 3132897.742 238500.254)	40	1619	0	594	false	716	None
LINESTRING (3132897.742 238500.254, 3132874.488 238476.346)	40	1619	0	595	false	716	None
LINESTRING (3132874.488 238476.346, 3132798.33 238405.95)	40	1619	0	596	false	716	None
LINESTRING (3132798.33 238405.95, 3132748.904 238372.722)	40	1619	0	597	false	716	None
LINESTRING (3132748.904 238372.722, 3132726.483 238360.807)	40	1619	0	598	false	716	None
LINESTRING (3132726.483 238360.807, 3132701.563 238352.806)	40	1619	0	599	false	716	None
LINESTRING (3132701.563 238352.806, 3132686.348 238348.332)	40	1619	0	600	false	716	None
LINESTRING (3132686.348 238348.332, 3132664.97 238342.062)	40	1619	0	601	false	716	None
LINESTRING (3132664.97 238342.062, 3132517.413 238294.817)	40	1619	0	602	false	716	None
LINESTRING (3132517.413 238294.817, 3132418.837 238254.67)	40	1619	0	603	false	716	None
LINESTRING (3132418.837 238254.67, 3132358.227 238234.61)	40	1619	0	604	false	716	None
LINESTRING (3132358.227 238234.61, 3132332.751 238226.275)	40	1619	0	605	false	716	None
LINESTRING (3132332.751 238226.275, 3132295.757 238214.544)	40	1619	0	606	false	716	None
LINESTRING (3132295.757 238214.544, 3132277.51 238210.562)	40	1619	0	607	false	716	None
LINESTRING (3132277.51 238210.562, 3132207.007 238192.262)	40	1619	0	608	false	716	None
LINESTRING (3132207.007 238192.262, 3132163.777 238183.472)	40	1619	0	609	false	716	None
LINESTRING (3132163.777 238183.472, 3132142.801 238176.168)	40	1619	0	610	false	716	None
LINESTRING (3132142.801 238176.168, 3132139.393 238185.206)	40	1619	0	611	false	716	None
LINESTRING (3132139.393 238185.206, 3132128.954 238212.118)	40	1619	0	612	false	716	None
LINESTRING (3132128.954 238212.118, 3132125.421 238221.226)	40	1619	0	613	false	716	None
LINESTRING (3132125.421 238221.226, 3132119.162 238237.613)	40	1619	0	614	false	716	None
LINESTRING (3132119.162 238237.613, 3132074.914 238347.388)	40	1619	0	615	false	716	None
LINESTRING (3132074.914 238347.388, 3132048.483 238419.062)	40	1619	0	616	false	716	None
LINESTRING (3132048.483 238419.062, 3132046.219 238426.162)	40	1619	0	617	false	716	None
LINESTRING (3132046.219 238426.162, 3132040.54 238437.772)	40	1619	0	618	false	716	None
LINESTRING (3132040.54 238437.772, 3131855.106 238883.482)	40	1619	0	619	false	716	None
LINESTRING (3131855.106 238883.482, 3131873.46 238930.375)	40	1619	0	620	false	716	None
LINESTRING (3131873.46 238930.375, 3131844.806 239015.357)	40	1619	0	621	false	716	None
LINESTRING (3131844.806 239015.357, 3131835.481 239047.226)	40	1619	0	622	false	716	None
LINESTRING (3131835.481 239047.226, 3131816.846 239132.643)	40	1619	0	623	false	716	None
LINESTRING (3131816.846 239132.643, 3131810.088 239178.606)	40	1619	0	624	false	716	None
LINESTRING (3131810.088 239178.606, 3131804.866 239225.403)	40	1619	0	625	false	716	None
LINESTRING (3131804.866 239225.403, 3131803.324 239238.976)	40	1619	0	626	false	716	None
LINESTRING (3131803.324 239238.976, 3131803.183 239240.35)	40	1619	0	627	false	716	None
LINESTRING (3131803.183 239240.35, 3131798.966 239267.889)	40	1619	0	628	false	716	None
LINESTRING (3131798.966 239267.889, 3131794.714 239281.125)	40	1619	0	629	false	716	None
LINESTRING (3131794.714 239281.125, 3131792.833 239284.205)	40	1619	0	630	false	716	None
LINESTRING (3131792.833 239284.205, 3131784.642 239296.985)	40	1619	0	631	false	716	None
LINESTRING (3131784.642 239296.985, 3131745.181 239273.699)	40	1619	0	632	false	716	None
LINESTRING (3131745.181 239273.699, 3131715.124 239257.991)	40	1619	0	633	false	716	None
LINESTRING (3131715.124 239257.991, 3131708.081 239254.426)	40	1619	0	634	false	716	None
LINESTRING (3131708.081 239254.426, 3131681.172 239243.988)	40	1619	0	635	false	716	None
LINESTRING (3131681.172 239243.988, 3131648.086 239233.059)	40	1619	0	636	false	716	None
LINESTRING (3131648.086 239233.059, 3131612.172 239224.368)	40	1619	0	637	false	716	None
LINESTRING (3131612.172 239224.368, 3131586.671 239220.907)	40	1619	0	638	false	716	None
LINESTRING (3131586.671 239220.907, 3131541.756 239216.226)	40	1619	0	639	false	716	None
LINESTRING (3131541.756 239216.226, 3131480.831 239213.672)	40	1619	0	640	false	716	None
LINESTRING (3131480.831 239213.672, 3131410.312 239210.85)	40	1619	0	641	false	716	None
LINESTRING (3131410.312 239210.85, 3131399.911 239210.389)	40	1619	0	642	false	716	None
LINESTRING (3131399.911 239210.389, 3131389.976 239209.988)	40	1619	0	643	false	716	None
LINESTRING (3131389.976 239209.988, 3131383.127 239209.713)	40	1619	0	644	false	716	None
LINESTRING (3131383.127 239209.713, 3131379.364 239209.564)	40	1619	0	645	false	716	None
LINESTRING (3131379.364 239209.564, 3131358.221 239208.508)	40	1619	0	646	false	716	None
LINESTRING (3131358.221 239208.508, 3131233.186 239202.525)	40	1619	0	647	false	716	None
LINESTRING (3131233.186 239202.525, 3131191.411 239200.612)	40	1619	0	648	false	716	None
LINESTRING (3131191.411 239200.612, 3131176.105 239199.915)	40	1619	0	649	false	716	None
LINESTRING (3131176.105 239199.915, 3131123.934 239197.782)	40	1619	0	650	false	716	None
LINESTRING (3131123.934 239197.782, 3131066.437 239195.488)	40	1619	0	651	false	716	None
LINESTRING (3131066.437 239195.488, 3131011.712 239192.364)	40	1619	0	652	false	716	None
LINESTRING (3131011.712 239192.364, 3130992.138 239189.536)	40	1619	0	653	false	716	None
LINESTRING (3130992.138 239189.536, 3130971.378 239184.462)	40	1619	0	654	false	716	None
LINESTRING (3130971.378 239184.462, 3130952.403 239177.818)	40	1619	0	655	false	716	None
LINESTRING (3130952.403 239177.818, 3130926.666 239166.885)	40	1619	0	656	false	716	None
LINESTRING (3130926.666 239166.885, 3130920.575 239164.404)	40	1619	0	657	false	716	None
LINESTRING (3130920.575 239164.404, 3130900.009 239154.285)	40	1619	0	658	false	716	None
LINESTRING (3130900.009 239154.285, 3130869.207 239133.171)	40	1619	0	659	false	716	None
LINESTRING (3130869.207 239133.171, 3130845.531 239111.367)	40	1619	0	660	false	716	None
LINESTRING (3130845.531 239111.367, 3130841.399 239107.622)	40	1619	0	661	false	716	None
LINESTRING (3130841.399 239107.622, 3130827.534 239092.6)	40	1619	0	662	false	716	None
LINESTRING (3130827.534 239092.6, 3130799.715 239060.259)	40	1619	0	663	false	716	None
LINESTRING (3130799.715 239060.259, 3130781.008 239037.764)	40	1619	0	664	false	716	None
LINESTRING (3130781.008 239037.764, 3130759.969 239012.696)	40	1619	0	665	false	716	None
LINESTRING (3130759.969 239012.696, 3130759.694 239001.278)	40	1619	0	666	false	716	None
LINESTRING (3130759.694 239001.278, 3130758.892 238974.294)	40	1619	0	667	false	716	None
LINESTRING (3130758.892 238974.294, 3130758.2 238967.238)	40	1619	0	668	false	716	None
LINESTRING (3130758.2 238967.238, 3130756.918 238956.143)	40	1619	0	669	false	716	None
LINESTRING (3130756.918 238956.143, 3130745.121 238847.616)	40	1619	0	670	false	716	None
LINESTRING (3130745.121 238847.616, 3130733.364 238795.07)	40	1619	0	671	false	716	None
LINESTRING (3130733.364 238795.07, 3130730.302 238785.786)	40	1619	0	672	false	716	None
LINESTRING (3130730.302 238785.786, 3130717.005 238746.813)	40	1619	0	673	false	716	None
LINESTRING (3130717.005 238746.813, 3130712.258 238681.744)	40	1619	0	674	false	716	None
LINESTRING (3130712.258 238681.744, 3130703.145 238620.102)	40	1619	0	675	false	716	None
LINESTRING (3130703.145 238620.102, 3130705.674 238574.167)	40	1619	0	676	false	716	None
LINESTRING (3130705.674 238574.167, 3130699.757 238501.5)	40	1619	0	677	false	716	None
LINESTRING (3130699.757 238501.5, 3130663.881 238409.835)	40	1619	0	678	false	716	None
LINESTRING (3130663.881 238409.835, 3130649.695 238381.234)	40	1619	0	679	false	716	None
LINESTRING (3130649.695 238381.234, 3130636.791 238363.728)	40	1619	0	680	false	716	None
LINESTRING (3130636.791 238363.728, 3130618.429 238349.941)	40	1619	0	681	false	716	None
LINESTRING (3130618.429 238349.941, 3130605.433 238346.569)	40	1619	0	682	false	716	None
LINESTRING (3130605.433 238346.569, 3130577.296 238350.663)	40	1619	0	683	false	716	None
LINESTRING (3130577.296 238350.663, 3130560.324 238353.251)	40	1619	0	684	false	716	None
LINESTRING (3130560.324 238353.251, 3130544.908 238349.299)	40	1619	0	685	false	716	None
LINESTRING (3130544.908 238349.299, 3130535.205 238345.774)	40	1619	0	686	false	716	None
LINESTRING (3130535.205 238345.774, 3130523.634 238337.716)	40	1619	0	687	false	716	None
LINESTRING (3130523.634 238337.716, 3130498.2 238314.876)	40	1619	0	688	false	716	None
LINESTRING (3130498.2 238314.876, 3130458.922 238282.264)	40	1619	0	689	false	716	None
LINESTRING (3130458.922 238282.264, 3130450.357 238276.561)	40	1619	0	690	false	716	None
LINESTRING (3130450.357 238276.561, 3130437.423 238267.975)	40	1619	0	691	false	716	None
LINESTRING (3130437.423 238267.975, 3130410.812 238255.753)	40	1619	0	692	false	716	None
LINESTRING (3130410.812 238255.753, 3130382.814 238252.162)	40	1619	0	693	false	716	None
LINESTRING (3130382.814 238252.162, 3130366.129 238252.242)	40	1619	0	694	false	716	None
LINESTRING (3130366.129 238252.242, 3130345.56 238252.483)	40	1619	0	695	false	716	None
LINESTRING (3130345.56 238252.483, 3130309.871 238248.768)	40	1619	0	696	false	716	None
LINESTRING (3130309.871 238248.768, 3130222.713 238234.031)	40	1619	0	697	false	716	None
LINESTRING (3130222.713 238234.031, 3130146.578 238221.186)	40	1619	0	698	false	716	None
LINESTRING (3130146.578 238221.186, 3130099.802 238214.483)	40	1619	0	699	false	716	None
LINESTRING (3130099.802 238214.483, 3130056.758 238208.514)	40	1619	0	700	false	716	None
LINESTRING (3130056.758 238208.514, 3130010.568 238203.587)	40	1619	0	701	false	716	None
LINESTRING (3130010.568 238203.587, 3129959.873 238197.391)	40	1619	0	702	false	716	None
LINESTRING (3129959.873 238197.391, 3129807.329 238178.982)	40	1619	0	703	false	716	None
LINESTRING (3129807.329 238178.982, 3129771.034 238174.559)	40	1619	0	704	false	716	None
LINESTRING (3129771.034 238174.559, 3129756.51 238172.858)	40	1619	0	705	false	716	None
LINESTRING (3129756.51 238172.858, 3129749.225 238171.939)	40	1619	0	706	false	716	None
LINESTRING (3129749.225 238171.939, 3129740.542 238170.836)	40	1619	0	707	false	716	None
LINESTRING (3129740.542 238170.836, 3129727.329 238169.287)	40	1619	0	708	false	716	None
LINESTRING (3129727.329 238169.287, 3129720.004 238168.472)	40	1619	0	709	false	716	None
LINESTRING (3129720.004 238168.472, 3129701.116 238166.151)	40	1619	0	710	false	716	None
LINESTRING (3129701.116 238166.151, 3129644.409 238159.294)	40	1619	0	711	false	716	None
LINESTRING (3129644.409 238159.294, 3129625.395 238157.044)	40	1619	0	712	false	716	None
LINESTRING (3129625.395 238157.044, 3129623.701 238156.864)	40	1619	0	713	false	716	None
LINESTRING (3129623.701 238156.864, 3129618.365 238156.224)	40	1619	0	714	false	716	None
LINESTRING (3129618.365 238156.224, 3129616.587 238156.011)	40	1619	0	715	false	716	None
LINESTRING (3129616.587 238156.011, 3129589.185 238152.654)	40	1619	0	716	false	716	None
LINESTRING (3129589.185 238152.654, 3129616.587 238156.011)	40	1621	0	0	false	1871	None
LINESTRING (3129616.587 238156.011, 3129618.365 238156.224)	40	1621	0	1	false	1871	None
LINESTRING (3129618.365 238156.224, 3129623.701 238156.864)	40	1621	0	2	false	1871	None
LINESTRING (3129623.701 238156.864, 3129625.395 238157.044)	40	1621	0	3	false	1871	None
LINESTRING (3129625.395 238157.044, 3129644.409 238159.294)	40	1621	0	4	false	1871	None
LINESTRING (3129644.409 238159.294, 3129701.116 238166.151)	40	1621	0	5	false	1871	None
LINESTRING (3129701.116 238166.151, 3129720.004 238168.472)	40	1621	0	6	false	1871	None
LINESTRING (3129720.004 238168.472, 3129727.329 238169.287)	40	1621	0	7	false	1871	None
LINESTRING (3129727.329 238169.287, 3129740.542 238170.836)	40	1621	0	8	false	1871	None
LINESTRING (3129740.542 238170.836, 3129749.225 238171.939)	40	1621	0	9	false	1871	None
LINESTRING (3129749.225 238171.939, 3129756.51 238172.858)	40	1621	0	10	false	1871	None
LINESTRING (3129756.51 238172.858, 3129771.034 238174.559)	40	1621	0	11	false	1871	None
LINESTRING (3129771.034 238174.559, 3129807.329 238178.982)	40	1621	0	12	false	1871	None
LINESTRING (3129807.329 238178.982, 3129959.873 238197.391)	40	1621	0	13	false	1871	None
LINESTRING (3129959.873 238197.391, 3130010.568 238203.587)	40	1621	0	14	false	1871	None
LINESTRING (3130010.568 238203.587, 3130056.758 238208.514)	40	1621	0	15	false	1871	None
LINESTRING (3130056.758 238208.514, 3130099.802 238214.483)	40	1621	0	16	false	1871	None
LINESTRING (3130099.802 238214.483, 3130146.578 238221.186)	40	1621	0	17	false	1871	None
LINESTRING (3130146.578 238221.186, 3130222.713 238234.031)	40	1621	0	18	false	1871	None
LINESTRING (3130222.713 238234.031, 3130309.871 238248.768)	40	1621	0	19	false	1871	None
LINESTRING (3130309.871 238248.768, 3130345.56 238252.483)	40	1621	0	20	false	1871	None
LINESTRING (3130345.56 238252.483, 3130366.129 238252.242)	40	1621	0	21	false	1871	None
LINESTRING (3130366.129 238252.242, 3130382.814 238252.162)	40	1621	0	22	false	1871	None
LINESTRING (3130382.814 238252.162, 3130410.812 238255.753)	40	1621	0	23	false	1871	None
LINESTRING (3130410.812 238255.753, 3130437.423 238267.975)	40	1621	0	24	false	1871	None
LINESTRING (3130437.423 238267.975, 3130450.357 238276.561)	40	1621	0	25	false	1871	None
LINESTRING (3130450.357 238276.561, 3130458.922 238282.264)	40	1621	0	26	false	1871	None
LINESTRING (3130458.922 238282.264, 3130498.2 238314.876)	40	1621	0	27	false	1871	None
LINESTRING (3130498.2 238314.876, 3130523.634 238337.716)	40	1621	0	28	false	1871	None
LINESTRING (3130523.634 238337.716, 3130535.205 238345.774)	40	1621	0	29	false	1871	None
LINESTRING (3130535.205 238345.774, 3130544.908 238349.299)	40	1621	0	30	false	1871	None
LINESTRING (3130544.908 238349.299, 3130560.324 238353.251)	40	1621	0	31	false	1871	None
LINESTRING (3130560.324 238353.251, 3130577.296 238350.663)	40	1621	0	32	false	1871	None
LINESTRING (3130577.296 238350.663, 3130605.433 238346.569)	40	1621	0	33	false	1871	None
LINESTRING (3130605.433 238346.569, 3130618.429 238349.941)	40	1621	0	34	false	1871	None
LINESTRING (3130618.429 238349.941, 3130636.791 238363.728)	40	1621	0	35	false	1871	None
LINESTRING (3130636.791 238363.728, 3130649.695 238381.234)	40	1621	0	36	false	1871	None
LINESTRING (3130649.695 238381.234, 3130663.881 238409.835)	40	1621	0	37	false	1871	None
LINESTRING (3130663.881 238409.835, 3130699.757 238501.5)	40	1621	0	38	false	1871	None
LINESTRING (3130699.757 238501.5, 3130705.674 238574.167)	40	1621	0	39	false	1871	None
LINESTRING (3130705.674 238574.167, 3130703.145 238620.102)	40	1621	0	40	false	1871	None
LINESTRING (3130703.145 238620.102, 3130712.258 238681.744)	40	1621	0	41	false	1871	None
LINESTRING (3130712.258 238681.744, 3130717.005 238746.813)	40	1621	0	42	false	1871	None
LINESTRING (3130717.005 238746.813, 3130730.302 238785.786)	40	1621	0	43	false	1871	None
LINESTRING (3130730.302 238785.786, 3130733.364 238795.07)	40	1621	0	44	false	1871	None
LINESTRING (3130733.364 238795.07, 3130745.121 238847.616)	40	1621	0	45	false	1871	None
LINESTRING (3130745.121 238847.616, 3130756.918 238956.143)	40	1621	0	46	false	1871	None
LINESTRING (3130756.918 238956.143, 3130758.2 238967.238)	40	1621	0	47	false	1871	None
LINESTRING (3130758.2 238967.238, 3130758.892 238974.294)	40	1621	0	48	false	1871	None
LINESTRING (3130758.892 238974.294, 3130759.694 239001.278)	40	1621	0	49	false	1871	None
LINESTRING (3130759.694 239001.278, 3130759.969 239012.696)	40	1621	0	50	false	1871	None
LINESTRING (3130759.969 239012.696, 3130781.008 239037.764)	40	1621	0	51	false	1871	None
LINESTRING (3130781.008 239037.764, 3130799.715 239060.259)	40	1621	0	52	false	1871	None
LINESTRING (3130799.715 239060.259, 3130827.534 239092.6)	40	1621	0	53	false	1871	None
LINESTRING (3130827.534 239092.6, 3130841.399 239107.622)	40	1621	0	54	false	1871	None
LINESTRING (3130841.399 239107.622, 3130845.531 239111.367)	40	1621	0	55	false	1871	None
LINESTRING (3130845.531 239111.367, 3130869.207 239133.171)	40	1621	0	56	false	1871	None
LINESTRING (3130869.207 239133.171, 3130900.009 239154.285)	40	1621	0	57	false	1871	None
LINESTRING (3130900.009 239154.285, 3130920.575 239164.404)	40	1621	0	58	false	1871	None
LINESTRING (3130920.575 239164.404, 3130926.666 239166.885)	40	1621	0	59	false	1871	None
LINESTRING (3130926.666 239166.885, 3130952.403 239177.818)	40	1621	0	60	false	1871	None
LINESTRING (3130952.403 239177.818, 3130971.378 239184.462)	40	1621	0	61	false	1871	None
LINESTRING (3130971.378 239184.462, 3130992.138 239189.536)	40	1621	0	62	false	1871	None
LINESTRING (3130992.138 239189.536, 3131011.712 239192.364)	40	1621	0	63	false	1871	None
LINESTRING (3131011.712 239192.364, 3131066.437 239195.488)	40	1621	0	64	false	1871	None
LINESTRING (3131066.437 239195.488, 3131123.934 239197.782)	40	1621	0	65	false	1871	None
LINESTRING (3131123.934 239197.782, 3131176.105 239199.915)	40	1621	0	66	false	1871	None
LINESTRING (3131176.105 239199.915, 3131191.411 239200.612)	40	1621	0	67	false	1871	None
LINESTRING (3131191.411 239200.612, 3131233.186 239202.525)	40	1621	0	68	false	1871	None
LINESTRING (3131233.186 239202.525, 3131358.221 239208.508)	40	1621	0	69	false	1871	None
LINESTRING (3131358.221 239208.508, 3131379.364 239209.564)	40	1621	0	70	false	1871	None
LINESTRING (3131379.364 239209.564, 3131383.127 239209.713)	40	1621	0	71	false	1871	None
LINESTRING (3131383.127 239209.713, 3131389.976 239209.988)	40	1621	0	72	false	1871	None
LINESTRING (3131389.976 239209.988, 3131399.911 239210.389)	40	1621	0	73	false	1871	None
LINESTRING (3131399.911 239210.389, 3131410.312 239210.85)	40	1621	0	74	false	1871	None
LINESTRING (3131410.312 239210.85, 3131480.831 239213.672)	40	1621	0	75	false	1871	None
LINESTRING (3131480.831 239213.672, 3131541.756 239216.226)	40	1621	0	76	false	1871	None
LINESTRING (3131541.756 239216.226, 3131586.671 239220.907)	40	1621	0	77	false	1871	None
LINESTRING (3131586.671 239220.907, 3131612.172 239224.368)	40	1621	0	78	false	1871	None
LINESTRING (3131612.172 239224.368, 3131648.086 239233.059)	40	1621	0	79	false	1871	None
LINESTRING (3131648.086 239233.059, 3131681.172 239243.988)	40	1621	0	80	false	1871	None
LINESTRING (3131681.172 239243.988, 3131708.081 239254.426)	40	1621	0	81	false	1871	None
LINESTRING (3131708.081 239254.426, 3131715.124 239257.991)	40	1621	0	82	false	1871	None
LINESTRING (3131715.124 239257.991, 3131745.181 239273.699)	40	1621	0	83	false	1871	None
LINESTRING (3131745.181 239273.699, 3131784.642 239296.985)	40	1621	0	84	false	1871	None
LINESTRING (3131784.642 239296.985, 3131792.833 239284.205)	40	1621	0	85	false	1871	None
LINESTRING (3131792.833 239284.205, 3131794.714 239281.125)	40	1621	0	86	false	1871	None
LINESTRING (3131794.714 239281.125, 3131798.966 239267.889)	40	1621	0	87	false	1871	None
LINESTRING (3131798.966 239267.889, 3131803.183 239240.35)	40	1621	0	88	false	1871	None
LINESTRING (3131803.183 239240.35, 3131803.324 239238.976)	40	1621	0	89	false	1871	None
LINESTRING (3131803.324 239238.976, 3131804.866 239225.403)	40	1621	0	90	false	1871	None
LINESTRING (3131804.866 239225.403, 3131810.088 239178.606)	40	1621	0	91	false	1871	None
LINESTRING (3131810.088 239178.606, 3131816.846 239132.643)	40	1621	0	92	false	1871	None
LINESTRING (3131816.846 239132.643, 3131835.481 239047.226)	40	1621	0	93	false	1871	None
LINESTRING (3131835.481 239047.226, 3131844.806 239015.357)	40	1621	0	94	false	1871	None
LINESTRING (3131844.806 239015.357, 3131873.46 238930.375)	40	1621	0	95	false	1871	None
LINESTRING (3131873.46 238930.375, 3131855.106 238883.482)	40	1621	0	96	false	1871	None
LINESTRING (3131855.106 238883.482, 3132040.54 238437.772)	40	1621	0	97	false	1871	None
LINESTRING (3132040.54 238437.772, 3132046.219 238426.162)	40	1621	0	98	false	1871	None
LINESTRING (3132046.219 238426.162, 3132048.483 238419.062)	40	1621	0	99	false	1871	None
LINESTRING (3132048.483 238419.062, 3132074.914 238347.388)	40	1621	0	100	false	1871	None
LINESTRING (3132074.914 238347.388, 3132119.162 238237.613)	40	1621	0	101	false	1871	None
LINESTRING (3132119.162 238237.613, 3132125.421 238221.226)	40	1621	0	102	false	1871	None
LINESTRING (3132125.421 238221.226, 3132128.954 238212.118)	40	1621	0	103	false	1871	None
LINESTRING (3132128.954 238212.118, 3132139.393 238185.206)	40	1621	0	104	false	1871	None
LINESTRING (3132139.393 238185.206, 3132142.801 238176.168)	40	1621	0	105	false	1871	None
LINESTRING (3132142.801 238176.168, 3132163.777 238183.472)	40	1621	0	106	false	1871	None
LINESTRING (3132163.777 238183.472, 3132207.007 238192.262)	40	1621	0	107	false	1871	None
LINESTRING (3132207.007 238192.262, 3132277.51 238210.562)	40	1621	0	108	false	1871	None
LINESTRING (3132277.51 238210.562, 3132295.757 238214.544)	40	1621	0	109	false	1871	None
LINESTRING (3132295.757 238214.544, 3132332.751 238226.275)	40	1621	0	110	false	1871	None
LINESTRING (3132332.751 238226.275, 3132358.227 238234.61)	40	1621	0	111	false	1871	None
LINESTRING (3132358.227 238234.61, 3132418.837 238254.67)	40	1621	0	112	false	1871	None
LINESTRING (3132418.837 238254.67, 3132517.413 238294.817)	40	1621	0	113	false	1871	None
LINESTRING (3132517.413 238294.817, 3132664.97 238342.062)	40	1621	0	114	false	1871	None
LINESTRING (3132664.97 238342.062, 3132686.348 238348.332)	40	1621	0	115	false	1871	None
LINESTRING (3132686.348 238348.332, 3132701.563 238352.806)	40	1621	0	116	false	1871	None
LINESTRING (3132701.563 238352.806, 3132726.483 238360.807)	40	1621	0	117	false	1871	None
LINESTRING (3132726.483 238360.807, 3132748.904 238372.722)	40	1621	0	118	false	1871	None
LINESTRING (3132748.904 238372.722, 3132798.33 238405.95)	40	1621	0	119	false	1871	None
LINESTRING (3132798.33 238405.95, 3132874.488 238476.346)	40	1621	0	120	false	1871	None
LINESTRING (3132874.488 238476.346, 3132897.742 238500.254)	40	1621	0	121	false	1871	None
LINESTRING (3132897.742 238500.254, 3132914.639 238508.477)	40	1621	0	122	false	1871	None
LINESTRING (3132914.639 238508.477, 3132932.67 238512.258)	40	1621	0	123	false	1871	None
LINESTRING (3132932.67 238512.258, 3132956.691 238515.506)	40	1621	0	124	false	1871	None
LINESTRING (3132956.691 238515.506, 3133035.065 238526.149)	40	1621	0	125	false	1871	None
LINESTRING (3133035.065 238526.149, 3133059.835 238530.997)	40	1621	0	126	false	1871	None
LINESTRING (3133059.835 238530.997, 3133078.672 238536.997)	40	1621	0	127	false	1871	None
LINESTRING (3133078.672 238536.997, 3133127.781 238556.648)	40	1621	0	128	false	1871	None
LINESTRING (3133127.781 238556.648, 3133145.281 238561.295)	40	1621	0	129	false	1871	None
LINESTRING (3133145.281 238561.295, 3133174.152 238564.163)	40	1621	0	130	false	1871	None
LINESTRING (3133174.152 238564.163, 3133232.476 238542.139)	40	1621	0	131	false	1871	None
LINESTRING (3133232.476 238542.139, 3133296.731 238516.7)	40	1621	0	132	false	1871	None
LINESTRING (3133296.731 238516.7, 3133371.843 238487.02)	40	1621	0	133	false	1871	None
LINESTRING (3133371.843 238487.02, 3133403.281 238468.377)	40	1621	0	134	false	1871	None
LINESTRING (3133403.281 238468.377, 3133466.964 238424.974)	40	1621	0	135	false	1871	None
LINESTRING (3133466.964 238424.974, 3133506.351 238391.91)	40	1621	0	136	false	1871	None
LINESTRING (3133506.351 238391.91, 3133538.991 238355.275)	40	1621	0	137	false	1871	None
LINESTRING (3133538.991 238355.275, 3133611.793 238267.42)	40	1621	0	138	false	1871	None
LINESTRING (3133611.793 238267.42, 3133616.313 238261.076)	40	1621	0	139	false	1871	None
LINESTRING (3133616.313 238261.076, 3133643.678 238222.632)	40	1621	0	140	false	1871	None
LINESTRING (3133643.678 238222.632, 3133668.988 238184.939)	40	1621	0	141	false	1871	None
LINESTRING (3133668.988 238184.939, 3133700.715 238142.83)	40	1621	0	142	false	1871	None
LINESTRING (3133700.715 238142.83, 3133717.59 238120.56)	40	1621	0	143	false	1871	None
LINESTRING (3133717.59 238120.56, 3133765.696 238056.703)	40	1621	0	144	false	1871	None
LINESTRING (3133765.696 238056.703, 3133767.792 238053.825)	40	1621	0	145	false	1871	None
LINESTRING (3133767.792 238053.825, 3133783.856 238031.121)	40	1621	0	146	false	1871	None
LINESTRING (3133783.856 238031.121, 3133833.155 237959.391)	40	1621	0	147	false	1871	None
LINESTRING (3133833.155 237959.391, 3133858.686 237922.141)	40	1621	0	148	false	1871	None
LINESTRING (3133858.686 237922.141, 3133971.227 237747.057)	40	1621	0	149	false	1871	None
LINESTRING (3133971.227 237747.057, 3133975.432 237739.758)	40	1621	0	150	false	1871	None
LINESTRING (3133975.432 237739.758, 3134008.004 237682.852)	40	1621	0	151	false	1871	None
LINESTRING (3134008.004 237682.852, 3134016.338 237662.389)	40	1621	0	152	false	1871	None
LINESTRING (3134016.338 237662.389, 3134064.424 237553.39)	40	1621	0	153	false	1871	None
LINESTRING (3134064.424 237553.39, 3134093.921 237486.479)	40	1621	0	154	false	1871	None
LINESTRING (3134093.921 237486.479, 3134105.144 237462.612)	40	1621	0	155	false	1871	None
LINESTRING (3134105.144 237462.612, 3134114.905 237443.774)	40	1621	0	156	false	1871	None
LINESTRING (3134114.905 237443.774, 3134142.875 237403.779)	40	1621	0	157	false	1871	None
LINESTRING (3134142.875 237403.779, 3134162.753 237379.579)	40	1621	0	158	false	1871	None
LINESTRING (3134162.753 237379.579, 3134218.91 237331.352)	40	1621	0	159	false	1871	None
LINESTRING (3134218.91 237331.352, 3134234.117 237322.725)	40	1621	0	160	false	1871	None
LINESTRING (3134234.117 237322.725, 3134256.423 237309.947)	40	1621	0	161	false	1871	None
LINESTRING (3134256.423 237309.947, 3134281.468 237300.971)	40	1621	0	162	false	1871	None
LINESTRING (3134281.468 237300.971, 3134291.831 237297.252)	40	1621	0	163	false	1871	None
LINESTRING (3134291.831 237297.252, 3134329.9 237290.831)	40	1621	0	164	false	1871	None
LINESTRING (3134329.9 237290.831, 3134360.535 237292.956)	40	1621	0	165	false	1871	None
LINESTRING (3134360.535 237292.956, 3134380.93 237296.466)	40	1621	0	166	false	1871	None
LINESTRING (3134380.93 237296.466, 3134441.183 237302.585)	40	1621	0	167	false	1871	None
LINESTRING (3134441.183 237302.585, 3134492.593 237303.962)	40	1621	0	168	false	1871	None
LINESTRING (3134492.593 237303.962, 3134522.187 237304.731)	40	1621	0	169	false	1871	None
LINESTRING (3134522.187 237304.731, 3134651.479 237302.162)	40	1621	0	170	false	1871	None
LINESTRING (3134651.479 237302.162, 3134684.901 237304.179)	40	1621	0	171	false	1871	None
LINESTRING (3134684.901 237304.179, 3134826.106 237328.744)	40	1621	0	172	false	1871	None
LINESTRING (3134826.106 237328.744, 3134867.833 237336.13)	40	1621	0	173	false	1871	None
LINESTRING (3134867.833 237336.13, 3134912.874 237350.638)	40	1621	0	174	false	1871	None
LINESTRING (3134912.874 237350.638, 3134932.334 237358.073)	40	1621	0	175	false	1871	None
LINESTRING (3134932.334 237358.073, 3134947.109 237363.69)	40	1621	0	176	false	1871	None
LINESTRING (3134947.109 237363.69, 3134979.561 237376.289)	40	1621	0	177	false	1871	None
LINESTRING (3134979.561 237376.289, 3134991.381 237379.925)	40	1621	0	178	false	1871	None
LINESTRING (3134991.381 237379.925, 3135006.352 237384.784)	40	1621	0	179	false	1871	None
LINESTRING (3135006.352 237384.784, 3135013.753 237387.181)	40	1621	0	180	false	1871	None
LINESTRING (3135013.753 237387.181, 3135032.8 237390.884)	40	1621	0	181	false	1871	None
LINESTRING (3135032.8 237390.884, 3135036.408 237391.689)	40	1621	0	182	false	1871	None
LINESTRING (3135036.408 237391.689, 3135093.876 237402.209)	40	1621	0	183	false	1871	None
LINESTRING (3135093.876 237402.209, 3135113.39 237403.95)	40	1621	0	184	false	1871	None
LINESTRING (3135113.39 237403.95, 3135140.653 237406.436)	40	1621	0	185	false	1871	None
LINESTRING (3135140.653 237406.436, 3135144.421 237406.828)	40	1621	0	186	false	1871	None
LINESTRING (3135144.421 237406.828, 3135154.059 237406.997)	40	1621	0	187	false	1871	None
LINESTRING (3135154.059 237406.997, 3135194.183 237408.164)	40	1621	0	188	false	1871	None
LINESTRING (3135194.183 237408.164, 3135207.545 237408.588)	40	1621	0	189	false	1871	None
LINESTRING (3135207.545 237408.588, 3135241.16 237407.587)	40	1621	0	190	false	1871	None
LINESTRING (3135241.16 237407.587, 3135309.823 237401.138)	40	1621	0	191	false	1871	None
LINESTRING (3135309.823 237401.138, 3135312.69 237400.822)	40	1621	0	192	false	1871	None
LINESTRING (3135312.69 237400.822, 3135498.1 237379.204)	40	1621	0	193	false	1871	None
LINESTRING (3135498.1 237379.204, 3135628.658 237359.515)	40	1621	0	194	false	1871	None
LINESTRING (3135628.658 237359.515, 3135641.972 237357.539)	40	1621	0	195	false	1871	None
LINESTRING (3135641.972 237357.539, 3135715.143 237344.031)	40	1621	0	196	false	1871	None
LINESTRING (3135715.143 237344.031, 3135733.981 237341.461)	40	1621	0	197	false	1871	None
LINESTRING (3135733.981 237341.461, 3135763.731 237337.292)	40	1621	0	198	false	1871	None
LINESTRING (3135763.731 237337.292, 3135785.514 237336.224)	40	1621	0	199	false	1871	None
LINESTRING (3135785.514 237336.224, 3135822.243 237334.528)	40	1621	0	200	false	1871	None
LINESTRING (3135822.243 237334.528, 3135852.572 237333.919)	40	1621	0	201	false	1871	None
LINESTRING (3135852.572 237333.919, 3135898.576 237335.349)	40	1621	0	202	false	1871	None
LINESTRING (3135898.576 237335.349, 3135938.465 237337.381)	40	1621	0	203	false	1871	None
LINESTRING (3135938.465 237337.381, 3135963.805 237338.766)	40	1621	0	204	false	1871	None
LINESTRING (3135963.805 237338.766, 3135989.21 237339.223)	40	1621	0	205	false	1871	None
LINESTRING (3135989.21 237339.223, 3136080.423 237346.658)	40	1621	0	206	false	1871	None
LINESTRING (3136080.423 237346.658, 3136102.537 237351.554)	40	1621	0	207	false	1871	None
LINESTRING (3136102.537 237351.554, 3136123.357 237357.258)	40	1621	0	208	false	1871	None
LINESTRING (3136123.357 237357.258, 3136173.742 237374.92)	40	1621	0	209	false	1871	None
LINESTRING (3136173.742 237374.92, 3136218.554 237392.8)	40	1621	0	210	false	1871	None
LINESTRING (3136218.554 237392.8, 3136282.961 237418.528)	40	1621	0	211	false	1871	None
LINESTRING (3136282.961 237418.528, 3136306.35 237425.945)	40	1621	0	212	false	1871	None
LINESTRING (3136306.35 237425.945, 3136320.943 237428.754)	40	1621	0	213	false	1871	None
LINESTRING (3136320.943 237428.754, 3136332.766 237428.344)	40	1621	0	214	false	1871	None
LINESTRING (3136332.766 237428.344, 3136363.527 237421.831)	40	1621	0	215	false	1871	None
LINESTRING (3136363.527 237421.831, 3136450.051 237399.699)	40	1621	0	216	false	1871	None
LINESTRING (3136450.051 237399.699, 3136501.169 237384.182)	40	1621	0	217	false	1871	None
LINESTRING (3136501.169 237384.182, 3136519.005 237375.865)	40	1621	0	218	false	1871	None
LINESTRING (3136519.005 237375.865, 3136528.443 237370.241)	40	1621	0	219	false	1871	None
LINESTRING (3136528.443 237370.241, 3136541.5 237359.592)	40	1621	0	220	false	1871	None
LINESTRING (3136541.5 237359.592, 3136602.715 237288.805)	40	1621	0	221	false	1871	None
LINESTRING (3136602.715 237288.805, 3136628.689 237256.257)	40	1621	0	222	false	1871	None
LINESTRING (3136628.689 237256.257, 3136700.048 237177.024)	40	1621	0	223	false	1871	None
LINESTRING (3136700.048 237177.024, 3136716.586 237158.675)	40	1621	0	224	false	1871	None
LINESTRING (3136716.586 237158.675, 3136768.066 237106.141)	40	1621	0	225	false	1871	None
LINESTRING (3136768.066 237106.141, 3136824.484 237059.574)	40	1621	0	226	false	1871	None
LINESTRING (3136824.484 237059.574, 3136853.775 237044.988)	40	1621	0	227	false	1871	None
LINESTRING (3136853.775 237044.988, 3136857.039 237043.397)	40	1621	0	228	false	1871	None
LINESTRING (3136857.039 237043.397, 3136890.492 237031.977)	40	1621	0	229	false	1871	None
LINESTRING (3136890.492 237031.977, 3136988.164 237004.889)	40	1621	0	230	false	1871	None
LINESTRING (3136988.164 237004.889, 3137009.262 236999.031)	40	1621	0	231	false	1871	None
LINESTRING (3137009.262 236999.031, 3137094.85 236972.014)	40	1621	0	232	false	1871	None
LINESTRING (3137094.85 236972.014, 3137152.475 236954.143)	40	1621	0	233	false	1871	None
LINESTRING (3137152.475 236954.143, 3137196.157 236940.623)	40	1621	0	234	false	1871	None
LINESTRING (3137196.157 236940.623, 3137244.33 236921.344)	40	1621	0	235	false	1871	None
LINESTRING (3137244.33 236921.344, 3137301.5 236893.293)	40	1621	0	236	false	1871	None
LINESTRING (3137301.5 236893.293, 3137321.13 236881.625)	40	1621	0	237	false	1871	None
LINESTRING (3137321.13 236881.625, 3137375.262 236849.536)	40	1621	0	238	false	1871	None
LINESTRING (3137375.262 236849.536, 3137467.836 236806.061)	40	1621	0	239	false	1871	None
LINESTRING (3137467.836 236806.061, 3137502.486 236797.37)	40	1621	0	240	false	1871	None
LINESTRING (3137502.486 236797.37, 3137537.408 236793.786)	40	1621	0	241	false	1871	None
LINESTRING (3137537.408 236793.786, 3137573.409 236797.769)	40	1621	0	242	false	1871	None
LINESTRING (3137573.409 236797.769, 3137629.449 236808.465)	40	1621	0	243	false	1871	None
LINESTRING (3137629.449 236808.465, 3137680.886 236825.71)	40	1621	0	244	false	1871	None
LINESTRING (3137680.886 236825.71, 3137697.347 236831.033)	40	1621	0	245	false	1871	None
LINESTRING (3137697.347 236831.033, 3137826.539 236873.487)	40	1621	0	246	false	1871	None
LINESTRING (3137826.539 236873.487, 3137831.811 236875.059)	40	1621	0	247	false	1871	None
LINESTRING (3137831.811 236875.059, 3137871.093 236886.749)	40	1621	0	248	false	1871	None
LINESTRING (3137871.093 236886.749, 3137912.179 236893.542)	40	1621	0	249	false	1871	None
LINESTRING (3137912.179 236893.542, 3137977.38 236901.607)	40	1621	0	250	false	1871	None
LINESTRING (3137977.38 236901.607, 3138035.561 236911.589)	40	1621	0	251	false	1871	E:3137981.717 236902.35109057944
LINESTRING (3129400.092 238129.731, 3129562.505 238149.457)	40	1621	0	1870	false	1871	W:3129426.05 238132.88374952125
LINESTRING (3129562.505 238149.457, 3129589.185 238152.654)	40	1621	0	1871	false	1871	None
LINESTRING (3129387.381 235438.271, 3129469.416 235453.386)	40	1626	0	643	false	739	W:3129426.05 235445.39578740776
LINESTRING (3129469.416 235453.386, 3129499.661 235459.033)	40	1626	0	644	false	739	None
LINESTRING (3129499.661 235459.033, 3129553.536 235469.191)	40	1626	0	645	false	739	None
LINESTRING (3129553.536 235469.191, 3129620.396 235482)	40	1626	0	646	false	739	None
LINESTRING (3129620.396 235482, 3129686.81 235497.732)	40	1626	0	647	false	739	None
LINESTRING (3129686.81 235497.732, 3129713.692 235504.219)	40	1626	0	648	false	739	None
LINESTRING (3129713.692 235504.219, 3129714.925 235504.578)	40	1626	0	649	false	739	None
LINESTRING (3129714.925 235504.578, 3129766.574 235517.447)	40	1626	0	650	false	739	None
LINESTRING (3129766.574 235517.447, 3129800.086 235525.789)	40	1626	0	651	false	739	None
LINESTRING (3129800.086 235525.789, 3129828.331 235534.829)	40	1626	0	652	false	739	None
LINESTRING (3129828.331 235534.829, 3129854.054 235546.582)	40	1626	0	653	false	739	None
LINESTRING (3129854.054 235546.582, 3129872.044 235562.364)	40	1626	0	654	false	739	None
LINESTRING (3129872.044 235562.364, 3129886.775 235582.002)	40	1626	0	655	false	739	None
LINESTRING (3129886.775 235582.002, 3129899.642 235599.371)	40	1626	0	656	false	739	None
LINESTRING (3129899.642 235599.371, 3129941.373 235659.833)	40	1626	0	657	false	739	None
LINESTRING (3129941.373 235659.833, 3130005.724 235759.779)	40	1626	0	658	false	739	None
LINESTRING (3130005.724 235759.779, 3130021.852 235779.603)	40	1626	0	659	false	739	None
LINESTRING (3130021.852 235779.603, 3130046.148 235804.139)	40	1626	0	660	false	739	None
LINESTRING (3130046.148 235804.139, 3130079.677 235823.562)	40	1626	0	661	false	739	None
LINESTRING (3130079.677 235823.562, 3130121.696 235842.823)	40	1626	0	662	false	739	None
LINESTRING (3130121.696 235842.823, 3130132.225 235847.26)	40	1626	0	663	false	739	None
LINESTRING (3130132.225 235847.26, 3130188.526 235870.627)	40	1626	0	664	false	739	None
LINESTRING (3130188.526 235870.627, 3130316.902 235924.191)	40	1626	0	665	false	739	None
LINESTRING (3130316.902 235924.191, 3130326.193 235928.03)	40	1626	0	666	false	739	None
LINESTRING (3130326.193 235928.03, 3130351.339 235938.49)	40	1626	0	667	false	739	None
LINESTRING (3130351.339 235938.49, 3130363.19 235943.56)	40	1626	0	668	false	739	None
LINESTRING (3130363.19 235943.56, 3130324.831 236021.801)	40	1626	0	669	false	739	None
LINESTRING (3130324.831 236021.801, 3130209.632 236256.837)	40	1626	0	670	false	739	None
LINESTRING (3130209.632 236256.837, 3130183.277 236310.68)	40	1626	0	671	false	739	None
LINESTRING (3130183.277 236310.68, 3130180.239 236317.003)	40	1626	0	672	false	739	None
LINESTRING (3130180.239 236317.003, 3130171.233 236335.183)	40	1626	0	673	false	739	None
LINESTRING (3130171.233 236335.183, 3130170.18 236337.394)	40	1626	0	674	false	739	None
LINESTRING (3130170.18 236337.394, 3130164.875 236348.554)	40	1626	0	675	false	739	None
LINESTRING (3130164.875 236348.554, 3130159.445 236359.785)	40	1626	0	676	false	739	None
LINESTRING (3130159.445 236359.785, 3130148.664 236382.039)	40	1626	0	677	false	739	None
LINESTRING (3130148.664 236382.039, 3130143.233 236393.27)	40	1626	0	678	false	739	None
LINESTRING (3130143.233 236393.27, 3130124.069 236433.111)	40	1626	0	679	false	739	None
LINESTRING (3130124.069 236433.111, 3130106.845 236468.704)	40	1626	0	680	false	739	None
LINESTRING (3130106.845 236468.704, 3130095.417 236492.374)	40	1626	0	681	false	739	None
LINESTRING (3130095.417 236492.374, 3130084.877 236514.007)	40	1626	0	682	false	739	None
LINESTRING (3130084.877 236514.007, 3130065.428 236552.309)	40	1626	0	683	false	739	None
LINESTRING (3130065.428 236552.309, 3130045.241 236591.755)	40	1626	0	684	false	739	None
LINESTRING (3130045.241 236591.755, 3130041.751 236598.737)	40	1626	0	685	false	739	None
LINESTRING (3130041.751 236598.737, 3130033.633 236614.879)	40	1626	0	686	false	739	None
LINESTRING (3130033.633 236614.879, 3130018.977 236643.847)	40	1626	0	687	false	739	None
LINESTRING (3130018.977 236643.847, 3130014.023 236653.595)	40	1626	0	688	false	739	None
LINESTRING (3130014.023 236653.595, 3130007.374 236667.211)	40	1626	0	689	false	739	None
LINESTRING (3130007.374 236667.211, 3129987.222 236708.337)	40	1626	0	690	false	739	None
LINESTRING (3129987.222 236708.337, 3129980.448 236722.023)	40	1626	0	691	false	739	None
LINESTRING (3129980.448 236722.023, 3129977.856 236727.448)	40	1626	0	692	false	739	None
LINESTRING (3129977.856 236727.448, 3129969.823 236743.624)	40	1626	0	693	false	739	None
LINESTRING (3129969.823 236743.624, 3129968.851 236745.628)	40	1626	0	694	false	739	None
LINESTRING (3129968.851 236745.628, 3129963.781 236755.927)	40	1626	0	695	false	739	None
LINESTRING (3129963.781 236755.927, 3129953.688 236776.662)	40	1626	0	696	false	739	None
LINESTRING (3129953.688 236776.662, 3129950.238 236783.54)	40	1626	0	697	false	739	None
LINESTRING (3129950.238 236783.54, 3129942.25 236799.852)	40	1626	0	698	false	739	None
LINESTRING (3129942.25 236799.852, 3129918.167 236849.099)	40	1626	0	699	false	739	None
LINESTRING (3129918.167 236849.099, 3129916.423 236852.59)	40	1626	0	700	false	739	None
LINESTRING (3129916.423 236852.59, 3129896.998 236892.092)	40	1626	0	701	false	739	None
LINESTRING (3129896.998 236892.092, 3129857.747 236972.133)	40	1626	0	702	false	739	None
LINESTRING (3129857.747 236972.133, 3129844.565 236998.814)	40	1626	0	703	false	739	None
LINESTRING (3129844.565 236998.814, 3129825.687 237038.171)	40	1626	0	704	false	739	None
LINESTRING (3129825.687 237038.171, 3129768.756 237156.247)	40	1626	0	705	false	739	None
LINESTRING (3129768.756 237156.247, 3129762.885 237168.617)	40	1626	0	706	false	739	None
LINESTRING (3129762.885 237168.617, 3129749.753 237195.675)	40	1626	0	707	false	739	None
LINESTRING (3129749.753 237195.675, 3129748.905 237197.609)	40	1626	0	708	false	739	None
LINESTRING (3129748.905 237197.609, 3129746.027 237203.518)	40	1626	0	709	false	739	None
LINESTRING (3129746.027 237203.518, 3129745.054 237205.523)	40	1626	0	710	false	739	None
LINESTRING (3129745.054 237205.523, 3129742.181 237211.672)	40	1626	0	711	false	739	None
LINESTRING (3129742.181 237211.672, 3129738.611 237218.861)	40	1626	0	712	false	739	None
LINESTRING (3129738.611 237218.861, 3129733.136 237229.956)	40	1626	0	713	false	739	None
LINESTRING (3129733.136 237229.956, 3129729.967 237236.11)	40	1626	0	714	false	739	None
LINESTRING (3129729.967 237236.11, 3129719.984 237256.054)	40	1626	0	715	false	739	None
LINESTRING (3129719.984 237256.054, 3129689.74 237315.891)	40	1626	0	716	false	739	None
LINESTRING (3129689.74 237315.891, 3129679.632 237335.905)	40	1626	0	717	false	739	None
LINESTRING (3129679.632 237335.905, 3129673.951 237347.277)	40	1626	0	718	false	739	None
LINESTRING (3129673.951 237347.277, 3129656.618 237381.637)	40	1626	0	719	false	739	None
LINESTRING (3129656.618 237381.637, 3129650.812 237393.08)	40	1626	0	720	false	739	None
LINESTRING (3129650.812 237393.08, 3129614.24 237465.705)	40	1626	0	721	false	739	None
LINESTRING (3129614.24 237465.705, 3129607.581 237478.841)	40	1626	0	722	false	739	None
LINESTRING (3129607.581 237478.841, 3129535.373 237630.527)	40	1626	0	723	false	739	None
LINESTRING (3129535.373 237630.527, 3129508.157 237685.585)	40	1626	0	724	false	739	None
LINESTRING (3129508.157 237685.585, 3129472.017 237758.615)	40	1626	0	725	false	739	None
LINESTRING (3129472.017 237758.615, 3129445.939 237811.495)	40	1626	0	726	false	739	None
LINESTRING (3129445.939 237811.495, 3129367.938 237969.032)	40	1626	0	727	false	739	W:3129426.05 237851.66440030266
LINESTRING (3134664.861 236008.594, 3134644.743 235989.711)	40	1612	0	0	false	1573	None
LINESTRING (3134644.743 235989.711, 3134604.618 235959.491)	40	1612	0	1	false	1573	None
LINESTRING (3134604.618 235959.491, 3134582.903 235945.228)	40	1612	0	2	false	1573	None
LINESTRING (3134582.903 235945.228, 3134564.445 235933.182)	40	1612	0	3	false	1573	None
LINESTRING (3134564.445 235933.182, 3134543.761 235921.821)	40	1612	0	4	false	1573	None
LINESTRING (3134543.761 235921.821, 3134532.476 235917.56)	40	1612	0	5	false	1573	None
LINESTRING (3134532.476 235917.56, 3134498.365 235904.679)	40	1612	0	6	false	1573	None
LINESTRING (3134498.365 235904.679, 3134486.994 235900.385)	40	1612	0	7	false	1573	None
LINESTRING (3134486.994 235900.385, 3134480.565 235898.009)	40	1612	0	8	false	1573	None
LINESTRING (3134480.565 235898.009, 3134442.151 235887.627)	40	1612	0	9	false	1573	None
LINESTRING (3134442.151 235887.627, 3134436.217 235886.753)	40	1612	0	10	false	1573	None
LINESTRING (3134436.217 235886.753, 3134386.628 235879.655)	40	1612	0	11	false	1573	None
LINESTRING (3134386.628 235879.655, 3134343.18 235879.466)	40	1612	0	12	false	1573	None
LINESTRING (3134343.18 235879.466, 3134328.178 235879.479)	40	1612	0	13	false	1573	None
LINESTRING (3134328.178 235879.479, 3134275.906 235883.845)	40	1612	0	14	false	1573	None
LINESTRING (3134275.906 235883.845, 3134271.264 235884.187)	40	1612	0	15	false	1573	None
LINESTRING (3134271.264 235884.187, 3134221.694 235888.41)	40	1612	0	16	false	1573	None
LINESTRING (3134221.694 235888.41, 3134214.43 235888.688)	40	1612	0	17	false	1573	None
LINESTRING (3134214.43 235888.688, 3134192.476 235889.695)	40	1612	0	18	false	1573	None
LINESTRING (3134192.476 235889.695, 3134185.087 235890.043)	40	1612	0	19	false	1573	None
LINESTRING (3134185.087 235890.043, 3134153.86 235890.191)	40	1612	0	20	false	1573	None
LINESTRING (3134153.86 235890.191, 3134145.885 235890.788)	40	1612	0	21	false	1573	None
LINESTRING (3134145.885 235890.788, 3134114.155 235893.242)	40	1612	0	22	false	1573	None
LINESTRING (3134114.155 235893.242, 3134072.98 235890.482)	40	1612	0	23	false	1573	None
LINESTRING (3134072.98 235890.482, 3134041.667 235882.262)	40	1612	0	24	false	1573	None
LINESTRING (3134041.667 235882.262, 3134031.319 235878.365)	40	1612	0	25	false	1573	None
LINESTRING (3134031.319 235878.365, 3133995.298 235865.103)	40	1612	0	26	false	1573	None
LINESTRING (3133995.298 235865.103, 3133949.696 235837.882)	40	1612	0	27	false	1573	None
LINESTRING (3133949.696 235837.882, 3133939.221 235827.744)	40	1612	0	28	false	1573	None
LINESTRING (3133939.221 235827.744, 3133923.145 235812.337)	40	1612	0	29	false	1573	None
LINESTRING (3133923.145 235812.337, 3133891.861 235780.551)	40	1612	0	30	false	1573	None
LINESTRING (3133891.861 235780.551, 3133866.783 235738.073)	40	1612	0	31	false	1573	None
LINESTRING (3133866.783 235738.073, 3133821.755 235651.774)	40	1612	0	32	false	1573	None
LINESTRING (3133821.755 235651.774, 3133788.121 235587.639)	40	1612	0	33	false	1573	None
LINESTRING (3133788.121 235587.639, 3133758.109 235527.053)	40	1612	0	34	false	1573	None
LINESTRING (3133758.109 235527.053, 3133750.929 235512.717)	40	1612	0	35	false	1573	None
LINESTRING (3133750.929 235512.717, 3133734.313 235474.952)	40	1612	0	36	false	1573	None
LINESTRING (3133734.313 235474.952, 3133726.34 235442.446)	40	1612	0	37	false	1573	None
LINESTRING (3133726.34 235442.446, 3133719.827 235388.239)	40	1612	0	38	false	1573	None
LINESTRING (3133719.827 235388.239, 3133721.587 235348.078)	40	1612	0	39	false	1573	None
LINESTRING (3133721.587 235348.078, 3133726.58 235319.293)	40	1612	0	40	false	1573	None
LINESTRING (3133726.58 235319.293, 3133728.274 235309.114)	40	1612	0	41	false	1573	None
LINESTRING (3133728.274 235309.114, 3133749.114 235247.061)	40	1612	0	42	false	1573	None
LINESTRING (3133749.114 235247.061, 3133752.809 235235.515)	40	1612	0	43	false	1573	None
LINESTRING (3133752.809 235235.515, 3133763.684 235200.915)	40	1612	0	44	false	1573	None
LINESTRING (3133763.684 235200.915, 3133767.254 235189.439)	40	1612	0	45	false	1573	None
LINESTRING (3133767.254 235189.439, 3133810.333 235061.472)	40	1612	0	46	false	1573	None
LINESTRING (3133810.333 235061.472, 3133811.889 235056.955)	40	1612	0	47	false	1573	None
LINESTRING (3133811.889 235056.955, 3133817.146 235041.133)	40	1612	0	48	false	1573	None
LINESTRING (3133817.146 235041.133, 3133851.018 234938.411)	40	1612	0	49	false	1573	None
LINESTRING (3133851.018 234938.411, 3133864.899 234897.832)	40	1612	0	50	false	1573	None
LINESTRING (3133864.899 234897.832, 3133887.322 234834.727)	40	1612	0	51	false	1573	None
LINESTRING (3133887.322 234834.727, 3133902.339 234777.322)	40	1612	0	52	false	1573	None
LINESTRING (3133902.339 234777.322, 3133905.565 234740.707)	40	1612	0	53	false	1573	None
LINESTRING (3133905.565 234740.707, 3133902.48 234695.094)	40	1612	0	54	false	1573	None
LINESTRING (3133902.48 234695.094, 3133896.471 234638.821)	40	1612	0	55	false	1573	None
LINESTRING (3133896.471 234638.821, 3133889.188 234594.675)	40	1612	0	56	false	1573	None
LINESTRING (3133889.188 234594.675, 3133887.419 234584.582)	40	1612	0	57	false	1573	None
LINESTRING (3133887.419 234584.582, 3133861.599 234450.249)	40	1612	0	58	false	1573	None
LINESTRING (3133861.599 234450.249, 3133855.94 234417.331)	40	1612	0	59	false	1573	None
LINESTRING (3133855.94 234417.331, 3133850.87 234388.453)	40	1612	0	60	false	1573	None
LINESTRING (3133850.87 234388.453, 3133838.379 234319.068)	40	1612	0	61	false	1573	None
LINESTRING (3133838.379 234319.068, 3133832.342 234286.362)	40	1612	0	62	false	1573	None
LINESTRING (3133832.342 234286.362, 3133830.193 234272.191)	40	1612	0	63	false	1573	None
LINESTRING (3133830.193 234272.191, 3133791.26 234067.281)	40	1612	0	64	false	1573	None
LINESTRING (3133791.26 234067.281, 3133790.269 234062.253)	40	1612	0	65	false	1573	None
LINESTRING (3133790.269 234062.253, 3133775.85 233981.404)	40	1612	0	66	false	1573	None
LINESTRING (3133775.85 233981.404, 3133755.98 233865.576)	40	1612	0	67	false	1573	None
LINESTRING (3133755.98 233865.576, 3133743.32 233806.725)	40	1612	0	68	false	1573	None
LINESTRING (3133743.32 233806.725, 3133706.767 233602.98)	40	1612	0	69	false	1573	None
LINESTRING (3133706.767 233602.98, 3133677.761 233505.639)	40	1612	0	70	false	1573	None
LINESTRING (3133677.761 233505.639, 3133667.102 233478.523)	40	1612	0	71	false	1573	None
LINESTRING (3133667.102 233478.523, 3133635.52 233428.766)	40	1612	0	72	false	1573	None
LINESTRING (3133635.52 233428.766, 3133617.703 233400.898)	40	1612	0	73	false	1573	None
LINESTRING (3133617.703 233400.898, 3133591.978 233374.965)	40	1612	0	74	false	1573	None
LINESTRING (3133591.978 233374.965, 3133559.746 233345.079)	40	1612	0	75	false	1573	None
LINESTRING (3133559.746 233345.079, 3133527.763 233323.149)	40	1612	0	76	false	1573	None
LINESTRING (3133527.763 233323.149, 3133487.799 233297.528)	40	1612	0	77	false	1573	None
LINESTRING (3133487.799 233297.528, 3133530.578 233299.712)	40	1612	0	78	false	1573	None
LINESTRING (3133530.578 233299.712, 3133532.434 233299.479)	40	1612	0	79	false	1573	None
LINESTRING (3133532.434 233299.479, 3133667.892 233288.432)	40	1612	0	80	false	1573	None
LINESTRING (3133667.892 233288.432, 3133713.005 233284.853)	40	1612	0	81	false	1573	None
LINESTRING (3133713.005 233284.853, 3133893.822 233261.515)	40	1612	0	82	false	1573	None
LINESTRING (3133893.822 233261.515, 3133980.626 233250.295)	40	1612	0	83	false	1573	None
LINESTRING (3133980.626 233250.295, 3134121.439 233234.305)	40	1612	0	84	false	1573	None
LINESTRING (3134121.439 233234.305, 3134141.725 233232.053)	40	1612	0	85	false	1573	None
LINESTRING (3134141.725 233232.053, 3134216.056 233222.665)	40	1612	0	86	false	1573	None
LINESTRING (3134216.056 233222.665, 3134436.142 233196.946)	40	1612	0	87	false	1573	None
LINESTRING (3134436.142 233196.946, 3134540.557 233184.823)	40	1612	0	88	false	1573	None
LINESTRING (3134540.557 233184.823, 3134548.655 233183.916)	40	1612	0	89	false	1573	None
LINESTRING (3134548.655 233183.916, 3134616.81 233176.302)	40	1612	0	90	false	1573	None
LINESTRING (3134616.81 233176.302, 3134623.854 233175.582)	40	1612	0	91	false	1573	None
LINESTRING (3134623.854 233175.582, 3134644.692 233173.425)	40	1612	0	92	false	1573	None
LINESTRING (3134644.692 233173.425, 3134651.611 233172.776)	40	1612	0	93	false	1573	None
LINESTRING (3134651.611 233172.776, 3134745.811 233159.192)	40	1612	0	94	false	1573	None
LINESTRING (3134745.811 233159.192, 3134829.22 233147.138)	40	1612	0	95	false	1573	None
LINESTRING (3134829.22 233147.138, 3134884.62 233142.079)	40	1612	0	96	false	1573	None
LINESTRING (3134884.62 233142.079, 3134925.049 233147.048)	40	1612	0	97	false	1573	None
LINESTRING (3134925.049 233147.048, 3134950.712 233153.433)	40	1612	0	98	false	1573	None
LINESTRING (3134950.712 233153.433, 3134980.293 233165.387)	40	1612	0	99	false	1573	None
LINESTRING (3134980.293 233165.387, 3135014.477 233187.463)	40	1612	0	100	false	1573	None
LINESTRING (3135014.477 233187.463, 3135014.562 233187.496)	40	1612	0	101	false	1573	None
LINESTRING (3135014.562 233187.496, 3135061.863 233228.832)	40	1612	0	102	false	1573	None
LINESTRING (3135061.863 233228.832, 3135083.357 233250.509)	40	1612	0	103	false	1573	None
LINESTRING (3135083.357 233250.509, 3135096.797 233264.894)	40	1612	0	104	false	1573	None
LINESTRING (3135096.797 233264.894, 3135118.28 233288.115)	40	1612	0	105	false	1573	None
LINESTRING (3135118.28 233288.115, 3135135.707 233309.405)	40	1612	0	106	false	1573	None
LINESTRING (3135135.707 233309.405, 3135148.154 233324.833)	40	1612	0	107	false	1573	None
LINESTRING (3135148.154 233324.833, 3135248.617 233259.742)	40	1612	0	108	false	1573	None
LINESTRING (3135248.617 233259.742, 3135327.562 233204.877)	40	1612	0	109	false	1573	None
LINESTRING (3135327.562 233204.877, 3135422.905 233156.019)	40	1612	0	110	false	1573	None
LINESTRING (3135422.905 233156.019, 3135513.798 233114.843)	40	1612	0	111	false	1573	None
LINESTRING (3135513.798 233114.843, 3135610.913 233065.721)	40	1612	0	112	false	1573	None
LINESTRING (3135610.913 233065.721, 3135657.604 233043.95)	40	1612	0	113	false	1573	None
LINESTRING (3135657.604 233043.95, 3135672.834 233029.974)	40	1612	0	114	false	1573	None
LINESTRING (3135672.834 233029.974, 3135684.234 233014.749)	40	1612	0	115	false	1573	None
LINESTRING (3135684.234 233014.749, 3135690.753 233002.751)	40	1612	0	116	false	1573	None
LINESTRING (3135690.753 233002.751, 3135676.414 232991.947)	40	1612	0	117	false	1573	None
LINESTRING (3135676.414 232991.947, 3135662.954 232976.601)	40	1612	0	118	false	1573	None
LINESTRING (3135662.954 232976.601, 3135647.911 232947.9)	40	1612	0	119	false	1573	None
LINESTRING (3135647.911 232947.9, 3135638.14 232916.481)	40	1612	0	120	false	1573	None
LINESTRING (3135638.14 232916.481, 3135619.521 232849.239)	40	1612	0	121	false	1573	S:3135631.4562990097 232892.343
LINESTRING (3138035.561 236911.589, 3137977.38 236901.607)	40	1612	0	1485	false	1573	E:3137981.717 236902.35109057944
LINESTRING (3137977.38 236901.607, 3137912.179 236893.542)	40	1612	0	1486	false	1573	None
LINESTRING (3137912.179 236893.542, 3137871.093 236886.749)	40	1612	0	1487	false	1573	None
LINESTRING (3137871.093 236886.749, 3137831.811 236875.059)	40	1612	0	1488	false	1573	None
LINESTRING (3137831.811 236875.059, 3137826.539 236873.487)	40	1612	0	1489	false	1573	None
LINESTRING (3137826.539 236873.487, 3137697.347 236831.033)	40	1612	0	1490	false	1573	None
LINESTRING (3137697.347 236831.033, 3137680.886 236825.71)	40	1612	0	1491	false	1573	None
LINESTRING (3137680.886 236825.71, 3137629.449 236808.465)	40	1612	0	1492	false	1573	None
LINESTRING (3137629.449 236808.465, 3137573.409 236797.769)	40	1612	0	1493	false	1573	None
LINESTRING (3137573.409 236797.769, 3137537.408 236793.786)	40	1612	0	1494	false	1573	None
LINESTRING (3137537.408 236793.786, 3137502.486 236797.37)	40	1612	0	1495	false	1573	None
LINESTRING (3137502.486 236797.37, 3137467.836 236806.061)	40	1612	0	1496	false	1573	None
LINESTRING (3137467.836 236806.061, 3137375.262 236849.536)	40	1612	0	1497	false	1573	None
LINESTRING (3137375.262 236849.536, 3137321.13 236881.625)	40	1612	0	1498	false	1573	None
LINESTRING (3137321.13 236881.625, 3137301.5 236893.293)	40	1612	0	1499	false	1573	None
LINESTRING (3137301.5 236893.293, 3137244.33 236921.344)	40	1612	0	1500	false	1573	None
LINESTRING (3137244.33 236921.344, 3137196.157 236940.623)	40	1612	0	1501	false	1573	None
LINESTRING (3137196.157 236940.623, 3137152.475 236954.143)	40	1612	0	1502	false	1573	None
LINESTRING (3137152.475 236954.143, 3137094.85 236972.014)	40	1612	0	1503	false	1573	None
LINESTRING (3137094.85 236972.014, 3137009.262 236999.031)	40	1612	0	1504	false	1573	None
LINESTRING (3137009.262 236999.031, 3136988.164 237004.889)	40	1612	0	1505	false	1573	None
LINESTRING (3136988.164 237004.889, 3136890.492 237031.977)	40	1612	0	1506	false	1573	None
LINESTRING (3136890.492 237031.977, 3136857.039 237043.397)	40	1612	0	1507	false	1573	None
LINESTRING (3136857.039 237043.397, 3136853.775 237044.988)	40	1612	0	1508	false	1573	None
LINESTRING (3136853.775 237044.988, 3136824.484 237059.574)	40	1612	0	1509	false	1573	None
LINESTRING (3136824.484 237059.574, 3136768.066 237106.141)	40	1612	0	1510	false	1573	None
LINESTRING (3136768.066 237106.141, 3136716.586 237158.675)	40	1612	0	1511	false	1573	None
LINESTRING (3136716.586 237158.675, 3136700.048 237177.024)	40	1612	0	1512	false	1573	None
LINESTRING (3136700.048 237177.024, 3136628.689 237256.257)	40	1612	0	1513	false	1573	None
LINESTRING (3136628.689 237256.257, 3136602.715 237288.805)	40	1612	0	1514	false	1573	None
LINESTRING (3136602.715 237288.805, 3136541.5 237359.592)	40	1612	0	1515	false	1573	None
LINESTRING (3136541.5 237359.592, 3136528.443 237370.241)	40	1612	0	1516	false	1573	None
LINESTRING (3136528.443 237370.241, 3136519.005 237375.865)	40	1612	0	1517	false	1573	None
LINESTRING (3136519.005 237375.865, 3136501.169 237384.182)	40	1612	0	1518	false	1573	None
LINESTRING (3136501.169 237384.182, 3136450.051 237399.699)	40	1612	0	1519	false	1573	None
LINESTRING (3136450.051 237399.699, 3136363.527 237421.831)	40	1612	0	1520	false	1573	None
LINESTRING (3136363.527 237421.831, 3136332.766 237428.344)	40	1612	0	1521	false	1573	None
LINESTRING (3136332.766 237428.344, 3136320.943 237428.754)	40	1612	0	1522	false	1573	None
LINESTRING (3136320.943 237428.754, 3136306.35 237425.945)	40	1612	0	1523	false	1573	None
LINESTRING (3136306.35 237425.945, 3136282.961 237418.528)	40	1612	0	1524	false	1573	None
LINESTRING (3136282.961 237418.528, 3136218.554 237392.8)	40	1612	0	1525	false	1573	None
LINESTRING (3136218.554 237392.8, 3136173.742 237374.92)	40	1612	0	1526	false	1573	None
LINESTRING (3136173.742 237374.92, 3136123.357 237357.258)	40	1612	0	1527	false	1573	None
LINESTRING (3136123.357 237357.258, 3136102.537 237351.554)	40	1612	0	1528	false	1573	None
LINESTRING (3136102.537 237351.554, 3136080.423 237346.658)	40	1612	0	1529	false	1573	None
LINESTRING (3136080.423 237346.658, 3135989.21 237339.223)	40	1612	0	1530	false	1573	None
LINESTRING (3135989.21 237339.223, 3135963.805 237338.766)	40	1612	0	1531	false	1573	None
LINESTRING (3135963.805 237338.766, 3135938.465 237337.381)	40	1612	0	1532	false	1573	None
LINESTRING (3135938.465 237337.381, 3135898.576 237335.349)	40	1612	0	1533	false	1573	None
LINESTRING (3135898.576 237335.349, 3135852.572 237333.919)	40	1612	0	1534	false	1573	None
LINESTRING (3135852.572 237333.919, 3135822.243 237334.528)	40	1612	0	1535	false	1573	None
LINESTRING (3135822.243 237334.528, 3135785.514 237336.224)	40	1612	0	1536	false	1573	None
LINESTRING (3135785.514 237336.224, 3135763.731 237337.292)	40	1612	0	1537	false	1573	None
LINESTRING (3135763.731 237337.292, 3135733.981 237341.461)	40	1612	0	1538	false	1573	None
LINESTRING (3135733.981 237341.461, 3135715.143 237344.031)	40	1612	0	1539	false	1573	None
LINESTRING (3135715.143 237344.031, 3135641.972 237357.539)	40	1612	0	1540	false	1573	None
LINESTRING (3135641.972 237357.539, 3135628.658 237359.515)	40	1612	0	1541	false	1573	None
LINESTRING (3135628.658 237359.515, 3135498.1 237379.204)	40	1612	0	1542	false	1573	None
LINESTRING (3135498.1 237379.204, 3135312.69 237400.822)	40	1612	0	1543	false	1573	None
LINESTRING (3135312.69 237400.822, 3135309.823 237401.138)	40	1612	0	1544	false	1573	None
LINESTRING (3135309.823 237401.138, 3135241.16 237407.587)	40	1612	0	1545	false	1573	None
LINESTRING (3135241.16 237407.587, 3135207.545 237408.588)	40	1612	0	1546	false	1573	None
LINESTRING (3135207.545 237408.588, 3135206.531 237398.072)	40	1612	0	1547	false	1573	None
LINESTRING (3135206.531 237398.072, 3135203.158 237366.871)	40	1612	0	1548	false	1573	None
LINESTRING (3135203.158 237366.871, 3135202.019 237356.425)	40	1612	0	1549	false	1573	None
LINESTRING (3135202.019 237356.425, 3135185.398 237223.02)	40	1612	0	1550	false	1573	None
LINESTRING (3135185.398 237223.02, 3135168.596 237068.11)	40	1612	0	1551	false	1573	None
LINESTRING (3135168.596 237068.11, 3135161.35 237022.901)	40	1612	0	1552	false	1573	None
LINESTRING (3135161.35 237022.901, 3135149.452 236977.553)	40	1612	0	1553	false	1573	None
LINESTRING (3135149.452 236977.553, 3135134.402 236930.982)	40	1612	0	1554	false	1573	None
LINESTRING (3135134.402 236930.982, 3135104.915 236866.302)	40	1612	0	1555	false	1573	None
LINESTRING (3135104.915 236866.302, 3135081.792 236817.549)	40	1612	0	1556	false	1573	None
LINESTRING (3135081.792 236817.549, 3135081.276 236817.111)	40	1612	0	1557	false	1573	None
LINESTRING (3135081.276 236817.111, 3135078.457 236807.204)	40	1612	0	1558	false	1573	None
LINESTRING (3135078.457 236807.204, 3135070.472 236794.696)	40	1612	0	1559	false	1573	None
LINESTRING (3135070.472 236794.696, 3134971.137 236591.793)	40	1612	0	1560	false	1573	None
LINESTRING (3134971.137 236591.793, 3134934.342 236516.894)	40	1612	0	1561	false	1573	None
LINESTRING (3134934.342 236516.894, 3134893.223 236430.91)	40	1612	0	1562	false	1573	None
LINESTRING (3134893.223 236430.91, 3134885.891 236415.202)	40	1612	0	1563	false	1573	None
LINESTRING (3134885.891 236415.202, 3134863.48 236368.395)	40	1612	0	1564	false	1573	None
LINESTRING (3134863.48 236368.395, 3134855.897 236352.829)	40	1612	0	1565	false	1573	None
LINESTRING (3134855.897 236352.829, 3134828.349 236296.526)	40	1612	0	1566	false	1573	None
LINESTRING (3134828.349 236296.526, 3134824.605 236288.999)	40	1612	0	1567	false	1573	None
LINESTRING (3134824.605 236288.999, 3134762.747 236166.029)	40	1612	0	1568	false	1573	None
LINESTRING (3134762.747 236166.029, 3134744.493 236128.458)	40	1612	0	1569	false	1573	None
LINESTRING (3134744.493 236128.458, 3134716.817 236072.225)	40	1612	0	1570	false	1573	None
LINESTRING (3134716.817 236072.225, 3134687.87 236034.673)	40	1612	0	1571	false	1573	None
LINESTRING (3134687.87 236034.673, 3134675.245 236018.459)	40	1612	0	1572	false	1573	None
LINESTRING (3134675.245 236018.459, 3134664.861 236008.594)	40	1612	0	1573	false	1573	None
