LINESTRING (3154828.94 193668.433, 3154837.339 193644.79)	118	1595	0	1597	false	1963	N:3154830.6540453834 193663.608
LINESTRING (3154837.339 193644.79, 3154850.517 193610.622)	118	1595	0	1598	false	1963	None
LINESTRING (3154850.517 193610.622, 3154867.059 193565.26)	118	1595	0	1599	false	1963	None
LINESTRING (3154867.059 193565.26, 3154875.749 193541.373)	118	1595	0	1600	false	1963	None
LINESTRING (3154875.749 193541.373, 3154904.119 193466.081)	118	1595	0	1601	false	1963	None
LINESTRING (3154904.119 193466.081, 3154964.794 193291.667)	118	1595	0	1602	false	1963	None
LINESTRING (3154964.794 193291.667, 3154978.954 193251.928)	118	1595	0	1603	false	1963	None
LINESTRING (3154978.954 193251.928, 3155003.788 193187.763)	118	1595	0	1604	false	1963	None
LINESTRING (3155003.788 193187.763, 3155004.547 193185.557)	118	1595	0	1605	false	1963	None
LINESTRING (3155004.547 193185.557, 3155049.908 193062.221)	118	1595	0	1606	false	1963	None
LINESTRING (3155049.908 193062.221, 3155062.3 193027.033)	118	1595	0	1607	false	1963	None
LINESTRING (3155062.3 193027.033, 3155069.01 193007.734)	118	1595	0	1608	false	1963	None
LINESTRING (3155069.01 193007.734, 3155101.832 192922.505)	118	1595	0	1609	false	1963	E:3155093.051 192945.3066528241
LINESTRING (3149176.708 193694.86, 3149187.921 193662.905)	118	1596	0	14	false	970	N:3149187.674317509 193663.608
LINESTRING (3149187.921 193662.905, 3149189.384 193658.116)	118	1596	0	15	false	970	None
LINESTRING (3149189.384 193658.116, 3149191.19 193653.46)	118	1596	0	16	false	970	None
LINESTRING (3149191.19 193653.46, 3149213.58 193589.893)	118	1596	0	17	false	970	None
LINESTRING (3149213.58 193589.893, 3149240.567 193511.683)	118	1596	0	18	false	970	None
LINESTRING (3149240.567 193511.683, 3149272.883 193421.256)	118	1596	0	19	false	970	None
LINESTRING (3149272.883 193421.256, 3149318.768 193296.098)	118	1596	0	20	false	970	None
LINESTRING (3149318.768 193296.098, 3149322.409 193286.202)	118	1596	0	21	false	970	None
LINESTRING (3149322.409 193286.202, 3149335.835 193252.606)	118	1596	0	22	false	970	None
LINESTRING (3149335.835 193252.606, 3149395.776 193084.098)	118	1596	0	23	false	970	None
LINESTRING (3149395.776 193084.098, 3149455.829 192916.824)	118	1596	0	24	false	970	None
LINESTRING (3149455.829 192916.824, 3149525.984 192719.188)	118	1596	0	25	false	970	None
LINESTRING (3149525.984 192719.188, 3149554.102 192640.345)	118	1596	0	26	false	970	None
LINESTRING (3149554.102 192640.345, 3149574.742 192582.051)	118	1596	0	27	false	970	None
LINESTRING (3149574.742 192582.051, 3149636.063 192414.556)	118	1596	0	28	false	970	None
LINESTRING (3149636.063 192414.556, 3149639.568 192404.25)	118	1596	0	29	false	970	None
LINESTRING (3149639.568 192404.25, 3149666.103 192324.914)	118	1596	0	30	false	970	None
LINESTRING (3149666.103 192324.914, 3149720.23 192179.267)	118	1596	0	31	false	970	None
LINESTRING (3149720.23 192179.267, 3149757.301 192073.784)	118	1596	0	32	false	970	None
LINESTRING (3149757.301 192073.784, 3149810.929 191921.041)	118	1596	0	33	false	970	None
LINESTRING (3149810.929 191921.041, 3149903.949 191665.976)	118	1596	0	34	false	970	None
LINESTRING (3149903.949 191665.976, 3149949.759 191535.673)	118	1596	0	35	false	970	None
LINESTRING (3149949.759 191535.673, 3149997.505 191406.479)	118	1596	0	36	false	970	None
LINESTRING (3149997.505 191406.479, 3150027.26 191319.346)	118	1596	0	37	false	970	None
LINESTRING (3150027.26 191319.346, 3150042.872 191273.505)	118	1596	0	38	false	970	None
LINESTRING (3150042.872 191273.505, 3150117.388 191067.922)	118	1596	0	39	false	970	None
LINESTRING (3150117.388 191067.922, 3150129.98 191033.17)	118	1596	0	40	false	970	None
LINESTRING (3150129.98 191033.17, 3150168.132 190930.488)	118	1596	0	41	false	970	None
LINESTRING (3150168.132 190930.488, 3150181.179 190893.294)	118	1596	0	42	false	970	None
LINESTRING (3150181.179 190893.294, 3150218.125 190799.309)	118	1596	0	43	false	970	None
LINESTRING (3150218.125 190799.309, 3150246.782 190731.271)	118	1596	0	44	false	970	None
LINESTRING (3150246.782 190731.271, 3150261.765 190698.994)	118	1596	0	45	false	970	None
LINESTRING (3150261.765 190698.994, 3150272.577 190675.692)	118	1596	0	46	false	970	None
LINESTRING (3150272.577 190675.692, 3150306.282 190605.565)	118	1596	0	47	false	970	None
LINESTRING (3150306.282 190605.565, 3150330.523 190558.311)	118	1596	0	48	false	970	None
LINESTRING (3150330.523 190558.311, 3150359.645 190497.714)	118	1596	0	49	false	970	None
LINESTRING (3150359.645 190497.714, 3150391.138 190436.846)	118	1596	0	50	false	970	None
LINESTRING (3150391.138 190436.846, 3150423.603 190375.761)	118	1596	0	51	false	970	None
LINESTRING (3150423.603 190375.761, 3150452.865 190317.599)	118	1596	0	52	false	970	None
LINESTRING (3150452.865 190317.599, 3150479.895 190265.951)	118	1596	0	53	false	970	None
LINESTRING (3150479.895 190265.951, 3150545.163 190130.462)	118	1596	0	54	false	970	None
LINESTRING (3150545.163 190130.462, 3150563.024 190086.446)	118	1596	0	55	false	970	None
LINESTRING (3150563.024 190086.446, 3150609.432 190090.044)	118	1596	0	56	false	970	None
LINESTRING (3150609.432 190090.044, 3150625.627 190066.332)	118	1596	0	57	false	970	None
LINESTRING (3150625.627 190066.332, 3150670.807 190006.012)	118	1596	0	58	false	970	None
LINESTRING (3150670.807 190006.012, 3150722.196 189947.982)	118	1596	0	59	false	970	None
LINESTRING (3150722.196 189947.982, 3150756.118 189906.269)	118	1596	0	60	false	970	None
LINESTRING (3150756.118 189906.269, 3150779.994 189878.513)	118	1596	0	61	false	970	None
LINESTRING (3150779.994 189878.513, 3150853.669 189784.374)	118	1596	0	62	false	970	None
LINESTRING (3150853.669 189784.374, 3150905.993 189701.831)	118	1596	0	63	false	970	None
LINESTRING (3150905.993 189701.831, 3150949.375 189618.2)	118	1596	0	64	false	970	None
LINESTRING (3150949.375 189618.2, 3150971.082 189556.394)	118	1596	0	65	false	970	None
LINESTRING (3150971.082 189556.394, 3150984.188 189508.63)	118	1596	0	66	false	970	None
LINESTRING (3150984.188 189508.63, 3150996.538 189453.669)	118	1596	0	67	false	970	None
LINESTRING (3150996.538 189453.669, 3151006.67 189398.324)	118	1596	0	68	false	970	None
LINESTRING (3151006.67 189398.324, 3151025.777 189304.086)	118	1596	0	69	false	970	None
LINESTRING (3151025.777 189304.086, 3151039.84 189212.177)	118	1596	0	70	false	970	None
LINESTRING (3151039.84 189212.177, 3151053.458 189128.785)	118	1596	0	71	false	970	None
LINESTRING (3151053.458 189128.785, 3151061.771 189083.209)	118	1596	0	72	false	970	None
LINESTRING (3151061.771 189083.209, 3151075.035 189027.413)	118	1596	0	73	false	970	None
LINESTRING (3151075.035 189027.413, 3151050.097 188978.104)	118	1596	0	74	false	970	None
LINESTRING (3151050.097 188978.104, 3151058.191 188958.509)	118	1596	0	75	false	970	None
LINESTRING (3151058.191 188958.509, 3151096.203 188853.395)	118	1596	0	76	false	970	None
LINESTRING (3151096.203 188853.395, 3151149.147 188715.627)	118	1596	0	77	false	970	None
LINESTRING (3151149.147 188715.627, 3151205.812 188563.948)	118	1596	0	78	false	970	None
LINESTRING (3151205.812 188563.948, 3151319.775 188266.074)	118	1596	0	79	false	970	None
LINESTRING (3151319.775 188266.074, 3151333.488 188230.211)	118	1596	0	80	false	970	None
LINESTRING (3151333.488 188230.211, 3151338.052 188217.936)	118	1596	0	81	false	970	None
LINESTRING (3151338.052 188217.936, 3151351.83 188181.145)	118	1596	0	82	false	970	None
LINESTRING (3151351.83 188181.145, 3151356.268 188168.941)	118	1596	0	83	false	970	None
LINESTRING (3151356.268 188168.941, 3151361.795 188154.183)	118	1596	0	84	false	970	None
LINESTRING (3151361.795 188154.183, 3151374.947 188119.768)	118	1596	0	85	false	970	None
LINESTRING (3151374.947 188119.768, 3151408.744 188031.111)	118	1596	0	86	false	970	None
LINESTRING (3151408.744 188031.111, 3151429.32 187971.963)	118	1596	0	87	false	970	None
LINESTRING (3151429.32 187971.963, 3151438.37 187945.836)	118	1596	0	88	false	970	None
LINESTRING (3151438.37 187945.836, 3151446.673 187922.395)	118	1596	0	89	false	970	None
LINESTRING (3151446.673 187922.395, 3151451.152 187910.087)	118	1596	0	90	false	970	None
LINESTRING (3151451.152 187910.087, 3151464.249 187873.271)	118	1596	0	91	false	970	None
LINESTRING (3151464.249 187873.271, 3151468.601 187861.033)	118	1596	0	92	false	970	None
LINESTRING (3151468.601 187861.033, 3151475.114 187863.559)	118	1596	0	93	false	970	None
LINESTRING (3151475.114 187863.559, 3151497.527 187872.372)	118	1596	0	94	false	970	None
LINESTRING (3151497.527 187872.372, 3151519.128 187880.989)	118	1596	0	95	false	970	None
LINESTRING (3151519.128 187880.989, 3151536.822 187887.733)	118	1596	0	96	false	970	None
LINESTRING (3151536.822 187887.733, 3151564.708 187898.193)	118	1596	0	97	false	970	None
LINESTRING (3151564.708 187898.193, 3151587.035 187906.972)	118	1596	0	98	false	970	None
LINESTRING (3151587.035 187906.972, 3151916.367 188032.942)	118	1596	0	99	false	970	None
LINESTRING (3151916.367 188032.942, 3152466.723 188243.852)	118	1596	0	100	false	970	None
LINESTRING (3152466.723 188243.852, 3152904.048 188411.414)	118	1596	0	101	false	970	None
LINESTRING (3152904.048 188411.414, 3152948.008 188428.475)	118	1596	0	102	false	970	None
LINESTRING (3152948.008 188428.475, 3153219.318 188532.463)	118	1596	0	103	false	970	None
LINESTRING (3153219.318 188532.463, 3153226.339 188534.95)	118	1596	0	104	false	970	None
LINESTRING (3153226.339 188534.95, 3153233.154 188537.714)	118	1596	0	105	false	970	None
LINESTRING (3153233.154 188537.714, 3153243.649 188541.669)	118	1596	0	106	false	970	None
LINESTRING (3153243.649 188541.669, 3153249.516 188543.827)	118	1596	0	107	false	970	None
LINESTRING (3153249.516 188543.827, 3153254.103 188545.726)	118	1596	0	108	false	970	None
LINESTRING (3153254.103 188545.726, 3153298.268 188562.511)	118	1596	0	109	false	970	None
LINESTRING (3153298.268 188562.511, 3153305.723 188565.405)	118	1596	0	110	false	970	None
LINESTRING (3153305.723 188565.405, 3153314.372 188568.524)	118	1596	0	111	false	970	None
LINESTRING (3153314.372 188568.524, 3153344.8 188578.787)	118	1596	0	112	false	970	None
LINESTRING (3153344.8 188578.787, 3153435.403 188609.55)	118	1596	0	113	false	970	None
LINESTRING (3153435.403 188609.55, 3153462.026 188618.694)	118	1596	0	114	false	970	None
LINESTRING (3153462.026 188618.694, 3153463.592 188614.659)	118	1596	0	115	false	970	None
LINESTRING (3153463.592 188614.659, 3153469.374 188599.762)	118	1596	0	116	false	970	None
LINESTRING (3153469.374 188599.762, 3153473.711 188588.59)	118	1596	0	117	false	970	None
LINESTRING (3153473.711 188588.59, 3153486.555 188555.246)	118	1596	0	118	false	970	None
LINESTRING (3153486.555 188555.246, 3153492.211 188540.42)	118	1596	0	119	false	970	None
LINESTRING (3153492.211 188540.42, 3153494.34 188534.937)	118	1596	0	120	false	970	None
LINESTRING (3153494.34 188534.937, 3153508.504 188497.939)	118	1596	0	121	false	970	None
LINESTRING (3153508.504 188497.939, 3153508.985 188496.698)	118	1596	0	122	false	970	None
LINESTRING (3153508.985 188496.698, 3153546.539 188377.598)	118	1596	0	123	false	970	None
LINESTRING (3153546.539 188377.598, 3153558.329 188382.531)	118	1596	0	124	false	970	None
LINESTRING (3153558.329 188382.531, 3153593.964 188397.673)	118	1596	0	125	false	970	None
LINESTRING (3153593.964 188397.673, 3153695.115 188440.389)	118	1596	0	126	false	970	None
LINESTRING (3153695.115 188440.389, 3153998.524 188568.649)	118	1596	0	127	false	970	None
LINESTRING (3153998.524 188568.649, 3154099.547 188611.441)	118	1596	0	128	false	970	None
LINESTRING (3154099.547 188611.441, 3154190.79 188649.961)	118	1596	0	129	false	970	None
LINESTRING (3154190.79 188649.961, 3154230.411 188666.772)	118	1596	0	130	false	970	None
LINESTRING (3154230.411 188666.772, 3154464.179 188765.634)	118	1596	0	131	false	970	None
LINESTRING (3154464.179 188765.634, 3154555.295 188804.228)	118	1596	0	132	false	970	None
LINESTRING (3154555.295 188804.228, 3154576.516 188813.063)	118	1596	0	133	false	970	None
LINESTRING (3154576.516 188813.063, 3154639.932 188839.95)	118	1596	0	134	false	970	None
LINESTRING (3154639.932 188839.95, 3154660.987 188848.96)	118	1596	0	135	false	970	None
LINESTRING (3154660.987 188848.96, 3154726.802 188876.779)	118	1596	0	136	false	970	None
LINESTRING (3154726.802 188876.779, 3154741.203 188882.61)	118	1596	0	137	false	970	None
LINESTRING (3154741.203 188882.61, 3154982.693 188981.392)	118	1596	0	138	false	970	None
LINESTRING (3154982.693 188981.392, 3155049.559 189008.79)	118	1596	0	139	false	970	None
LINESTRING (3155049.559 189008.79, 3155063.023 189014.495)	118	1596	0	140	false	970	None
LINESTRING (3155063.023 189014.495, 3155326.518 189125.169)	118	1596	0	141	false	970	E:3155093.051 189027.1074551585
LINESTRING (3155101.832 192922.505, 3155069.01 193007.734)	118	1596	0	335	false	970	E:3155093.051 192945.3066528241
LINESTRING (3155069.01 193007.734, 3155062.3 193027.033)	118	1596	0	336	false	970	None
LINESTRING (3155062.3 193027.033, 3155049.908 193062.221)	118	1596	0	337	false	970	None
LINESTRING (3155049.908 193062.221, 3155004.547 193185.557)	118	1596	0	338	false	970	None
LINESTRING (3155004.547 193185.557, 3155003.788 193187.763)	118	1596	0	339	false	970	None
LINESTRING (3155003.788 193187.763, 3154978.954 193251.928)	118	1596	0	340	false	970	None
LINESTRING (3154978.954 193251.928, 3154964.794 193291.667)	118	1596	0	341	false	970	None
LINESTRING (3154964.794 193291.667, 3154904.119 193466.081)	118	1596	0	342	false	970	None
LINESTRING (3154904.119 193466.081, 3154875.749 193541.373)	118	1596	0	343	false	970	None
LINESTRING (3154875.749 193541.373, 3154867.059 193565.26)	118	1596	0	344	false	970	None
LINESTRING (3154867.059 193565.26, 3154850.517 193610.622)	118	1596	0	345	false	970	None
LINESTRING (3154850.517 193610.622, 3154837.339 193644.79)	118	1596	0	346	false	970	None
LINESTRING (3154837.339 193644.79, 3154828.94 193668.433)	118	1596	0	347	false	970	N:3154830.6540453834 193663.608
LINESTRING (3146433.645 192881.474, 3146538.674 192921.578)	118	1597	0	732	false	926	W:3146537.384 192921.08542975748
LINESTRING (3146538.674 192921.578, 3146633.299 192957.772)	118	1597	0	733	false	926	None
LINESTRING (3146633.299 192957.772, 3146637.532 192947.867)	118	1597	0	734	false	926	None
LINESTRING (3146637.532 192947.867, 3146650.108 192918.464)	118	1597	0	735	false	926	None
LINESTRING (3146650.108 192918.464, 3146654.215 192908.63)	118	1597	0	736	false	926	None
LINESTRING (3146654.215 192908.63, 3146663.442 192886.855)	118	1597	0	737	false	926	None
LINESTRING (3146663.442 192886.855, 3146673.131 192864.902)	118	1597	0	738	false	926	None
LINESTRING (3146673.131 192864.902, 3146704.966 192791.904)	118	1597	0	739	false	926	None
LINESTRING (3146704.966 192791.904, 3146729.108 192733.42)	118	1597	0	740	false	926	None
LINESTRING (3146729.108 192733.42, 3146747.168 192689.36)	118	1597	0	741	false	926	None
LINESTRING (3146747.168 192689.36, 3146760.688 192658.537)	118	1597	0	742	false	926	None
LINESTRING (3146760.688 192658.537, 3146790.949 192589.095)	118	1597	0	743	false	926	None
LINESTRING (3146790.949 192589.095, 3146800.873 192566.281)	118	1597	0	744	false	926	None
LINESTRING (3146800.873 192566.281, 3146814.269 192535.529)	118	1597	0	745	false	926	None
LINESTRING (3146814.269 192535.529, 3146825.388 192537.339)	118	1597	0	746	false	926	None
LINESTRING (3146825.388 192537.339, 3146826.068 192537.364)	118	1597	0	747	false	926	None
LINESTRING (3146826.068 192537.364, 3146857.655 192539.489)	118	1597	0	748	false	926	None
LINESTRING (3146857.655 192539.489, 3146861.985 192539.501)	118	1597	0	749	false	926	None
LINESTRING (3146861.985 192539.501, 3146873.963 192539.858)	118	1597	0	750	false	926	None
LINESTRING (3146873.963 192539.858, 3146875.917 192539.901)	118	1597	0	751	false	926	None
LINESTRING (3146875.917 192539.901, 3146883.046 192539.807)	118	1597	0	752	false	926	None
LINESTRING (3146883.046 192539.807, 3146894.208 192539.729)	118	1597	0	753	false	926	None
LINESTRING (3146894.208 192539.729, 3146910.272 192538.695)	118	1597	0	754	false	926	None
LINESTRING (3146910.272 192538.695, 3146918.115 192538.283)	118	1597	0	755	false	926	None
LINESTRING (3146918.115 192538.283, 3146919.258 192538.131)	118	1597	0	756	false	926	None
LINESTRING (3146919.258 192538.131, 3146941.956 192535.74)	118	1597	0	757	false	926	None
LINESTRING (3146941.956 192535.74, 3146965.898 192533.95)	118	1597	0	758	false	926	None
LINESTRING (3146965.898 192533.95, 3146986.057 192533.788)	118	1597	0	759	false	926	None
LINESTRING (3146986.057 192533.788, 3147075.434 192532.96)	118	1597	0	760	false	926	None
LINESTRING (3147075.434 192532.96, 3147097.313 192531.918)	118	1597	0	761	false	926	None
LINESTRING (3147097.313 192531.918, 3147142.476 192526.213)	118	1597	0	762	false	926	None
LINESTRING (3147142.476 192526.213, 3147179.103 192522.199)	118	1597	0	763	false	926	None
LINESTRING (3147179.103 192522.199, 3147186.125 192521.112)	118	1597	0	764	false	926	None
LINESTRING (3147186.125 192521.112, 3147214.846 192516.652)	118	1597	0	765	false	926	None
LINESTRING (3147214.846 192516.652, 3147252.967 192509.29)	118	1597	0	766	false	926	None
LINESTRING (3147252.967 192509.29, 3147323.166 192495.674)	118	1597	0	767	false	926	None
LINESTRING (3147323.166 192495.674, 3147352.032 192490.081)	118	1597	0	768	false	926	None
LINESTRING (3147352.032 192490.081, 3147502.249 192463.445)	118	1597	0	769	false	926	None
LINESTRING (3147502.249 192463.445, 3147533.714 192458.264)	118	1597	0	770	false	926	None
LINESTRING (3147533.714 192458.264, 3147577.485 192451.07)	118	1597	0	771	false	926	None
LINESTRING (3147577.485 192451.07, 3147603.769 192445.785)	118	1597	0	772	false	926	None
LINESTRING (3147603.769 192445.785, 3147617.671 192442.961)	118	1597	0	773	false	926	None
LINESTRING (3147617.671 192442.961, 3147629.357 192439.755)	118	1597	0	774	false	926	None
LINESTRING (3147629.357 192439.755, 3147640.125 192435.359)	118	1597	0	775	false	926	None
LINESTRING (3147640.125 192435.359, 3147650.533 192430.11)	118	1597	0	776	false	926	None
LINESTRING (3147650.533 192430.11, 3147671.353 192417.828)	118	1597	0	777	false	926	None
LINESTRING (3147671.353 192417.828, 3147686.732 192407.127)	118	1597	0	778	false	926	None
LINESTRING (3147686.732 192407.127, 3147695.16 192400.634)	118	1597	0	779	false	926	None
LINESTRING (3147695.16 192400.634, 3147703.109 192393.598)	118	1597	0	780	false	926	None
LINESTRING (3147703.109 192393.598, 3147709.607 192386.239)	118	1597	0	781	false	926	None
LINESTRING (3147709.607 192386.239, 3147715.54 192378.303)	118	1597	0	782	false	926	None
LINESTRING (3147715.54 192378.303, 3147731.22 192354.626)	118	1597	0	783	false	926	None
LINESTRING (3147731.22 192354.626, 3147735.57 192347.98)	118	1597	0	784	false	926	None
LINESTRING (3147735.57 192347.98, 3147799.331 192248.558)	118	1597	0	785	false	926	None
LINESTRING (3147799.331 192248.558, 3147858.429 192155.065)	118	1597	0	786	false	926	None
LINESTRING (3147858.429 192155.065, 3147866.109 192143.641)	118	1597	0	787	false	926	None
LINESTRING (3147866.109 192143.641, 3147874.68 192132.205)	118	1597	0	788	false	926	None
LINESTRING (3147874.68 192132.205, 3147883.599 192121.142)	118	1597	0	789	false	926	None
LINESTRING (3147883.599 192121.142, 3147893.209 192110.584)	118	1597	0	790	false	926	None
LINESTRING (3147893.209 192110.584, 3147902.555 192101.472)	118	1597	0	791	false	926	None
LINESTRING (3147902.555 192101.472, 3147917.417 192088.547)	118	1597	0	792	false	926	None
LINESTRING (3147917.417 192088.547, 3147932.843 192077.983)	118	1597	0	793	false	926	None
LINESTRING (3147932.843 192077.983, 3147943.487 192071.873)	118	1597	0	794	false	926	None
LINESTRING (3147943.487 192071.873, 3147954.57 192066.41)	118	1597	0	795	false	926	None
LINESTRING (3147954.57 192066.41, 3147965.842 192061.734)	118	1597	0	796	false	926	None
LINESTRING (3147965.842 192061.734, 3147995.125 192052.019)	118	1597	0	797	false	926	None
LINESTRING (3147995.125 192052.019, 3148008.492 192048.036)	118	1597	0	798	false	926	None
LINESTRING (3148008.492 192048.036, 3148022.092 192044.977)	118	1597	0	799	false	926	None
LINESTRING (3148022.092 192044.977, 3148033.943 192043.381)	118	1597	0	800	false	926	None
LINESTRING (3148033.943 192043.381, 3148045.935 192042.436)	118	1597	0	801	false	926	None
LINESTRING (3148045.935 192042.436, 3148068.775 192042.483)	118	1597	0	802	false	926	None
LINESTRING (3148068.775 192042.483, 3148074.944 192043.089)	118	1597	0	803	false	926	None
LINESTRING (3148074.944 192043.089, 3148090.475 192044.706)	118	1597	0	804	false	926	None
LINESTRING (3148090.475 192044.706, 3148103.006 192046.946)	118	1597	0	805	false	926	None
LINESTRING (3148103.006 192046.946, 3148127.684 192053.18)	118	1597	0	806	false	926	None
LINESTRING (3148127.684 192053.18, 3148159.509 192063.851)	118	1597	0	807	false	926	None
LINESTRING (3148159.509 192063.851, 3148178.816 192070.979)	118	1597	0	808	false	926	None
LINESTRING (3148178.816 192070.979, 3148212.18 192084.033)	118	1597	0	809	false	926	None
LINESTRING (3148212.18 192084.033, 3148214.664 192084.996)	118	1597	0	810	false	926	None
LINESTRING (3148214.664 192084.996, 3148222.116 192087.884)	118	1597	0	811	false	926	None
LINESTRING (3148222.116 192087.884, 3148224.6 192088.847)	118	1597	0	812	false	926	None
LINESTRING (3148224.6 192088.847, 3148225.362 192086.881)	118	1597	0	813	false	926	None
LINESTRING (3148225.362 192086.881, 3148227.397 192081.124)	118	1597	0	814	false	926	None
LINESTRING (3148227.397 192081.124, 3148228.033 192079.229)	118	1597	0	815	false	926	None
LINESTRING (3148228.033 192079.229, 3148229.678 192074.986)	118	1597	0	816	false	926	None
LINESTRING (3148229.678 192074.986, 3148234.189 192062.333)	118	1597	0	817	false	926	None
LINESTRING (3148234.189 192062.333, 3148235.622 192058.128)	118	1597	0	818	false	926	None
LINESTRING (3148235.622 192058.128, 3148238.265 192051.059)	118	1597	0	819	false	926	None
LINESTRING (3148238.265 192051.059, 3148245.814 192030.062)	118	1597	0	820	false	926	None
LINESTRING (3148245.814 192030.062, 3148248.204 192023.134)	118	1597	0	821	false	926	None
LINESTRING (3148248.204 192023.134, 3148249.723 192018.962)	118	1597	0	822	false	926	None
LINESTRING (3148249.723 192018.962, 3148254.034 192006.826)	118	1597	0	823	false	926	None
LINESTRING (3148254.034 192006.826, 3148255.427 192002.724)	118	1597	0	824	false	926	None
LINESTRING (3148255.427 192002.724, 3148256.75 191999.31)	118	1597	0	825	false	926	None
LINESTRING (3148256.75 191999.31, 3148260.259 191989.244)	118	1597	0	826	false	926	None
LINESTRING (3148260.259 191989.244, 3148261.457 191985.9)	118	1597	0	827	false	926	None
LINESTRING (3148261.457 191985.9, 3148263.577 191980.176)	118	1597	0	828	false	926	None
LINESTRING (3148263.577 191980.176, 3148269.768 191962.937)	118	1597	0	829	false	926	None
LINESTRING (3148269.768 191962.937, 3148271.763 191957.283)	118	1597	0	830	false	926	None
LINESTRING (3148271.763 191957.283, 3148284.921 191960.956)	118	1597	0	831	false	926	None
LINESTRING (3148284.921 191960.956, 3148306.996 191960.944)	118	1597	0	832	false	926	None
LINESTRING (3148306.996 191960.944, 3148313.898 191960.169)	118	1597	0	833	false	926	None
LINESTRING (3148313.898 191960.169, 3148320.337 191959.571)	118	1597	0	834	false	926	None
LINESTRING (3148320.337 191959.571, 3148359.696 191952.335)	118	1597	0	835	false	926	None
LINESTRING (3148359.696 191952.335, 3148443.332 191939.413)	118	1597	0	836	false	926	None
LINESTRING (3148443.332 191939.413, 3148468.165 191935.591)	118	1597	0	837	false	926	None
LINESTRING (3148468.165 191935.591, 3148482.775 191933.995)	118	1597	0	838	false	926	None
LINESTRING (3148482.775 191933.995, 3148486.466 191933.879)	118	1597	0	839	false	926	None
LINESTRING (3148486.466 191933.879, 3148500.806 191933.487)	118	1597	0	840	false	926	None
LINESTRING (3148500.806 191933.487, 3148516.265 191933.768)	118	1597	0	841	false	926	None
LINESTRING (3148516.265 191933.768, 3148546.589 191934.337)	118	1597	0	842	false	926	None
LINESTRING (3148546.589 191934.337, 3148560.453 191935.427)	118	1597	0	843	false	926	None
LINESTRING (3148560.453 191935.427, 3148575.709 191938.01)	118	1597	0	844	false	926	None
LINESTRING (3148575.709 191938.01, 3148603.62 191944.547)	118	1597	0	845	false	926	None
LINESTRING (3148603.62 191944.547, 3148606.053 191945.133)	118	1597	0	846	false	926	None
LINESTRING (3148606.053 191945.133, 3148631.81 191952.144)	118	1597	0	847	false	926	None
LINESTRING (3148631.81 191952.144, 3148633.689 191952.634)	118	1597	0	848	false	926	None
LINESTRING (3148633.689 191952.634, 3148639.241 191954.073)	118	1597	0	849	false	926	None
LINESTRING (3148639.241 191954.073, 3148640.994 191954.633)	118	1597	0	850	false	926	None
LINESTRING (3148640.994 191954.633, 3148647.145 191956.304)	118	1597	0	851	false	926	None
LINESTRING (3148647.145 191956.304, 3148692.409 191969.927)	118	1597	0	852	false	926	None
LINESTRING (3148692.409 191969.927, 3148719.936 191978.219)	118	1597	0	853	false	926	None
LINESTRING (3148719.936 191978.219, 3148731.648 191981.809)	118	1597	0	854	false	926	None
LINESTRING (3148731.648 191981.809, 3148800.366 192003.811)	118	1597	0	855	false	926	None
LINESTRING (3148800.366 192003.811, 3148845.577 192018.843)	118	1597	0	856	false	926	None
LINESTRING (3148845.577 192018.843, 3148896.35 192035.793)	118	1597	0	857	false	926	None
LINESTRING (3148896.35 192035.793, 3148900.37 192037.114)	118	1597	0	858	false	926	None
LINESTRING (3148900.37 192037.114, 3148912.174 192040.977)	118	1597	0	859	false	926	None
LINESTRING (3148912.174 192040.977, 3148916.069 192042.368)	118	1597	0	860	false	926	None
LINESTRING (3148916.069 192042.368, 3148944.81 192051.847)	118	1597	0	861	false	926	None
LINESTRING (3148944.81 192051.847, 3149030.657 192080.494)	118	1597	0	862	false	926	None
LINESTRING (3149030.657 192080.494, 3149059.233 192090.147)	118	1597	0	863	false	926	None
LINESTRING (3149059.233 192090.147, 3149062.311 192091.103)	118	1597	0	864	false	926	None
LINESTRING (3149062.311 192091.103, 3149071.465 192094.176)	118	1597	0	865	false	926	None
LINESTRING (3149071.465 192094.176, 3149074.503 192095.235)	118	1597	0	866	false	926	None
LINESTRING (3149074.503 192095.235, 3149094.307 192101.844)	118	1597	0	867	false	926	None
LINESTRING (3149094.307 192101.844, 3149098.841 192103.364)	118	1597	0	868	false	926	None
LINESTRING (3149098.841 192103.364, 3149153.439 192122.394)	118	1597	0	869	false	926	None
LINESTRING (3149153.439 192122.394, 3149173.123 192129.314)	118	1597	0	870	false	926	None
LINESTRING (3149173.123 192129.314, 3149193.104 192136.229)	118	1597	0	871	false	926	None
LINESTRING (3149193.104 192136.229, 3149240.986 192153.013)	118	1597	0	872	false	926	None
LINESTRING (3149240.986 192153.013, 3149252.789 192156.876)	118	1597	0	873	false	926	None
LINESTRING (3149252.789 192156.876, 3149272.765 192163.552)	118	1597	0	874	false	926	None
LINESTRING (3149272.765 192163.552, 3149294.686 192171.815)	118	1597	0	875	false	926	None
LINESTRING (3149294.686 192171.815, 3149349.324 192190.743)	118	1597	0	876	false	926	None
LINESTRING (3149349.324 192190.743, 3149359.465 192194.319)	118	1597	0	877	false	926	None
LINESTRING (3149359.465 192194.319, 3149505.289 192247.186)	118	1597	0	878	false	926	None
LINESTRING (3149505.289 192247.186, 3149535.438 192258.879)	118	1597	0	879	false	926	None
LINESTRING (3149535.438 192258.879, 3149572.003 192274.608)	118	1597	0	880	false	926	None
LINESTRING (3149572.003 192274.608, 3149577.062 192276.808)	118	1597	0	881	false	926	None
LINESTRING (3149577.062 192276.808, 3149588.732 192282.287)	118	1597	0	882	false	926	None
LINESTRING (3149588.732 192282.287, 3149648.737 192315.321)	118	1597	0	883	false	926	None
LINESTRING (3149648.737 192315.321, 3149652.259 192317.164)	118	1597	0	884	false	926	None
LINESTRING (3149652.259 192317.164, 3149662.706 192323.001)	118	1597	0	885	false	926	None
LINESTRING (3149662.706 192323.001, 3149666.103 192324.914)	118	1597	0	886	false	926	None
LINESTRING (3149666.103 192324.914, 3149639.568 192404.25)	118	1597	0	887	false	926	None
LINESTRING (3149639.568 192404.25, 3149636.063 192414.556)	118	1597	0	888	false	926	None
LINESTRING (3149636.063 192414.556, 3149574.742 192582.051)	118	1597	0	889	false	926	None
LINESTRING (3149574.742 192582.051, 3149554.102 192640.345)	118	1597	0	890	false	926	None
LINESTRING (3149554.102 192640.345, 3149525.984 192719.188)	118	1597	0	891	false	926	None
LINESTRING (3149525.984 192719.188, 3149455.829 192916.824)	118	1597	0	892	false	926	None
LINESTRING (3149455.829 192916.824, 3149395.776 193084.098)	118	1597	0	893	false	926	None
LINESTRING (3149395.776 193084.098, 3149335.835 193252.606)	118	1597	0	894	false	926	None
LINESTRING (3149335.835 193252.606, 3149322.409 193286.202)	118	1597	0	895	false	926	None
LINESTRING (3149322.409 193286.202, 3149318.768 193296.098)	118	1597	0	896	false	926	None
LINESTRING (3149318.768 193296.098, 3149272.883 193421.256)	118	1597	0	897	false	926	None
LINESTRING (3149272.883 193421.256, 3149240.567 193511.683)	118	1597	0	898	false	926	None
LINESTRING (3149240.567 193511.683, 3149213.58 193589.893)	118	1597	0	899	false	926	None
LINESTRING (3149213.58 193589.893, 3149191.19 193653.46)	118	1597	0	900	false	926	None
LINESTRING (3149191.19 193653.46, 3149189.384 193658.116)	118	1597	0	901	false	926	None
LINESTRING (3149189.384 193658.116, 3149187.921 193662.905)	118	1597	0	902	false	926	None
LINESTRING (3149187.921 193662.905, 3149176.708 193694.86)	118	1597	0	903	false	926	N:3149187.674317509 193663.608
LINESTRING (3155326.518 189125.169, 3155063.023 189014.495)	118	625	0	508	false	1531	E:3155093.051 189027.1074551585
LINESTRING (3155063.023 189014.495, 3155049.559 189008.79)	118	625	0	509	false	1531	None
LINESTRING (3155049.559 189008.79, 3154982.693 188981.392)	118	625	0	510	false	1531	None
LINESTRING (3154982.693 188981.392, 3154741.203 188882.61)	118	625	0	511	false	1531	None
LINESTRING (3154741.203 188882.61, 3154726.802 188876.779)	118	625	0	512	false	1531	None
LINESTRING (3154726.802 188876.779, 3154660.987 188848.96)	118	625	0	513	false	1531	None
LINESTRING (3154660.987 188848.96, 3154639.932 188839.95)	118	625	0	514	false	1531	None
LINESTRING (3154639.932 188839.95, 3154576.516 188813.063)	118	625	0	515	false	1531	None
LINESTRING (3154576.516 188813.063, 3154555.295 188804.228)	118	625	0	516	false	1531	None
LINESTRING (3154555.295 188804.228, 3154464.179 188765.634)	118	625	0	517	false	1531	None
LINESTRING (3154464.179 188765.634, 3154230.411 188666.772)	118	625	0	518	false	1531	None
LINESTRING (3154230.411 188666.772, 3154190.79 188649.961)	118	625	0	519	false	1531	None
LINESTRING (3154190.79 188649.961, 3154099.547 188611.441)	118	625	0	520	false	1531	None
LINESTRING (3154099.547 188611.441, 3153998.524 188568.649)	118	625	0	521	false	1531	None
LINESTRING (3153998.524 188568.649, 3153695.115 188440.389)	118	625	0	522	false	1531	None
LINESTRING (3153695.115 188440.389, 3153593.964 188397.673)	118	625	0	523	false	1531	None
LINESTRING (3153593.964 188397.673, 3153558.329 188382.531)	118	625	0	524	false	1531	None
LINESTRING (3153558.329 188382.531, 3153546.539 188377.598)	118	625	0	525	false	1531	None
LINESTRING (3153546.539 188377.598, 3153508.985 188496.698)	118	625	0	526	false	1531	None
LINESTRING (3153508.985 188496.698, 3153508.504 188497.939)	118	625	0	527	false	1531	None
LINESTRING (3153508.504 188497.939, 3153494.34 188534.937)	118	625	0	528	false	1531	None
LINESTRING (3153494.34 188534.937, 3153492.211 188540.42)	118	625	0	529	false	1531	None
LINESTRING (3153492.211 188540.42, 3153486.555 188555.246)	118	625	0	530	false	1531	None
LINESTRING (3153486.555 188555.246, 3153473.711 188588.59)	118	625	0	531	false	1531	None
LINESTRING (3153473.711 188588.59, 3153469.374 188599.762)	118	625	0	532	false	1531	None
LINESTRING (3153469.374 188599.762, 3153463.592 188614.659)	118	625	0	533	false	1531	None
LINESTRING (3153463.592 188614.659, 3153462.026 188618.694)	118	625	0	534	false	1531	None
LINESTRING (3153462.026 188618.694, 3153435.403 188609.55)	118	625	0	535	false	1531	None
LINESTRING (3153435.403 188609.55, 3153344.8 188578.787)	118	625	0	536	false	1531	None
LINESTRING (3153344.8 188578.787, 3153314.372 188568.524)	118	625	0	537	false	1531	None
LINESTRING (3153314.372 188568.524, 3153305.723 188565.405)	118	625	0	538	false	1531	None
LINESTRING (3153305.723 188565.405, 3153298.268 188562.511)	118	625	0	539	false	1531	None
LINESTRING (3153298.268 188562.511, 3153254.103 188545.726)	118	625	0	540	false	1531	None
LINESTRING (3153254.103 188545.726, 3153249.516 188543.827)	118	625	0	541	false	1531	None
LINESTRING (3153249.516 188543.827, 3153243.649 188541.669)	118	625	0	542	false	1531	None
LINESTRING (3153243.649 188541.669, 3153233.154 188537.714)	118	625	0	543	false	1531	None
LINESTRING (3153233.154 188537.714, 3153226.339 188534.95)	118	625	0	544	false	1531	None
LINESTRING (3153226.339 188534.95, 3153219.318 188532.463)	118	625	0	545	false	1531	None
LINESTRING (3153219.318 188532.463, 3152948.008 188428.475)	118	625	0	546	false	1531	None
LINESTRING (3152948.008 188428.475, 3152904.048 188411.414)	118	625	0	547	false	1531	None
LINESTRING (3152904.048 188411.414, 3152466.723 188243.852)	118	625	0	548	false	1531	None
LINESTRING (3152466.723 188243.852, 3151916.367 188032.942)	118	625	0	549	false	1531	None
LINESTRING (3151916.367 188032.942, 3151587.035 187906.972)	118	625	0	550	false	1531	None
LINESTRING (3151587.035 187906.972, 3151564.708 187898.193)	118	625	0	551	false	1531	None
LINESTRING (3151564.708 187898.193, 3151536.822 187887.733)	118	625	0	552	false	1531	None
LINESTRING (3151536.822 187887.733, 3151519.128 187880.989)	118	625	0	553	false	1531	None
LINESTRING (3151519.128 187880.989, 3151497.527 187872.372)	118	625	0	554	false	1531	None
LINESTRING (3151497.527 187872.372, 3151475.114 187863.559)	118	625	0	555	false	1531	None
LINESTRING (3151475.114 187863.559, 3151468.601 187861.033)	118	625	0	556	false	1531	None
LINESTRING (3151468.601 187861.033, 3151463.414 187858.902)	118	625	0	557	false	1531	None
LINESTRING (3151463.414 187858.902, 3151431.786 187846.396)	118	625	0	558	false	1531	None
LINESTRING (3151431.786 187846.396, 3151428.313 187844.93)	118	625	0	559	false	1531	None
LINESTRING (3151428.313 187844.93, 3151416.658 187840.409)	118	625	0	560	false	1531	None
LINESTRING (3151416.658 187840.409, 3151416.486 187840.343)	118	625	0	561	false	1531	None
LINESTRING (3151416.486 187840.343, 3151413.27 187838.976)	118	625	0	562	false	1531	None
LINESTRING (3151413.27 187838.976, 3151403.455 187835.05)	118	625	0	563	false	1531	None
LINESTRING (3151403.455 187835.05, 3151399.987 187833.824)	118	625	0	564	false	1531	None
LINESTRING (3151399.987 187833.824, 3151310.331 187798.335)	118	625	0	565	false	1531	None
LINESTRING (3151310.331 187798.335, 3151040.433 187692.23)	118	625	0	566	false	1531	None
LINESTRING (3151040.433 187692.23, 3150950.232 187657.13)	118	625	0	567	false	1531	None
LINESTRING (3150950.232 187657.13, 3150944.439 187654.526)	118	625	0	568	false	1531	None
LINESTRING (3150944.439 187654.526, 3150890.826 187633.378)	118	625	0	569	false	1531	None
LINESTRING (3150890.826 187633.378, 3150711.806 187562.409)	118	625	0	570	false	1531	None
LINESTRING (3150711.806 187562.409, 3150684.164 187551.572)	118	625	0	571	false	1531	None
LINESTRING (3150684.164 187551.572, 3150644.52 187535.842)	118	625	0	572	false	1531	None
LINESTRING (3150644.52 187535.842, 3150622.192 187527.065)	118	625	0	573	false	1531	None
LINESTRING (3150622.192 187527.065, 3150614.736 187524.174)	118	625	0	574	false	1531	None
LINESTRING (3150614.736 187524.174, 3150563.932 187505.188)	118	625	0	575	false	1531	None
LINESTRING (3150563.932 187505.188, 3150411.398 187448.544)	118	625	0	576	false	1531	None
LINESTRING (3150411.398 187448.544, 3150360.427 187429.733)	118	625	0	577	false	1531	None
LINESTRING (3150360.427 187429.733, 3150335.967 187420.607)	118	625	0	578	false	1531	None
LINESTRING (3150335.967 187420.607, 3150322.86 187415.763)	118	625	0	579	false	1531	None
LINESTRING (3150322.86 187415.763, 3150210.12 187373.957)	118	625	0	580	false	1531	None
LINESTRING (3150210.12 187373.957, 3150209.863 187373.857)	118	625	0	581	false	1531	None
LINESTRING (3150209.863 187373.857, 3150172.165 187359.717)	118	625	0	582	false	1531	None
LINESTRING (3150172.165 187359.717, 3150170.622 187359.119)	118	625	0	583	false	1531	None
LINESTRING (3150170.622 187359.119, 3150169.639 187358.857)	118	625	0	584	false	1531	None
LINESTRING (3150169.639 187358.857, 3150151.093 187352.024)	118	625	0	585	false	1531	None
LINESTRING (3150151.093 187352.024, 3149454.88 187093.447)	118	625	0	586	false	1531	None
LINESTRING (3149454.88 187093.447, 3149421.294 187080.905)	118	625	0	587	false	1531	None
LINESTRING (3149421.294 187080.905, 3149320.457 187043.488)	118	625	0	588	false	1531	None
LINESTRING (3149320.457 187043.488, 3149286.745 187031.018)	118	625	0	589	false	1531	None
LINESTRING (3149286.745 187031.018, 3149153.093 186981.361)	118	625	0	590	false	1531	None
LINESTRING (3149153.093 186981.361, 3148751.874 186832.305)	118	625	0	591	false	1531	None
LINESTRING (3148751.874 186832.305, 3148618.047 186782.591)	118	625	0	592	false	1531	None
LINESTRING (3148618.047 186782.591, 3148643.141 186702.82)	118	625	0	593	false	1531	None
LINESTRING (3148643.141 186702.82, 3148649.157 186683.73)	118	625	0	594	false	1531	None
LINESTRING (3148649.157 186683.73, 3148681.403 186580.667)	118	625	0	595	false	1531	None
LINESTRING (3148681.403 186580.667, 3148690.503 186551.585)	118	625	0	596	false	1531	None
LINESTRING (3148690.503 186551.585, 3148717.831 186463.755)	118	625	0	597	false	1531	None
LINESTRING (3148717.831 186463.755, 3148742.547 186384.194)	118	625	0	598	false	1531	None
LINESTRING (3148742.547 186384.194, 3148745.486 186375.337)	118	625	0	599	false	1531	None
LINESTRING (3148745.486 186375.337, 3148753.595 186349.322)	118	625	0	600	false	1531	None
LINESTRING (3148753.595 186349.322, 3148782.395 186257.183)	118	625	0	601	false	1531	None
LINESTRING (3148782.395 186257.183, 3148901.093 185876.296)	118	625	0	602	false	1531	None
LINESTRING (3148901.093 185876.296, 3148918.1 185821.716)	118	625	0	603	false	1531	None
LINESTRING (3148918.1 185821.716, 3148918.055 185821.579)	118	625	0	604	false	1531	None
LINESTRING (3148918.055 185821.579, 3148940.391 185749.428)	118	625	0	605	false	1531	S:3148919.205682763 185817.862
LINESTRING (3147206.21 185803.468, 3147196.478 185827.07)	118	625	0	616	false	1531	S:3147200.2748077284 185817.862
LINESTRING (3147196.478 185827.07, 3147167.29 185898.114)	118	625	0	617	false	1531	None
LINESTRING (3147167.29 185898.114, 3147104.403 186050.831)	118	625	0	618	false	1531	None
LINESTRING (3147104.403 186050.831, 3146995.242 186006.654)	118	625	0	619	false	1531	None
LINESTRING (3146995.242 186006.654, 3146916.4 185975.053)	118	625	0	620	false	1531	None
LINESTRING (3146916.4 185975.053, 3146746.183 185906.286)	118	625	0	621	false	1531	None
LINESTRING (3146746.183 185906.286, 3146349.457 185746.375)	118	625	0	622	false	1531	W:3146537.384 185822.1239917399
LINESTRING (3146349.457 185746.375, 3146746.183 185906.286)	118	629	0	65	false	793	W:3146537.384 185822.1239917399
LINESTRING (3146746.183 185906.286, 3146916.4 185975.053)	118	629	0	66	false	793	None
LINESTRING (3146916.4 185975.053, 3146995.242 186006.654)	118	629	0	67	false	793	None
LINESTRING (3146995.242 186006.654, 3147104.403 186050.831)	118	629	0	68	false	793	None
LINESTRING (3147104.403 186050.831, 3147167.29 185898.114)	118	629	0	69	false	793	None
LINESTRING (3147167.29 185898.114, 3147196.478 185827.07)	118	629	0	70	false	793	None
LINESTRING (3147196.478 185827.07, 3147206.21 185803.468)	118	629	0	71	false	793	S:3147200.2748077284 185817.862
LINESTRING (3148940.391 185749.428, 3148918.055 185821.579)	118	629	0	82	false	793	S:3148919.205682763 185817.862
LINESTRING (3148918.055 185821.579, 3148918.1 185821.716)	118	629	0	83	false	793	None
LINESTRING (3148918.1 185821.716, 3148901.093 185876.296)	118	629	0	84	false	793	None
LINESTRING (3148901.093 185876.296, 3148782.395 186257.183)	118	629	0	85	false	793	None
LINESTRING (3148782.395 186257.183, 3148753.595 186349.322)	118	629	0	86	false	793	None
LINESTRING (3148753.595 186349.322, 3148745.486 186375.337)	118	629	0	87	false	793	None
LINESTRING (3148745.486 186375.337, 3148742.547 186384.194)	118	629	0	88	false	793	None
LINESTRING (3148742.547 186384.194, 3148717.831 186463.755)	118	629	0	89	false	793	None
LINESTRING (3148717.831 186463.755, 3148690.503 186551.585)	118	629	0	90	false	793	None
LINESTRING (3148690.503 186551.585, 3148681.403 186580.667)	118	629	0	91	false	793	None
LINESTRING (3148681.403 186580.667, 3148649.157 186683.73)	118	629	0	92	false	793	None
LINESTRING (3148649.157 186683.73, 3148643.141 186702.82)	118	629	0	93	false	793	None
LINESTRING (3148643.141 186702.82, 3148618.047 186782.591)	118	629	0	94	false	793	None
LINESTRING (3148618.047 186782.591, 3148751.874 186832.305)	118	629	0	95	false	793	None
LINESTRING (3148751.874 186832.305, 3149153.093 186981.361)	118	629	0	96	false	793	None
LINESTRING (3149153.093 186981.361, 3149286.745 187031.018)	118	629	0	97	false	793	None
LINESTRING (3149286.745 187031.018, 3149320.457 187043.488)	118	629	0	98	false	793	None
LINESTRING (3149320.457 187043.488, 3149421.294 187080.905)	118	629	0	99	false	793	None
LINESTRING (3149421.294 187080.905, 3149454.88 187093.447)	118	629	0	100	false	793	None
LINESTRING (3149454.88 187093.447, 3150151.093 187352.024)	118	629	0	101	false	793	None
LINESTRING (3150151.093 187352.024, 3150169.639 187358.857)	118	629	0	102	false	793	None
LINESTRING (3150169.639 187358.857, 3150170.622 187359.119)	118	629	0	103	false	793	None
LINESTRING (3150170.622 187359.119, 3150172.165 187359.717)	118	629	0	104	false	793	None
LINESTRING (3150172.165 187359.717, 3150209.863 187373.857)	118	629	0	105	false	793	None
LINESTRING (3150209.863 187373.857, 3150210.12 187373.957)	118	629	0	106	false	793	None
LINESTRING (3150210.12 187373.957, 3150322.86 187415.763)	118	629	0	107	false	793	None
LINESTRING (3150322.86 187415.763, 3150335.967 187420.607)	118	629	0	108	false	793	None
LINESTRING (3150335.967 187420.607, 3150360.427 187429.733)	118	629	0	109	false	793	None
LINESTRING (3150360.427 187429.733, 3150411.398 187448.544)	118	629	0	110	false	793	None
LINESTRING (3150411.398 187448.544, 3150563.932 187505.188)	118	629	0	111	false	793	None
LINESTRING (3150563.932 187505.188, 3150614.736 187524.174)	118	629	0	112	false	793	None
LINESTRING (3150614.736 187524.174, 3150622.192 187527.065)	118	629	0	113	false	793	None
LINESTRING (3150622.192 187527.065, 3150644.52 187535.842)	118	629	0	114	false	793	None
LINESTRING (3150644.52 187535.842, 3150684.164 187551.572)	118	629	0	115	false	793	None
LINESTRING (3150684.164 187551.572, 3150711.806 187562.409)	118	629	0	116	false	793	None
LINESTRING (3150711.806 187562.409, 3150890.826 187633.378)	118	629	0	117	false	793	None
LINESTRING (3150890.826 187633.378, 3150944.439 187654.526)	118	629	0	118	false	793	None
LINESTRING (3150944.439 187654.526, 3150950.232 187657.13)	118	629	0	119	false	793	None
LINESTRING (3150950.232 187657.13, 3151040.433 187692.23)	118	629	0	120	false	793	None
LINESTRING (3151040.433 187692.23, 3151310.331 187798.335)	118	629	0	121	false	793	None
LINESTRING (3151310.331 187798.335, 3151399.987 187833.824)	118	629	0	122	false	793	None
LINESTRING (3151399.987 187833.824, 3151403.455 187835.05)	118	629	0	123	false	793	None
LINESTRING (3151403.455 187835.05, 3151413.27 187838.976)	118	629	0	124	false	793	None
LINESTRING (3151413.27 187838.976, 3151416.486 187840.343)	118	629	0	125	false	793	None
LINESTRING (3151416.486 187840.343, 3151416.658 187840.409)	118	629	0	126	false	793	None
LINESTRING (3151416.658 187840.409, 3151428.313 187844.93)	118	629	0	127	false	793	None
LINESTRING (3151428.313 187844.93, 3151431.786 187846.396)	118	629	0	128	false	793	None
LINESTRING (3151431.786 187846.396, 3151463.414 187858.902)	118	629	0	129	false	793	None
LINESTRING (3151463.414 187858.902, 3151468.601 187861.033)	118	629	0	130	false	793	None
LINESTRING (3151468.601 187861.033, 3151464.249 187873.271)	118	629	0	131	false	793	None
LINESTRING (3151464.249 187873.271, 3151451.152 187910.087)	118	629	0	132	false	793	None
LINESTRING (3151451.152 187910.087, 3151446.673 187922.395)	118	629	0	133	false	793	None
LINESTRING (3151446.673 187922.395, 3151438.37 187945.836)	118	629	0	134	false	793	None
LINESTRING (3151438.37 187945.836, 3151429.32 187971.963)	118	629	0	135	false	793	None
LINESTRING (3151429.32 187971.963, 3151408.744 188031.111)	118	629	0	136	false	793	None
LINESTRING (3151408.744 188031.111, 3151374.947 188119.768)	118	629	0	137	false	793	None
LINESTRING (3151374.947 188119.768, 3151361.795 188154.183)	118	629	0	138	false	793	None
LINESTRING (3151361.795 188154.183, 3151356.268 188168.941)	118	629	0	139	false	793	None
LINESTRING (3151356.268 188168.941, 3151351.83 188181.145)	118	629	0	140	false	793	None
LINESTRING (3151351.83 188181.145, 3151338.052 188217.936)	118	629	0	141	false	793	None
LINESTRING (3151338.052 188217.936, 3151333.488 188230.211)	118	629	0	142	false	793	None
LINESTRING (3151333.488 188230.211, 3151319.775 188266.074)	118	629	0	143	false	793	None
LINESTRING (3151319.775 188266.074, 3151205.812 188563.948)	118	629	0	144	false	793	None
LINESTRING (3151205.812 188563.948, 3151149.147 188715.627)	118	629	0	145	false	793	None
LINESTRING (3151149.147 188715.627, 3151096.203 188853.395)	118	629	0	146	false	793	None
LINESTRING (3151096.203 188853.395, 3151058.191 188958.509)	118	629	0	147	false	793	None
LINESTRING (3151058.191 188958.509, 3151050.097 188978.104)	118	629	0	148	false	793	None
LINESTRING (3151050.097 188978.104, 3151075.035 189027.413)	118	629	0	149	false	793	None
LINESTRING (3151075.035 189027.413, 3151061.771 189083.209)	118	629	0	150	false	793	None
LINESTRING (3151061.771 189083.209, 3151053.458 189128.785)	118	629	0	151	false	793	None
LINESTRING (3151053.458 189128.785, 3151039.84 189212.177)	118	629	0	152	false	793	None
LINESTRING (3151039.84 189212.177, 3151025.777 189304.086)	118	629	0	153	false	793	None
LINESTRING (3151025.777 189304.086, 3151006.67 189398.324)	118	629	0	154	false	793	None
LINESTRING (3151006.67 189398.324, 3150996.538 189453.669)	118	629	0	155	false	793	None
LINESTRING (3150996.538 189453.669, 3150984.188 189508.63)	118	629	0	156	false	793	None
LINESTRING (3150984.188 189508.63, 3150971.082 189556.394)	118	629	0	157	false	793	None
LINESTRING (3150971.082 189556.394, 3150949.375 189618.2)	118	629	0	158	false	793	None
LINESTRING (3150949.375 189618.2, 3150905.993 189701.831)	118	629	0	159	false	793	None
LINESTRING (3150905.993 189701.831, 3150853.669 189784.374)	118	629	0	160	false	793	None
LINESTRING (3150853.669 189784.374, 3150779.994 189878.513)	118	629	0	161	false	793	None
LINESTRING (3150779.994 189878.513, 3150756.118 189906.269)	118	629	0	162	false	793	None
LINESTRING (3150756.118 189906.269, 3150722.196 189947.982)	118	629	0	163	false	793	None
LINESTRING (3150722.196 189947.982, 3150670.807 190006.012)	118	629	0	164	false	793	None
LINESTRING (3150670.807 190006.012, 3150625.627 190066.332)	118	629	0	165	false	793	None
LINESTRING (3150625.627 190066.332, 3150609.432 190090.044)	118	629	0	166	false	793	None
LINESTRING (3150609.432 190090.044, 3150563.024 190086.446)	118	629	0	167	false	793	None
LINESTRING (3150563.024 190086.446, 3150545.163 190130.462)	118	629	0	168	false	793	None
LINESTRING (3150545.163 190130.462, 3150479.895 190265.951)	118	629	0	169	false	793	None
LINESTRING (3150479.895 190265.951, 3150452.865 190317.599)	118	629	0	170	false	793	None
LINESTRING (3150452.865 190317.599, 3150423.603 190375.761)	118	629	0	171	false	793	None
LINESTRING (3150423.603 190375.761, 3150391.138 190436.846)	118	629	0	172	false	793	None
LINESTRING (3150391.138 190436.846, 3150359.645 190497.714)	118	629	0	173	false	793	None
LINESTRING (3150359.645 190497.714, 3150330.523 190558.311)	118	629	0	174	false	793	None
LINESTRING (3150330.523 190558.311, 3150306.282 190605.565)	118	629	0	175	false	793	None
LINESTRING (3150306.282 190605.565, 3150272.577 190675.692)	118	629	0	176	false	793	None
LINESTRING (3150272.577 190675.692, 3150261.765 190698.994)	118	629	0	177	false	793	None
LINESTRING (3150261.765 190698.994, 3150246.782 190731.271)	118	629	0	178	false	793	None
LINESTRING (3150246.782 190731.271, 3150218.125 190799.309)	118	629	0	179	false	793	None
LINESTRING (3150218.125 190799.309, 3150181.179 190893.294)	118	629	0	180	false	793	None
LINESTRING (3150181.179 190893.294, 3150168.132 190930.488)	118	629	0	181	false	793	None
LINESTRING (3150168.132 190930.488, 3150129.98 191033.17)	118	629	0	182	false	793	None
LINESTRING (3150129.98 191033.17, 3150117.388 191067.922)	118	629	0	183	false	793	None
LINESTRING (3150117.388 191067.922, 3150042.872 191273.505)	118	629	0	184	false	793	None
LINESTRING (3150042.872 191273.505, 3150027.26 191319.346)	118	629	0	185	false	793	None
LINESTRING (3150027.26 191319.346, 3149997.505 191406.479)	118	629	0	186	false	793	None
LINESTRING (3149997.505 191406.479, 3149949.759 191535.673)	118	629	0	187	false	793	None
LINESTRING (3149949.759 191535.673, 3149903.949 191665.976)	118	629	0	188	false	793	None
LINESTRING (3149903.949 191665.976, 3149810.929 191921.041)	118	629	0	189	false	793	None
LINESTRING (3149810.929 191921.041, 3149757.301 192073.784)	118	629	0	190	false	793	None
LINESTRING (3149757.301 192073.784, 3149720.23 192179.267)	118	629	0	191	false	793	None
LINESTRING (3149720.23 192179.267, 3149666.103 192324.914)	118	629	0	192	false	793	None
LINESTRING (3149666.103 192324.914, 3149662.706 192323.001)	118	629	0	193	false	793	None
LINESTRING (3149662.706 192323.001, 3149652.259 192317.164)	118	629	0	194	false	793	None
LINESTRING (3149652.259 192317.164, 3149648.737 192315.321)	118	629	0	195	false	793	None
LINESTRING (3149648.737 192315.321, 3149588.732 192282.287)	118	629	0	196	false	793	None
LINESTRING (3149588.732 192282.287, 3149577.062 192276.808)	118	629	0	197	false	793	None
LINESTRING (3149577.062 192276.808, 3149572.003 192274.608)	118	629	0	198	false	793	None
LINESTRING (3149572.003 192274.608, 3149535.438 192258.879)	118	629	0	199	false	793	None
LINESTRING (3149535.438 192258.879, 3149505.289 192247.186)	118	629	0	200	false	793	None
LINESTRING (3149505.289 192247.186, 3149359.465 192194.319)	118	629	0	201	false	793	None
LINESTRING (3149359.465 192194.319, 3149349.324 192190.743)	118	629	0	202	false	793	None
LINESTRING (3149349.324 192190.743, 3149294.686 192171.815)	118	629	0	203	false	793	None
LINESTRING (3149294.686 192171.815, 3149272.765 192163.552)	118	629	0	204	false	793	None
LINESTRING (3149272.765 192163.552, 3149252.789 192156.876)	118	629	0	205	false	793	None
LINESTRING (3149252.789 192156.876, 3149240.986 192153.013)	118	629	0	206	false	793	None
LINESTRING (3149240.986 192153.013, 3149193.104 192136.229)	118	629	0	207	false	793	None
LINESTRING (3149193.104 192136.229, 3149173.123 192129.314)	118	629	0	208	false	793	None
LINESTRING (3149173.123 192129.314, 3149153.439 192122.394)	118	629	0	209	false	793	None
LINESTRING (3149153.439 192122.394, 3149098.841 192103.364)	118	629	0	210	false	793	None
LINESTRING (3149098.841 192103.364, 3149094.307 192101.844)	118	629	0	211	false	793	None
LINESTRING (3149094.307 192101.844, 3149074.503 192095.235)	118	629	0	212	false	793	None
LINESTRING (3149074.503 192095.235, 3149071.465 192094.176)	118	629	0	213	false	793	None
LINESTRING (3149071.465 192094.176, 3149062.311 192091.103)	118	629	0	214	false	793	None
LINESTRING (3149062.311 192091.103, 3149059.233 192090.147)	118	629	0	215	false	793	None
LINESTRING (3149059.233 192090.147, 3149030.657 192080.494)	118	629	0	216	false	793	None
LINESTRING (3149030.657 192080.494, 3148944.81 192051.847)	118	629	0	217	false	793	None
LINESTRING (3148944.81 192051.847, 3148916.069 192042.368)	118	629	0	218	false	793	None
LINESTRING (3148916.069 192042.368, 3148912.174 192040.977)	118	629	0	219	false	793	None
LINESTRING (3148912.174 192040.977, 3148900.37 192037.114)	118	629	0	220	false	793	None
LINESTRING (3148900.37 192037.114, 3148896.35 192035.793)	118	629	0	221	false	793	None
LINESTRING (3148896.35 192035.793, 3148845.577 192018.843)	118	629	0	222	false	793	None
LINESTRING (3148845.577 192018.843, 3148800.366 192003.811)	118	629	0	223	false	793	None
LINESTRING (3148800.366 192003.811, 3148731.648 191981.809)	118	629	0	224	false	793	None
LINESTRING (3148731.648 191981.809, 3148719.936 191978.219)	118	629	0	225	false	793	None
LINESTRING (3148719.936 191978.219, 3148692.409 191969.927)	118	629	0	226	false	793	None
LINESTRING (3148692.409 191969.927, 3148647.145 191956.304)	118	629	0	227	false	793	None
LINESTRING (3148647.145 191956.304, 3148640.994 191954.633)	118	629	0	228	false	793	None
LINESTRING (3148640.994 191954.633, 3148639.241 191954.073)	118	629	0	229	false	793	None
LINESTRING (3148639.241 191954.073, 3148633.689 191952.634)	118	629	0	230	false	793	None
LINESTRING (3148633.689 191952.634, 3148631.81 191952.144)	118	629	0	231	false	793	None
LINESTRING (3148631.81 191952.144, 3148606.053 191945.133)	118	629	0	232	false	793	None
LINESTRING (3148606.053 191945.133, 3148603.62 191944.547)	118	629	0	233	false	793	None
LINESTRING (3148603.62 191944.547, 3148575.709 191938.01)	118	629	0	234	false	793	None
LINESTRING (3148575.709 191938.01, 3148560.453 191935.427)	118	629	0	235	false	793	None
LINESTRING (3148560.453 191935.427, 3148546.589 191934.337)	118	629	0	236	false	793	None
LINESTRING (3148546.589 191934.337, 3148516.265 191933.768)	118	629	0	237	false	793	None
LINESTRING (3148516.265 191933.768, 3148500.806 191933.487)	118	629	0	238	false	793	None
LINESTRING (3148500.806 191933.487, 3148486.466 191933.879)	118	629	0	239	false	793	None
LINESTRING (3148486.466 191933.879, 3148482.775 191933.995)	118	629	0	240	false	793	None
LINESTRING (3148482.775 191933.995, 3148468.165 191935.591)	118	629	0	241	false	793	None
LINESTRING (3148468.165 191935.591, 3148443.332 191939.413)	118	629	0	242	false	793	None
LINESTRING (3148443.332 191939.413, 3148359.696 191952.335)	118	629	0	243	false	793	None
LINESTRING (3148359.696 191952.335, 3148320.337 191959.571)	118	629	0	244	false	793	None
LINESTRING (3148320.337 191959.571, 3148313.898 191960.169)	118	629	0	245	false	793	None
LINESTRING (3148313.898 191960.169, 3148306.996 191960.944)	118	629	0	246	false	793	None
LINESTRING (3148306.996 191960.944, 3148284.921 191960.956)	118	629	0	247	false	793	None
LINESTRING (3148284.921 191960.956, 3148271.763 191957.283)	118	629	0	248	false	793	None
LINESTRING (3148271.763 191957.283, 3148269.768 191962.937)	118	629	0	249	false	793	None
LINESTRING (3148269.768 191962.937, 3148263.577 191980.176)	118	629	0	250	false	793	None
LINESTRING (3148263.577 191980.176, 3148261.457 191985.9)	118	629	0	251	false	793	None
LINESTRING (3148261.457 191985.9, 3148260.259 191989.244)	118	629	0	252	false	793	None
LINESTRING (3148260.259 191989.244, 3148256.75 191999.31)	118	629	0	253	false	793	None
LINESTRING (3148256.75 191999.31, 3148255.427 192002.724)	118	629	0	254	false	793	None
LINESTRING (3148255.427 192002.724, 3148254.034 192006.826)	118	629	0	255	false	793	None
LINESTRING (3148254.034 192006.826, 3148249.723 192018.962)	118	629	0	256	false	793	None
LINESTRING (3148249.723 192018.962, 3148248.204 192023.134)	118	629	0	257	false	793	None
LINESTRING (3148248.204 192023.134, 3148245.814 192030.062)	118	629	0	258	false	793	None
LINESTRING (3148245.814 192030.062, 3148238.265 192051.059)	118	629	0	259	false	793	None
LINESTRING (3148238.265 192051.059, 3148235.622 192058.128)	118	629	0	260	false	793	None
LINESTRING (3148235.622 192058.128, 3148234.189 192062.333)	118	629	0	261	false	793	None
LINESTRING (3148234.189 192062.333, 3148229.678 192074.986)	118	629	0	262	false	793	None
LINESTRING (3148229.678 192074.986, 3148228.033 192079.229)	118	629	0	263	false	793	None
LINESTRING (3148228.033 192079.229, 3148227.397 192081.124)	118	629	0	264	false	793	None
LINESTRING (3148227.397 192081.124, 3148225.362 192086.881)	118	629	0	265	false	793	None
LINESTRING (3148225.362 192086.881, 3148224.6 192088.847)	118	629	0	266	false	793	None
LINESTRING (3148224.6 192088.847, 3148222.116 192087.884)	118	629	0	267	false	793	None
LINESTRING (3148222.116 192087.884, 3148214.664 192084.996)	118	629	0	268	false	793	None
LINESTRING (3148214.664 192084.996, 3148212.18 192084.033)	118	629	0	269	false	793	None
LINESTRING (3148212.18 192084.033, 3148178.816 192070.979)	118	629	0	270	false	793	None
LINESTRING (3148178.816 192070.979, 3148159.509 192063.851)	118	629	0	271	false	793	None
LINESTRING (3148159.509 192063.851, 3148127.684 192053.18)	118	629	0	272	false	793	None
LINESTRING (3148127.684 192053.18, 3148103.006 192046.946)	118	629	0	273	false	793	None
LINESTRING (3148103.006 192046.946, 3148090.475 192044.706)	118	629	0	274	false	793	None
LINESTRING (3148090.475 192044.706, 3148074.944 192043.089)	118	629	0	275	false	793	None
LINESTRING (3148074.944 192043.089, 3148068.775 192042.483)	118	629	0	276	false	793	None
LINESTRING (3148068.775 192042.483, 3148045.935 192042.436)	118	629	0	277	false	793	None
LINESTRING (3148045.935 192042.436, 3148033.943 192043.381)	118	629	0	278	false	793	None
LINESTRING (3148033.943 192043.381, 3148022.092 192044.977)	118	629	0	279	false	793	None
LINESTRING (3148022.092 192044.977, 3148008.492 192048.036)	118	629	0	280	false	793	None
LINESTRING (3148008.492 192048.036, 3147995.125 192052.019)	118	629	0	281	false	793	None
LINESTRING (3147995.125 192052.019, 3147965.842 192061.734)	118	629	0	282	false	793	None
LINESTRING (3147965.842 192061.734, 3147954.57 192066.41)	118	629	0	283	false	793	None
LINESTRING (3147954.57 192066.41, 3147943.487 192071.873)	118	629	0	284	false	793	None
LINESTRING (3147943.487 192071.873, 3147932.843 192077.983)	118	629	0	285	false	793	None
LINESTRING (3147932.843 192077.983, 3147917.417 192088.547)	118	629	0	286	false	793	None
LINESTRING (3147917.417 192088.547, 3147902.555 192101.472)	118	629	0	287	false	793	None
LINESTRING (3147902.555 192101.472, 3147893.209 192110.584)	118	629	0	288	false	793	None
LINESTRING (3147893.209 192110.584, 3147883.599 192121.142)	118	629	0	289	false	793	None
LINESTRING (3147883.599 192121.142, 3147874.68 192132.205)	118	629	0	290	false	793	None
LINESTRING (3147874.68 192132.205, 3147866.109 192143.641)	118	629	0	291	false	793	None
LINESTRING (3147866.109 192143.641, 3147858.429 192155.065)	118	629	0	292	false	793	None
LINESTRING (3147858.429 192155.065, 3147799.331 192248.558)	118	629	0	293	false	793	None
LINESTRING (3147799.331 192248.558, 3147735.57 192347.98)	118	629	0	294	false	793	None
LINESTRING (3147735.57 192347.98, 3147731.22 192354.626)	118	629	0	295	false	793	None
LINESTRING (3147731.22 192354.626, 3147715.54 192378.303)	118	629	0	296	false	793	None
LINESTRING (3147715.54 192378.303, 3147709.607 192386.239)	118	629	0	297	false	793	None
LINESTRING (3147709.607 192386.239, 3147703.109 192393.598)	118	629	0	298	false	793	None
LINESTRING (3147703.109 192393.598, 3147695.16 192400.634)	118	629	0	299	false	793	None
LINESTRING (3147695.16 192400.634, 3147686.732 192407.127)	118	629	0	300	false	793	None
LINESTRING (3147686.732 192407.127, 3147671.353 192417.828)	118	629	0	301	false	793	None
LINESTRING (3147671.353 192417.828, 3147650.533 192430.11)	118	629	0	302	false	793	None
LINESTRING (3147650.533 192430.11, 3147640.125 192435.359)	118	629	0	303	false	793	None
LINESTRING (3147640.125 192435.359, 3147629.357 192439.755)	118	629	0	304	false	793	None
LINESTRING (3147629.357 192439.755, 3147617.671 192442.961)	118	629	0	305	false	793	None
LINESTRING (3147617.671 192442.961, 3147603.769 192445.785)	118	629	0	306	false	793	None
LINESTRING (3147603.769 192445.785, 3147577.485 192451.07)	118	629	0	307	false	793	None
LINESTRING (3147577.485 192451.07, 3147533.714 192458.264)	118	629	0	308	false	793	None
LINESTRING (3147533.714 192458.264, 3147502.249 192463.445)	118	629	0	309	false	793	None
LINESTRING (3147502.249 192463.445, 3147352.032 192490.081)	118	629	0	310	false	793	None
LINESTRING (3147352.032 192490.081, 3147323.166 192495.674)	118	629	0	311	false	793	None
LINESTRING (3147323.166 192495.674, 3147252.967 192509.29)	118	629	0	312	false	793	None
LINESTRING (3147252.967 192509.29, 3147214.846 192516.652)	118	629	0	313	false	793	None
LINESTRING (3147214.846 192516.652, 3147186.125 192521.112)	118	629	0	314	false	793	None
LINESTRING (3147186.125 192521.112, 3147179.103 192522.199)	118	629	0	315	false	793	None
LINESTRING (3147179.103 192522.199, 3147142.476 192526.213)	118	629	0	316	false	793	None
LINESTRING (3147142.476 192526.213, 3147097.313 192531.918)	118	629	0	317	false	793	None
LINESTRING (3147097.313 192531.918, 3147075.434 192532.96)	118	629	0	318	false	793	None
LINESTRING (3147075.434 192532.96, 3146986.057 192533.788)	118	629	0	319	false	793	None
LINESTRING (3146986.057 192533.788, 3146965.898 192533.95)	118	629	0	320	false	793	None
LINESTRING (3146965.898 192533.95, 3146941.956 192535.74)	118	629	0	321	false	793	None
LINESTRING (3146941.956 192535.74, 3146919.258 192538.131)	118	629	0	322	false	793	None
LINESTRING (3146919.258 192538.131, 3146918.115 192538.283)	118	629	0	323	false	793	None
LINESTRING (3146918.115 192538.283, 3146910.272 192538.695)	118	629	0	324	false	793	None
LINESTRING (3146910.272 192538.695, 3146894.208 192539.729)	118	629	0	325	false	793	None
LINESTRING (3146894.208 192539.729, 3146883.046 192539.807)	118	629	0	326	false	793	None
LINESTRING (3146883.046 192539.807, 3146875.917 192539.901)	118	629	0	327	false	793	None
LINESTRING (3146875.917 192539.901, 3146873.963 192539.858)	118	629	0	328	false	793	None
LINESTRING (3146873.963 192539.858, 3146861.985 192539.501)	118	629	0	329	false	793	None
LINESTRING (3146861.985 192539.501, 3146857.655 192539.489)	118	629	0	330	false	793	None
LINESTRING (3146857.655 192539.489, 3146826.068 192537.364)	118	629	0	331	false	793	None
LINESTRING (3146826.068 192537.364, 3146825.388 192537.339)	118	629	0	332	false	793	None
LINESTRING (3146825.388 192537.339, 3146814.269 192535.529)	118	629	0	333	false	793	None
LINESTRING (3146814.269 192535.529, 3146800.873 192566.281)	118	629	0	334	false	793	None
LINESTRING (3146800.873 192566.281, 3146790.949 192589.095)	118	629	0	335	false	793	None
LINESTRING (3146790.949 192589.095, 3146760.688 192658.537)	118	629	0	336	false	793	None
LINESTRING (3146760.688 192658.537, 3146747.168 192689.36)	118	629	0	337	false	793	None
LINESTRING (3146747.168 192689.36, 3146729.108 192733.42)	118	629	0	338	false	793	None
LINESTRING (3146729.108 192733.42, 3146704.966 192791.904)	118	629	0	339	false	793	None
LINESTRING (3146704.966 192791.904, 3146673.131 192864.902)	118	629	0	340	false	793	None
LINESTRING (3146673.131 192864.902, 3146663.442 192886.855)	118	629	0	341	false	793	None
LINESTRING (3146663.442 192886.855, 3146654.215 192908.63)	118	629	0	342	false	793	None
LINESTRING (3146654.215 192908.63, 3146650.108 192918.464)	118	629	0	343	false	793	None
LINESTRING (3146650.108 192918.464, 3146637.532 192947.867)	118	629	0	344	false	793	None
LINESTRING (3146637.532 192947.867, 3146633.299 192957.772)	118	629	0	345	false	793	None
LINESTRING (3146633.299 192957.772, 3146538.674 192921.578)	118	629	0	346	false	793	None
LINESTRING (3146538.674 192921.578, 3146433.645 192881.474)	118	629	0	347	false	793	W:3146537.384 192921.08542975748
