LINESTRING (3103664.075 201679.578, 3103705.779 201454.99)	58	314	0	1082	false	1296	N:3103695.6839015977 201509.355
LINESTRING (3103705.779 201454.99, 3103681.348 201281.991)	58	314	0	1083	false	1296	None
LINESTRING (3103681.348 201281.991, 3103608.248 201048.538)	58	314	0	1084	false	1296	None
LINESTRING (3103608.248 201048.538, 3103455.546 200840.847)	58	314	0	1085	false	1296	None
LINESTRING (3103455.546 200840.847, 3103422.638 200814.827)	58	314	0	1086	false	1296	None
LINESTRING (3103422.638 200814.827, 3103321.08 200736.994)	58	314	0	1087	false	1296	None
LINESTRING (3103321.08 200736.994, 3103279.151 200724.044)	58	314	0	1088	false	1296	None
LINESTRING (3103279.151 200724.044, 3103083.004 200699.636)	58	314	0	1089	false	1296	None
LINESTRING (3103083.004 200699.636, 3102974.756 200742.368)	58	314	0	1090	false	1296	None
LINESTRING (3102974.756 200742.368, 3102641.215 200874.098)	58	314	0	1091	false	1296	None
LINESTRING (3102641.215 200874.098, 3102562.194 200894.024)	58	314	0	1092	false	1296	None
LINESTRING (3102562.194 200894.024, 3102551.075 200886.682)	58	314	0	1093	false	1296	None
LINESTRING (3102551.075 200886.682, 3102535.815 200860.167)	58	314	0	1094	false	1296	None
LINESTRING (3102535.815 200860.167, 3102556.133 200823.968)	58	314	0	1095	false	1296	None
LINESTRING (3102556.133 200823.968, 3102711.877 200684.48)	58	314	0	1096	false	1296	None
LINESTRING (3102711.877 200684.48, 3102916.346 200499.933)	58	314	0	1097	false	1296	None
LINESTRING (3102916.346 200499.933, 3102910.206 200482.135)	58	314	0	1098	false	1296	None
LINESTRING (3102910.206 200482.135, 3102888.904 200418.845)	58	314	0	1099	false	1296	None
LINESTRING (3102888.904 200418.845, 3102863.604 200364.722)	58	314	0	1100	false	1296	None
LINESTRING (3102863.604 200364.722, 3102867.685 200298.664)	58	314	0	1101	false	1296	None
LINESTRING (3102867.685 200298.664, 3102868.411 200292.405)	58	314	0	1102	false	1296	None
LINESTRING (3102868.411 200292.405, 3102899.566 200249.418)	58	314	0	1103	false	1296	None
LINESTRING (3102899.566 200249.418, 3103085.518 200072.525)	58	314	0	1104	false	1296	None
LINESTRING (3103085.518 200072.525, 3103306.562 199873.406)	58	314	0	1105	false	1296	None
LINESTRING (3103306.562 199873.406, 3103450.377 199641.301)	58	314	0	1106	false	1296	None
LINESTRING (3103450.377 199641.301, 3103528.811 199509.087)	58	314	0	1107	false	1296	None
LINESTRING (3103528.811 199509.087, 3103550.403 199385.197)	58	314	0	1108	false	1296	None
LINESTRING (3103550.403 199385.197, 3103555.797 199351.608)	58	314	0	1109	false	1296	None
LINESTRING (3103555.797 199351.608, 3103562.516 199232.486)	58	314	0	1110	false	1296	None
LINESTRING (3103562.516 199232.486, 3103571.979 199179.538)	58	314	0	1111	false	1296	None
LINESTRING (3103571.979 199179.538, 3103586.157 199166.067)	58	314	0	1112	false	1296	None
LINESTRING (3103586.157 199166.067, 3103594.176 199158.438)	58	314	0	1113	false	1296	None
LINESTRING (3103594.176 199158.438, 3103628.323 199126.104)	58	314	0	1114	false	1296	None
LINESTRING (3103628.323 199126.104, 3103684.311 199068.73)	58	314	0	1115	false	1296	None
LINESTRING (3103684.311 199068.73, 3103792.195 198823.12)	58	314	0	1116	false	1296	E:3103759.05 198898.5783019728
LINESTRING (3103795.371 198027.406, 3103670.319 197845.172)	58	314	0	1122	false	1296	E:3103759.05 197974.47664969758
LINESTRING (3103670.319 197845.172, 3103524.483 197675.195)	58	314	0	1123	false	1296	None
LINESTRING (3103524.483 197675.195, 3103106.727 197252.346)	58	314	0	1124	false	1296	None
LINESTRING (3103106.727 197252.346, 3103039.285 197270.407)	58	314	0	1125	false	1296	None
LINESTRING (3103039.285 197270.407, 3102994.635 197254.523)	58	314	0	1126	false	1296	None
LINESTRING (3102994.635 197254.523, 3102977.475 197077.439)	58	314	0	1127	false	1296	None
LINESTRING (3102977.475 197077.439, 3102999.984 196982.9)	58	314	0	1128	false	1296	None
LINESTRING (3102999.984 196982.9, 3103005.24 196899.352)	58	314	0	1129	false	1296	None
LINESTRING (3103005.24 196899.352, 3103003.811 196779.143)	58	314	0	1130	false	1296	None
LINESTRING (3103003.811 196779.143, 3103009.196 196581.568)	58	314	0	1131	false	1296	None
LINESTRING (3103009.196 196581.568, 3103004.911 196448.03)	58	314	0	1132	false	1296	None
LINESTRING (3103004.911 196448.03, 3102996.833 196430.919)	58	314	0	1133	false	1296	None
LINESTRING (3102996.833 196430.919, 3102980.842 196364.441)	58	314	0	1134	false	1296	None
LINESTRING (3102980.842 196364.441, 3102972.286 196319.58)	58	314	0	1135	false	1296	None
LINESTRING (3102972.286 196319.58, 3102955.767 196265.258)	58	314	0	1136	false	1296	None
LINESTRING (3102955.767 196265.258, 3102949.519 196179.452)	58	314	0	1137	false	1296	None
LINESTRING (3102949.519 196179.452, 3102946.991 196094.949)	58	314	0	1138	false	1296	None
LINESTRING (3102946.991 196094.949, 3102761.718 195391.136)	58	314	0	1139	false	1296	None
LINESTRING (3102761.718 195391.136, 3102590.632 195019.772)	58	314	0	1140	false	1296	None
LINESTRING (3102590.632 195019.772, 3102490.834 194850.568)	58	314	0	1141	false	1296	None
LINESTRING (3102490.834 194850.568, 3102447.883 194647.128)	58	314	0	1142	false	1296	None
LINESTRING (3102447.883 194647.128, 3102290.539 194535.786)	58	314	0	1143	false	1296	None
LINESTRING (3102290.539 194535.786, 3102077.564 194455.234)	58	314	0	1144	false	1296	None
LINESTRING (3102077.564 194455.234, 3101994.284 194451.81)	58	314	0	1145	false	1296	None
LINESTRING (3101994.284 194451.81, 3101955.709 194432.318)	58	314	0	1146	false	1296	None
LINESTRING (3101955.709 194432.318, 3101834.095 194388.228)	58	314	0	1147	false	1296	None
LINESTRING (3101834.095 194388.228, 3101669.085 194390.175)	58	314	0	1148	false	1296	None
LINESTRING (3101669.085 194390.175, 3101536.966 194443.189)	58	314	0	1149	false	1296	None
LINESTRING (3101536.966 194443.189, 3101333.275 194472.426)	58	314	0	1150	false	1296	None
LINESTRING (3101333.275 194472.426, 3101261.581 194556.843)	58	314	0	1151	false	1296	None
LINESTRING (3101261.581 194556.843, 3101310.838 194659.07)	58	314	0	1152	false	1296	None
LINESTRING (3101310.838 194659.07, 3101261.873 194736.13)	58	314	0	1153	false	1296	None
LINESTRING (3101261.873 194736.13, 3101255.799 194786.445)	58	314	0	1154	false	1296	None
LINESTRING (3101255.799 194786.445, 3101212.433 195143.438)	58	314	0	1155	false	1296	None
LINESTRING (3101212.433 195143.438, 3101201.321 195427.801)	58	314	0	1156	false	1296	None
LINESTRING (3101201.321 195427.801, 3101128.622 195654.298)	58	314	0	1157	false	1296	None
LINESTRING (3101128.622 195654.298, 3101095.811 195706.281)	58	314	0	1158	false	1296	None
LINESTRING (3101095.811 195706.281, 3101078.879 195756.25)	58	314	0	1159	false	1296	None
LINESTRING (3101078.879 195756.25, 3101104.56 195832.838)	58	314	0	1160	false	1296	None
LINESTRING (3101104.56 195832.838, 3101135.929 195866.804)	58	314	0	1161	false	1296	None
LINESTRING (3101135.929 195866.804, 3101172.095 195913.891)	58	314	0	1162	false	1296	None
LINESTRING (3101172.095 195913.891, 3101238.351 195956.435)	58	314	0	1163	false	1296	None
LINESTRING (3101238.351 195956.435, 3101232.736 195966.765)	58	314	0	1164	false	1296	None
LINESTRING (3101232.736 195966.765, 3101189.232 195979.968)	58	314	0	1165	false	1296	None
LINESTRING (3101189.232 195979.968, 3101120.638 195976.929)	58	314	0	1166	false	1296	None
LINESTRING (3101120.638 195976.929, 3101045.868 195953.591)	58	314	0	1167	false	1296	None
LINESTRING (3101045.868 195953.591, 3100978.945 195889.169)	58	314	0	1168	false	1296	None
LINESTRING (3100978.945 195889.169, 3100960.388 195847.86)	58	314	0	1169	false	1296	None
LINESTRING (3100960.388 195847.86, 3100945.783 195824.458)	58	314	0	1170	false	1296	None
LINESTRING (3100945.783 195824.458, 3100909.518 195587.583)	58	314	0	1171	false	1296	None
LINESTRING (3100909.518 195587.583, 3100934.004 195441.049)	58	314	0	1172	false	1296	None
LINESTRING (3100934.004 195441.049, 3100935.393 195416.866)	58	314	0	1173	false	1296	None
LINESTRING (3100935.393 195416.866, 3100906.222 195314.471)	58	314	0	1174	false	1296	None
LINESTRING (3100906.222 195314.471, 3100882.987 195142.342)	58	314	0	1175	false	1296	None
LINESTRING (3100882.987 195142.342, 3100867.795 195028.773)	58	314	0	1176	false	1296	None
LINESTRING (3100867.795 195028.773, 3100928.387 194817.495)	58	314	0	1177	false	1296	None
LINESTRING (3100928.387 194817.495, 3100902.652 194747.188)	58	314	0	1178	false	1296	None
LINESTRING (3100902.652 194747.188, 3100875.734 194680.232)	58	314	0	1179	false	1296	None
LINESTRING (3100875.734 194680.232, 3100891.847 194620.325)	58	314	0	1180	false	1296	None
LINESTRING (3100891.847 194620.325, 3100886.419 194572.627)	58	314	0	1181	false	1296	None
LINESTRING (3100886.419 194572.627, 3100829.002 194534.656)	58	314	0	1182	false	1296	None
LINESTRING (3100829.002 194534.656, 3100767.776 194533.37)	58	314	0	1183	false	1296	None
LINESTRING (3100767.776 194533.37, 3100697.686 194546.045)	58	314	0	1184	false	1296	None
LINESTRING (3100697.686 194546.045, 3100619.858 194543.527)	58	314	0	1185	false	1296	None
LINESTRING (3100619.858 194543.527, 3100520.048 194489.13)	58	314	0	1186	false	1296	None
LINESTRING (3100520.048 194489.13, 3100380.679 194486.16)	58	314	0	1187	false	1296	None
LINESTRING (3100380.679 194486.16, 3100248.685 194530.682)	58	314	0	1188	false	1296	None
LINESTRING (3100248.685 194530.682, 3100090.913 194664.807)	58	314	0	1189	false	1296	None
LINESTRING (3100090.913 194664.807, 3100015.397 194830.7)	58	314	0	1190	false	1296	None
LINESTRING (3100015.397 194830.7, 3100019.167 194976.258)	58	314	0	1191	false	1296	None
LINESTRING (3100019.167 194976.258, 3099990.321 195011.46)	58	314	0	1192	false	1296	None
LINESTRING (3099990.321 195011.46, 3099989.378 195003.14)	58	314	0	1193	false	1296	None
LINESTRING (3099989.378 195003.14, 3099946.721 195043.166)	58	314	0	1194	false	1296	None
LINESTRING (3099946.721 195043.166, 3099893.981 195067.462)	58	314	0	1195	false	1296	None
LINESTRING (3099893.981 195067.462, 3099855.379 195053.196)	58	314	0	1196	false	1296	None
LINESTRING (3099855.379 195053.196, 3099841.574 195037.707)	58	314	0	1197	false	1296	None
LINESTRING (3099841.574 195037.707, 3099801.786 194993.404)	58	314	0	1198	false	1296	None
LINESTRING (3099801.786 194993.404, 3099788.873 194952.712)	58	314	0	1199	false	1296	None
LINESTRING (3099788.873 194952.712, 3099781.65 194885.558)	58	314	0	1200	false	1296	None
LINESTRING (3099781.65 194885.558, 3099840.491 194818.563)	58	314	0	1201	false	1296	None
LINESTRING (3099840.491 194818.563, 3099824.679 194747.179)	58	314	0	1202	false	1296	None
LINESTRING (3099824.679 194747.179, 3099857.266 194680.852)	58	314	0	1203	false	1296	None
LINESTRING (3099857.266 194680.852, 3099920.835 194597.365)	58	314	0	1204	false	1296	None
LINESTRING (3099920.835 194597.365, 3099965.849 194520.337)	58	314	0	1205	false	1296	None
LINESTRING (3099965.849 194520.337, 3099949.961 194493.598)	58	314	0	1206	false	1296	None
LINESTRING (3099949.961 194493.598, 3099894.323 194386.216)	58	314	0	1207	false	1296	None
LINESTRING (3099894.323 194386.216, 3099646.949 194312.554)	58	314	0	1208	false	1296	None
LINESTRING (3099646.949 194312.554, 3099672.731 194286.399)	58	314	0	1209	false	1296	None
LINESTRING (3099672.731 194286.399, 3099721.4 194239.875)	58	314	0	1210	false	1296	None
LINESTRING (3099721.4 194239.875, 3099818.699 194146.93)	58	314	0	1211	false	1296	None
LINESTRING (3099818.699 194146.93, 3099878.129 194111.287)	58	314	0	1212	false	1296	None
LINESTRING (3099878.129 194111.287, 3099937.033 194095.521)	58	314	0	1213	false	1296	None
LINESTRING (3099937.033 194095.521, 3099966.84 194138.744)	58	314	0	1214	false	1296	None
LINESTRING (3099966.84 194138.744, 3100067.037 194118.905)	58	314	0	1215	false	1296	None
LINESTRING (3100067.037 194118.905, 3100108.499 194151.133)	58	314	0	1216	false	1296	None
LINESTRING (3100108.499 194151.133, 3100315.616 194174.028)	58	314	0	1217	false	1296	None
LINESTRING (3100315.616 194174.028, 3100472.752 194216.809)	58	314	0	1218	false	1296	None
LINESTRING (3100472.752 194216.809, 3100537.992 194217.606)	58	314	0	1219	false	1296	None
LINESTRING (3100537.992 194217.606, 3100801.214 194159.642)	58	314	0	1220	false	1296	None
LINESTRING (3100801.214 194159.642, 3100885.474 194115.784)	58	314	0	1221	false	1296	None
LINESTRING (3100885.474 194115.784, 3100869.872 193998.379)	58	314	0	1222	false	1296	None
LINESTRING (3100869.872 193998.379, 3100890.668 193827.034)	58	314	0	1223	false	1296	None
LINESTRING (3100890.668 193827.034, 3100891.709 193676.065)	58	314	0	1224	false	1296	None
LINESTRING (3100891.709 193676.065, 3100819.527 193465.528)	58	314	0	1225	false	1296	None
LINESTRING (3100819.527 193465.528, 3100802.335 193382.329)	58	314	0	1226	false	1296	None
LINESTRING (3100802.335 193382.329, 3100819.54 193131.2)	58	314	0	1227	false	1296	None
LINESTRING (3100819.54 193131.2, 3100808.169 192982.385)	58	314	0	1228	false	1296	None
LINESTRING (3100808.169 192982.385, 3100829.849 192729.284)	58	314	0	1229	false	1296	None
LINESTRING (3100829.849 192729.284, 3100835.138 192508.3)	58	314	0	1230	false	1296	None
LINESTRING (3100835.138 192508.3, 3100834.556 192292.917)	58	314	0	1231	false	1296	None
LINESTRING (3100834.556 192292.917, 3100811.113 192273.866)	58	314	0	1232	false	1296	None
LINESTRING (3100811.113 192273.866, 3100729.599 192281.472)	58	314	0	1233	false	1296	None
LINESTRING (3100729.599 192281.472, 3100397.17 192441.697)	58	314	0	1234	false	1296	None
LINESTRING (3100397.17 192441.697, 3099810.545 192688.441)	58	314	0	1235	false	1296	None
LINESTRING (3099810.545 192688.441, 3099546.707 192705.341)	58	314	0	1236	false	1296	None
LINESTRING (3099546.707 192705.341, 3099549.061 192673.212)	58	314	0	1237	false	1296	None
LINESTRING (3099549.061 192673.212, 3099578.051 192560.248)	58	314	0	1238	false	1296	None
LINESTRING (3099578.051 192560.248, 3100559.218 192165.328)	58	314	0	1239	false	1296	None
LINESTRING (3100559.218 192165.328, 3100638.862 192141.8)	58	314	0	1240	false	1296	None
LINESTRING (3100638.862 192141.8, 3100696.568 192118.925)	58	314	0	1241	false	1296	None
LINESTRING (3100696.568 192118.925, 3100703.933 192085.501)	58	314	0	1242	false	1296	None
LINESTRING (3100703.933 192085.501, 3100635.494 192062.458)	58	314	0	1243	false	1296	None
LINESTRING (3100635.494 192062.458, 3100550.295 192059.154)	58	314	0	1244	false	1296	None
LINESTRING (3100550.295 192059.154, 3100414.569 191975.613)	58	314	0	1245	false	1296	None
LINESTRING (3100414.569 191975.613, 3100153.812 191901.844)	58	314	0	1246	false	1296	None
LINESTRING (3100153.812 191901.844, 3099876.679 191825.99)	58	314	0	1247	false	1296	None
LINESTRING (3099876.679 191825.99, 3099669.189 191744.058)	58	314	0	1248	false	1296	None
LINESTRING (3099669.189 191744.058, 3099557.704 191682.617)	58	314	0	1249	false	1296	None
LINESTRING (3099557.704 191682.617, 3099513.202 191609.202)	58	314	0	1250	false	1296	None
LINESTRING (3099513.202 191609.202, 3099466.666 191524.914)	58	314	0	1251	false	1296	None
LINESTRING (3099466.666 191524.914, 3099449.154 191493.402)	58	314	0	1252	false	1296	None
LINESTRING (3099449.154 191493.402, 3099495.719 191436.448)	58	314	0	1253	false	1296	None
LINESTRING (3099495.719 191436.448, 3099517.376 191448.872)	58	314	0	1254	false	1296	None
LINESTRING (3099517.376 191448.872, 3099715.219 191570.239)	58	314	0	1255	false	1296	None
LINESTRING (3099715.219 191570.239, 3100085.413 191688.974)	58	314	0	1256	false	1296	None
LINESTRING (3100085.413 191688.974, 3100354.604 191704.418)	58	314	0	1257	false	1296	None
LINESTRING (3100354.604 191704.418, 3100745.947 191840.526)	58	314	0	1258	false	1296	None
LINESTRING (3100745.947 191840.526, 3100905.576 191988.445)	58	314	0	1259	false	1296	None
LINESTRING (3100905.576 191988.445, 3101190.242 191889.117)	58	314	0	1260	false	1296	None
LINESTRING (3101190.242 191889.117, 3101071.305 192265.586)	58	314	0	1261	false	1296	None
LINESTRING (3101071.305 192265.586, 3101090.356 192291.514)	58	314	0	1262	false	1296	None
LINESTRING (3101090.356 192291.514, 3101065.849 192442.547)	58	314	0	1263	false	1296	None
LINESTRING (3101065.849 192442.547, 3101065.488 192681.454)	58	314	0	1264	false	1296	None
LINESTRING (3101065.488 192681.454, 3101074.726 192959.196)	58	314	0	1265	false	1296	None
LINESTRING (3101074.726 192959.196, 3101106.51 193124.957)	58	314	0	1266	false	1296	None
LINESTRING (3101106.51 193124.957, 3101128.507 193341.517)	58	314	0	1267	false	1296	None
LINESTRING (3101128.507 193341.517, 3101133.423 193711.713)	58	314	0	1268	false	1296	None
LINESTRING (3101133.423 193711.713, 3101256.089 194084.712)	58	314	0	1269	false	1296	None
LINESTRING (3101256.089 194084.712, 3101624.626 193985.135)	58	314	0	1270	false	1296	None
LINESTRING (3101624.626 193985.135, 3101649.58 193938.825)	58	314	0	1271	false	1296	None
LINESTRING (3101649.58 193938.825, 3101930.88 193415.975)	58	314	0	1272	false	1296	None
LINESTRING (3101930.88 193415.975, 3101988.844 192762.537)	58	314	0	1273	false	1296	None
LINESTRING (3101988.844 192762.537, 3101788.997 192046.509)	58	314	0	1274	false	1296	None
LINESTRING (3101788.997 192046.509, 3101763.593 191956.015)	58	314	0	1275	false	1296	None
LINESTRING (3101763.593 191956.015, 3101792.475 191724.672)	58	314	0	1276	false	1296	None
LINESTRING (3101792.475 191724.672, 3101834.082 191407.064)	58	314	0	1277	false	1296	None
LINESTRING (3101834.082 191407.064, 3101881.715 191425.495)	58	314	0	1278	false	1296	None
LINESTRING (3101881.715 191425.495, 3102724.621 191751.766)	58	314	0	1279	false	1296	None
LINESTRING (3102724.621 191751.766, 3102733.015 191754.973)	58	314	0	1280	false	1296	None
LINESTRING (3102733.015 191754.973, 3102822.967 191789.817)	58	314	0	1281	false	1296	None
LINESTRING (3102822.967 191789.817, 3102824.08 191790.242)	58	314	0	1282	false	1296	None
LINESTRING (3102824.08 191790.242, 3103440.534 192028.892)	58	314	0	1283	false	1296	None
LINESTRING (3103440.534 192028.892, 3103444.56 192030.43)	58	314	0	1284	false	1296	None
LINESTRING (3103444.56 192030.43, 3103512.022 192056.569)	58	314	0	1285	false	1296	None
LINESTRING (3103512.022 192056.569, 3103579.14 192082.577)	58	314	0	1286	false	1296	None
LINESTRING (3103579.14 192082.577, 3103579.911 192082.871)	58	314	0	1287	false	1296	None
LINESTRING (3103579.911 192082.871, 3103628.779 192101.667)	58	314	0	1288	false	1296	None
LINESTRING (3103628.779 192101.667, 3103656.794 192112.612)	58	314	0	1289	false	1296	None
LINESTRING (3103656.794 192112.612, 3103739.33 192144.513)	58	314	0	1290	false	1296	None
LINESTRING (3103739.33 192144.513, 3103753.978 192172.45)	58	314	0	1291	false	1296	None
LINESTRING (3103753.978 192172.45, 3105118.191 192727.39)	58	314	0	1292	false	1296	E:3103759.05 192174.51320836984
LINESTRING (3090995.338 201553.687, 3090972.092 201472.249)	58	324	0	252	false	1221	N:3090982.6836903165 201509.355
LINESTRING (3090972.092 201472.249, 3090927.466 201315.786)	58	324	0	253	false	1221	None
LINESTRING (3090927.466 201315.786, 3090906.072 201241.825)	58	324	0	254	false	1221	None
LINESTRING (3090906.072 201241.825, 3090880.194 201152.376)	58	324	0	255	false	1221	None
LINESTRING (3090880.194 201152.376, 3090759.885 200736.277)	58	324	0	256	false	1221	None
LINESTRING (3090759.885 200736.277, 3090598.108 200177.172)	58	324	0	257	false	1221	None
LINESTRING (3090598.108 200177.172, 3090725.651 199833.896)	58	324	0	258	false	1221	None
LINESTRING (3090725.651 199833.896, 3091115.264 198785.473)	58	324	0	259	false	1221	None
LINESTRING (3091115.264 198785.473, 3091314.172 198250.237)	58	324	0	260	false	1221	None
LINESTRING (3091314.172 198250.237, 3091615.682 197438.73)	58	324	0	261	false	1221	None
LINESTRING (3091615.682 197438.73, 3091689.207 197245.215)	58	324	0	262	false	1221	None
LINESTRING (3091689.207 197245.215, 3091747.526 197091.875)	58	324	0	263	false	1221	None
LINESTRING (3091747.526 197091.875, 3091746.828 197089.59)	58	324	0	264	false	1221	None
LINESTRING (3091746.828 197089.59, 3091350.446 195775.181)	58	324	0	265	false	1221	None
LINESTRING (3091350.446 195775.181, 3091352.184 195770.617)	58	324	0	266	false	1221	None
LINESTRING (3091352.184 195770.617, 3091003.435 194688.94)	58	324	0	267	false	1221	None
LINESTRING (3091003.435 194688.94, 3090947.8 194516.801)	58	324	0	268	false	1221	None
LINESTRING (3090947.8 194516.801, 3090947.517 194515.743)	58	324	0	269	false	1221	None
LINESTRING (3090947.517 194515.743, 3090899.931 194363.653)	58	324	0	270	false	1221	None
LINESTRING (3090899.931 194363.653, 3090898.771 194360.005)	58	324	0	271	false	1221	None
LINESTRING (3090898.771 194360.005, 3090769.562 193946.909)	58	324	0	272	false	1221	None
LINESTRING (3090769.562 193946.909, 3090769.377 193946.364)	58	324	0	273	false	1221	None
LINESTRING (3090769.377 193946.364, 3090604.837 193421.254)	58	324	0	274	false	1221	None
LINESTRING (3090604.837 193421.254, 3090583.222 193352.338)	58	324	0	275	false	1221	None
LINESTRING (3090583.222 193352.338, 3090439.976 192895.088)	58	324	0	276	false	1221	None
LINESTRING (3090439.976 192895.088, 3090428.335 192874.149)	58	324	0	277	false	1221	None
LINESTRING (3090428.335 192874.149, 3090370.378 192684.043)	58	324	0	278	false	1221	None
LINESTRING (3090370.378 192684.043, 3089891.324 191115.844)	58	324	0	279	false	1221	None
LINESTRING (3089891.324 191115.844, 3089840.605 190951.193)	58	324	0	280	false	1221	None
LINESTRING (3089840.605 190951.193, 3089923.642 190806.908)	58	324	0	281	false	1221	None
LINESTRING (3089923.642 190806.908, 3090259.265 190225.04)	58	324	0	282	false	1221	None
LINESTRING (3090259.265 190225.04, 3090395.623 189987.277)	58	324	0	283	false	1221	None
LINESTRING (3090395.623 189987.277, 3090787.903 189306.319)	58	324	0	284	false	1221	None
LINESTRING (3090787.903 189306.319, 3090792.306 189298.613)	58	324	0	285	false	1221	None
LINESTRING (3090792.306 189298.613, 3091813.998 187524.861)	58	324	0	286	false	1221	None
LINESTRING (3091813.998 187524.861, 3092859.311 187933.392)	58	324	0	287	false	1221	None
LINESTRING (3092859.311 187933.392, 3092877.743 187940.646)	58	324	0	288	false	1221	None
LINESTRING (3092877.743 187940.646, 3093441.436 188160.952)	58	324	0	289	false	1221	None
LINESTRING (3093441.436 188160.952, 3093673.39 188251.648)	58	324	0	290	false	1221	None
LINESTRING (3093673.39 188251.648, 3093691.004 188258.474)	58	324	0	291	false	1221	None
LINESTRING (3093691.004 188258.474, 3094145.557 188436.09)	58	324	0	292	false	1221	None
LINESTRING (3094145.557 188436.09, 3094544.183 188589.225)	58	324	0	293	false	1221	None
LINESTRING (3094544.183 188589.225, 3095207.905 188844.449)	58	324	0	294	false	1221	None
LINESTRING (3095207.905 188844.449, 3095208.334 188844.613)	58	324	0	295	false	1221	None
LINESTRING (3095208.334 188844.613, 3095298.311 188879.132)	58	324	0	296	false	1221	None
LINESTRING (3095298.311 188879.132, 3095726.226 189043.731)	58	324	0	297	false	1221	None
LINESTRING (3095726.226 189043.731, 3095733.938 189046.67)	58	324	0	298	false	1221	None
LINESTRING (3095733.938 189046.67, 3096230.002 189240.239)	58	324	0	299	false	1221	None
LINESTRING (3096230.002 189240.239, 3096393.266 189303.895)	58	324	0	300	false	1221	None
LINESTRING (3096393.266 189303.895, 3096399.521 189306.279)	58	324	0	301	false	1221	None
LINESTRING (3096399.521 189306.279, 3097409.702 189696.51)	58	324	0	302	false	1221	None
LINESTRING (3097409.702 189696.51, 3097416.556 189699.123)	58	324	0	303	false	1221	None
LINESTRING (3097416.556 189699.123, 3098513.185 190122.833)	58	324	0	304	false	1221	None
LINESTRING (3098513.185 190122.833, 3098539.19 190132.872)	58	324	0	305	false	1221	None
LINESTRING (3098539.19 190132.872, 3099388.617 190461.352)	58	324	0	306	false	1221	None
LINESTRING (3099388.617 190461.352, 3099393.158 190463.084)	58	324	0	307	false	1221	None
LINESTRING (3099393.158 190463.084, 3099434.582 190479.011)	58	324	0	308	false	1221	None
LINESTRING (3099434.582 190479.011, 3100785.522 191001.429)	58	324	0	309	false	1221	None
LINESTRING (3100785.522 191001.429, 3100879.146 191036.937)	58	324	0	310	false	1221	None
LINESTRING (3100879.146 191036.937, 3101031.436 191095.915)	58	324	0	311	false	1221	None
LINESTRING (3101031.436 191095.915, 3101338.976 191215.368)	58	324	0	312	false	1221	None
LINESTRING (3101338.976 191215.368, 3101340.65 191216.126)	58	324	0	313	false	1221	None
LINESTRING (3101340.65 191216.126, 3101427.096 191249.612)	58	324	0	314	false	1221	None
LINESTRING (3101427.096 191249.612, 3101587.519 191311.709)	58	324	0	315	false	1221	None
LINESTRING (3101587.519 191311.709, 3101834.082 191407.064)	58	324	0	316	false	1221	None
LINESTRING (3101834.082 191407.064, 3101792.475 191724.672)	58	324	0	317	false	1221	None
LINESTRING (3101792.475 191724.672, 3101763.593 191956.015)	58	324	0	318	false	1221	None
LINESTRING (3101763.593 191956.015, 3101788.997 192046.509)	58	324	0	319	false	1221	None
LINESTRING (3101788.997 192046.509, 3101988.844 192762.537)	58	324	0	320	false	1221	None
LINESTRING (3101988.844 192762.537, 3101930.88 193415.975)	58	324	0	321	false	1221	None
LINESTRING (3101930.88 193415.975, 3101649.58 193938.825)	58	324	0	322	false	1221	None
LINESTRING (3101649.58 193938.825, 3101624.626 193985.135)	58	324	0	323	false	1221	None
LINESTRING (3101624.626 193985.135, 3101256.089 194084.712)	58	324	0	324	false	1221	None
LINESTRING (3101256.089 194084.712, 3101133.423 193711.713)	58	324	0	325	false	1221	None
LINESTRING (3101133.423 193711.713, 3101128.507 193341.517)	58	324	0	326	false	1221	None
LINESTRING (3101128.507 193341.517, 3101106.51 193124.957)	58	324	0	327	false	1221	None
LINESTRING (3101106.51 193124.957, 3101074.726 192959.196)	58	324	0	328	false	1221	None
LINESTRING (3101074.726 192959.196, 3101065.488 192681.454)	58	324	0	329	false	1221	None
LINESTRING (3101065.488 192681.454, 3101065.849 192442.547)	58	324	0	330	false	1221	None
LINESTRING (3101065.849 192442.547, 3101090.356 192291.514)	58	324	0	331	false	1221	None
LINESTRING (3101090.356 192291.514, 3101071.305 192265.586)	58	324	0	332	false	1221	None
LINESTRING (3101071.305 192265.586, 3101190.242 191889.117)	58	324	0	333	false	1221	None
LINESTRING (3101190.242 191889.117, 3100905.576 191988.445)	58	324	0	334	false	1221	None
LINESTRING (3100905.576 191988.445, 3100745.947 191840.526)	58	324	0	335	false	1221	None
LINESTRING (3100745.947 191840.526, 3100354.604 191704.418)	58	324	0	336	false	1221	None
LINESTRING (3100354.604 191704.418, 3100085.413 191688.974)	58	324	0	337	false	1221	None
LINESTRING (3100085.413 191688.974, 3099715.219 191570.239)	58	324	0	338	false	1221	None
LINESTRING (3099715.219 191570.239, 3099517.376 191448.872)	58	324	0	339	false	1221	None
LINESTRING (3099517.376 191448.872, 3099495.719 191436.448)	58	324	0	340	false	1221	None
LINESTRING (3099495.719 191436.448, 3099449.154 191493.402)	58	324	0	341	false	1221	None
LINESTRING (3099449.154 191493.402, 3099466.666 191524.914)	58	324	0	342	false	1221	None
LINESTRING (3099466.666 191524.914, 3099513.202 191609.202)	58	324	0	343	false	1221	None
LINESTRING (3099513.202 191609.202, 3099557.704 191682.617)	58	324	0	344	false	1221	None
LINESTRING (3099557.704 191682.617, 3099669.189 191744.058)	58	324	0	345	false	1221	None
LINESTRING (3099669.189 191744.058, 3099876.679 191825.99)	58	324	0	346	false	1221	None
LINESTRING (3099876.679 191825.99, 3100153.812 191901.844)	58	324	0	347	false	1221	None
LINESTRING (3100153.812 191901.844, 3100414.569 191975.613)	58	324	0	348	false	1221	None
LINESTRING (3100414.569 191975.613, 3100550.295 192059.154)	58	324	0	349	false	1221	None
LINESTRING (3100550.295 192059.154, 3100635.494 192062.458)	58	324	0	350	false	1221	None
LINESTRING (3100635.494 192062.458, 3100703.933 192085.501)	58	324	0	351	false	1221	None
LINESTRING (3100703.933 192085.501, 3100696.568 192118.925)	58	324	0	352	false	1221	None
LINESTRING (3100696.568 192118.925, 3100638.862 192141.8)	58	324	0	353	false	1221	None
LINESTRING (3100638.862 192141.8, 3100559.218 192165.328)	58	324	0	354	false	1221	None
LINESTRING (3100559.218 192165.328, 3099578.051 192560.248)	58	324	0	355	false	1221	None
LINESTRING (3099578.051 192560.248, 3099549.061 192673.212)	58	324	0	356	false	1221	None
LINESTRING (3099549.061 192673.212, 3099546.707 192705.341)	58	324	0	357	false	1221	None
LINESTRING (3099546.707 192705.341, 3099810.545 192688.441)	58	324	0	358	false	1221	None
LINESTRING (3099810.545 192688.441, 3100397.17 192441.697)	58	324	0	359	false	1221	None
LINESTRING (3100397.17 192441.697, 3100729.599 192281.472)	58	324	0	360	false	1221	None
LINESTRING (3100729.599 192281.472, 3100811.113 192273.866)	58	324	0	361	false	1221	None
LINESTRING (3100811.113 192273.866, 3100834.556 192292.917)	58	324	0	362	false	1221	None
LINESTRING (3100834.556 192292.917, 3100835.138 192508.3)	58	324	0	363	false	1221	None
LINESTRING (3100835.138 192508.3, 3100829.849 192729.284)	58	324	0	364	false	1221	None
LINESTRING (3100829.849 192729.284, 3100808.169 192982.385)	58	324	0	365	false	1221	None
LINESTRING (3100808.169 192982.385, 3100819.54 193131.2)	58	324	0	366	false	1221	None
LINESTRING (3100819.54 193131.2, 3100802.335 193382.329)	58	324	0	367	false	1221	None
LINESTRING (3100802.335 193382.329, 3100819.527 193465.528)	58	324	0	368	false	1221	None
LINESTRING (3100819.527 193465.528, 3100891.709 193676.065)	58	324	0	369	false	1221	None
LINESTRING (3100891.709 193676.065, 3100890.668 193827.034)	58	324	0	370	false	1221	None
LINESTRING (3100890.668 193827.034, 3100869.872 193998.379)	58	324	0	371	false	1221	None
LINESTRING (3100869.872 193998.379, 3100885.474 194115.784)	58	324	0	372	false	1221	None
LINESTRING (3100885.474 194115.784, 3100801.214 194159.642)	58	324	0	373	false	1221	None
LINESTRING (3100801.214 194159.642, 3100537.992 194217.606)	58	324	0	374	false	1221	None
LINESTRING (3100537.992 194217.606, 3100472.752 194216.809)	58	324	0	375	false	1221	None
LINESTRING (3100472.752 194216.809, 3100315.616 194174.028)	58	324	0	376	false	1221	None
LINESTRING (3100315.616 194174.028, 3100108.499 194151.133)	58	324	0	377	false	1221	None
LINESTRING (3100108.499 194151.133, 3100067.037 194118.905)	58	324	0	378	false	1221	None
LINESTRING (3100067.037 194118.905, 3099966.84 194138.744)	58	324	0	379	false	1221	None
LINESTRING (3099966.84 194138.744, 3099937.033 194095.521)	58	324	0	380	false	1221	None
LINESTRING (3099937.033 194095.521, 3099878.129 194111.287)	58	324	0	381	false	1221	None
LINESTRING (3099878.129 194111.287, 3099818.699 194146.93)	58	324	0	382	false	1221	None
LINESTRING (3099818.699 194146.93, 3099721.4 194239.875)	58	324	0	383	false	1221	None
LINESTRING (3099721.4 194239.875, 3099672.731 194286.399)	58	324	0	384	false	1221	None
LINESTRING (3099672.731 194286.399, 3099646.949 194312.554)	58	324	0	385	false	1221	None
LINESTRING (3099646.949 194312.554, 3099894.323 194386.216)	58	324	0	386	false	1221	None
LINESTRING (3099894.323 194386.216, 3099949.961 194493.598)	58	324	0	387	false	1221	None
LINESTRING (3099949.961 194493.598, 3099965.849 194520.337)	58	324	0	388	false	1221	None
LINESTRING (3099965.849 194520.337, 3099920.835 194597.365)	58	324	0	389	false	1221	None
LINESTRING (3099920.835 194597.365, 3099857.266 194680.852)	58	324	0	390	false	1221	None
LINESTRING (3099857.266 194680.852, 3099824.679 194747.179)	58	324	0	391	false	1221	None
LINESTRING (3099824.679 194747.179, 3099840.491 194818.563)	58	324	0	392	false	1221	None
LINESTRING (3099840.491 194818.563, 3099781.65 194885.558)	58	324	0	393	false	1221	None
LINESTRING (3099781.65 194885.558, 3099788.873 194952.712)	58	324	0	394	false	1221	None
LINESTRING (3099788.873 194952.712, 3099801.786 194993.404)	58	324	0	395	false	1221	None
LINESTRING (3099801.786 194993.404, 3099841.574 195037.707)	58	324	0	396	false	1221	None
LINESTRING (3099841.574 195037.707, 3099855.379 195053.196)	58	324	0	397	false	1221	None
LINESTRING (3099855.379 195053.196, 3099893.981 195067.462)	58	324	0	398	false	1221	None
LINESTRING (3099893.981 195067.462, 3099946.721 195043.166)	58	324	0	399	false	1221	None
LINESTRING (3099946.721 195043.166, 3099989.378 195003.14)	58	324	0	400	false	1221	None
LINESTRING (3099989.378 195003.14, 3099990.321 195011.46)	58	324	0	401	false	1221	None
LINESTRING (3099990.321 195011.46, 3100019.167 194976.258)	58	324	0	402	false	1221	None
LINESTRING (3100019.167 194976.258, 3100015.397 194830.7)	58	324	0	403	false	1221	None
LINESTRING (3100015.397 194830.7, 3100090.913 194664.807)	58	324	0	404	false	1221	None
LINESTRING (3100090.913 194664.807, 3100248.685 194530.682)	58	324	0	405	false	1221	None
LINESTRING (3100248.685 194530.682, 3100380.679 194486.16)	58	324	0	406	false	1221	None
LINESTRING (3100380.679 194486.16, 3100520.048 194489.13)	58	324	0	407	false	1221	None
LINESTRING (3100520.048 194489.13, 3100619.858 194543.527)	58	324	0	408	false	1221	None
LINESTRING (3100619.858 194543.527, 3100697.686 194546.045)	58	324	0	409	false	1221	None
LINESTRING (3100697.686 194546.045, 3100767.776 194533.37)	58	324	0	410	false	1221	None
LINESTRING (3100767.776 194533.37, 3100829.002 194534.656)	58	324	0	411	false	1221	None
LINESTRING (3100829.002 194534.656, 3100886.419 194572.627)	58	324	0	412	false	1221	None
LINESTRING (3100886.419 194572.627, 3100891.847 194620.325)	58	324	0	413	false	1221	None
LINESTRING (3100891.847 194620.325, 3100875.734 194680.232)	58	324	0	414	false	1221	None
LINESTRING (3100875.734 194680.232, 3100902.652 194747.188)	58	324	0	415	false	1221	None
LINESTRING (3100902.652 194747.188, 3100928.387 194817.495)	58	324	0	416	false	1221	None
LINESTRING (3100928.387 194817.495, 3100867.795 195028.773)	58	324	0	417	false	1221	None
LINESTRING (3100867.795 195028.773, 3100882.987 195142.342)	58	324	0	418	false	1221	None
LINESTRING (3100882.987 195142.342, 3100906.222 195314.471)	58	324	0	419	false	1221	None
LINESTRING (3100906.222 195314.471, 3100935.393 195416.866)	58	324	0	420	false	1221	None
LINESTRING (3100935.393 195416.866, 3100934.004 195441.049)	58	324	0	421	false	1221	None
LINESTRING (3100934.004 195441.049, 3100909.518 195587.583)	58	324	0	422	false	1221	None
LINESTRING (3100909.518 195587.583, 3100945.783 195824.458)	58	324	0	423	false	1221	None
LINESTRING (3100945.783 195824.458, 3100960.388 195847.86)	58	324	0	424	false	1221	None
LINESTRING (3100960.388 195847.86, 3100978.945 195889.169)	58	324	0	425	false	1221	None
LINESTRING (3100978.945 195889.169, 3101045.868 195953.591)	58	324	0	426	false	1221	None
LINESTRING (3101045.868 195953.591, 3101120.638 195976.929)	58	324	0	427	false	1221	None
LINESTRING (3101120.638 195976.929, 3101189.232 195979.968)	58	324	0	428	false	1221	None
LINESTRING (3101189.232 195979.968, 3101232.736 195966.765)	58	324	0	429	false	1221	None
LINESTRING (3101232.736 195966.765, 3101238.351 195956.435)	58	324	0	430	false	1221	None
LINESTRING (3101238.351 195956.435, 3101172.095 195913.891)	58	324	0	431	false	1221	None
LINESTRING (3101172.095 195913.891, 3101135.929 195866.804)	58	324	0	432	false	1221	None
LINESTRING (3101135.929 195866.804, 3101104.56 195832.838)	58	324	0	433	false	1221	None
LINESTRING (3101104.56 195832.838, 3101078.879 195756.25)	58	324	0	434	false	1221	None
LINESTRING (3101078.879 195756.25, 3101095.811 195706.281)	58	324	0	435	false	1221	None
LINESTRING (3101095.811 195706.281, 3101128.622 195654.298)	58	324	0	436	false	1221	None
LINESTRING (3101128.622 195654.298, 3101201.321 195427.801)	58	324	0	437	false	1221	None
LINESTRING (3101201.321 195427.801, 3101212.433 195143.438)	58	324	0	438	false	1221	None
LINESTRING (3101212.433 195143.438, 3101255.799 194786.445)	58	324	0	439	false	1221	None
LINESTRING (3101255.799 194786.445, 3101261.873 194736.13)	58	324	0	440	false	1221	None
LINESTRING (3101261.873 194736.13, 3101310.838 194659.07)	58	324	0	441	false	1221	None
LINESTRING (3101310.838 194659.07, 3101261.581 194556.843)	58	324	0	442	false	1221	None
LINESTRING (3101261.581 194556.843, 3101333.275 194472.426)	58	324	0	443	false	1221	None
LINESTRING (3101333.275 194472.426, 3101536.966 194443.189)	58	324	0	444	false	1221	None
LINESTRING (3101536.966 194443.189, 3101669.085 194390.175)	58	324	0	445	false	1221	None
LINESTRING (3101669.085 194390.175, 3101834.095 194388.228)	58	324	0	446	false	1221	None
LINESTRING (3101834.095 194388.228, 3101955.709 194432.318)	58	324	0	447	false	1221	None
LINESTRING (3101955.709 194432.318, 3101994.284 194451.81)	58	324	0	448	false	1221	None
LINESTRING (3101994.284 194451.81, 3102077.564 194455.234)	58	324	0	449	false	1221	None
LINESTRING (3102077.564 194455.234, 3102290.539 194535.786)	58	324	0	450	false	1221	None
LINESTRING (3102290.539 194535.786, 3102447.883 194647.128)	58	324	0	451	false	1221	None
LINESTRING (3102447.883 194647.128, 3102490.834 194850.568)	58	324	0	452	false	1221	None
LINESTRING (3102490.834 194850.568, 3102590.632 195019.772)	58	324	0	453	false	1221	None
LINESTRING (3102590.632 195019.772, 3102761.718 195391.136)	58	324	0	454	false	1221	None
LINESTRING (3102761.718 195391.136, 3102946.991 196094.949)	58	324	0	455	false	1221	None
LINESTRING (3102946.991 196094.949, 3102949.519 196179.452)	58	324	0	456	false	1221	None
LINESTRING (3102949.519 196179.452, 3102955.767 196265.258)	58	324	0	457	false	1221	None
LINESTRING (3102955.767 196265.258, 3102972.286 196319.58)	58	324	0	458	false	1221	None
LINESTRING (3102972.286 196319.58, 3102980.842 196364.441)	58	324	0	459	false	1221	None
LINESTRING (3102980.842 196364.441, 3102996.833 196430.919)	58	324	0	460	false	1221	None
LINESTRING (3102996.833 196430.919, 3103004.911 196448.03)	58	324	0	461	false	1221	None
LINESTRING (3103004.911 196448.03, 3103009.196 196581.568)	58	324	0	462	false	1221	None
LINESTRING (3103009.196 196581.568, 3103003.811 196779.143)	58	324	0	463	false	1221	None
LINESTRING (3103003.811 196779.143, 3103005.24 196899.352)	58	324	0	464	false	1221	None
LINESTRING (3103005.24 196899.352, 3102999.984 196982.9)	58	324	0	465	false	1221	None
LINESTRING (3102999.984 196982.9, 3102977.475 197077.439)	58	324	0	466	false	1221	None
LINESTRING (3102977.475 197077.439, 3102994.635 197254.523)	58	324	0	467	false	1221	None
LINESTRING (3102994.635 197254.523, 3103039.285 197270.407)	58	324	0	468	false	1221	None
LINESTRING (3103039.285 197270.407, 3103106.727 197252.346)	58	324	0	469	false	1221	None
LINESTRING (3103106.727 197252.346, 3103524.483 197675.195)	58	324	0	470	false	1221	None
LINESTRING (3103524.483 197675.195, 3103670.319 197845.172)	58	324	0	471	false	1221	None
LINESTRING (3103670.319 197845.172, 3103795.371 198027.406)	58	324	0	472	false	1221	E:3103759.05 197974.47664969758
LINESTRING (3103792.195 198823.12, 3103684.311 199068.73)	58	324	0	478	false	1221	E:3103759.05 198898.5783019728
LINESTRING (3103684.311 199068.73, 3103628.323 199126.104)	58	324	0	479	false	1221	None
LINESTRING (3103628.323 199126.104, 3103594.176 199158.438)	58	324	0	480	false	1221	None
LINESTRING (3103594.176 199158.438, 3103586.157 199166.067)	58	324	0	481	false	1221	None
LINESTRING (3103586.157 199166.067, 3103571.979 199179.538)	58	324	0	482	false	1221	None
LINESTRING (3103571.979 199179.538, 3103562.516 199232.486)	58	324	0	483	false	1221	None
LINESTRING (3103562.516 199232.486, 3103555.797 199351.608)	58	324	0	484	false	1221	None
LINESTRING (3103555.797 199351.608, 3103550.403 199385.197)	58	324	0	485	false	1221	None
LINESTRING (3103550.403 199385.197, 3103528.811 199509.087)	58	324	0	486	false	1221	None
LINESTRING (3103528.811 199509.087, 3103450.377 199641.301)	58	324	0	487	false	1221	None
LINESTRING (3103450.377 199641.301, 3103306.562 199873.406)	58	324	0	488	false	1221	None
LINESTRING (3103306.562 199873.406, 3103085.518 200072.525)	58	324	0	489	false	1221	None
LINESTRING (3103085.518 200072.525, 3102899.566 200249.418)	58	324	0	490	false	1221	None
LINESTRING (3102899.566 200249.418, 3102868.411 200292.405)	58	324	0	491	false	1221	None
LINESTRING (3102868.411 200292.405, 3102867.685 200298.664)	58	324	0	492	false	1221	None
LINESTRING (3102867.685 200298.664, 3102863.604 200364.722)	58	324	0	493	false	1221	None
LINESTRING (3102863.604 200364.722, 3102888.904 200418.845)	58	324	0	494	false	1221	None
LINESTRING (3102888.904 200418.845, 3102910.206 200482.135)	58	324	0	495	false	1221	None
LINESTRING (3102910.206 200482.135, 3102916.346 200499.933)	58	324	0	496	false	1221	None
LINESTRING (3102916.346 200499.933, 3102711.877 200684.48)	58	324	0	497	false	1221	None
LINESTRING (3102711.877 200684.48, 3102556.133 200823.968)	58	324	0	498	false	1221	None
LINESTRING (3102556.133 200823.968, 3102535.815 200860.167)	58	324	0	499	false	1221	None
LINESTRING (3102535.815 200860.167, 3102551.075 200886.682)	58	324	0	500	false	1221	None
LINESTRING (3102551.075 200886.682, 3102562.194 200894.024)	58	324	0	501	false	1221	None
LINESTRING (3102562.194 200894.024, 3102641.215 200874.098)	58	324	0	502	false	1221	None
LINESTRING (3102641.215 200874.098, 3102974.756 200742.368)	58	324	0	503	false	1221	None
LINESTRING (3102974.756 200742.368, 3103083.004 200699.636)	58	324	0	504	false	1221	None
LINESTRING (3103083.004 200699.636, 3103279.151 200724.044)	58	324	0	505	false	1221	None
LINESTRING (3103279.151 200724.044, 3103321.08 200736.994)	58	324	0	506	false	1221	None
LINESTRING (3103321.08 200736.994, 3103422.638 200814.827)	58	324	0	507	false	1221	None
LINESTRING (3103422.638 200814.827, 3103455.546 200840.847)	58	324	0	508	false	1221	None
LINESTRING (3103455.546 200840.847, 3103608.248 201048.538)	58	324	0	509	false	1221	None
LINESTRING (3103608.248 201048.538, 3103681.348 201281.991)	58	324	0	510	false	1221	None
LINESTRING (3103681.348 201281.991, 3103705.779 201454.99)	58	324	0	511	false	1221	None
LINESTRING (3103705.779 201454.99, 3103664.075 201679.578)	58	324	0	512	false	1221	N:3103695.6839015977 201509.355
LINESTRING (3088902.796 201614.983, 3088896.101 201502.919)	58	0	0	588	false	745	N:3088896.4855036763 201509.355
LINESTRING (3088896.101 201502.919, 3088903.112 201446.436)	58	0	0	589	false	745	None
LINESTRING (3088903.112 201446.436, 3088915.557 201409.128)	58	0	0	590	false	745	None
LINESTRING (3088915.557 201409.128, 3088934.59 201366.607)	58	0	0	591	false	745	None
LINESTRING (3088934.59 201366.607, 3088953.121 201338.268)	58	0	0	592	false	745	None
LINESTRING (3088953.121 201338.268, 3088921.006 201273.657)	58	0	0	593	false	745	None
LINESTRING (3088921.006 201273.657, 3088881.617 201156.626)	58	0	0	594	false	745	None
LINESTRING (3088881.617 201156.626, 3088873.266 201033.718)	58	0	0	595	false	745	None
LINESTRING (3088873.266 201033.718, 3088878.519 200909.814)	58	0	0	596	false	745	None
LINESTRING (3088878.519 200909.814, 3088905.248 200840.648)	58	0	0	597	false	745	None
LINESTRING (3088905.248 200840.648, 3088922.324 200816.387)	58	0	0	598	false	745	None
LINESTRING (3088922.324 200816.387, 3088919.525 200768.167)	58	0	0	599	false	745	None
LINESTRING (3088919.525 200768.167, 3088927.329 200717.57)	58	0	0	600	false	745	None
LINESTRING (3088927.329 200717.57, 3088976.284 200670.052)	58	0	0	601	false	745	None
LINESTRING (3088976.284 200670.052, 3089137.552 200637.866)	58	0	0	602	false	745	None
LINESTRING (3089137.552 200637.866, 3089162.606 200612.723)	58	0	0	603	false	745	None
LINESTRING (3089162.606 200612.723, 3089142.087 200571.414)	58	0	0	604	false	745	None
LINESTRING (3089142.087 200571.414, 3089084.945 200534.689)	58	0	0	605	false	745	None
LINESTRING (3089084.945 200534.689, 3089071.539 200442.282)	58	0	0	606	false	745	None
LINESTRING (3089071.539 200442.282, 3089021.91 200441.914)	58	0	0	607	false	745	None
LINESTRING (3089021.91 200441.914, 3088964.793 200413.869)	58	0	0	608	false	745	None
LINESTRING (3088964.793 200413.869, 3088899.745 200363.683)	58	0	0	609	false	745	None
LINESTRING (3088899.745 200363.683, 3088837.132 200329.746)	58	0	0	610	false	745	None
LINESTRING (3088837.132 200329.746, 3088812.708 200280.419)	58	0	0	611	false	745	None
LINESTRING (3088812.708 200280.419, 3088797.17 200220.104)	58	0	0	612	false	745	None
LINESTRING (3088797.17 200220.104, 3088741.539 200175.287)	58	0	0	613	false	745	None
LINESTRING (3088741.539 200175.287, 3088710.486 200123.555)	58	0	0	614	false	745	None
LINESTRING (3088710.486 200123.555, 3088688.411 200034.859)	58	0	0	615	false	745	None
LINESTRING (3088688.411 200034.859, 3088675.221 199942.895)	58	0	0	616	false	745	None
LINESTRING (3088675.221 199942.895, 3088661.215 199858.221)	58	0	0	617	false	745	None
LINESTRING (3088661.215 199858.221, 3088667.454 199775.436)	58	0	0	618	false	745	None
LINESTRING (3088667.454 199775.436, 3088660.213 199718.281)	58	0	0	619	false	745	None
LINESTRING (3088660.213 199718.281, 3088610.672 199631.72)	58	0	0	620	false	745	None
LINESTRING (3088610.672 199631.72, 3088575.329 199581.208)	58	0	0	621	false	745	None
LINESTRING (3088575.329 199581.208, 3088549.229 199546.567)	58	0	0	622	false	745	None
LINESTRING (3088549.229 199546.567, 3088526.2 199475.802)	58	0	0	623	false	745	None
LINESTRING (3088526.2 199475.802, 3088488.467 199433.882)	58	0	0	624	false	745	None
LINESTRING (3088488.467 199433.882, 3088455.88 199375.869)	58	0	0	625	false	745	None
LINESTRING (3088455.88 199375.869, 3088405.747 199283.385)	58	0	0	626	false	745	None
LINESTRING (3088405.747 199283.385, 3088358.951 199192.172)	58	0	0	627	false	745	None
LINESTRING (3088358.951 199192.172, 3088327.225 199073.202)	58	0	0	628	false	745	None
LINESTRING (3088327.225 199073.202, 3088317.545 198976.877)	58	0	0	629	false	745	None
LINESTRING (3088317.545 198976.877, 3088290.274 198869.106)	58	0	0	630	false	745	None
LINESTRING (3088290.274 198869.106, 3088264.936 198806.966)	58	0	0	631	false	745	None
LINESTRING (3088264.936 198806.966, 3088255.162 198713.457)	58	0	0	632	false	745	None
LINESTRING (3088255.162 198713.457, 3088249.169 198648.11)	58	0	0	633	false	745	None
LINESTRING (3088249.169 198648.11, 3088246.511 198606.954)	58	0	0	634	false	745	None
LINESTRING (3088246.511 198606.954, 3088252.149 198584.159)	58	0	0	635	false	745	None
LINESTRING (3088252.149 198584.159, 3088274.652 198549.492)	58	0	0	636	false	745	None
LINESTRING (3088274.652 198549.492, 3088281.1 198522.254)	58	0	0	637	false	745	None
LINESTRING (3088281.1 198522.254, 3088260.041 198481.815)	58	0	0	638	false	745	None
LINESTRING (3088260.041 198481.815, 3088219.779 198439.056)	58	0	0	639	false	745	None
LINESTRING (3088219.779 198439.056, 3088176.896 198355.038)	58	0	0	640	false	745	None
LINESTRING (3088176.896 198355.038, 3088152.644 198277.16)	58	0	0	641	false	745	None
LINESTRING (3088152.644 198277.16, 3088143.267 198225.847)	58	0	0	642	false	745	None
LINESTRING (3088143.267 198225.847, 3088136.186 198204.031)	58	0	0	643	false	745	None
LINESTRING (3088136.186 198204.031, 3088117.016 198100.178)	58	0	0	644	false	745	None
LINESTRING (3088117.016 198100.178, 3088086.808 198015.285)	58	0	0	645	false	745	None
LINESTRING (3088086.808 198015.285, 3088071.557 197867.912)	58	0	0	646	false	745	None
LINESTRING (3088071.557 197867.912, 3088050.049 197808.302)	58	0	0	647	false	745	None
LINESTRING (3088050.049 197808.302, 3088044.772 197730.759)	58	0	0	648	false	745	None
LINESTRING (3088044.772 197730.759, 3088033.715 197605.055)	58	0	0	649	false	745	None
LINESTRING (3088033.715 197605.055, 3088017.478 197488.069)	58	0	0	650	false	745	None
LINESTRING (3088017.478 197488.069, 3088002.221 197374.426)	58	0	0	651	false	745	None
LINESTRING (3088002.221 197374.426, 3087994.731 197354.711)	58	0	0	652	false	745	None
LINESTRING (3087994.731 197354.711, 3087954.106 197244.124)	58	0	0	653	false	745	None
LINESTRING (3087954.106 197244.124, 3087868.667 197127.174)	58	0	0	654	false	745	None
LINESTRING (3087868.667 197127.174, 3087827.483 197074.45)	58	0	0	655	false	745	None
LINESTRING (3087827.483 197074.45, 3087825.496 196990.561)	58	0	0	656	false	745	None
LINESTRING (3087825.496 196990.561, 3087826.027 196941.002)	58	0	0	657	false	745	None
LINESTRING (3087826.027 196941.002, 3087805.495 196848.157)	58	0	0	658	false	745	None
LINESTRING (3087805.495 196848.157, 3087885.048 196798.497)	58	0	0	659	false	745	None
LINESTRING (3087885.048 196798.497, 3087848.866 196709.436)	58	0	0	660	false	745	None
LINESTRING (3087848.866 196709.436, 3087784.261 196548.519)	58	0	0	661	false	745	None
LINESTRING (3087784.261 196548.519, 3087795.567 196475.27)	58	0	0	662	false	745	None
LINESTRING (3087795.567 196475.27, 3087777.012 196343.988)	58	0	0	663	false	745	None
LINESTRING (3087777.012 196343.988, 3087778.85 196272.956)	58	0	0	664	false	745	None
LINESTRING (3087778.85 196272.956, 3087773.328 196173.354)	58	0	0	665	false	745	None
LINESTRING (3087773.328 196173.354, 3087755.59 196103.544)	58	0	0	666	false	745	None
LINESTRING (3087755.59 196103.544, 3087747.711 195992.357)	58	0	0	667	false	745	None
LINESTRING (3087747.711 195992.357, 3087746.518 195873.382)	58	0	0	668	false	745	None
LINESTRING (3087746.518 195873.382, 3087730.029 195772.459)	58	0	0	669	false	745	None
LINESTRING (3087730.029 195772.459, 3087710.603 195643.699)	58	0	0	670	false	745	None
LINESTRING (3087710.603 195643.699, 3087722.317 195563.955)	58	0	0	671	false	745	None
LINESTRING (3087722.317 195563.955, 3087726.672 195493.764)	58	0	0	672	false	745	None
LINESTRING (3087726.672 195493.764, 3087712.981 195400.676)	58	0	0	673	false	745	None
LINESTRING (3087712.981 195400.676, 3087703.217 195314.782)	58	0	0	674	false	745	None
LINESTRING (3087703.217 195314.782, 3087685.96 195233.638)	58	0	0	675	false	745	None
LINESTRING (3087685.96 195233.638, 3087665.952 195126.747)	58	0	0	676	false	745	None
LINESTRING (3087665.952 195126.747, 3087668.141 195062.502)	58	0	0	677	false	745	None
LINESTRING (3087668.141 195062.502, 3087657.427 194979.098)	58	0	0	678	false	745	None
LINESTRING (3087657.427 194979.098, 3087643.883 194941.526)	58	0	0	679	false	745	None
LINESTRING (3087643.883 194941.526, 3087631.78 194902.483)	58	0	0	680	false	745	None
LINESTRING (3087631.78 194902.483, 3087640.11 194862.544)	58	0	0	681	false	745	None
LINESTRING (3087640.11 194862.544, 3087608.524 194814.428)	58	0	0	682	false	745	None
LINESTRING (3087608.524 194814.428, 3087597.222 194679.737)	58	0	0	683	false	745	None
LINESTRING (3087597.222 194679.737, 3087727.962 194462.265)	58	0	0	684	false	745	None
LINESTRING (3087727.962 194462.265, 3087743.313 194437.108)	58	0	0	685	false	745	None
LINESTRING (3087743.313 194437.108, 3087926.491 194133.06)	58	0	0	686	false	745	None
LINESTRING (3087926.491 194133.06, 3087929.984 194124.65)	58	0	0	687	false	745	None
LINESTRING (3087929.984 194124.65, 3087940.426 194107.246)	58	0	0	688	false	745	None
LINESTRING (3087940.426 194107.246, 3088443.169 193273.621)	58	0	0	689	false	745	None
LINESTRING (3088443.169 193273.621, 3089183.049 192046.885)	58	0	0	690	false	745	None
LINESTRING (3089183.049 192046.885, 3089771.91 191070.414)	58	0	0	691	false	745	None
LINESTRING (3089771.91 191070.414, 3089840.605 190951.193)	58	0	0	692	false	745	None
LINESTRING (3089840.605 190951.193, 3089891.324 191115.844)	58	0	0	693	false	745	None
LINESTRING (3089891.324 191115.844, 3090370.378 192684.043)	58	0	0	694	false	745	None
LINESTRING (3090370.378 192684.043, 3090428.335 192874.149)	58	0	0	695	false	745	None
LINESTRING (3090428.335 192874.149, 3090439.976 192895.088)	58	0	0	696	false	745	None
LINESTRING (3090439.976 192895.088, 3090583.222 193352.338)	58	0	0	697	false	745	None
LINESTRING (3090583.222 193352.338, 3090604.837 193421.254)	58	0	0	698	false	745	None
LINESTRING (3090604.837 193421.254, 3090769.377 193946.364)	58	0	0	699	false	745	None
LINESTRING (3090769.377 193946.364, 3090769.562 193946.909)	58	0	0	700	false	745	None
LINESTRING (3090769.562 193946.909, 3090898.771 194360.005)	58	0	0	701	false	745	None
LINESTRING (3090898.771 194360.005, 3090899.931 194363.653)	58	0	0	702	false	745	None
LINESTRING (3090899.931 194363.653, 3090947.517 194515.743)	58	0	0	703	false	745	None
LINESTRING (3090947.517 194515.743, 3090947.8 194516.801)	58	0	0	704	false	745	None
LINESTRING (3090947.8 194516.801, 3091003.435 194688.94)	58	0	0	705	false	745	None
LINESTRING (3091003.435 194688.94, 3091352.184 195770.617)	58	0	0	706	false	745	None
LINESTRING (3091352.184 195770.617, 3091350.446 195775.181)	58	0	0	707	false	745	None
LINESTRING (3091350.446 195775.181, 3091746.828 197089.59)	58	0	0	708	false	745	None
LINESTRING (3091746.828 197089.59, 3091747.526 197091.875)	58	0	0	709	false	745	None
LINESTRING (3091747.526 197091.875, 3091689.207 197245.215)	58	0	0	710	false	745	None
LINESTRING (3091689.207 197245.215, 3091615.682 197438.73)	58	0	0	711	false	745	None
LINESTRING (3091615.682 197438.73, 3091314.172 198250.237)	58	0	0	712	false	745	None
LINESTRING (3091314.172 198250.237, 3091115.264 198785.473)	58	0	0	713	false	745	None
LINESTRING (3091115.264 198785.473, 3090725.651 199833.896)	58	0	0	714	false	745	None
LINESTRING (3090725.651 199833.896, 3090598.108 200177.172)	58	0	0	715	false	745	None
LINESTRING (3090598.108 200177.172, 3090759.885 200736.277)	58	0	0	716	false	745	None
LINESTRING (3090759.885 200736.277, 3090880.194 201152.376)	58	0	0	717	false	745	None
LINESTRING (3090880.194 201152.376, 3090906.072 201241.825)	58	0	0	718	false	745	None
LINESTRING (3090906.072 201241.825, 3090927.466 201315.786)	58	0	0	719	false	745	None
LINESTRING (3090927.466 201315.786, 3090972.092 201472.249)	58	0	0	720	false	745	None
LINESTRING (3090972.092 201472.249, 3090995.338 201553.687)	58	0	0	721	false	745	N:3090982.6836903165 201509.355
LINESTRING (3086558.567 196404.016, 3086713.139 196147.268)	58	1	0	531	false	1095	W:3086647.716 196255.93725707097
LINESTRING (3086713.139 196147.268, 3087597.222 194679.737)	58	1	0	532	false	1095	None
LINESTRING (3087597.222 194679.737, 3087608.524 194814.428)	58	1	0	533	false	1095	None
LINESTRING (3087608.524 194814.428, 3087640.11 194862.544)	58	1	0	534	false	1095	None
LINESTRING (3087640.11 194862.544, 3087631.78 194902.483)	58	1	0	535	false	1095	None
LINESTRING (3087631.78 194902.483, 3087643.883 194941.526)	58	1	0	536	false	1095	None
LINESTRING (3087643.883 194941.526, 3087657.427 194979.098)	58	1	0	537	false	1095	None
LINESTRING (3087657.427 194979.098, 3087668.141 195062.502)	58	1	0	538	false	1095	None
LINESTRING (3087668.141 195062.502, 3087665.952 195126.747)	58	1	0	539	false	1095	None
LINESTRING (3087665.952 195126.747, 3087685.96 195233.638)	58	1	0	540	false	1095	None
LINESTRING (3087685.96 195233.638, 3087703.217 195314.782)	58	1	0	541	false	1095	None
LINESTRING (3087703.217 195314.782, 3087712.981 195400.676)	58	1	0	542	false	1095	None
LINESTRING (3087712.981 195400.676, 3087726.672 195493.764)	58	1	0	543	false	1095	None
LINESTRING (3087726.672 195493.764, 3087722.317 195563.955)	58	1	0	544	false	1095	None
LINESTRING (3087722.317 195563.955, 3087710.603 195643.699)	58	1	0	545	false	1095	None
LINESTRING (3087710.603 195643.699, 3087730.029 195772.459)	58	1	0	546	false	1095	None
LINESTRING (3087730.029 195772.459, 3087746.518 195873.382)	58	1	0	547	false	1095	None
LINESTRING (3087746.518 195873.382, 3087747.711 195992.357)	58	1	0	548	false	1095	None
LINESTRING (3087747.711 195992.357, 3087755.59 196103.544)	58	1	0	549	false	1095	None
LINESTRING (3087755.59 196103.544, 3087773.328 196173.354)	58	1	0	550	false	1095	None
LINESTRING (3087773.328 196173.354, 3087778.85 196272.956)	58	1	0	551	false	1095	None
LINESTRING (3087778.85 196272.956, 3087777.012 196343.988)	58	1	0	552	false	1095	None
LINESTRING (3087777.012 196343.988, 3087795.567 196475.27)	58	1	0	553	false	1095	None
LINESTRING (3087795.567 196475.27, 3087784.261 196548.519)	58	1	0	554	false	1095	None
LINESTRING (3087784.261 196548.519, 3087848.866 196709.436)	58	1	0	555	false	1095	None
LINESTRING (3087848.866 196709.436, 3087885.048 196798.497)	58	1	0	556	false	1095	None
LINESTRING (3087885.048 196798.497, 3087805.495 196848.157)	58	1	0	557	false	1095	None
LINESTRING (3087805.495 196848.157, 3087826.027 196941.002)	58	1	0	558	false	1095	None
LINESTRING (3087826.027 196941.002, 3087825.496 196990.561)	58	1	0	559	false	1095	None
LINESTRING (3087825.496 196990.561, 3087827.483 197074.45)	58	1	0	560	false	1095	None
LINESTRING (3087827.483 197074.45, 3087868.667 197127.174)	58	1	0	561	false	1095	None
LINESTRING (3087868.667 197127.174, 3087954.106 197244.124)	58	1	0	562	false	1095	None
LINESTRING (3087954.106 197244.124, 3087994.731 197354.711)	58	1	0	563	false	1095	None
LINESTRING (3087994.731 197354.711, 3088002.221 197374.426)	58	1	0	564	false	1095	None
LINESTRING (3088002.221 197374.426, 3088017.478 197488.069)	58	1	0	565	false	1095	None
LINESTRING (3088017.478 197488.069, 3088033.715 197605.055)	58	1	0	566	false	1095	None
LINESTRING (3088033.715 197605.055, 3088044.772 197730.759)	58	1	0	567	false	1095	None
LINESTRING (3088044.772 197730.759, 3088050.049 197808.302)	58	1	0	568	false	1095	None
LINESTRING (3088050.049 197808.302, 3088071.557 197867.912)	58	1	0	569	false	1095	None
LINESTRING (3088071.557 197867.912, 3088086.808 198015.285)	58	1	0	570	false	1095	None
LINESTRING (3088086.808 198015.285, 3088117.016 198100.178)	58	1	0	571	false	1095	None
LINESTRING (3088117.016 198100.178, 3088136.186 198204.031)	58	1	0	572	false	1095	None
LINESTRING (3088136.186 198204.031, 3088143.267 198225.847)	58	1	0	573	false	1095	None
LINESTRING (3088143.267 198225.847, 3088152.644 198277.16)	58	1	0	574	false	1095	None
LINESTRING (3088152.644 198277.16, 3088176.896 198355.038)	58	1	0	575	false	1095	None
LINESTRING (3088176.896 198355.038, 3088219.779 198439.056)	58	1	0	576	false	1095	None
LINESTRING (3088219.779 198439.056, 3088260.041 198481.815)	58	1	0	577	false	1095	None
LINESTRING (3088260.041 198481.815, 3088281.1 198522.254)	58	1	0	578	false	1095	None
LINESTRING (3088281.1 198522.254, 3088274.652 198549.492)	58	1	0	579	false	1095	None
LINESTRING (3088274.652 198549.492, 3088252.149 198584.159)	58	1	0	580	false	1095	None
LINESTRING (3088252.149 198584.159, 3088246.511 198606.954)	58	1	0	581	false	1095	None
LINESTRING (3088246.511 198606.954, 3088249.169 198648.11)	58	1	0	582	false	1095	None
LINESTRING (3088249.169 198648.11, 3088255.162 198713.457)	58	1	0	583	false	1095	None
LINESTRING (3088255.162 198713.457, 3088264.936 198806.966)	58	1	0	584	false	1095	None
LINESTRING (3088264.936 198806.966, 3088290.274 198869.106)	58	1	0	585	false	1095	None
LINESTRING (3088290.274 198869.106, 3088317.545 198976.877)	58	1	0	586	false	1095	None
LINESTRING (3088317.545 198976.877, 3088327.225 199073.202)	58	1	0	587	false	1095	None
LINESTRING (3088327.225 199073.202, 3088358.951 199192.172)	58	1	0	588	false	1095	None
LINESTRING (3088358.951 199192.172, 3088405.747 199283.385)	58	1	0	589	false	1095	None
LINESTRING (3088405.747 199283.385, 3088455.88 199375.869)	58	1	0	590	false	1095	None
LINESTRING (3088455.88 199375.869, 3088488.467 199433.882)	58	1	0	591	false	1095	None
LINESTRING (3088488.467 199433.882, 3088526.2 199475.802)	58	1	0	592	false	1095	None
LINESTRING (3088526.2 199475.802, 3088549.229 199546.567)	58	1	0	593	false	1095	None
LINESTRING (3088549.229 199546.567, 3088575.329 199581.208)	58	1	0	594	false	1095	None
LINESTRING (3088575.329 199581.208, 3088610.672 199631.72)	58	1	0	595	false	1095	None
LINESTRING (3088610.672 199631.72, 3088660.213 199718.281)	58	1	0	596	false	1095	None
LINESTRING (3088660.213 199718.281, 3088667.454 199775.436)	58	1	0	597	false	1095	None
LINESTRING (3088667.454 199775.436, 3088661.215 199858.221)	58	1	0	598	false	1095	None
LINESTRING (3088661.215 199858.221, 3088675.221 199942.895)	58	1	0	599	false	1095	None
LINESTRING (3088675.221 199942.895, 3088688.411 200034.859)	58	1	0	600	false	1095	None
LINESTRING (3088688.411 200034.859, 3088710.486 200123.555)	58	1	0	601	false	1095	None
LINESTRING (3088710.486 200123.555, 3088741.539 200175.287)	58	1	0	602	false	1095	None
LINESTRING (3088741.539 200175.287, 3088797.17 200220.104)	58	1	0	603	false	1095	None
LINESTRING (3088797.17 200220.104, 3088812.708 200280.419)	58	1	0	604	false	1095	None
LINESTRING (3088812.708 200280.419, 3088837.132 200329.746)	58	1	0	605	false	1095	None
LINESTRING (3088837.132 200329.746, 3088899.745 200363.683)	58	1	0	606	false	1095	None
LINESTRING (3088899.745 200363.683, 3088964.793 200413.869)	58	1	0	607	false	1095	None
LINESTRING (3088964.793 200413.869, 3089021.91 200441.914)	58	1	0	608	false	1095	None
LINESTRING (3089021.91 200441.914, 3089071.539 200442.282)	58	1	0	609	false	1095	None
LINESTRING (3089071.539 200442.282, 3089084.945 200534.689)	58	1	0	610	false	1095	None
LINESTRING (3089084.945 200534.689, 3089142.087 200571.414)	58	1	0	611	false	1095	None
LINESTRING (3089142.087 200571.414, 3089162.606 200612.723)	58	1	0	612	false	1095	None
LINESTRING (3089162.606 200612.723, 3089137.552 200637.866)	58	1	0	613	false	1095	None
LINESTRING (3089137.552 200637.866, 3088976.284 200670.052)	58	1	0	614	false	1095	None
LINESTRING (3088976.284 200670.052, 3088927.329 200717.57)	58	1	0	615	false	1095	None
LINESTRING (3088927.329 200717.57, 3088919.525 200768.167)	58	1	0	616	false	1095	None
LINESTRING (3088919.525 200768.167, 3088922.324 200816.387)	58	1	0	617	false	1095	None
LINESTRING (3088922.324 200816.387, 3088905.248 200840.648)	58	1	0	618	false	1095	None
LINESTRING (3088905.248 200840.648, 3088878.519 200909.814)	58	1	0	619	false	1095	None
LINESTRING (3088878.519 200909.814, 3088873.266 201033.718)	58	1	0	620	false	1095	None
LINESTRING (3088873.266 201033.718, 3088881.617 201156.626)	58	1	0	621	false	1095	None
LINESTRING (3088881.617 201156.626, 3088921.006 201273.657)	58	1	0	622	false	1095	None
LINESTRING (3088921.006 201273.657, 3088953.121 201338.268)	58	1	0	623	false	1095	None
LINESTRING (3088953.121 201338.268, 3088934.59 201366.607)	58	1	0	624	false	1095	None
LINESTRING (3088934.59 201366.607, 3088915.557 201409.128)	58	1	0	625	false	1095	None
LINESTRING (3088915.557 201409.128, 3088903.112 201446.436)	58	1	0	626	false	1095	None
LINESTRING (3088903.112 201446.436, 3088896.101 201502.919)	58	1	0	627	false	1095	None
LINESTRING (3088896.101 201502.919, 3088902.796 201614.983)	58	1	0	628	false	1095	N:3088896.4855036763 201509.355
LINESTRING (3105118.191 192727.39, 3103753.978 192172.45)	58	661	0	1279	false	1875	E:3103759.05 192174.51320836984
LINESTRING (3103753.978 192172.45, 3103739.33 192144.513)	58	661	0	1280	false	1875	None
LINESTRING (3103739.33 192144.513, 3103656.794 192112.612)	58	661	0	1281	false	1875	None
LINESTRING (3103656.794 192112.612, 3103628.779 192101.667)	58	661	0	1282	false	1875	None
LINESTRING (3103628.779 192101.667, 3103579.911 192082.871)	58	661	0	1283	false	1875	None
LINESTRING (3103579.911 192082.871, 3103579.14 192082.577)	58	661	0	1284	false	1875	None
LINESTRING (3103579.14 192082.577, 3103512.022 192056.569)	58	661	0	1285	false	1875	None
LINESTRING (3103512.022 192056.569, 3103444.56 192030.43)	58	661	0	1286	false	1875	None
LINESTRING (3103444.56 192030.43, 3103440.534 192028.892)	58	661	0	1287	false	1875	None
LINESTRING (3103440.534 192028.892, 3102824.08 191790.242)	58	661	0	1288	false	1875	None
LINESTRING (3102824.08 191790.242, 3102822.967 191789.817)	58	661	0	1289	false	1875	None
LINESTRING (3102822.967 191789.817, 3102733.015 191754.973)	58	661	0	1290	false	1875	None
LINESTRING (3102733.015 191754.973, 3102724.621 191751.766)	58	661	0	1291	false	1875	None
LINESTRING (3102724.621 191751.766, 3101881.715 191425.495)	58	661	0	1292	false	1875	None
LINESTRING (3101881.715 191425.495, 3101834.082 191407.064)	58	661	0	1293	false	1875	None
LINESTRING (3101834.082 191407.064, 3101587.519 191311.709)	58	661	0	1294	false	1875	None
LINESTRING (3101587.519 191311.709, 3101427.096 191249.612)	58	661	0	1295	false	1875	None
LINESTRING (3101427.096 191249.612, 3101340.65 191216.126)	58	661	0	1296	false	1875	None
LINESTRING (3101340.65 191216.126, 3101338.976 191215.368)	58	661	0	1297	false	1875	None
LINESTRING (3101338.976 191215.368, 3101031.436 191095.915)	58	661	0	1298	false	1875	None
LINESTRING (3101031.436 191095.915, 3100879.146 191036.937)	58	661	0	1299	false	1875	None
LINESTRING (3100879.146 191036.937, 3100785.522 191001.429)	58	661	0	1300	false	1875	None
LINESTRING (3100785.522 191001.429, 3099434.582 190479.011)	58	661	0	1301	false	1875	None
LINESTRING (3099434.582 190479.011, 3099393.158 190463.084)	58	661	0	1302	false	1875	None
LINESTRING (3099393.158 190463.084, 3099388.617 190461.352)	58	661	0	1303	false	1875	None
LINESTRING (3099388.617 190461.352, 3098539.19 190132.872)	58	661	0	1304	false	1875	None
LINESTRING (3098539.19 190132.872, 3098513.185 190122.833)	58	661	0	1305	false	1875	None
LINESTRING (3098513.185 190122.833, 3097416.556 189699.123)	58	661	0	1306	false	1875	None
LINESTRING (3097416.556 189699.123, 3097409.702 189696.51)	58	661	0	1307	false	1875	None
LINESTRING (3097409.702 189696.51, 3096399.521 189306.279)	58	661	0	1308	false	1875	None
LINESTRING (3096399.521 189306.279, 3096393.266 189303.895)	58	661	0	1309	false	1875	None
LINESTRING (3096393.266 189303.895, 3096230.002 189240.239)	58	661	0	1310	false	1875	None
LINESTRING (3096230.002 189240.239, 3095733.938 189046.67)	58	661	0	1311	false	1875	None
LINESTRING (3095733.938 189046.67, 3095726.226 189043.731)	58	661	0	1312	false	1875	None
LINESTRING (3095726.226 189043.731, 3095298.311 188879.132)	58	661	0	1313	false	1875	None
LINESTRING (3095298.311 188879.132, 3095208.334 188844.613)	58	661	0	1314	false	1875	None
LINESTRING (3095208.334 188844.613, 3095207.905 188844.449)	58	661	0	1315	false	1875	None
LINESTRING (3095207.905 188844.449, 3094544.183 188589.225)	58	661	0	1316	false	1875	None
LINESTRING (3094544.183 188589.225, 3094145.557 188436.09)	58	661	0	1317	false	1875	None
LINESTRING (3094145.557 188436.09, 3093691.004 188258.474)	58	661	0	1318	false	1875	None
LINESTRING (3093691.004 188258.474, 3093673.39 188251.648)	58	661	0	1319	false	1875	None
LINESTRING (3093673.39 188251.648, 3093441.436 188160.952)	58	661	0	1320	false	1875	None
LINESTRING (3093441.436 188160.952, 3092877.743 187940.646)	58	661	0	1321	false	1875	None
LINESTRING (3092877.743 187940.646, 3092859.311 187933.392)	58	661	0	1322	false	1875	None
LINESTRING (3092859.311 187933.392, 3091813.998 187524.861)	58	661	0	1323	false	1875	None
LINESTRING (3091813.998 187524.861, 3091820.357 187514.337)	58	661	0	1324	false	1875	None
LINESTRING (3091820.357 187514.337, 3091839.396 187482.868)	58	661	0	1325	false	1875	None
LINESTRING (3091839.396 187482.868, 3091845.716 187472.447)	58	661	0	1326	false	1875	None
LINESTRING (3091845.716 187472.447, 3091846.808 187470.607)	58	661	0	1327	false	1875	None
LINESTRING (3091846.808 187470.607, 3091887.849 187402.977)	58	661	0	1328	false	1875	None
LINESTRING (3091887.849 187402.977, 3092014.077 187194.503)	58	661	0	1329	false	1875	None
LINESTRING (3092014.077 187194.503, 3092051.912 187131.948)	58	661	0	1330	false	1875	None
LINESTRING (3092051.912 187131.948, 3092056.086 187125.105)	58	661	0	1331	false	1875	None
LINESTRING (3092056.086 187125.105, 3092206.301 186877.071)	58	661	0	1332	false	1875	None
LINESTRING (3092206.301 186877.071, 3092415.212 186531.789)	58	661	0	1333	false	1875	None
LINESTRING (3092415.212 186531.789, 3092656.627 186133.09)	58	661	0	1334	false	1875	None
LINESTRING (3092656.627 186133.09, 3092806.728 185885.136)	58	661	0	1335	false	1875	None
LINESTRING (3092806.728 185885.136, 3092917.539 185702.269)	58	661	0	1336	false	1875	S:3092847.4936888013 185817.862
