LINESTRING (3135983.89 225600.071, 3135975.64 225575.798)	49	1609	0	0	false	1034	None
LINESTRING (3135975.64 225575.798, 3135955.4 225510.324)	49	1609	0	1	false	1034	None
LINESTRING (3135955.4 225510.324, 3135953.769 225505.167)	49	1609	0	2	false	1034	None
LINESTRING (3135953.769 225505.167, 3135934.473 225442.321)	49	1609	0	3	false	1034	None
LINESTRING (3135934.473 225442.321, 3135931.577 225439.412)	49	1609	0	4	false	1034	None
LINESTRING (3135931.577 225439.412, 3135898.333 225407.472)	49	1609	0	5	false	1034	None
LINESTRING (3135898.333 225407.472, 3135893.066 225353.995)	49	1609	0	6	false	1034	None
LINESTRING (3135893.066 225353.995, 3135892.107 225344.574)	49	1609	0	7	false	1034	None
LINESTRING (3135892.107 225344.574, 3135885.633 225278.009)	49	1609	0	8	false	1034	None
LINESTRING (3135885.633 225278.009, 3135872.518 225231.61)	49	1609	0	9	false	1034	None
LINESTRING (3135872.518 225231.61, 3135872.056 225229.764)	49	1609	0	10	false	1034	None
LINESTRING (3135872.056 225229.764, 3135870.375 225224.231)	49	1609	0	11	false	1034	None
LINESTRING (3135870.375 225224.231, 3135869.787 225222.455)	49	1609	0	12	false	1034	None
LINESTRING (3135869.787 225222.455, 3135868.16 225209.442)	49	1609	0	13	false	1034	None
LINESTRING (3135868.16 225209.442, 3135863.074 225170.68)	49	1609	0	14	false	1034	None
LINESTRING (3135863.074 225170.68, 3135861.321 225157.738)	49	1609	0	15	false	1034	None
LINESTRING (3135861.321 225157.738, 3135872.625 225152.12)	49	1609	0	16	false	1034	None
LINESTRING (3135872.625 225152.12, 3135906.333 225135.543)	49	1609	0	17	false	1034	None
LINESTRING (3135906.333 225135.543, 3135917.512 225129.996)	49	1609	0	18	false	1034	None
LINESTRING (3135917.512 225129.996, 3135934.049 225121.764)	49	1609	0	19	false	1034	None
LINESTRING (3135934.049 225121.764, 3135983.627 225097.411)	49	1609	0	20	false	1034	None
LINESTRING (3135983.627 225097.411, 3135999.999 225089.354)	49	1609	0	21	false	1034	None
LINESTRING (3135999.999 225089.354, 3136008.875 225084.937)	49	1609	0	22	false	1034	None
LINESTRING (3136008.875 225084.937, 3136035.212 225071.933)	49	1609	0	23	false	1034	None
LINESTRING (3136035.212 225071.933, 3136043.962 225067.587)	49	1609	0	24	false	1034	None
LINESTRING (3136043.962 225067.587, 3136048.192 225065.536)	49	1609	0	25	false	1034	None
LINESTRING (3136048.192 225065.536, 3136060.796 225059.351)	49	1609	0	26	false	1034	None
LINESTRING (3136060.796 225059.351, 3136064.941 225057.267)	49	1609	0	27	false	1034	None
LINESTRING (3136064.941 225057.267, 3136093.506 225104.062)	49	1609	0	28	false	1034	None
LINESTRING (3136093.506 225104.062, 3136120.488 225065.352)	49	1609	0	29	false	1034	None
LINESTRING (3136120.488 225065.352, 3136112.469 225062.243)	49	1609	0	30	false	1034	None
LINESTRING (3136112.469 225062.243, 3136097.968 225056.62)	49	1609	0	31	false	1034	None
LINESTRING (3136097.968 225056.62, 3136090.932 225054.011)	49	1609	0	32	false	1034	None
LINESTRING (3136090.932 225054.011, 3136087.686 225052.514)	49	1609	0	33	false	1034	None
LINESTRING (3136087.686 225052.514, 3136080.099 225049.81)	49	1609	0	34	false	1034	None
LINESTRING (3136080.099 225049.81, 3136084.865 225047.134)	49	1609	0	35	false	1034	None
LINESTRING (3136084.865 225047.134, 3136108.648 225033.377)	49	1609	0	36	false	1034	S:3136085.7950904267 225046.596
LINESTRING (3138082.361 227974.494, 3137885.846 227904.412)	49	1609	0	982	false	1034	E:3137981.717 227938.60191640342
LINESTRING (3137885.846 227904.412, 3137866.163 227897.487)	49	1609	0	983	false	1034	None
LINESTRING (3137866.163 227897.487, 3137794.069 227871.888)	49	1609	0	984	false	1034	None
LINESTRING (3137794.069 227871.888, 3137720.054 227845.425)	49	1609	0	985	false	1034	None
LINESTRING (3137720.054 227845.425, 3137610.971 227806.424)	49	1609	0	986	false	1034	None
LINESTRING (3137610.971 227806.424, 3137383.911 227732.123)	49	1609	0	987	false	1034	None
LINESTRING (3137383.911 227732.123, 3137266.242 227693.249)	49	1609	0	988	false	1034	None
LINESTRING (3137266.242 227693.249, 3137249.571 227676.54)	49	1609	0	989	false	1034	None
LINESTRING (3137249.571 227676.54, 3137194.541 227658.044)	49	1609	0	990	false	1034	None
LINESTRING (3137194.541 227658.044, 3137174.054 227651.167)	49	1609	0	991	false	1034	None
LINESTRING (3137174.054 227651.167, 3136994.523 227586.627)	49	1609	0	992	false	1034	None
LINESTRING (3136994.523 227586.627, 3136990.389 227585.142)	49	1609	0	993	false	1034	None
LINESTRING (3136990.389 227585.142, 3136837.027 227530.284)	49	1609	0	994	false	1034	None
LINESTRING (3136837.027 227530.284, 3136805.524 227518.419)	49	1609	0	995	false	1034	None
LINESTRING (3136805.524 227518.419, 3136802.369 227517.195)	49	1609	0	996	false	1034	None
LINESTRING (3136802.369 227517.195, 3136772.381 227504.965)	49	1609	0	997	false	1034	None
LINESTRING (3136772.381 227504.965, 3136771.653 227504.564)	49	1609	0	998	false	1034	None
LINESTRING (3136771.653 227504.564, 3136751.894 227494.04)	49	1609	0	999	false	1034	None
LINESTRING (3136751.894 227494.04, 3136734.503 227483.483)	49	1609	0	1000	false	1034	None
LINESTRING (3136734.503 227483.483, 3136702.169 227460.103)	49	1609	0	1001	false	1034	None
LINESTRING (3136702.169 227460.103, 3136680.057 227442.238)	49	1609	0	1002	false	1034	None
LINESTRING (3136680.057 227442.238, 3136651.024 227418.948)	49	1609	0	1003	false	1034	None
LINESTRING (3136651.024 227418.948, 3136635.987 227397.516)	49	1609	0	1004	false	1034	None
LINESTRING (3136635.987 227397.516, 3136629.938 227389.335)	49	1609	0	1005	false	1034	None
LINESTRING (3136629.938 227389.335, 3136619.279 227375.079)	49	1609	0	1006	false	1034	None
LINESTRING (3136619.279 227375.079, 3136600.07 227344.17)	49	1609	0	1007	false	1034	None
LINESTRING (3136600.07 227344.17, 3136575.69 227292.443)	49	1609	0	1008	false	1034	None
LINESTRING (3136575.69 227292.443, 3136559.591 227258.574)	49	1609	0	1009	false	1034	None
LINESTRING (3136559.591 227258.574, 3136530.476 227196.794)	49	1609	0	1010	false	1034	None
LINESTRING (3136530.476 227196.794, 3136442.832 227011.46)	49	1609	0	1011	false	1034	None
LINESTRING (3136442.832 227011.46, 3136413.589 226949.751)	49	1609	0	1012	false	1034	None
LINESTRING (3136413.589 226949.751, 3136404.826 226931.111)	49	1609	0	1013	false	1034	None
LINESTRING (3136404.826 226931.111, 3136378.376 226875.606)	49	1609	0	1014	false	1034	None
LINESTRING (3136378.376 226875.606, 3136369.448 226857.14)	49	1609	0	1015	false	1034	None
LINESTRING (3136369.448 226857.14, 3136345.345 226806.713)	49	1609	0	1016	false	1034	None
LINESTRING (3136345.345 226806.713, 3136313.699 226723.117)	49	1609	0	1017	false	1034	None
LINESTRING (3136313.699 226723.117, 3136305.342 226693.562)	49	1609	0	1018	false	1034	None
LINESTRING (3136305.342 226693.562, 3136263.693 226564.414)	49	1609	0	1019	false	1034	None
LINESTRING (3136263.693 226564.414, 3136235.606 226469.103)	49	1609	0	1020	false	1034	None
LINESTRING (3136235.606 226469.103, 3136230.895 226452.155)	49	1609	0	1021	false	1034	None
LINESTRING (3136230.895 226452.155, 3136180.794 226272.938)	49	1609	0	1022	false	1034	None
LINESTRING (3136180.794 226272.938, 3136156.516 226196.132)	49	1609	0	1023	false	1034	None
LINESTRING (3136156.516 226196.132, 3136155.162 226192.035)	49	1609	0	1024	false	1034	None
LINESTRING (3136155.162 226192.035, 3136124.125 226091.414)	49	1609	0	1025	false	1034	None
LINESTRING (3136124.125 226091.414, 3136095.27 225998.07)	49	1609	0	1026	false	1034	None
LINESTRING (3136095.27 225998.07, 3136090.569 225983.626)	49	1609	0	1027	false	1034	None
LINESTRING (3136090.569 225983.626, 3136051.726 225843.666)	49	1609	0	1028	false	1034	None
LINESTRING (3136051.726 225843.666, 3136043.778 225815.58)	49	1609	0	1029	false	1034	None
LINESTRING (3136043.778 225815.58, 3136018.231 225724.83)	49	1609	0	1030	false	1034	None
LINESTRING (3136018.231 225724.83, 3136012.665 225703.502)	49	1609	0	1031	false	1034	None
LINESTRING (3136012.665 225703.502, 3135995.673 225639.525)	49	1609	0	1032	false	1034	None
LINESTRING (3135995.673 225639.525, 3135989.982 225618.269)	49	1609	0	1033	false	1034	None
LINESTRING (3135989.982 225618.269, 3135983.89 225600.071)	49	1609	0	1034	false	1034	None
LINESTRING (3136108.648 225033.377, 3136084.865 225047.134)	49	1610	0	49	false	412	S:3136085.7950904267 225046.596
LINESTRING (3136084.865 225047.134, 3136080.099 225049.81)	49	1610	0	50	false	412	None
LINESTRING (3136080.099 225049.81, 3136087.686 225052.514)	49	1610	0	51	false	412	None
LINESTRING (3136087.686 225052.514, 3136090.932 225054.011)	49	1610	0	52	false	412	None
LINESTRING (3136090.932 225054.011, 3136097.968 225056.62)	49	1610	0	53	false	412	None
LINESTRING (3136097.968 225056.62, 3136112.469 225062.243)	49	1610	0	54	false	412	None
LINESTRING (3136112.469 225062.243, 3136120.488 225065.352)	49	1610	0	55	false	412	None
LINESTRING (3136120.488 225065.352, 3136093.506 225104.062)	49	1610	0	56	false	412	None
LINESTRING (3136093.506 225104.062, 3136064.941 225057.267)	49	1610	0	57	false	412	None
LINESTRING (3136064.941 225057.267, 3136060.796 225059.351)	49	1610	0	58	false	412	None
LINESTRING (3136060.796 225059.351, 3136048.192 225065.536)	49	1610	0	59	false	412	None
LINESTRING (3136048.192 225065.536, 3136043.962 225067.587)	49	1610	0	60	false	412	None
LINESTRING (3136043.962 225067.587, 3136035.212 225071.933)	49	1610	0	61	false	412	None
LINESTRING (3136035.212 225071.933, 3136008.875 225084.937)	49	1610	0	62	false	412	None
LINESTRING (3136008.875 225084.937, 3135999.999 225089.354)	49	1610	0	63	false	412	None
LINESTRING (3135999.999 225089.354, 3135983.627 225097.411)	49	1610	0	64	false	412	None
LINESTRING (3135983.627 225097.411, 3135934.049 225121.764)	49	1610	0	65	false	412	None
LINESTRING (3135934.049 225121.764, 3135917.512 225129.996)	49	1610	0	66	false	412	None
LINESTRING (3135917.512 225129.996, 3135906.333 225135.543)	49	1610	0	67	false	412	None
LINESTRING (3135906.333 225135.543, 3135872.625 225152.12)	49	1610	0	68	false	412	None
LINESTRING (3135872.625 225152.12, 3135861.321 225157.738)	49	1610	0	69	false	412	None
LINESTRING (3135861.321 225157.738, 3135863.074 225170.68)	49	1610	0	70	false	412	None
LINESTRING (3135863.074 225170.68, 3135868.16 225209.442)	49	1610	0	71	false	412	None
LINESTRING (3135868.16 225209.442, 3135869.787 225222.455)	49	1610	0	72	false	412	None
LINESTRING (3135869.787 225222.455, 3135842.963 225222.293)	49	1610	0	73	false	412	None
LINESTRING (3135842.963 225222.293, 3135762.365 225221.879)	49	1610	0	74	false	412	None
LINESTRING (3135762.365 225221.879, 3135735.415 225221.788)	49	1610	0	75	false	412	None
LINESTRING (3135735.415 225221.788, 3135693.72 225238.721)	49	1610	0	76	false	412	None
LINESTRING (3135693.72 225238.721, 3135691.623 225239.574)	49	1610	0	77	false	412	None
LINESTRING (3135691.623 225239.574, 3135562.062 225268.516)	49	1610	0	78	false	412	None
LINESTRING (3135562.062 225268.516, 3135529.699 225272.518)	49	1610	0	79	false	412	None
LINESTRING (3135529.699 225272.518, 3135432.44 225284.458)	49	1610	0	80	false	412	None
LINESTRING (3135432.44 225284.458, 3135399.992 225288.428)	49	1610	0	81	false	412	None
LINESTRING (3135399.992 225288.428, 3135399.4 225288.436)	49	1610	0	82	false	412	None
LINESTRING (3135399.4 225288.436, 3135397.504 225288.772)	49	1610	0	83	false	412	None
LINESTRING (3135397.504 225288.772, 3135396.786 225288.851)	49	1610	0	84	false	412	None
LINESTRING (3135396.786 225288.851, 3135388.347 225289.866)	49	1610	0	85	false	412	None
LINESTRING (3135388.347 225289.866, 3135362.944 225292.875)	49	1610	0	86	false	412	None
LINESTRING (3135362.944 225292.875, 3135354.419 225293.857)	49	1610	0	87	false	412	None
LINESTRING (3135354.419 225293.857, 3135353.024 225293.911)	49	1610	0	88	false	412	None
LINESTRING (3135353.024 225293.911, 3135348.583 225293.976)	49	1610	0	89	false	412	None
LINESTRING (3135348.583 225293.976, 3135347.063 225294.101)	49	1610	0	90	false	412	None
LINESTRING (3135347.063 225294.101, 3135327.615 225294.657)	49	1610	0	91	false	412	None
LINESTRING (3135327.615 225294.657, 3135269.106 225296.5)	49	1610	0	92	false	412	None
LINESTRING (3135269.106 225296.5, 3135249.533 225297.127)	49	1610	0	93	false	412	None
LINESTRING (3135249.533 225297.127, 3135233.477 225296.022)	49	1610	0	94	false	412	None
LINESTRING (3135233.477 225296.022, 3135185.103 225292.985)	49	1610	0	95	false	412	None
LINESTRING (3135185.103 225292.985, 3135168.921 225291.95)	49	1610	0	96	false	412	None
LINESTRING (3135168.921 225291.95, 3135158.474 225290.044)	49	1610	0	97	false	412	None
LINESTRING (3135158.474 225290.044, 3135127.014 225284.634)	49	1610	0	98	false	412	None
LINESTRING (3135127.014 225284.634, 3135121.409 225283.652)	49	1610	0	99	false	412	None
LINESTRING (3135121.409 225283.652, 3135116.527 225282.831)	49	1610	0	100	false	412	None
LINESTRING (3135116.527 225282.831, 3135114.53 225282.414)	49	1610	0	101	false	412	None
LINESTRING (3135114.53 225282.414, 3135108.333 225281.44)	49	1610	0	102	false	412	None
LINESTRING (3135108.333 225281.44, 3135106.211 225281.094)	49	1610	0	103	false	412	None
LINESTRING (3135106.211 225281.094, 3135084.474 225275.406)	49	1610	0	104	false	412	None
LINESTRING (3135084.474 225275.406, 3135071.248 225272.064)	49	1610	0	105	false	412	None
LINESTRING (3135071.248 225272.064, 3135043.073 225264)	49	1610	0	106	false	412	None
LINESTRING (3135043.073 225264, 3135023.268 225257.632)	49	1610	0	107	false	412	None
LINESTRING (3135023.268 225257.632, 3135019.685 225256.244)	49	1610	0	108	false	412	None
LINESTRING (3135019.685 225256.244, 3134998.615 225248.076)	49	1610	0	109	false	412	None
LINESTRING (3134998.615 225248.076, 3134995.539 225246.646)	49	1610	0	110	false	412	None
LINESTRING (3134995.539 225246.646, 3134985.975 225242.462)	49	1610	0	111	false	412	None
LINESTRING (3134985.975 225242.462, 3134982.649 225241.172)	49	1610	0	112	false	412	None
LINESTRING (3134982.649 225241.172, 3134971.378 225236.327)	49	1610	0	113	false	412	None
LINESTRING (3134971.378 225236.327, 3134937.352 225221.59)	49	1610	0	114	false	412	None
LINESTRING (3134937.352 225221.59, 3134925.957 225216.816)	49	1610	0	115	false	412	None
LINESTRING (3134925.957 225216.816, 3134921.129 225214.587)	49	1610	0	116	false	412	None
LINESTRING (3134921.129 225214.587, 3134906.608 225208.006)	49	1610	0	117	false	412	None
LINESTRING (3134906.608 225208.006, 3134901.655 225205.848)	49	1610	0	118	false	412	None
LINESTRING (3134901.655 225205.848, 3134900.415 225205.249)	49	1610	0	119	false	412	None
LINESTRING (3134900.415 225205.249, 3134896.486 225203.487)	49	1610	0	120	false	412	None
LINESTRING (3134896.486 225203.487, 3134895.122 225202.958)	49	1610	0	121	false	412	None
LINESTRING (3134895.122 225202.958, 3134878.547 225195.343)	49	1610	0	122	false	412	None
LINESTRING (3134878.547 225195.343, 3134828.489 225172.606)	49	1610	0	123	false	412	None
LINESTRING (3134828.489 225172.606, 3134811.749 225165.165)	49	1610	0	124	false	412	None
LINESTRING (3134811.749 225165.165, 3134797.718 225157.822)	49	1610	0	125	false	412	None
LINESTRING (3134797.718 225157.822, 3134755.331 225135.797)	49	1610	0	126	false	412	None
LINESTRING (3134755.331 225135.797, 3134741.175 225128.524)	49	1610	0	127	false	412	None
LINESTRING (3134741.175 225128.524, 3134676.192 225098.218)	49	1610	0	128	false	412	None
LINESTRING (3134676.192 225098.218, 3134622.515 225076.461)	49	1610	0	129	false	412	None
LINESTRING (3134622.515 225076.461, 3134559.582 225057.069)	49	1610	0	130	false	412	None
LINESTRING (3134559.582 225057.069, 3134526.67 225049.076)	49	1610	0	131	false	412	None
LINESTRING (3134526.67 225049.076, 3134426.331 225029.237)	49	1610	0	132	false	412	S:3134514.126992792 225046.596
LINESTRING (3137478.069 228970.978, 3137476.893 228963.139)	49	1612	0	540	false	1573	N:3137477.8427711446 228969.47
LINESTRING (3137476.893 228963.139, 3137472.693 228954.245)	49	1612	0	541	false	1573	None
LINESTRING (3137472.693 228954.245, 3137466.812 228943.865)	49	1612	0	542	false	1573	None
LINESTRING (3137466.812 228943.865, 3137463.97 228939.309)	49	1612	0	543	false	1573	None
LINESTRING (3137463.97 228939.309, 3137447.621 228913.435)	49	1612	0	544	false	1573	None
LINESTRING (3137447.621 228913.435, 3137437.656 228891.586)	49	1612	0	545	false	1573	None
LINESTRING (3137437.656 228891.586, 3137436.44 228883.851)	49	1612	0	546	false	1573	None
LINESTRING (3137436.44 228883.851, 3137435.981 228875.932)	49	1612	0	547	false	1573	None
LINESTRING (3137435.981 228875.932, 3137439.64 228856.395)	49	1612	0	548	false	1573	None
LINESTRING (3137439.64 228856.395, 3137447.898 228838.404)	49	1612	0	549	false	1573	None
LINESTRING (3137447.898 228838.404, 3137452.244 228831.755)	49	1612	0	550	false	1573	None
LINESTRING (3137452.244 228831.755, 3137466.958 228813.055)	49	1612	0	551	false	1573	None
LINESTRING (3137466.958 228813.055, 3137474.32 228804.957)	49	1612	0	552	false	1573	None
LINESTRING (3137474.32 228804.957, 3137482.966 228795.571)	49	1612	0	553	false	1573	None
LINESTRING (3137482.966 228795.571, 3137500.137 228779.135)	49	1612	0	554	false	1573	None
LINESTRING (3137500.137 228779.135, 3137519.304 228765.14)	49	1612	0	555	false	1573	None
LINESTRING (3137519.304 228765.14, 3137537.815 228750.056)	49	1612	0	556	false	1573	None
LINESTRING (3137537.815 228750.056, 3137541.728 228747.05)	49	1612	0	557	false	1573	None
LINESTRING (3137541.728 228747.05, 3137556.631 228735.449)	49	1612	0	558	false	1573	None
LINESTRING (3137556.631 228735.449, 3137593.481 228705.216)	49	1612	0	559	false	1573	None
LINESTRING (3137593.481 228705.216, 3137642.29 228664.145)	49	1612	0	560	false	1573	None
LINESTRING (3137642.29 228664.145, 3137677.238 228638.056)	49	1612	0	561	false	1573	None
LINESTRING (3137677.238 228638.056, 3137683.264 228632.893)	49	1612	0	562	false	1573	None
LINESTRING (3137683.264 228632.893, 3137705.901 228610.719)	49	1612	0	563	false	1573	None
LINESTRING (3137705.901 228610.719, 3137724.469 228590.18)	49	1612	0	564	false	1573	None
LINESTRING (3137724.469 228590.18, 3137742.474 228571.091)	49	1612	0	565	false	1573	None
LINESTRING (3137742.474 228571.091, 3137746.158 228567.162)	49	1612	0	566	false	1573	None
LINESTRING (3137746.158 228567.162, 3137756.441 228555.078)	49	1612	0	567	false	1573	None
LINESTRING (3137756.441 228555.078, 3137770.383 228535.84)	49	1612	0	568	false	1573	None
LINESTRING (3137770.383 228535.84, 3137773.028 228532.818)	49	1612	0	569	false	1573	None
LINESTRING (3137773.028 228532.818, 3137784.434 228521.884)	49	1612	0	570	false	1573	None
LINESTRING (3137784.434 228521.884, 3137787.079 228518.862)	49	1612	0	571	false	1573	None
LINESTRING (3137787.079 228518.862, 3137790.999 228512.048)	49	1612	0	572	false	1573	None
LINESTRING (3137790.999 228512.048, 3137797.519 228502.075)	49	1612	0	573	false	1573	None
LINESTRING (3137797.519 228502.075, 3137798.734 228499.451)	49	1612	0	574	false	1573	None
LINESTRING (3137798.734 228499.451, 3137802.584 228491.3)	49	1612	0	575	false	1573	None
LINESTRING (3137802.584 228491.3, 3137807.752 228475.206)	49	1612	0	576	false	1573	None
LINESTRING (3137807.752 228475.206, 3137808.5 228472.519)	49	1612	0	577	false	1573	None
LINESTRING (3137808.5 228472.519, 3137813.563 228453.408)	49	1612	0	578	false	1573	None
LINESTRING (3137813.563 228453.408, 3137821.099 228406.439)	49	1612	0	579	false	1573	None
LINESTRING (3137821.099 228406.439, 3137822.185 228399.596)	49	1612	0	580	false	1573	None
LINESTRING (3137822.185 228399.596, 3137825.725 228374.297)	49	1612	0	581	false	1573	None
LINESTRING (3137825.725 228374.297, 3137826.766 228367.318)	49	1612	0	582	false	1573	None
LINESTRING (3137826.766 228367.318, 3137828.68 228359.606)	49	1612	0	583	false	1573	None
LINESTRING (3137828.68 228359.606, 3137830.256 228356.05)	49	1612	0	584	false	1573	None
LINESTRING (3137830.256 228356.05, 3137834.688 228349.435)	49	1612	0	585	false	1573	None
LINESTRING (3137834.688 228349.435, 3137843.059 228341.014)	49	1612	0	586	false	1573	None
LINESTRING (3137843.059 228341.014, 3137862.964 228327.902)	49	1612	0	587	false	1573	None
LINESTRING (3137862.964 228327.902, 3137877.414 228321.007)	49	1612	0	588	false	1573	None
LINESTRING (3137877.414 228321.007, 3137900.367 228314.198)	49	1612	0	589	false	1573	None
LINESTRING (3137900.367 228314.198, 3137900.914 228314.053)	49	1612	0	590	false	1573	None
LINESTRING (3137900.914 228314.053, 3137912.347 228312.656)	49	1612	0	591	false	1573	None
LINESTRING (3137912.347 228312.656, 3137920.139 228311.036)	49	1612	0	592	false	1573	None
LINESTRING (3137920.139 228311.036, 3137923.831 228309.611)	49	1612	0	593	false	1573	None
LINESTRING (3137923.831 228309.611, 3137934.463 228304.212)	49	1612	0	594	false	1573	None
LINESTRING (3137934.463 228304.212, 3137951.157 228293.306)	49	1612	0	595	false	1573	None
LINESTRING (3137951.157 228293.306, 3137969.941 228272.971)	49	1612	0	596	false	1573	None
LINESTRING (3137969.941 228272.971, 3137991.528 228244.911)	49	1612	0	597	false	1573	E:3137981.717 228257.66389109162
LINESTRING (3135989.982 225618.269, 3135995.673 225639.525)	49	1620	0	0	false	272	None
LINESTRING (3135995.673 225639.525, 3136012.665 225703.502)	49	1620	0	1	false	272	None
LINESTRING (3136012.665 225703.502, 3136018.231 225724.83)	49	1620	0	2	false	272	None
LINESTRING (3136018.231 225724.83, 3136043.778 225815.58)	49	1620	0	3	false	272	None
LINESTRING (3136043.778 225815.58, 3136051.726 225843.666)	49	1620	0	4	false	272	None
LINESTRING (3136051.726 225843.666, 3136090.569 225983.626)	49	1620	0	5	false	272	None
LINESTRING (3136090.569 225983.626, 3136095.27 225998.07)	49	1620	0	6	false	272	None
LINESTRING (3136095.27 225998.07, 3136124.125 226091.414)	49	1620	0	7	false	272	None
LINESTRING (3136124.125 226091.414, 3136155.162 226192.035)	49	1620	0	8	false	272	None
LINESTRING (3136155.162 226192.035, 3136156.516 226196.132)	49	1620	0	9	false	272	None
LINESTRING (3136156.516 226196.132, 3136180.794 226272.938)	49	1620	0	10	false	272	None
LINESTRING (3136180.794 226272.938, 3136230.895 226452.155)	49	1620	0	11	false	272	None
LINESTRING (3136230.895 226452.155, 3136235.606 226469.103)	49	1620	0	12	false	272	None
LINESTRING (3136235.606 226469.103, 3136263.693 226564.414)	49	1620	0	13	false	272	None
LINESTRING (3136263.693 226564.414, 3136305.342 226693.562)	49	1620	0	14	false	272	None
LINESTRING (3136305.342 226693.562, 3136313.699 226723.117)	49	1620	0	15	false	272	None
LINESTRING (3136313.699 226723.117, 3136274.444 226743.373)	49	1620	0	16	false	272	None
LINESTRING (3136274.444 226743.373, 3136213.49 226785.932)	49	1620	0	17	false	272	None
LINESTRING (3136213.49 226785.932, 3136173.076 226823.599)	49	1620	0	18	false	272	None
LINESTRING (3136173.076 226823.599, 3135977.902 227013.894)	49	1620	0	19	false	272	None
LINESTRING (3135977.902 227013.894, 3135935.874 227034.981)	49	1620	0	20	false	272	None
LINESTRING (3135935.874 227034.981, 3135934.41 227035.723)	49	1620	0	21	false	272	None
LINESTRING (3135934.41 227035.723, 3135901.122 227054.008)	49	1620	0	22	false	272	None
LINESTRING (3135901.122 227054.008, 3135865.728 227062.546)	49	1620	0	23	false	272	None
LINESTRING (3135865.728 227062.546, 3135831.944 227073.257)	49	1620	0	24	false	272	None
LINESTRING (3135831.944 227073.257, 3135806.599 227074.858)	49	1620	0	25	false	272	None
LINESTRING (3135806.599 227074.858, 3135765.417 227077.579)	49	1620	0	26	false	272	None
LINESTRING (3135765.417 227077.579, 3135762.667 227077.585)	49	1620	0	27	false	272	None
LINESTRING (3135762.667 227077.585, 3135747.487 227077.769)	49	1620	0	28	false	272	None
LINESTRING (3135747.487 227077.769, 3135732.095 227077.992)	49	1620	0	29	false	272	None
LINESTRING (3135732.095 227077.992, 3135701.528 227080.663)	49	1620	0	30	false	272	None
LINESTRING (3135701.528 227080.663, 3135686.162 227082.086)	49	1620	0	31	false	272	None
LINESTRING (3135686.162 227082.086, 3135660.942 227077.545)	49	1620	0	32	false	272	None
LINESTRING (3135660.942 227077.545, 3135606.942 227068.033)	49	1620	0	33	false	272	None
LINESTRING (3135606.942 227068.033, 3135585.988 227061.098)	49	1620	0	34	false	272	None
LINESTRING (3135585.988 227061.098, 3135561.712 227053.113)	49	1620	0	35	false	272	None
LINESTRING (3135561.712 227053.113, 3135557.794 227051.831)	49	1620	0	36	false	272	None
LINESTRING (3135557.794 227051.831, 3135547.595 227047.519)	49	1620	0	37	false	272	None
LINESTRING (3135547.595 227047.519, 3135527.503 227039.37)	49	1620	0	38	false	272	None
LINESTRING (3135527.503 227039.37, 3135519.908 227036.187)	49	1620	0	39	false	272	None
LINESTRING (3135519.908 227036.187, 3135506.458 227028.114)	49	1620	0	40	false	272	None
LINESTRING (3135506.458 227028.114, 3135493.309 227020.276)	49	1620	0	41	false	272	None
LINESTRING (3135493.309 227020.276, 3135490.565 227018.498)	49	1620	0	42	false	272	None
LINESTRING (3135490.565 227018.498, 3135481.916 227013.477)	49	1620	0	43	false	272	None
LINESTRING (3135481.916 227013.477, 3135479.047 227011.769)	49	1620	0	44	false	272	None
LINESTRING (3135479.047 227011.769, 3135476.348 227010.127)	49	1620	0	45	false	272	None
LINESTRING (3135476.348 227010.127, 3135403.5 226964.971)	49	1620	0	46	false	272	None
LINESTRING (3135403.5 226964.971, 3135321.139 226913.985)	49	1620	0	47	false	272	None
LINESTRING (3135321.139 226913.985, 3135177.371 226822.997)	49	1620	0	48	false	272	None
LINESTRING (3135177.371 226822.997, 3135164.598 226814.949)	49	1620	0	49	false	272	None
LINESTRING (3135164.598 226814.949, 3135103.081 226773.714)	49	1620	0	50	false	272	None
LINESTRING (3135103.081 226773.714, 3135102.153 226769.782)	49	1620	0	51	false	272	None
LINESTRING (3135102.153 226769.782, 3135096.488 226745.679)	49	1620	0	52	false	272	None
LINESTRING (3135096.488 226745.679, 3135022.358 226716.223)	49	1620	0	53	false	272	None
LINESTRING (3135022.358 226716.223, 3134955.376 226668.585)	49	1620	0	54	false	272	None
LINESTRING (3134955.376 226668.585, 3134850.82 226594.117)	49	1620	0	55	false	272	None
LINESTRING (3134850.82 226594.117, 3134843.645 226588.835)	49	1620	0	56	false	272	None
LINESTRING (3134843.645 226588.835, 3134821.876 226573.371)	49	1620	0	57	false	272	None
LINESTRING (3134821.876 226573.371, 3134814.536 226568.264)	49	1620	0	58	false	272	None
LINESTRING (3134814.536 226568.264, 3134808.159 226562.696)	49	1620	0	59	false	272	None
LINESTRING (3134808.159 226562.696, 3134782.732 226540.218)	49	1620	0	60	false	272	None
LINESTRING (3134782.732 226540.218, 3134746.492 226508.429)	49	1620	0	61	false	272	None
LINESTRING (3134746.492 226508.429, 3134670.874 226424.349)	49	1620	0	62	false	272	None
LINESTRING (3134670.874 226424.349, 3134577.974 226321.069)	49	1620	0	63	false	272	None
LINESTRING (3134577.974 226321.069, 3134505.252 226230.017)	49	1620	0	64	false	272	None
LINESTRING (3134505.252 226230.017, 3134495.392 226217.742)	49	1620	0	65	false	272	None
LINESTRING (3134495.392 226217.742, 3134490.7 226211.876)	49	1620	0	66	false	272	None
LINESTRING (3134490.7 226211.876, 3134454.687 226166.842)	49	1620	0	67	false	272	None
LINESTRING (3134454.687 226166.842, 3134379.597 226069.994)	49	1620	0	68	false	272	None
LINESTRING (3134379.597 226069.994, 3134347 226028.548)	49	1620	0	69	false	272	None
LINESTRING (3134347 226028.548, 3134321.886 226005.004)	49	1620	0	70	false	272	None
LINESTRING (3134321.886 226005.004, 3134292.462 225983.718)	49	1620	0	71	false	272	None
LINESTRING (3134292.462 225983.718, 3134261.744 225963.24)	49	1620	0	72	false	272	None
LINESTRING (3134261.744 225963.24, 3134228.021 225944.693)	49	1620	0	73	false	272	None
LINESTRING (3134228.021 225944.693, 3134192.017 225930.263)	49	1620	0	74	false	272	None
LINESTRING (3134192.017 225930.263, 3134058.799 225879.347)	49	1620	0	75	false	272	None
LINESTRING (3134058.799 225879.347, 3134003.609 225865.816)	49	1620	0	76	false	272	None
LINESTRING (3134003.609 225865.816, 3133991.668 225863.212)	49	1620	0	77	false	272	None
LINESTRING (3133991.668 225863.212, 3133929.539 225849.612)	49	1620	0	78	false	272	None
LINESTRING (3133929.539 225849.612, 3133928.521 225849.455)	49	1620	0	79	false	272	None
LINESTRING (3133928.521 225849.455, 3133871.409 225835.061)	49	1620	0	80	false	272	None
LINESTRING (3133871.409 225835.061, 3133784.468 225810.299)	49	1620	0	81	false	272	None
LINESTRING (3133784.468 225810.299, 3133746.737 225796.272)	49	1620	0	82	false	272	None
LINESTRING (3133746.737 225796.272, 3133687.22 225774.162)	49	1620	0	83	false	272	W:3133703.884 225780.35251766717
LINESTRING (3134426.331 225029.237, 3134526.67 225049.076)	49	1620	0	199	false	272	S:3134514.126992792 225046.596
LINESTRING (3134526.67 225049.076, 3134559.582 225057.069)	49	1620	0	200	false	272	None
LINESTRING (3134559.582 225057.069, 3134622.515 225076.461)	49	1620	0	201	false	272	None
LINESTRING (3134622.515 225076.461, 3134676.192 225098.218)	49	1620	0	202	false	272	None
LINESTRING (3134676.192 225098.218, 3134741.175 225128.524)	49	1620	0	203	false	272	None
LINESTRING (3134741.175 225128.524, 3134755.331 225135.797)	49	1620	0	204	false	272	None
LINESTRING (3134755.331 225135.797, 3134797.718 225157.822)	49	1620	0	205	false	272	None
LINESTRING (3134797.718 225157.822, 3134811.749 225165.165)	49	1620	0	206	false	272	None
LINESTRING (3134811.749 225165.165, 3134828.489 225172.606)	49	1620	0	207	false	272	None
LINESTRING (3134828.489 225172.606, 3134878.547 225195.343)	49	1620	0	208	false	272	None
LINESTRING (3134878.547 225195.343, 3134895.122 225202.958)	49	1620	0	209	false	272	None
LINESTRING (3134895.122 225202.958, 3134896.486 225203.487)	49	1620	0	210	false	272	None
LINESTRING (3134896.486 225203.487, 3134900.415 225205.249)	49	1620	0	211	false	272	None
LINESTRING (3134900.415 225205.249, 3134901.655 225205.848)	49	1620	0	212	false	272	None
LINESTRING (3134901.655 225205.848, 3134906.608 225208.006)	49	1620	0	213	false	272	None
LINESTRING (3134906.608 225208.006, 3134921.129 225214.587)	49	1620	0	214	false	272	None
LINESTRING (3134921.129 225214.587, 3134925.957 225216.816)	49	1620	0	215	false	272	None
LINESTRING (3134925.957 225216.816, 3134937.352 225221.59)	49	1620	0	216	false	272	None
LINESTRING (3134937.352 225221.59, 3134971.378 225236.327)	49	1620	0	217	false	272	None
LINESTRING (3134971.378 225236.327, 3134982.649 225241.172)	49	1620	0	218	false	272	None
LINESTRING (3134982.649 225241.172, 3134985.975 225242.462)	49	1620	0	219	false	272	None
LINESTRING (3134985.975 225242.462, 3134995.539 225246.646)	49	1620	0	220	false	272	None
LINESTRING (3134995.539 225246.646, 3134998.615 225248.076)	49	1620	0	221	false	272	None
LINESTRING (3134998.615 225248.076, 3135019.685 225256.244)	49	1620	0	222	false	272	None
LINESTRING (3135019.685 225256.244, 3135023.268 225257.632)	49	1620	0	223	false	272	None
LINESTRING (3135023.268 225257.632, 3135043.073 225264)	49	1620	0	224	false	272	None
LINESTRING (3135043.073 225264, 3135071.248 225272.064)	49	1620	0	225	false	272	None
LINESTRING (3135071.248 225272.064, 3135084.474 225275.406)	49	1620	0	226	false	272	None
LINESTRING (3135084.474 225275.406, 3135106.211 225281.094)	49	1620	0	227	false	272	None
LINESTRING (3135106.211 225281.094, 3135108.333 225281.44)	49	1620	0	228	false	272	None
LINESTRING (3135108.333 225281.44, 3135114.53 225282.414)	49	1620	0	229	false	272	None
LINESTRING (3135114.53 225282.414, 3135116.527 225282.831)	49	1620	0	230	false	272	None
LINESTRING (3135116.527 225282.831, 3135121.409 225283.652)	49	1620	0	231	false	272	None
LINESTRING (3135121.409 225283.652, 3135127.014 225284.634)	49	1620	0	232	false	272	None
LINESTRING (3135127.014 225284.634, 3135158.474 225290.044)	49	1620	0	233	false	272	None
LINESTRING (3135158.474 225290.044, 3135168.921 225291.95)	49	1620	0	234	false	272	None
LINESTRING (3135168.921 225291.95, 3135185.103 225292.985)	49	1620	0	235	false	272	None
LINESTRING (3135185.103 225292.985, 3135233.477 225296.022)	49	1620	0	236	false	272	None
LINESTRING (3135233.477 225296.022, 3135249.533 225297.127)	49	1620	0	237	false	272	None
LINESTRING (3135249.533 225297.127, 3135269.106 225296.5)	49	1620	0	238	false	272	None
LINESTRING (3135269.106 225296.5, 3135327.615 225294.657)	49	1620	0	239	false	272	None
LINESTRING (3135327.615 225294.657, 3135347.063 225294.101)	49	1620	0	240	false	272	None
LINESTRING (3135347.063 225294.101, 3135348.583 225293.976)	49	1620	0	241	false	272	None
LINESTRING (3135348.583 225293.976, 3135353.024 225293.911)	49	1620	0	242	false	272	None
LINESTRING (3135353.024 225293.911, 3135354.419 225293.857)	49	1620	0	243	false	272	None
LINESTRING (3135354.419 225293.857, 3135362.944 225292.875)	49	1620	0	244	false	272	None
LINESTRING (3135362.944 225292.875, 3135388.347 225289.866)	49	1620	0	245	false	272	None
LINESTRING (3135388.347 225289.866, 3135396.786 225288.851)	49	1620	0	246	false	272	None
LINESTRING (3135396.786 225288.851, 3135397.504 225288.772)	49	1620	0	247	false	272	None
LINESTRING (3135397.504 225288.772, 3135399.4 225288.436)	49	1620	0	248	false	272	None
LINESTRING (3135399.4 225288.436, 3135399.992 225288.428)	49	1620	0	249	false	272	None
LINESTRING (3135399.992 225288.428, 3135432.44 225284.458)	49	1620	0	250	false	272	None
LINESTRING (3135432.44 225284.458, 3135529.699 225272.518)	49	1620	0	251	false	272	None
LINESTRING (3135529.699 225272.518, 3135562.062 225268.516)	49	1620	0	252	false	272	None
LINESTRING (3135562.062 225268.516, 3135691.623 225239.574)	49	1620	0	253	false	272	None
LINESTRING (3135691.623 225239.574, 3135693.72 225238.721)	49	1620	0	254	false	272	None
LINESTRING (3135693.72 225238.721, 3135735.415 225221.788)	49	1620	0	255	false	272	None
LINESTRING (3135735.415 225221.788, 3135762.365 225221.879)	49	1620	0	256	false	272	None
LINESTRING (3135762.365 225221.879, 3135842.963 225222.293)	49	1620	0	257	false	272	None
LINESTRING (3135842.963 225222.293, 3135869.787 225222.455)	49	1620	0	258	false	272	None
LINESTRING (3135869.787 225222.455, 3135870.375 225224.231)	49	1620	0	259	false	272	None
LINESTRING (3135870.375 225224.231, 3135872.056 225229.764)	49	1620	0	260	false	272	None
LINESTRING (3135872.056 225229.764, 3135872.518 225231.61)	49	1620	0	261	false	272	None
LINESTRING (3135872.518 225231.61, 3135885.633 225278.009)	49	1620	0	262	false	272	None
LINESTRING (3135885.633 225278.009, 3135892.107 225344.574)	49	1620	0	263	false	272	None
LINESTRING (3135892.107 225344.574, 3135893.066 225353.995)	49	1620	0	264	false	272	None
LINESTRING (3135893.066 225353.995, 3135898.333 225407.472)	49	1620	0	265	false	272	None
LINESTRING (3135898.333 225407.472, 3135931.577 225439.412)	49	1620	0	266	false	272	None
LINESTRING (3135931.577 225439.412, 3135934.473 225442.321)	49	1620	0	267	false	272	None
LINESTRING (3135934.473 225442.321, 3135953.769 225505.167)	49	1620	0	268	false	272	None
LINESTRING (3135953.769 225505.167, 3135955.4 225510.324)	49	1620	0	269	false	272	None
LINESTRING (3135955.4 225510.324, 3135975.64 225575.798)	49	1620	0	270	false	272	None
LINESTRING (3135975.64 225575.798, 3135983.89 225600.071)	49	1620	0	271	false	272	None
LINESTRING (3135983.89 225600.071, 3135989.982 225618.269)	49	1620	0	272	false	272	None
LINESTRING (3133687.22 225774.162, 3133746.737 225796.272)	49	1624	0	144	false	829	W:3133703.884 225780.35251766717
LINESTRING (3133746.737 225796.272, 3133784.468 225810.299)	49	1624	0	145	false	829	None
LINESTRING (3133784.468 225810.299, 3133871.409 225835.061)	49	1624	0	146	false	829	None
LINESTRING (3133871.409 225835.061, 3133928.521 225849.455)	49	1624	0	147	false	829	None
LINESTRING (3133928.521 225849.455, 3133929.539 225849.612)	49	1624	0	148	false	829	None
LINESTRING (3133929.539 225849.612, 3133991.668 225863.212)	49	1624	0	149	false	829	None
LINESTRING (3133991.668 225863.212, 3134003.609 225865.816)	49	1624	0	150	false	829	None
LINESTRING (3134003.609 225865.816, 3134058.799 225879.347)	49	1624	0	151	false	829	None
LINESTRING (3134058.799 225879.347, 3134192.017 225930.263)	49	1624	0	152	false	829	None
LINESTRING (3134192.017 225930.263, 3134228.021 225944.693)	49	1624	0	153	false	829	None
LINESTRING (3134228.021 225944.693, 3134261.744 225963.24)	49	1624	0	154	false	829	None
LINESTRING (3134261.744 225963.24, 3134292.462 225983.718)	49	1624	0	155	false	829	None
LINESTRING (3134292.462 225983.718, 3134321.886 226005.004)	49	1624	0	156	false	829	None
LINESTRING (3134321.886 226005.004, 3134347 226028.548)	49	1624	0	157	false	829	None
LINESTRING (3134347 226028.548, 3134379.597 226069.994)	49	1624	0	158	false	829	None
LINESTRING (3134379.597 226069.994, 3134454.687 226166.842)	49	1624	0	159	false	829	None
LINESTRING (3134454.687 226166.842, 3134490.7 226211.876)	49	1624	0	160	false	829	None
LINESTRING (3134490.7 226211.876, 3134495.392 226217.742)	49	1624	0	161	false	829	None
LINESTRING (3134495.392 226217.742, 3134505.252 226230.017)	49	1624	0	162	false	829	None
LINESTRING (3134505.252 226230.017, 3134577.974 226321.069)	49	1624	0	163	false	829	None
LINESTRING (3134577.974 226321.069, 3134670.874 226424.349)	49	1624	0	164	false	829	None
LINESTRING (3134670.874 226424.349, 3134746.492 226508.429)	49	1624	0	165	false	829	None
LINESTRING (3134746.492 226508.429, 3134782.732 226540.218)	49	1624	0	166	false	829	None
LINESTRING (3134782.732 226540.218, 3134808.159 226562.696)	49	1624	0	167	false	829	None
LINESTRING (3134808.159 226562.696, 3134814.536 226568.264)	49	1624	0	168	false	829	None
LINESTRING (3134814.536 226568.264, 3134821.876 226573.371)	49	1624	0	169	false	829	None
LINESTRING (3134821.876 226573.371, 3134843.645 226588.835)	49	1624	0	170	false	829	None
LINESTRING (3134843.645 226588.835, 3134850.82 226594.117)	49	1624	0	171	false	829	None
LINESTRING (3134850.82 226594.117, 3134955.376 226668.585)	49	1624	0	172	false	829	None
LINESTRING (3134955.376 226668.585, 3135022.358 226716.223)	49	1624	0	173	false	829	None
LINESTRING (3135022.358 226716.223, 3135096.488 226745.679)	49	1624	0	174	false	829	None
LINESTRING (3135096.488 226745.679, 3135102.153 226769.782)	49	1624	0	175	false	829	None
LINESTRING (3135102.153 226769.782, 3135103.081 226773.714)	49	1624	0	176	false	829	None
LINESTRING (3135103.081 226773.714, 3135164.598 226814.949)	49	1624	0	177	false	829	None
LINESTRING (3135164.598 226814.949, 3135177.371 226822.997)	49	1624	0	178	false	829	None
LINESTRING (3135177.371 226822.997, 3135321.139 226913.985)	49	1624	0	179	false	829	None
LINESTRING (3135321.139 226913.985, 3135403.5 226964.971)	49	1624	0	180	false	829	None
LINESTRING (3135403.5 226964.971, 3135476.348 227010.127)	49	1624	0	181	false	829	None
LINESTRING (3135476.348 227010.127, 3135479.047 227011.769)	49	1624	0	182	false	829	None
LINESTRING (3135479.047 227011.769, 3135481.916 227013.477)	49	1624	0	183	false	829	None
LINESTRING (3135481.916 227013.477, 3135490.565 227018.498)	49	1624	0	184	false	829	None
LINESTRING (3135490.565 227018.498, 3135493.309 227020.276)	49	1624	0	185	false	829	None
LINESTRING (3135493.309 227020.276, 3135506.458 227028.114)	49	1624	0	186	false	829	None
LINESTRING (3135506.458 227028.114, 3135519.908 227036.187)	49	1624	0	187	false	829	None
LINESTRING (3135519.908 227036.187, 3135527.503 227039.37)	49	1624	0	188	false	829	None
LINESTRING (3135527.503 227039.37, 3135547.595 227047.519)	49	1624	0	189	false	829	None
LINESTRING (3135547.595 227047.519, 3135557.794 227051.831)	49	1624	0	190	false	829	None
LINESTRING (3135557.794 227051.831, 3135561.712 227053.113)	49	1624	0	191	false	829	None
LINESTRING (3135561.712 227053.113, 3135585.988 227061.098)	49	1624	0	192	false	829	None
LINESTRING (3135585.988 227061.098, 3135606.942 227068.033)	49	1624	0	193	false	829	None
LINESTRING (3135606.942 227068.033, 3135660.942 227077.545)	49	1624	0	194	false	829	None
LINESTRING (3135660.942 227077.545, 3135686.162 227082.086)	49	1624	0	195	false	829	None
LINESTRING (3135686.162 227082.086, 3135701.528 227080.663)	49	1624	0	196	false	829	None
LINESTRING (3135701.528 227080.663, 3135732.095 227077.992)	49	1624	0	197	false	829	None
LINESTRING (3135732.095 227077.992, 3135747.487 227077.769)	49	1624	0	198	false	829	None
LINESTRING (3135747.487 227077.769, 3135762.667 227077.585)	49	1624	0	199	false	829	None
LINESTRING (3135762.667 227077.585, 3135765.417 227077.579)	49	1624	0	200	false	829	None
LINESTRING (3135765.417 227077.579, 3135806.599 227074.858)	49	1624	0	201	false	829	None
LINESTRING (3135806.599 227074.858, 3135831.944 227073.257)	49	1624	0	202	false	829	None
LINESTRING (3135831.944 227073.257, 3135865.728 227062.546)	49	1624	0	203	false	829	None
LINESTRING (3135865.728 227062.546, 3135901.122 227054.008)	49	1624	0	204	false	829	None
LINESTRING (3135901.122 227054.008, 3135934.41 227035.723)	49	1624	0	205	false	829	None
LINESTRING (3135934.41 227035.723, 3135935.874 227034.981)	49	1624	0	206	false	829	None
LINESTRING (3135935.874 227034.981, 3135977.902 227013.894)	49	1624	0	207	false	829	None
LINESTRING (3135977.902 227013.894, 3136173.076 226823.599)	49	1624	0	208	false	829	None
LINESTRING (3136173.076 226823.599, 3136213.49 226785.932)	49	1624	0	209	false	829	None
LINESTRING (3136213.49 226785.932, 3136274.444 226743.373)	49	1624	0	210	false	829	None
LINESTRING (3136274.444 226743.373, 3136313.699 226723.117)	49	1624	0	211	false	829	None
LINESTRING (3136313.699 226723.117, 3136345.345 226806.713)	49	1624	0	212	false	829	None
LINESTRING (3136345.345 226806.713, 3136369.448 226857.14)	49	1624	0	213	false	829	None
LINESTRING (3136369.448 226857.14, 3136378.376 226875.606)	49	1624	0	214	false	829	None
LINESTRING (3136378.376 226875.606, 3136404.826 226931.111)	49	1624	0	215	false	829	None
LINESTRING (3136404.826 226931.111, 3136413.589 226949.751)	49	1624	0	216	false	829	None
LINESTRING (3136413.589 226949.751, 3136442.832 227011.46)	49	1624	0	217	false	829	None
LINESTRING (3136442.832 227011.46, 3136530.476 227196.794)	49	1624	0	218	false	829	None
LINESTRING (3136530.476 227196.794, 3136559.591 227258.574)	49	1624	0	219	false	829	None
LINESTRING (3136559.591 227258.574, 3136575.69 227292.443)	49	1624	0	220	false	829	None
LINESTRING (3136575.69 227292.443, 3136600.07 227344.17)	49	1624	0	221	false	829	None
LINESTRING (3136600.07 227344.17, 3136619.279 227375.079)	49	1624	0	222	false	829	None
LINESTRING (3136619.279 227375.079, 3136629.938 227389.335)	49	1624	0	223	false	829	None
LINESTRING (3136629.938 227389.335, 3136635.987 227397.516)	49	1624	0	224	false	829	None
LINESTRING (3136635.987 227397.516, 3136651.024 227418.948)	49	1624	0	225	false	829	None
LINESTRING (3136651.024 227418.948, 3136680.057 227442.238)	49	1624	0	226	false	829	None
LINESTRING (3136680.057 227442.238, 3136702.169 227460.103)	49	1624	0	227	false	829	None
LINESTRING (3136702.169 227460.103, 3136734.503 227483.483)	49	1624	0	228	false	829	None
LINESTRING (3136734.503 227483.483, 3136751.894 227494.04)	49	1624	0	229	false	829	None
LINESTRING (3136751.894 227494.04, 3136771.653 227504.564)	49	1624	0	230	false	829	None
LINESTRING (3136771.653 227504.564, 3136772.381 227504.965)	49	1624	0	231	false	829	None
LINESTRING (3136772.381 227504.965, 3136802.369 227517.195)	49	1624	0	232	false	829	None
LINESTRING (3136802.369 227517.195, 3136805.524 227518.419)	49	1624	0	233	false	829	None
LINESTRING (3136805.524 227518.419, 3136837.027 227530.284)	49	1624	0	234	false	829	None
LINESTRING (3136837.027 227530.284, 3136990.389 227585.142)	49	1624	0	235	false	829	None
LINESTRING (3136990.389 227585.142, 3136994.523 227586.627)	49	1624	0	236	false	829	None
LINESTRING (3136994.523 227586.627, 3137174.054 227651.167)	49	1624	0	237	false	829	None
LINESTRING (3137174.054 227651.167, 3137194.541 227658.044)	49	1624	0	238	false	829	None
LINESTRING (3137194.541 227658.044, 3137249.571 227676.54)	49	1624	0	239	false	829	None
LINESTRING (3137249.571 227676.54, 3137266.242 227693.249)	49	1624	0	240	false	829	None
LINESTRING (3137266.242 227693.249, 3137383.911 227732.123)	49	1624	0	241	false	829	None
LINESTRING (3137383.911 227732.123, 3137610.971 227806.424)	49	1624	0	242	false	829	None
LINESTRING (3137610.971 227806.424, 3137720.054 227845.425)	49	1624	0	243	false	829	None
LINESTRING (3137720.054 227845.425, 3137794.069 227871.888)	49	1624	0	244	false	829	None
LINESTRING (3137794.069 227871.888, 3137866.163 227897.487)	49	1624	0	245	false	829	None
LINESTRING (3137866.163 227897.487, 3137885.846 227904.412)	49	1624	0	246	false	829	None
LINESTRING (3137885.846 227904.412, 3138082.361 227974.494)	49	1624	0	247	false	829	E:3137981.717 227938.60191640342
LINESTRING (3137991.528 228244.911, 3137969.941 228272.971)	49	1624	0	272	false	829	E:3137981.717 228257.66389109162
LINESTRING (3137969.941 228272.971, 3137951.157 228293.306)	49	1624	0	273	false	829	None
LINESTRING (3137951.157 228293.306, 3137934.463 228304.212)	49	1624	0	274	false	829	None
LINESTRING (3137934.463 228304.212, 3137923.831 228309.611)	49	1624	0	275	false	829	None
LINESTRING (3137923.831 228309.611, 3137920.139 228311.036)	49	1624	0	276	false	829	None
LINESTRING (3137920.139 228311.036, 3137912.347 228312.656)	49	1624	0	277	false	829	None
LINESTRING (3137912.347 228312.656, 3137900.914 228314.053)	49	1624	0	278	false	829	None
LINESTRING (3137900.914 228314.053, 3137900.367 228314.198)	49	1624	0	279	false	829	None
LINESTRING (3137900.367 228314.198, 3137877.414 228321.007)	49	1624	0	280	false	829	None
LINESTRING (3137877.414 228321.007, 3137862.964 228327.902)	49	1624	0	281	false	829	None
LINESTRING (3137862.964 228327.902, 3137843.059 228341.014)	49	1624	0	282	false	829	None
LINESTRING (3137843.059 228341.014, 3137834.688 228349.435)	49	1624	0	283	false	829	None
LINESTRING (3137834.688 228349.435, 3137830.256 228356.05)	49	1624	0	284	false	829	None
LINESTRING (3137830.256 228356.05, 3137828.68 228359.606)	49	1624	0	285	false	829	None
LINESTRING (3137828.68 228359.606, 3137826.766 228367.318)	49	1624	0	286	false	829	None
LINESTRING (3137826.766 228367.318, 3137825.725 228374.297)	49	1624	0	287	false	829	None
LINESTRING (3137825.725 228374.297, 3137822.185 228399.596)	49	1624	0	288	false	829	None
LINESTRING (3137822.185 228399.596, 3137821.099 228406.439)	49	1624	0	289	false	829	None
LINESTRING (3137821.099 228406.439, 3137813.563 228453.408)	49	1624	0	290	false	829	None
LINESTRING (3137813.563 228453.408, 3137808.5 228472.519)	49	1624	0	291	false	829	None
LINESTRING (3137808.5 228472.519, 3137807.752 228475.206)	49	1624	0	292	false	829	None
LINESTRING (3137807.752 228475.206, 3137802.584 228491.3)	49	1624	0	293	false	829	None
LINESTRING (3137802.584 228491.3, 3137798.734 228499.451)	49	1624	0	294	false	829	None
LINESTRING (3137798.734 228499.451, 3137797.519 228502.075)	49	1624	0	295	false	829	None
LINESTRING (3137797.519 228502.075, 3137790.999 228512.048)	49	1624	0	296	false	829	None
LINESTRING (3137790.999 228512.048, 3137787.079 228518.862)	49	1624	0	297	false	829	None
LINESTRING (3137787.079 228518.862, 3137784.434 228521.884)	49	1624	0	298	false	829	None
LINESTRING (3137784.434 228521.884, 3137773.028 228532.818)	49	1624	0	299	false	829	None
LINESTRING (3137773.028 228532.818, 3137770.383 228535.84)	49	1624	0	300	false	829	None
LINESTRING (3137770.383 228535.84, 3137756.441 228555.078)	49	1624	0	301	false	829	None
LINESTRING (3137756.441 228555.078, 3137746.158 228567.162)	49	1624	0	302	false	829	None
LINESTRING (3137746.158 228567.162, 3137742.474 228571.091)	49	1624	0	303	false	829	None
LINESTRING (3137742.474 228571.091, 3137724.469 228590.18)	49	1624	0	304	false	829	None
LINESTRING (3137724.469 228590.18, 3137705.901 228610.719)	49	1624	0	305	false	829	None
LINESTRING (3137705.901 228610.719, 3137683.264 228632.893)	49	1624	0	306	false	829	None
LINESTRING (3137683.264 228632.893, 3137677.238 228638.056)	49	1624	0	307	false	829	None
LINESTRING (3137677.238 228638.056, 3137642.29 228664.145)	49	1624	0	308	false	829	None
LINESTRING (3137642.29 228664.145, 3137593.481 228705.216)	49	1624	0	309	false	829	None
LINESTRING (3137593.481 228705.216, 3137556.631 228735.449)	49	1624	0	310	false	829	None
LINESTRING (3137556.631 228735.449, 3137541.728 228747.05)	49	1624	0	311	false	829	None
LINESTRING (3137541.728 228747.05, 3137537.815 228750.056)	49	1624	0	312	false	829	None
LINESTRING (3137537.815 228750.056, 3137519.304 228765.14)	49	1624	0	313	false	829	None
LINESTRING (3137519.304 228765.14, 3137500.137 228779.135)	49	1624	0	314	false	829	None
LINESTRING (3137500.137 228779.135, 3137482.966 228795.571)	49	1624	0	315	false	829	None
LINESTRING (3137482.966 228795.571, 3137474.32 228804.957)	49	1624	0	316	false	829	None
LINESTRING (3137474.32 228804.957, 3137466.958 228813.055)	49	1624	0	317	false	829	None
LINESTRING (3137466.958 228813.055, 3137452.244 228831.755)	49	1624	0	318	false	829	None
LINESTRING (3137452.244 228831.755, 3137447.898 228838.404)	49	1624	0	319	false	829	None
LINESTRING (3137447.898 228838.404, 3137439.64 228856.395)	49	1624	0	320	false	829	None
LINESTRING (3137439.64 228856.395, 3137435.981 228875.932)	49	1624	0	321	false	829	None
LINESTRING (3137435.981 228875.932, 3137436.44 228883.851)	49	1624	0	322	false	829	None
LINESTRING (3137436.44 228883.851, 3137437.656 228891.586)	49	1624	0	323	false	829	None
LINESTRING (3137437.656 228891.586, 3137447.621 228913.435)	49	1624	0	324	false	829	None
LINESTRING (3137447.621 228913.435, 3137463.97 228939.309)	49	1624	0	325	false	829	None
LINESTRING (3137463.97 228939.309, 3137466.812 228943.865)	49	1624	0	326	false	829	None
LINESTRING (3137466.812 228943.865, 3137472.693 228954.245)	49	1624	0	327	false	829	None
LINESTRING (3137472.693 228954.245, 3137476.893 228963.139)	49	1624	0	328	false	829	None
LINESTRING (3137476.893 228963.139, 3137478.069 228970.978)	49	1624	0	329	false	829	N:3137477.8427711446 228969.47
