LINESTRING (3155069.01 193007.734, 3155101.832 192922.505)	121	1595	0	1609	false	1963	W:3155093.051 192945.3066528241
LINESTRING (3155101.832 192922.505, 3155115.126 192887.787)	121	1595	0	1610	false	1963	None
LINESTRING (3155115.126 192887.787, 3155130.916 192846.896)	121	1595	0	1611	false	1963	None
LINESTRING (3155130.916 192846.896, 3155149.555 192798.42)	121	1595	0	1612	false	1963	None
LINESTRING (3155149.555 192798.42, 3155150.479 192796.041)	121	1595	0	1613	false	1963	None
LINESTRING (3155150.479 192796.041, 3155176.026 192723.7)	121	1595	0	1614	false	1963	None
LINESTRING (3155176.026 192723.7, 3155190.492 192682.413)	121	1595	0	1615	false	1963	None
LINESTRING (3155190.492 192682.413, 3155206.836 192641.618)	121	1595	0	1616	false	1963	None
LINESTRING (3155206.836 192641.618, 3155249.825 192534.029)	121	1595	0	1617	false	1963	None
LINESTRING (3155249.825 192534.029, 3155255.578 192519.477)	121	1595	0	1618	false	1963	None
LINESTRING (3155255.578 192519.477, 3155271.625 192478.686)	121	1595	0	1619	false	1963	None
LINESTRING (3155271.625 192478.686, 3155309.347 192382.622)	121	1595	0	1620	false	1963	None
LINESTRING (3155309.347 192382.622, 3155316.11 192365.725)	121	1595	0	1621	false	1963	None
LINESTRING (3155316.11 192365.725, 3155333.419 192322.448)	121	1595	0	1622	false	1963	None
LINESTRING (3155333.419 192322.448, 3155354.037 192273.194)	121	1595	0	1623	false	1963	None
LINESTRING (3155354.037 192273.194, 3155375.168 192224.139)	121	1595	0	1624	false	1963	None
LINESTRING (3155375.168 192224.139, 3155440.556 192076.918)	121	1595	0	1625	false	1963	None
LINESTRING (3155440.556 192076.918, 3155452.295 192048.739)	121	1595	0	1626	false	1963	None
LINESTRING (3155452.295 192048.739, 3155459.082 192031.018)	121	1595	0	1627	false	1963	None
LINESTRING (3155459.082 192031.018, 3155463.573 192018.952)	121	1595	0	1628	false	1963	None
LINESTRING (3155463.573 192018.952, 3155485.182 191958.773)	121	1595	0	1629	false	1963	None
LINESTRING (3155485.182 191958.773, 3155497.2 191927.846)	121	1595	0	1630	false	1963	None
LINESTRING (3155497.2 191927.846, 3155501.899 191917.528)	121	1595	0	1631	false	1963	None
LINESTRING (3155501.899 191917.528, 3155504.868 191909.634)	121	1595	0	1632	false	1963	None
LINESTRING (3155504.868 191909.634, 3155512.466 191892.109)	121	1595	0	1633	false	1963	None
LINESTRING (3155512.466 191892.109, 3155522.929 191867.72)	121	1595	0	1634	false	1963	None
LINESTRING (3155522.929 191867.72, 3155540.007 191835.187)	121	1595	0	1635	false	1963	None
LINESTRING (3155540.007 191835.187, 3155549.626 191818.805)	121	1595	0	1636	false	1963	None
LINESTRING (3155549.626 191818.805, 3155563.333 191795.201)	121	1595	0	1637	false	1963	None
LINESTRING (3155563.333 191795.201, 3155596.665 191742.911)	121	1595	0	1638	false	1963	None
LINESTRING (3155596.665 191742.911, 3155609.824 191719.451)	121	1595	0	1639	false	1963	None
LINESTRING (3155609.824 191719.451, 3155613.639 191711.409)	121	1595	0	1640	false	1963	None
LINESTRING (3155613.639 191711.409, 3155616.452 191704.168)	121	1595	0	1641	false	1963	None
LINESTRING (3155616.452 191704.168, 3155619.987 191693.041)	121	1595	0	1642	false	1963	None
LINESTRING (3155619.987 191693.041, 3155622.454 191681.618)	121	1595	0	1643	false	1963	None
LINESTRING (3155622.454 191681.618, 3155624.237 191666.119)	121	1595	0	1644	false	1963	None
LINESTRING (3155624.237 191666.119, 3155624.313 191656.029)	121	1595	0	1645	false	1963	None
LINESTRING (3155624.313 191656.029, 3155621.654 191625.828)	121	1595	0	1646	false	1963	None
LINESTRING (3155621.654 191625.828, 3155620.085 191602.717)	121	1595	0	1647	false	1963	None
LINESTRING (3155620.085 191602.717, 3155617.838 191556.484)	121	1595	0	1648	false	1963	None
LINESTRING (3155617.838 191556.484, 3155617.444 191534.663)	121	1595	0	1649	false	1963	None
LINESTRING (3155617.444 191534.663, 3155618.581 191512.961)	121	1595	0	1650	false	1963	None
LINESTRING (3155618.581 191512.961, 3155621.765 191493.602)	121	1595	0	1651	false	1963	None
LINESTRING (3155621.765 191493.602, 3155624.017 191484)	121	1595	0	1652	false	1963	None
LINESTRING (3155624.017 191484, 3155628.983 191468.429)	121	1595	0	1653	false	1963	None
LINESTRING (3155628.983 191468.429, 3155614.586 191466.406)	121	1595	0	1654	false	1963	None
LINESTRING (3155614.586 191466.406, 3155597.385 191466.27)	121	1595	0	1655	false	1963	None
LINESTRING (3155597.385 191466.27, 3155590.272 191465.292)	121	1595	0	1656	false	1963	None
LINESTRING (3155590.272 191465.292, 3155586.131 191464.279)	121	1595	0	1657	false	1963	None
LINESTRING (3155586.131 191464.279, 3155582.544 191463.361)	121	1595	0	1658	false	1963	None
LINESTRING (3155582.544 191463.361, 3155570.924 191458.251)	121	1595	0	1659	false	1963	None
LINESTRING (3155570.924 191458.251, 3155555.284 191448.007)	121	1595	0	1660	false	1963	None
LINESTRING (3155555.284 191448.007, 3155537.012 191439.717)	121	1595	0	1661	false	1963	None
LINESTRING (3155537.012 191439.717, 3155521.347 191434.106)	121	1595	0	1662	false	1963	None
LINESTRING (3155521.347 191434.106, 3155496.534 191427.68)	121	1595	0	1663	false	1963	None
LINESTRING (3155496.534 191427.68, 3155487.842 191424.422)	121	1595	0	1664	false	1963	None
LINESTRING (3155487.842 191424.422, 3155483.932 191422.307)	121	1595	0	1665	false	1963	None
LINESTRING (3155483.932 191422.307, 3155477.639 191416.171)	121	1595	0	1666	false	1963	None
LINESTRING (3155477.639 191416.171, 3155475.052 191412.428)	121	1595	0	1667	false	1963	None
LINESTRING (3155475.052 191412.428, 3155472.285 191406.353)	121	1595	0	1668	false	1963	None
LINESTRING (3155472.285 191406.353, 3155469.579 191389.467)	121	1595	0	1669	false	1963	None
LINESTRING (3155469.579 191389.467, 3155468.421 191350.325)	121	1595	0	1670	false	1963	None
LINESTRING (3155468.421 191350.325, 3155466.36 191329.999)	121	1595	0	1671	false	1963	None
LINESTRING (3155466.36 191329.999, 3155456.704 191290.651)	121	1595	0	1672	false	1963	None
LINESTRING (3155456.704 191290.651, 3155448.997 191254.917)	121	1595	0	1673	false	1963	None
LINESTRING (3155448.997 191254.917, 3155432.124 191182.883)	121	1595	0	1674	false	1963	None
LINESTRING (3155432.124 191182.883, 3155423.364 191137.93)	121	1595	0	1675	false	1963	None
LINESTRING (3155423.364 191137.93, 3155414.51 191081.036)	121	1595	0	1676	false	1963	None
LINESTRING (3155414.51 191081.036, 3155398.818 190954.697)	121	1595	0	1677	false	1963	None
LINESTRING (3155398.818 190954.697, 3155394.886 190909.24)	121	1595	0	1678	false	1963	None
LINESTRING (3155394.886 190909.24, 3155394.04 190890.101)	121	1595	0	1679	false	1963	None
LINESTRING (3155394.04 190890.101, 3155392.856 190880.712)	121	1595	0	1680	false	1963	None
LINESTRING (3155392.856 190880.712, 3155383.578 190852.821)	121	1595	0	1681	false	1963	None
LINESTRING (3155383.578 190852.821, 3155380.697 190833.844)	121	1595	0	1682	false	1963	None
LINESTRING (3155380.697 190833.844, 3155379.914 190817.587)	121	1595	0	1683	false	1963	None
LINESTRING (3155379.914 190817.587, 3155381.253 190797.392)	121	1595	0	1684	false	1963	None
LINESTRING (3155381.253 190797.392, 3155381.425 190784.006)	121	1595	0	1685	false	1963	None
LINESTRING (3155381.425 190784.006, 3155379.226 190763.271)	121	1595	0	1686	false	1963	None
LINESTRING (3155379.226 190763.271, 3155371.691 190716.175)	121	1595	0	1687	false	1963	None
LINESTRING (3155371.691 190716.175, 3155368.791 190704.096)	121	1595	0	1688	false	1963	None
LINESTRING (3155368.791 190704.096, 3155364.232 190689.944)	121	1595	0	1689	false	1963	None
LINESTRING (3155364.232 190689.944, 3155330.685 190601.433)	121	1595	0	1690	false	1963	None
LINESTRING (3155330.685 190601.433, 3155319.961 190579.291)	121	1595	0	1691	false	1963	None
LINESTRING (3155319.961 190579.291, 3155302.049 190546.974)	121	1595	0	1692	false	1963	None
LINESTRING (3155302.049 190546.974, 3155291.451 190524.762)	121	1595	0	1693	false	1963	None
LINESTRING (3155291.451 190524.762, 3155285.11 190506.822)	121	1595	0	1694	false	1963	None
LINESTRING (3155285.11 190506.822, 3155270.776 190453.872)	121	1595	0	1695	false	1963	None
LINESTRING (3155270.776 190453.872, 3155259.002 190420.726)	121	1595	0	1696	false	1963	None
LINESTRING (3155259.002 190420.726, 3155252.023 190404.682)	121	1595	0	1697	false	1963	None
LINESTRING (3155252.023 190404.682, 3155244.561 190389.878)	121	1595	0	1698	false	1963	None
LINESTRING (3155244.561 190389.878, 3155229.86 190364.524)	121	1595	0	1699	false	1963	None
LINESTRING (3155229.86 190364.524, 3155225.546 190353.8)	121	1595	0	1700	false	1963	None
LINESTRING (3155225.546 190353.8, 3155224.406 190348.358)	121	1595	0	1701	false	1963	None
LINESTRING (3155224.406 190348.358, 3155223.957 190333.778)	121	1595	0	1702	false	1963	None
LINESTRING (3155223.957 190333.778, 3155225.098 190327.793)	121	1595	0	1703	false	1963	None
LINESTRING (3155225.098 190327.793, 3155226.256 190322.528)	121	1595	0	1704	false	1963	None
LINESTRING (3155226.256 190322.528, 3155227.475 190318.121)	121	1595	0	1705	false	1963	None
LINESTRING (3155227.475 190318.121, 3155231.625 190304.138)	121	1595	0	1706	false	1963	None
LINESTRING (3155231.625 190304.138, 3155245.525 190270.132)	121	1595	0	1707	false	1963	None
LINESTRING (3155245.525 190270.132, 3155246.57 190267.443)	121	1595	0	1708	false	1963	None
LINESTRING (3155246.57 190267.443, 3155277.219 190184.229)	121	1595	0	1709	false	1963	None
LINESTRING (3155277.219 190184.229, 3155285.009 190167.731)	121	1595	0	1710	false	1963	None
LINESTRING (3155285.009 190167.731, 3155290.162 190158.78)	121	1595	0	1711	false	1963	None
LINESTRING (3155290.162 190158.78, 3155297.577 190150.351)	121	1595	0	1712	false	1963	None
LINESTRING (3155297.577 190150.351, 3155307.614 190143.298)	121	1595	0	1713	false	1963	None
LINESTRING (3155307.614 190143.298, 3155333.389 190133.548)	121	1595	0	1714	false	1963	None
LINESTRING (3155333.389 190133.548, 3155336.284 190131.935)	121	1595	0	1715	false	1963	None
LINESTRING (3155336.284 190131.935, 3155347.943 190125.273)	121	1595	0	1716	false	1963	None
LINESTRING (3155347.943 190125.273, 3155354.25 190120.461)	121	1595	0	1717	false	1963	None
LINESTRING (3155354.25 190120.461, 3155378.861 190096.45)	121	1595	0	1718	false	1963	None
LINESTRING (3155378.861 190096.45, 3155416.072 190060.31)	121	1595	0	1719	false	1963	None
LINESTRING (3155416.072 190060.31, 3155425.851 190053.156)	121	1595	0	1720	false	1963	None
LINESTRING (3155425.851 190053.156, 3155426.103 190053.016)	121	1595	0	1721	false	1963	None
LINESTRING (3155426.103 190053.016, 3155440.198 190048.968)	121	1595	0	1722	false	1963	None
LINESTRING (3155440.198 190048.968, 3155455.865 190048.744)	121	1595	0	1723	false	1963	None
LINESTRING (3155455.865 190048.744, 3155467.528 190049.942)	121	1595	0	1724	false	1963	None
LINESTRING (3155467.528 190049.942, 3155478.034 190052.594)	121	1595	0	1725	false	1963	None
LINESTRING (3155478.034 190052.594, 3155479.359 190052.99)	121	1595	0	1726	false	1963	None
LINESTRING (3155479.359 190052.99, 3155518.101 190064.945)	121	1595	0	1727	false	1963	None
LINESTRING (3155518.101 190064.945, 3155536.457 190069.219)	121	1595	0	1728	false	1963	None
LINESTRING (3155536.457 190069.219, 3155543.057 190069.997)	121	1595	0	1729	false	1963	None
LINESTRING (3155543.057 190069.997, 3155554.637 190069.377)	121	1595	0	1730	false	1963	None
LINESTRING (3155554.637 190069.377, 3155564.665 190067.678)	121	1595	0	1731	false	1963	None
LINESTRING (3155564.665 190067.678, 3155577.245 190064.231)	121	1595	0	1732	false	1963	None
LINESTRING (3155577.245 190064.231, 3155585.457 190061.112)	121	1595	0	1733	false	1963	None
LINESTRING (3155585.457 190061.112, 3155598.346 190054.333)	121	1595	0	1734	false	1963	None
LINESTRING (3155598.346 190054.333, 3155610.835 190046.804)	121	1595	0	1735	false	1963	None
LINESTRING (3155610.835 190046.804, 3155630.034 190033.429)	121	1595	0	1736	false	1963	None
LINESTRING (3155630.034 190033.429, 3155709.703 189975.57)	121	1595	0	1737	false	1963	None
LINESTRING (3155709.703 189975.57, 3155720.504 189966.551)	121	1595	0	1738	false	1963	None
LINESTRING (3155720.504 189966.551, 3155725.927 189960.206)	121	1595	0	1739	false	1963	None
LINESTRING (3155725.927 189960.206, 3155735.604 189946.465)	121	1595	0	1740	false	1963	None
LINESTRING (3155735.604 189946.465, 3155742.665 189935.398)	121	1595	0	1741	false	1963	None
LINESTRING (3155742.665 189935.398, 3155746.806 189930.578)	121	1595	0	1742	false	1963	None
LINESTRING (3155746.806 189930.578, 3155751.27 189926.955)	121	1595	0	1743	false	1963	None
LINESTRING (3155751.27 189926.955, 3155756.299 189923.909)	121	1595	0	1744	false	1963	None
LINESTRING (3155756.299 189923.909, 3155764.582 189920.103)	121	1595	0	1745	false	1963	None
LINESTRING (3155764.582 189920.103, 3155774.085 189917.723)	121	1595	0	1746	false	1963	None
LINESTRING (3155774.085 189917.723, 3155775.017 189917.609)	121	1595	0	1747	false	1963	None
LINESTRING (3155775.017 189917.609, 3155787.307 189916.432)	121	1595	0	1748	false	1963	None
LINESTRING (3155787.307 189916.432, 3155795.04 189916.579)	121	1595	0	1749	false	1963	None
LINESTRING (3155795.04 189916.579, 3155825.981 189921.457)	121	1595	0	1750	false	1963	None
LINESTRING (3155825.981 189921.457, 3155854.721 189926.67)	121	1595	0	1751	false	1963	None
LINESTRING (3155854.721 189926.67, 3155880.179 189929.418)	121	1595	0	1752	false	1963	None
LINESTRING (3155880.179 189929.418, 3155882.22 189929.497)	121	1595	0	1753	false	1963	None
LINESTRING (3155882.22 189929.497, 3155892.93 189929.848)	121	1595	0	1754	false	1963	None
LINESTRING (3155892.93 189929.848, 3155915.834 189928.509)	121	1595	0	1755	false	1963	None
LINESTRING (3155915.834 189928.509, 3155927.273 189927.239)	121	1595	0	1756	false	1963	None
LINESTRING (3155927.273 189927.239, 3155951.531 189923.687)	121	1595	0	1757	false	1963	None
LINESTRING (3155951.531 189923.687, 3155961.545 189923.292)	121	1595	0	1758	false	1963	None
LINESTRING (3155961.545 189923.292, 3155971.53 189923.481)	121	1595	0	1759	false	1963	None
LINESTRING (3155971.53 189923.481, 3155981.445 189924.357)	121	1595	0	1760	false	1963	None
LINESTRING (3155981.445 189924.357, 3155992.696 189926.109)	121	1595	0	1761	false	1963	None
LINESTRING (3155992.696 189926.109, 3155993.164 189926.172)	121	1595	0	1762	false	1963	None
LINESTRING (3155993.164 189926.172, 3156004.814 189928.675)	121	1595	0	1763	false	1963	None
LINESTRING (3156004.814 189928.675, 3156023.141 189933.533)	121	1595	0	1764	false	1963	None
LINESTRING (3156023.141 189933.533, 3156073.969 189950.425)	121	1595	0	1765	false	1963	None
LINESTRING (3156073.969 189950.425, 3156079.763 189951.248)	121	1595	0	1766	false	1963	None
LINESTRING (3156079.763 189951.248, 3156084.478 189951.294)	121	1595	0	1767	false	1963	None
LINESTRING (3156084.478 189951.294, 3156088.8 189950.83)	121	1595	0	1768	false	1963	None
LINESTRING (3156088.8 189950.83, 3156091.665 189949.801)	121	1595	0	1769	false	1963	None
LINESTRING (3156091.665 189949.801, 3156094.091 189948.124)	121	1595	0	1770	false	1963	None
LINESTRING (3156094.091 189948.124, 3156098.283 189943.681)	121	1595	0	1771	false	1963	None
LINESTRING (3156098.283 189943.681, 3156108.464 189929.66)	121	1595	0	1772	false	1963	None
LINESTRING (3156108.464 189929.66, 3156119.796 189908.11)	121	1595	0	1773	false	1963	None
LINESTRING (3156119.796 189908.11, 3156148.257 189860.238)	121	1595	0	1774	false	1963	None
LINESTRING (3156148.257 189860.238, 3156183.054 189804.947)	121	1595	0	1775	false	1963	None
LINESTRING (3156183.054 189804.947, 3156201.558 189777.373)	121	1595	0	1776	false	1963	None
LINESTRING (3156201.558 189777.373, 3156210.293 189763.267)	121	1595	0	1777	false	1963	None
LINESTRING (3156210.293 189763.267, 3156215.648 189753.8)	121	1595	0	1778	false	1963	None
LINESTRING (3156215.648 189753.8, 3156230.674 189724.518)	121	1595	0	1779	false	1963	None
LINESTRING (3156230.674 189724.518, 3156231.041 189723.827)	121	1595	0	1780	false	1963	None
LINESTRING (3156231.041 189723.827, 3156246.044 189691.56)	121	1595	0	1781	false	1963	None
LINESTRING (3156246.044 189691.56, 3156254.309 189675.366)	121	1595	0	1782	false	1963	None
LINESTRING (3156254.309 189675.366, 3156259.066 189667.691)	121	1595	0	1783	false	1963	None
LINESTRING (3156259.066 189667.691, 3156272.1 189650.135)	121	1595	0	1784	false	1963	None
LINESTRING (3156272.1 189650.135, 3156275.226 189647.421)	121	1595	0	1785	false	1963	None
LINESTRING (3156275.226 189647.421, 3156282.491 189643.696)	121	1595	0	1786	false	1963	None
LINESTRING (3156282.491 189643.696, 3156286.374 189642.586)	121	1595	0	1787	false	1963	None
LINESTRING (3156286.374 189642.586, 3156290.021 189642.336)	121	1595	0	1788	false	1963	None
LINESTRING (3156290.021 189642.336, 3156297.302 189643.141)	121	1595	0	1789	false	1963	None
LINESTRING (3156297.302 189643.141, 3156308.842 189646.435)	121	1595	0	1790	false	1963	None
LINESTRING (3156308.842 189646.435, 3156309.653 189646.631)	121	1595	0	1791	false	1963	None
LINESTRING (3156309.653 189646.631, 3156316.553 189649.431)	121	1595	0	1792	false	1963	None
LINESTRING (3156316.553 189649.431, 3156321.699 189651.669)	121	1595	0	1793	false	1963	None
LINESTRING (3156321.699 189651.669, 3156339.726 189658.316)	121	1595	0	1794	false	1963	None
LINESTRING (3156339.726 189658.316, 3156347.392 189661.176)	121	1595	0	1795	false	1963	None
LINESTRING (3156347.392 189661.176, 3156357.604 189633.119)	121	1595	0	1796	false	1963	None
LINESTRING (3156357.604 189633.119, 3156387.775 189549.125)	121	1595	0	1797	false	1963	None
LINESTRING (3156387.775 189549.125, 3156397.861 189521.138)	121	1595	0	1798	false	1963	None
LINESTRING (3156397.861 189521.138, 3156398.501 189521.268)	121	1595	0	1799	false	1963	None
LINESTRING (3156398.501 189521.268, 3156408.778 189525.023)	121	1595	0	1800	false	1963	None
LINESTRING (3156408.778 189525.023, 3156458.761 189545.873)	121	1595	0	1801	false	1963	None
LINESTRING (3156458.761 189545.873, 3156638.723 189621.281)	121	1595	0	1802	false	1963	None
LINESTRING (3156638.723 189621.281, 3156698.614 189646.579)	121	1595	0	1803	false	1963	None
LINESTRING (3156698.614 189646.579, 3156736.339 189662.43)	121	1595	0	1804	false	1963	None
LINESTRING (3156736.339 189662.43, 3156788.056 189684.909)	121	1595	0	1805	false	1963	None
LINESTRING (3156788.056 189684.909, 3157055.398 189801.667)	121	1595	0	1806	false	1963	None
LINESTRING (3157055.398 189801.667, 3157134.35 189836.282)	121	1595	0	1807	false	1963	None
LINESTRING (3157134.35 189836.282, 3157144.385 189840.659)	121	1595	0	1808	false	1963	None
LINESTRING (3157144.385 189840.659, 3157267.245 189894.246)	121	1595	0	1809	false	1963	None
LINESTRING (3157267.245 189894.246, 3157416.096 189959.367)	121	1595	0	1810	false	1963	None
LINESTRING (3157416.096 189959.367, 3157633.583 190059.508)	121	1595	0	1811	false	1963	None
LINESTRING (3157633.583 190059.508, 3157751.917 190114.082)	121	1595	0	1812	false	1963	None
LINESTRING (3157751.917 190114.082, 3157755.263 190115.621)	121	1595	0	1813	false	1963	None
LINESTRING (3157755.263 190115.621, 3157916.072 190189.808)	121	1595	0	1814	false	1963	None
LINESTRING (3157916.072 190189.808, 3158022.519 190238.933)	121	1595	0	1815	false	1963	None
LINESTRING (3158022.519 190238.933, 3158396.462 190416.836)	121	1595	0	1816	false	1963	None
LINESTRING (3158396.462 190416.836, 3158555.426 190492.464)	121	1595	0	1817	false	1963	None
LINESTRING (3158555.426 190492.464, 3158556.328 190492.934)	121	1595	0	1818	false	1963	None
LINESTRING (3158556.328 190492.934, 3158563.409 190496.283)	121	1595	0	1819	false	1963	None
LINESTRING (3158563.409 190496.283, 3158746.392 190565.181)	121	1595	0	1820	false	1963	None
LINESTRING (3158746.392 190565.181, 3159317.135 190780.502)	121	1595	0	1821	false	1963	None
LINESTRING (3159317.135 190780.502, 3159507.353 190852.353)	121	1595	0	1822	false	1963	None
LINESTRING (3159507.353 190852.353, 3159520.671 190857.415)	121	1595	0	1823	false	1963	None
LINESTRING (3159520.671 190857.415, 3159622.542 190895.735)	121	1595	0	1824	false	1963	None
LINESTRING (3159622.542 190895.735, 3159662.154 190910.789)	121	1595	0	1825	false	1963	None
LINESTRING (3159662.154 190910.789, 3159968.025 191026.098)	121	1595	0	1826	false	1963	None
LINESTRING (3159968.025 191026.098, 3160083.085 191069.557)	121	1595	0	1827	false	1963	None
LINESTRING (3160083.085 191069.557, 3160095.673 191074.217)	121	1595	0	1828	false	1963	None
LINESTRING (3160095.673 191074.217, 3160119.91 191083.409)	121	1595	0	1829	false	1963	None
LINESTRING (3160119.91 191083.409, 3160230.087 191124.97)	121	1595	0	1830	false	1963	None
LINESTRING (3160230.087 191124.97, 3160254.239 191134.13)	121	1595	0	1831	false	1963	None
LINESTRING (3160254.239 191134.13, 3160266.7 191138.86)	121	1595	0	1832	false	1963	None
LINESTRING (3160266.7 191138.86, 3160585.149 191258.853)	121	1595	0	1833	false	1963	None
LINESTRING (3160585.149 191258.853, 3160904.799 191379.565)	121	1595	0	1834	false	1963	None
LINESTRING (3160904.799 191379.565, 3161541.718 191615.7)	121	1595	0	1835	false	1963	None
LINESTRING (3161541.718 191615.7, 3161840.931 191726.832)	121	1595	0	1836	false	1963	None
LINESTRING (3161840.931 191726.832, 3161860.667 191734.159)	121	1595	0	1837	false	1963	None
LINESTRING (3161860.667 191734.159, 3162134.996 191835.733)	121	1595	0	1838	false	1963	None
LINESTRING (3162134.996 191835.733, 3162407.613 191936.89)	121	1595	0	1839	false	1963	None
LINESTRING (3162407.613 191936.89, 3162957.59 192140.962)	121	1595	0	1840	false	1963	None
LINESTRING (3162957.59 192140.962, 3163231.699 192242.85)	121	1595	0	1841	false	1963	None
LINESTRING (3163231.699 192242.85, 3163650.972 192404.875)	121	1595	0	1842	false	1963	E:3163648.718 192404.0039581012
LINESTRING (3155063.023 189014.495, 3155326.518 189125.169)	121	1596	0	141	false	970	W:3155093.051 189027.1074551585
LINESTRING (3155326.518 189125.169, 3155355.929 189137.545)	121	1596	0	142	false	970	None
LINESTRING (3155355.929 189137.545, 3155555.995 189211.21)	121	1596	0	143	false	970	None
LINESTRING (3155555.995 189211.21, 3156130.444 189422.591)	121	1596	0	144	false	970	None
LINESTRING (3156130.444 189422.591, 3156397.861 189521.138)	121	1596	0	145	false	970	None
LINESTRING (3156397.861 189521.138, 3156387.775 189549.125)	121	1596	0	146	false	970	None
LINESTRING (3156387.775 189549.125, 3156357.604 189633.119)	121	1596	0	147	false	970	None
LINESTRING (3156357.604 189633.119, 3156347.392 189661.176)	121	1596	0	148	false	970	None
LINESTRING (3156347.392 189661.176, 3156339.726 189658.316)	121	1596	0	149	false	970	None
LINESTRING (3156339.726 189658.316, 3156321.699 189651.669)	121	1596	0	150	false	970	None
LINESTRING (3156321.699 189651.669, 3156316.553 189649.431)	121	1596	0	151	false	970	None
LINESTRING (3156316.553 189649.431, 3156309.653 189646.631)	121	1596	0	152	false	970	None
LINESTRING (3156309.653 189646.631, 3156308.842 189646.435)	121	1596	0	153	false	970	None
LINESTRING (3156308.842 189646.435, 3156297.302 189643.141)	121	1596	0	154	false	970	None
LINESTRING (3156297.302 189643.141, 3156290.021 189642.336)	121	1596	0	155	false	970	None
LINESTRING (3156290.021 189642.336, 3156286.374 189642.586)	121	1596	0	156	false	970	None
LINESTRING (3156286.374 189642.586, 3156282.491 189643.696)	121	1596	0	157	false	970	None
LINESTRING (3156282.491 189643.696, 3156275.226 189647.421)	121	1596	0	158	false	970	None
LINESTRING (3156275.226 189647.421, 3156272.1 189650.135)	121	1596	0	159	false	970	None
LINESTRING (3156272.1 189650.135, 3156259.066 189667.691)	121	1596	0	160	false	970	None
LINESTRING (3156259.066 189667.691, 3156254.309 189675.366)	121	1596	0	161	false	970	None
LINESTRING (3156254.309 189675.366, 3156246.044 189691.56)	121	1596	0	162	false	970	None
LINESTRING (3156246.044 189691.56, 3156231.041 189723.827)	121	1596	0	163	false	970	None
LINESTRING (3156231.041 189723.827, 3156230.674 189724.518)	121	1596	0	164	false	970	None
LINESTRING (3156230.674 189724.518, 3156215.648 189753.8)	121	1596	0	165	false	970	None
LINESTRING (3156215.648 189753.8, 3156210.293 189763.267)	121	1596	0	166	false	970	None
LINESTRING (3156210.293 189763.267, 3156201.558 189777.373)	121	1596	0	167	false	970	None
LINESTRING (3156201.558 189777.373, 3156183.054 189804.947)	121	1596	0	168	false	970	None
LINESTRING (3156183.054 189804.947, 3156148.257 189860.238)	121	1596	0	169	false	970	None
LINESTRING (3156148.257 189860.238, 3156119.796 189908.11)	121	1596	0	170	false	970	None
LINESTRING (3156119.796 189908.11, 3156108.464 189929.66)	121	1596	0	171	false	970	None
LINESTRING (3156108.464 189929.66, 3156098.283 189943.681)	121	1596	0	172	false	970	None
LINESTRING (3156098.283 189943.681, 3156094.091 189948.124)	121	1596	0	173	false	970	None
LINESTRING (3156094.091 189948.124, 3156091.665 189949.801)	121	1596	0	174	false	970	None
LINESTRING (3156091.665 189949.801, 3156088.8 189950.83)	121	1596	0	175	false	970	None
LINESTRING (3156088.8 189950.83, 3156084.478 189951.294)	121	1596	0	176	false	970	None
LINESTRING (3156084.478 189951.294, 3156079.763 189951.248)	121	1596	0	177	false	970	None
LINESTRING (3156079.763 189951.248, 3156073.969 189950.425)	121	1596	0	178	false	970	None
LINESTRING (3156073.969 189950.425, 3156023.141 189933.533)	121	1596	0	179	false	970	None
LINESTRING (3156023.141 189933.533, 3156004.814 189928.675)	121	1596	0	180	false	970	None
LINESTRING (3156004.814 189928.675, 3155993.164 189926.172)	121	1596	0	181	false	970	None
LINESTRING (3155993.164 189926.172, 3155992.696 189926.109)	121	1596	0	182	false	970	None
LINESTRING (3155992.696 189926.109, 3155981.445 189924.357)	121	1596	0	183	false	970	None
LINESTRING (3155981.445 189924.357, 3155971.53 189923.481)	121	1596	0	184	false	970	None
LINESTRING (3155971.53 189923.481, 3155961.545 189923.292)	121	1596	0	185	false	970	None
LINESTRING (3155961.545 189923.292, 3155951.531 189923.687)	121	1596	0	186	false	970	None
LINESTRING (3155951.531 189923.687, 3155927.273 189927.239)	121	1596	0	187	false	970	None
LINESTRING (3155927.273 189927.239, 3155915.834 189928.509)	121	1596	0	188	false	970	None
LINESTRING (3155915.834 189928.509, 3155892.93 189929.848)	121	1596	0	189	false	970	None
LINESTRING (3155892.93 189929.848, 3155882.22 189929.497)	121	1596	0	190	false	970	None
LINESTRING (3155882.22 189929.497, 3155880.179 189929.418)	121	1596	0	191	false	970	None
LINESTRING (3155880.179 189929.418, 3155854.721 189926.67)	121	1596	0	192	false	970	None
LINESTRING (3155854.721 189926.67, 3155825.981 189921.457)	121	1596	0	193	false	970	None
LINESTRING (3155825.981 189921.457, 3155795.04 189916.579)	121	1596	0	194	false	970	None
LINESTRING (3155795.04 189916.579, 3155787.307 189916.432)	121	1596	0	195	false	970	None
LINESTRING (3155787.307 189916.432, 3155775.017 189917.609)	121	1596	0	196	false	970	None
LINESTRING (3155775.017 189917.609, 3155774.085 189917.723)	121	1596	0	197	false	970	None
LINESTRING (3155774.085 189917.723, 3155764.582 189920.103)	121	1596	0	198	false	970	None
LINESTRING (3155764.582 189920.103, 3155756.299 189923.909)	121	1596	0	199	false	970	None
LINESTRING (3155756.299 189923.909, 3155751.27 189926.955)	121	1596	0	200	false	970	None
LINESTRING (3155751.27 189926.955, 3155746.806 189930.578)	121	1596	0	201	false	970	None
LINESTRING (3155746.806 189930.578, 3155742.665 189935.398)	121	1596	0	202	false	970	None
LINESTRING (3155742.665 189935.398, 3155735.604 189946.465)	121	1596	0	203	false	970	None
LINESTRING (3155735.604 189946.465, 3155725.927 189960.206)	121	1596	0	204	false	970	None
LINESTRING (3155725.927 189960.206, 3155720.504 189966.551)	121	1596	0	205	false	970	None
LINESTRING (3155720.504 189966.551, 3155709.703 189975.57)	121	1596	0	206	false	970	None
LINESTRING (3155709.703 189975.57, 3155630.034 190033.429)	121	1596	0	207	false	970	None
LINESTRING (3155630.034 190033.429, 3155610.835 190046.804)	121	1596	0	208	false	970	None
LINESTRING (3155610.835 190046.804, 3155598.346 190054.333)	121	1596	0	209	false	970	None
LINESTRING (3155598.346 190054.333, 3155585.457 190061.112)	121	1596	0	210	false	970	None
LINESTRING (3155585.457 190061.112, 3155577.245 190064.231)	121	1596	0	211	false	970	None
LINESTRING (3155577.245 190064.231, 3155564.665 190067.678)	121	1596	0	212	false	970	None
LINESTRING (3155564.665 190067.678, 3155554.637 190069.377)	121	1596	0	213	false	970	None
LINESTRING (3155554.637 190069.377, 3155543.057 190069.997)	121	1596	0	214	false	970	None
LINESTRING (3155543.057 190069.997, 3155536.457 190069.219)	121	1596	0	215	false	970	None
LINESTRING (3155536.457 190069.219, 3155518.101 190064.945)	121	1596	0	216	false	970	None
LINESTRING (3155518.101 190064.945, 3155479.359 190052.99)	121	1596	0	217	false	970	None
LINESTRING (3155479.359 190052.99, 3155478.034 190052.594)	121	1596	0	218	false	970	None
LINESTRING (3155478.034 190052.594, 3155467.528 190049.942)	121	1596	0	219	false	970	None
LINESTRING (3155467.528 190049.942, 3155455.865 190048.744)	121	1596	0	220	false	970	None
LINESTRING (3155455.865 190048.744, 3155440.198 190048.968)	121	1596	0	221	false	970	None
LINESTRING (3155440.198 190048.968, 3155426.103 190053.016)	121	1596	0	222	false	970	None
LINESTRING (3155426.103 190053.016, 3155425.851 190053.156)	121	1596	0	223	false	970	None
LINESTRING (3155425.851 190053.156, 3155416.072 190060.31)	121	1596	0	224	false	970	None
LINESTRING (3155416.072 190060.31, 3155378.861 190096.45)	121	1596	0	225	false	970	None
LINESTRING (3155378.861 190096.45, 3155354.25 190120.461)	121	1596	0	226	false	970	None
LINESTRING (3155354.25 190120.461, 3155347.943 190125.273)	121	1596	0	227	false	970	None
LINESTRING (3155347.943 190125.273, 3155336.284 190131.935)	121	1596	0	228	false	970	None
LINESTRING (3155336.284 190131.935, 3155333.389 190133.548)	121	1596	0	229	false	970	None
LINESTRING (3155333.389 190133.548, 3155307.614 190143.298)	121	1596	0	230	false	970	None
LINESTRING (3155307.614 190143.298, 3155297.577 190150.351)	121	1596	0	231	false	970	None
LINESTRING (3155297.577 190150.351, 3155290.162 190158.78)	121	1596	0	232	false	970	None
LINESTRING (3155290.162 190158.78, 3155285.009 190167.731)	121	1596	0	233	false	970	None
LINESTRING (3155285.009 190167.731, 3155277.219 190184.229)	121	1596	0	234	false	970	None
LINESTRING (3155277.219 190184.229, 3155246.57 190267.443)	121	1596	0	235	false	970	None
LINESTRING (3155246.57 190267.443, 3155245.525 190270.132)	121	1596	0	236	false	970	None
LINESTRING (3155245.525 190270.132, 3155231.625 190304.138)	121	1596	0	237	false	970	None
LINESTRING (3155231.625 190304.138, 3155227.475 190318.121)	121	1596	0	238	false	970	None
LINESTRING (3155227.475 190318.121, 3155226.256 190322.528)	121	1596	0	239	false	970	None
LINESTRING (3155226.256 190322.528, 3155225.098 190327.793)	121	1596	0	240	false	970	None
LINESTRING (3155225.098 190327.793, 3155223.957 190333.778)	121	1596	0	241	false	970	None
LINESTRING (3155223.957 190333.778, 3155224.406 190348.358)	121	1596	0	242	false	970	None
LINESTRING (3155224.406 190348.358, 3155225.546 190353.8)	121	1596	0	243	false	970	None
LINESTRING (3155225.546 190353.8, 3155229.86 190364.524)	121	1596	0	244	false	970	None
LINESTRING (3155229.86 190364.524, 3155244.561 190389.878)	121	1596	0	245	false	970	None
LINESTRING (3155244.561 190389.878, 3155252.023 190404.682)	121	1596	0	246	false	970	None
LINESTRING (3155252.023 190404.682, 3155259.002 190420.726)	121	1596	0	247	false	970	None
LINESTRING (3155259.002 190420.726, 3155270.776 190453.872)	121	1596	0	248	false	970	None
LINESTRING (3155270.776 190453.872, 3155285.11 190506.822)	121	1596	0	249	false	970	None
LINESTRING (3155285.11 190506.822, 3155291.451 190524.762)	121	1596	0	250	false	970	None
LINESTRING (3155291.451 190524.762, 3155302.049 190546.974)	121	1596	0	251	false	970	None
LINESTRING (3155302.049 190546.974, 3155319.961 190579.291)	121	1596	0	252	false	970	None
LINESTRING (3155319.961 190579.291, 3155330.685 190601.433)	121	1596	0	253	false	970	None
LINESTRING (3155330.685 190601.433, 3155364.232 190689.944)	121	1596	0	254	false	970	None
LINESTRING (3155364.232 190689.944, 3155368.791 190704.096)	121	1596	0	255	false	970	None
LINESTRING (3155368.791 190704.096, 3155371.691 190716.175)	121	1596	0	256	false	970	None
LINESTRING (3155371.691 190716.175, 3155379.226 190763.271)	121	1596	0	257	false	970	None
LINESTRING (3155379.226 190763.271, 3155381.425 190784.006)	121	1596	0	258	false	970	None
LINESTRING (3155381.425 190784.006, 3155381.253 190797.392)	121	1596	0	259	false	970	None
LINESTRING (3155381.253 190797.392, 3155379.914 190817.587)	121	1596	0	260	false	970	None
LINESTRING (3155379.914 190817.587, 3155380.697 190833.844)	121	1596	0	261	false	970	None
LINESTRING (3155380.697 190833.844, 3155383.578 190852.821)	121	1596	0	262	false	970	None
LINESTRING (3155383.578 190852.821, 3155392.856 190880.712)	121	1596	0	263	false	970	None
LINESTRING (3155392.856 190880.712, 3155394.04 190890.101)	121	1596	0	264	false	970	None
LINESTRING (3155394.04 190890.101, 3155394.886 190909.24)	121	1596	0	265	false	970	None
LINESTRING (3155394.886 190909.24, 3155398.818 190954.697)	121	1596	0	266	false	970	None
LINESTRING (3155398.818 190954.697, 3155414.51 191081.036)	121	1596	0	267	false	970	None
LINESTRING (3155414.51 191081.036, 3155423.364 191137.93)	121	1596	0	268	false	970	None
LINESTRING (3155423.364 191137.93, 3155432.124 191182.883)	121	1596	0	269	false	970	None
LINESTRING (3155432.124 191182.883, 3155448.997 191254.917)	121	1596	0	270	false	970	None
LINESTRING (3155448.997 191254.917, 3155456.704 191290.651)	121	1596	0	271	false	970	None
LINESTRING (3155456.704 191290.651, 3155466.36 191329.999)	121	1596	0	272	false	970	None
LINESTRING (3155466.36 191329.999, 3155468.421 191350.325)	121	1596	0	273	false	970	None
LINESTRING (3155468.421 191350.325, 3155469.579 191389.467)	121	1596	0	274	false	970	None
LINESTRING (3155469.579 191389.467, 3155472.285 191406.353)	121	1596	0	275	false	970	None
LINESTRING (3155472.285 191406.353, 3155475.052 191412.428)	121	1596	0	276	false	970	None
LINESTRING (3155475.052 191412.428, 3155477.639 191416.171)	121	1596	0	277	false	970	None
LINESTRING (3155477.639 191416.171, 3155483.932 191422.307)	121	1596	0	278	false	970	None
LINESTRING (3155483.932 191422.307, 3155487.842 191424.422)	121	1596	0	279	false	970	None
LINESTRING (3155487.842 191424.422, 3155496.534 191427.68)	121	1596	0	280	false	970	None
LINESTRING (3155496.534 191427.68, 3155521.347 191434.106)	121	1596	0	281	false	970	None
LINESTRING (3155521.347 191434.106, 3155537.012 191439.717)	121	1596	0	282	false	970	None
LINESTRING (3155537.012 191439.717, 3155555.284 191448.007)	121	1596	0	283	false	970	None
LINESTRING (3155555.284 191448.007, 3155570.924 191458.251)	121	1596	0	284	false	970	None
LINESTRING (3155570.924 191458.251, 3155582.544 191463.361)	121	1596	0	285	false	970	None
LINESTRING (3155582.544 191463.361, 3155586.131 191464.279)	121	1596	0	286	false	970	None
LINESTRING (3155586.131 191464.279, 3155590.272 191465.292)	121	1596	0	287	false	970	None
LINESTRING (3155590.272 191465.292, 3155597.385 191466.27)	121	1596	0	288	false	970	None
LINESTRING (3155597.385 191466.27, 3155614.586 191466.406)	121	1596	0	289	false	970	None
LINESTRING (3155614.586 191466.406, 3155628.983 191468.429)	121	1596	0	290	false	970	None
LINESTRING (3155628.983 191468.429, 3155624.017 191484)	121	1596	0	291	false	970	None
LINESTRING (3155624.017 191484, 3155621.765 191493.602)	121	1596	0	292	false	970	None
LINESTRING (3155621.765 191493.602, 3155618.581 191512.961)	121	1596	0	293	false	970	None
LINESTRING (3155618.581 191512.961, 3155617.444 191534.663)	121	1596	0	294	false	970	None
LINESTRING (3155617.444 191534.663, 3155617.838 191556.484)	121	1596	0	295	false	970	None
LINESTRING (3155617.838 191556.484, 3155620.085 191602.717)	121	1596	0	296	false	970	None
LINESTRING (3155620.085 191602.717, 3155621.654 191625.828)	121	1596	0	297	false	970	None
LINESTRING (3155621.654 191625.828, 3155624.313 191656.029)	121	1596	0	298	false	970	None
LINESTRING (3155624.313 191656.029, 3155624.237 191666.119)	121	1596	0	299	false	970	None
LINESTRING (3155624.237 191666.119, 3155622.454 191681.618)	121	1596	0	300	false	970	None
LINESTRING (3155622.454 191681.618, 3155619.987 191693.041)	121	1596	0	301	false	970	None
LINESTRING (3155619.987 191693.041, 3155616.452 191704.168)	121	1596	0	302	false	970	None
LINESTRING (3155616.452 191704.168, 3155613.639 191711.409)	121	1596	0	303	false	970	None
LINESTRING (3155613.639 191711.409, 3155609.824 191719.451)	121	1596	0	304	false	970	None
LINESTRING (3155609.824 191719.451, 3155596.665 191742.911)	121	1596	0	305	false	970	None
LINESTRING (3155596.665 191742.911, 3155563.333 191795.201)	121	1596	0	306	false	970	None
LINESTRING (3155563.333 191795.201, 3155549.626 191818.805)	121	1596	0	307	false	970	None
LINESTRING (3155549.626 191818.805, 3155540.007 191835.187)	121	1596	0	308	false	970	None
LINESTRING (3155540.007 191835.187, 3155522.929 191867.72)	121	1596	0	309	false	970	None
LINESTRING (3155522.929 191867.72, 3155512.466 191892.109)	121	1596	0	310	false	970	None
LINESTRING (3155512.466 191892.109, 3155504.868 191909.634)	121	1596	0	311	false	970	None
LINESTRING (3155504.868 191909.634, 3155501.899 191917.528)	121	1596	0	312	false	970	None
LINESTRING (3155501.899 191917.528, 3155497.2 191927.846)	121	1596	0	313	false	970	None
LINESTRING (3155497.2 191927.846, 3155485.182 191958.773)	121	1596	0	314	false	970	None
LINESTRING (3155485.182 191958.773, 3155463.573 192018.952)	121	1596	0	315	false	970	None
LINESTRING (3155463.573 192018.952, 3155459.082 192031.018)	121	1596	0	316	false	970	None
LINESTRING (3155459.082 192031.018, 3155452.295 192048.739)	121	1596	0	317	false	970	None
LINESTRING (3155452.295 192048.739, 3155440.556 192076.918)	121	1596	0	318	false	970	None
LINESTRING (3155440.556 192076.918, 3155375.168 192224.139)	121	1596	0	319	false	970	None
LINESTRING (3155375.168 192224.139, 3155354.037 192273.194)	121	1596	0	320	false	970	None
LINESTRING (3155354.037 192273.194, 3155333.419 192322.448)	121	1596	0	321	false	970	None
LINESTRING (3155333.419 192322.448, 3155316.11 192365.725)	121	1596	0	322	false	970	None
LINESTRING (3155316.11 192365.725, 3155309.347 192382.622)	121	1596	0	323	false	970	None
LINESTRING (3155309.347 192382.622, 3155271.625 192478.686)	121	1596	0	324	false	970	None
LINESTRING (3155271.625 192478.686, 3155255.578 192519.477)	121	1596	0	325	false	970	None
LINESTRING (3155255.578 192519.477, 3155249.825 192534.029)	121	1596	0	326	false	970	None
LINESTRING (3155249.825 192534.029, 3155206.836 192641.618)	121	1596	0	327	false	970	None
LINESTRING (3155206.836 192641.618, 3155190.492 192682.413)	121	1596	0	328	false	970	None
LINESTRING (3155190.492 192682.413, 3155176.026 192723.7)	121	1596	0	329	false	970	None
LINESTRING (3155176.026 192723.7, 3155150.479 192796.041)	121	1596	0	330	false	970	None
LINESTRING (3155150.479 192796.041, 3155149.555 192798.42)	121	1596	0	331	false	970	None
LINESTRING (3155149.555 192798.42, 3155130.916 192846.896)	121	1596	0	332	false	970	None
LINESTRING (3155130.916 192846.896, 3155115.126 192887.787)	121	1596	0	333	false	970	None
LINESTRING (3155115.126 192887.787, 3155101.832 192922.505)	121	1596	0	334	false	970	None
LINESTRING (3155101.832 192922.505, 3155069.01 193007.734)	121	1596	0	335	false	970	W:3155093.051 192945.3066528241
LINESTRING (3163650.972 192404.875, 3163231.699 192242.85)	121	622	0	1332	false	1841	E:3163648.718 192404.0039581012
LINESTRING (3163231.699 192242.85, 3162957.59 192140.962)	121	622	0	1333	false	1841	None
LINESTRING (3162957.59 192140.962, 3162407.613 191936.89)	121	622	0	1334	false	1841	None
LINESTRING (3162407.613 191936.89, 3162134.996 191835.733)	121	622	0	1335	false	1841	None
LINESTRING (3162134.996 191835.733, 3161860.667 191734.159)	121	622	0	1336	false	1841	None
LINESTRING (3161860.667 191734.159, 3161840.931 191726.832)	121	622	0	1337	false	1841	None
LINESTRING (3161840.931 191726.832, 3161541.718 191615.7)	121	622	0	1338	false	1841	None
LINESTRING (3161541.718 191615.7, 3160904.799 191379.565)	121	622	0	1339	false	1841	None
LINESTRING (3160904.799 191379.565, 3160585.149 191258.853)	121	622	0	1340	false	1841	None
LINESTRING (3160585.149 191258.853, 3160266.7 191138.86)	121	622	0	1341	false	1841	None
LINESTRING (3160266.7 191138.86, 3160254.239 191134.13)	121	622	0	1342	false	1841	None
LINESTRING (3160254.239 191134.13, 3160230.087 191124.97)	121	622	0	1343	false	1841	None
LINESTRING (3160230.087 191124.97, 3160119.91 191083.409)	121	622	0	1344	false	1841	None
LINESTRING (3160119.91 191083.409, 3160095.673 191074.217)	121	622	0	1345	false	1841	None
LINESTRING (3160095.673 191074.217, 3160083.085 191069.557)	121	622	0	1346	false	1841	None
LINESTRING (3160083.085 191069.557, 3159968.025 191026.098)	121	622	0	1347	false	1841	None
LINESTRING (3159968.025 191026.098, 3159662.154 190910.789)	121	622	0	1348	false	1841	None
LINESTRING (3159662.154 190910.789, 3159622.542 190895.735)	121	622	0	1349	false	1841	None
LINESTRING (3159622.542 190895.735, 3159520.671 190857.415)	121	622	0	1350	false	1841	None
LINESTRING (3159520.671 190857.415, 3159507.353 190852.353)	121	622	0	1351	false	1841	None
LINESTRING (3159507.353 190852.353, 3159317.135 190780.502)	121	622	0	1352	false	1841	None
LINESTRING (3159317.135 190780.502, 3158746.392 190565.181)	121	622	0	1353	false	1841	None
LINESTRING (3158746.392 190565.181, 3158563.409 190496.283)	121	622	0	1354	false	1841	None
LINESTRING (3158563.409 190496.283, 3158556.328 190492.934)	121	622	0	1355	false	1841	None
LINESTRING (3158556.328 190492.934, 3158555.426 190492.464)	121	622	0	1356	false	1841	None
LINESTRING (3158555.426 190492.464, 3158561.384 190477.397)	121	622	0	1357	false	1841	None
LINESTRING (3158561.384 190477.397, 3158569.305 190460.832)	121	622	0	1358	false	1841	None
LINESTRING (3158569.305 190460.832, 3158586.398 190448.072)	121	622	0	1359	false	1841	None
LINESTRING (3158586.398 190448.072, 3158608.356 190432.44)	121	622	0	1360	false	1841	None
LINESTRING (3158608.356 190432.44, 3158617.756 190425.261)	121	622	0	1361	false	1841	None
LINESTRING (3158617.756 190425.261, 3158625.776 190419.093)	121	622	0	1362	false	1841	None
LINESTRING (3158625.776 190419.093, 3158650.308 190396.843)	121	622	0	1363	false	1841	None
LINESTRING (3158650.308 190396.843, 3158673.201 190373.479)	121	622	0	1364	false	1841	None
LINESTRING (3158673.201 190373.479, 3158700.75 190343.472)	121	622	0	1365	false	1841	None
LINESTRING (3158700.75 190343.472, 3158720.715 190324.09)	121	622	0	1366	false	1841	None
LINESTRING (3158720.715 190324.09, 3158737.958 190310.436)	121	622	0	1367	false	1841	None
LINESTRING (3158737.958 190310.436, 3158751.924 190298.364)	121	622	0	1368	false	1841	None
LINESTRING (3158751.924 190298.364, 3158760.94 190289.13)	121	622	0	1369	false	1841	None
LINESTRING (3158760.94 190289.13, 3158766.556 190281.789)	121	622	0	1370	false	1841	None
LINESTRING (3158766.556 190281.789, 3158768.875 190277.095)	121	622	0	1371	false	1841	None
LINESTRING (3158768.875 190277.095, 3158774.591 190262.649)	121	622	0	1372	false	1841	None
LINESTRING (3158774.591 190262.649, 3158785.056 190226.356)	121	622	0	1373	false	1841	None
LINESTRING (3158785.056 190226.356, 3158790.39 190206.046)	121	622	0	1374	false	1841	None
LINESTRING (3158790.39 190206.046, 3158794.769 190188.699)	121	622	0	1375	false	1841	None
LINESTRING (3158794.769 190188.699, 3158800.642 190167.765)	121	622	0	1376	false	1841	None
LINESTRING (3158800.642 190167.765, 3158802.905 190162.454)	121	622	0	1377	false	1841	None
LINESTRING (3158802.905 190162.454, 3158805.395 190157.826)	121	622	0	1378	false	1841	None
LINESTRING (3158805.395 190157.826, 3158810.448 190151.933)	121	622	0	1379	false	1841	None
LINESTRING (3158810.448 190151.933, 3158813.223 190150.631)	121	622	0	1380	false	1841	None
LINESTRING (3158813.223 190150.631, 3158817.213 190150.516)	121	622	0	1381	false	1841	None
LINESTRING (3158817.213 190150.516, 3158843.082 190154.504)	121	622	0	1382	false	1841	None
LINESTRING (3158843.082 190154.504, 3158852.756 190156.004)	121	622	0	1383	false	1841	None
LINESTRING (3158852.756 190156.004, 3158855.008 190156.046)	121	622	0	1384	false	1841	None
LINESTRING (3158855.008 190156.046, 3158859.668 190155.477)	121	622	0	1385	false	1841	None
LINESTRING (3158859.668 190155.477, 3158863.651 190153.097)	121	622	0	1386	false	1841	None
LINESTRING (3158863.651 190153.097, 3158869.143 190147.851)	121	622	0	1387	false	1841	None
LINESTRING (3158869.143 190147.851, 3158871.458 190144.941)	121	622	0	1388	false	1841	None
LINESTRING (3158871.458 190144.941, 3158874.578 190139.963)	121	622	0	1389	false	1841	None
LINESTRING (3158874.578 190139.963, 3158878.217 190129.591)	121	622	0	1390	false	1841	None
LINESTRING (3158878.217 190129.591, 3158883.282 190106.676)	121	622	0	1391	false	1841	None
LINESTRING (3158883.282 190106.676, 3158889.109 190091.44)	121	622	0	1392	false	1841	None
LINESTRING (3158889.109 190091.44, 3158892.805 190083.709)	121	622	0	1393	false	1841	None
LINESTRING (3158892.805 190083.709, 3158912.583 190049.847)	121	622	0	1394	false	1841	None
LINESTRING (3158912.583 190049.847, 3158947.962 189995.144)	121	622	0	1395	false	1841	None
LINESTRING (3158947.962 189995.144, 3158963.49 189970.94)	121	622	0	1396	false	1841	None
LINESTRING (3158963.49 189970.94, 3158968.647 189961.992)	121	622	0	1397	false	1841	None
LINESTRING (3158968.647 189961.992, 3158972.382 189952.133)	121	622	0	1398	false	1841	None
LINESTRING (3158972.382 189952.133, 3158973.239 189946.632)	121	622	0	1399	false	1841	None
LINESTRING (3158973.239 189946.632, 3158973.407 189936.816)	121	622	0	1400	false	1841	None
LINESTRING (3158973.407 189936.816, 3158971.757 189927.363)	121	622	0	1401	false	1841	None
LINESTRING (3158971.757 189927.363, 3158967.97 189917.318)	121	622	0	1402	false	1841	None
LINESTRING (3158967.97 189917.318, 3158957.982 189901.408)	121	622	0	1403	false	1841	None
LINESTRING (3158957.982 189901.408, 3158946.644 189885.925)	121	622	0	1404	false	1841	None
LINESTRING (3158946.644 189885.925, 3158943.647 189880.95)	121	622	0	1405	false	1841	None
LINESTRING (3158943.647 189880.95, 3158925.791 189849.002)	121	622	0	1406	false	1841	None
LINESTRING (3158925.791 189849.002, 3158917.939 189833.685)	121	622	0	1407	false	1841	None
LINESTRING (3158917.939 189833.685, 3158910.776 189816.85)	121	622	0	1408	false	1841	None
LINESTRING (3158910.776 189816.85, 3158905.331 189800.921)	121	622	0	1409	false	1841	None
LINESTRING (3158905.331 189800.921, 3158902.943 189788.8)	121	622	0	1410	false	1841	None
LINESTRING (3158902.943 189788.8, 3158902.167 189776.592)	121	622	0	1411	false	1841	None
LINESTRING (3158902.167 189776.592, 3158903.038 189763.953)	121	622	0	1412	false	1841	None
LINESTRING (3158903.038 189763.953, 3158904.794 189754.872)	121	622	0	1413	false	1841	None
LINESTRING (3158904.794 189754.872, 3158908.166 189743.92)	121	622	0	1414	false	1841	None
LINESTRING (3158908.166 189743.92, 3158910.857 189732.941)	121	622	0	1415	false	1841	None
LINESTRING (3158910.857 189732.941, 3158914.285 189722.606)	121	622	0	1416	false	1841	None
LINESTRING (3158914.285 189722.606, 3158932.128 189672.156)	121	622	0	1417	false	1841	None
LINESTRING (3158932.128 189672.156, 3158948.632 189628.449)	121	622	0	1418	false	1841	None
LINESTRING (3158948.632 189628.449, 3158967.983 189578.942)	121	622	0	1419	false	1841	None
LINESTRING (3158967.983 189578.942, 3158991.295 189512.403)	121	622	0	1420	false	1841	None
LINESTRING (3158991.295 189512.403, 3159018.954 189438.743)	121	622	0	1421	false	1841	None
LINESTRING (3159018.954 189438.743, 3159021.357 189432.057)	121	622	0	1422	false	1841	None
LINESTRING (3159021.357 189432.057, 3159039.447 189387.061)	121	622	0	1423	false	1841	None
LINESTRING (3159039.447 189387.061, 3159040.2 189384.616)	121	622	0	1424	false	1841	None
LINESTRING (3159040.2 189384.616, 3159047.512 189361.503)	121	622	0	1425	false	1841	None
LINESTRING (3159047.512 189361.503, 3159069.339 189291.172)	121	622	0	1426	false	1841	None
LINESTRING (3159069.339 189291.172, 3159072.761 189274.762)	121	622	0	1427	false	1841	None
LINESTRING (3159072.761 189274.762, 3159073.52 189260.889)	121	622	0	1428	false	1841	None
LINESTRING (3159073.52 189260.889, 3159073.046 189248.917)	121	622	0	1429	false	1841	None
LINESTRING (3159073.046 189248.917, 3159072.214 189241.926)	121	622	0	1430	false	1841	None
LINESTRING (3159072.214 189241.926, 3159070.131 189239.926)	121	622	0	1431	false	1841	None
LINESTRING (3159070.131 189239.926, 3159063.544 189232.006)	121	622	0	1432	false	1841	None
LINESTRING (3159063.544 189232.006, 3159057.55 189222.055)	121	622	0	1433	false	1841	None
LINESTRING (3159057.55 189222.055, 3159054.254 189215.058)	121	622	0	1434	false	1841	None
LINESTRING (3159054.254 189215.058, 3159051.544 189209.599)	121	622	0	1435	false	1841	None
LINESTRING (3159051.544 189209.599, 3159046.625 189196.375)	121	622	0	1436	false	1841	None
LINESTRING (3159046.625 189196.375, 3159041.274 189173.101)	121	622	0	1437	false	1841	None
LINESTRING (3159041.274 189173.101, 3159033.555 189144.501)	121	622	0	1438	false	1841	None
LINESTRING (3159033.555 189144.501, 3159024.366 189116.639)	121	622	0	1439	false	1841	None
LINESTRING (3159024.366 189116.639, 3159024.144 189116.195)	121	622	0	1440	false	1841	None
LINESTRING (3159024.144 189116.195, 3159014.848 189093.173)	121	622	0	1441	false	1841	None
LINESTRING (3159014.848 189093.173, 3159011.158 189085.666)	121	622	0	1442	false	1841	None
LINESTRING (3159011.158 189085.666, 3159003.728 189070.275)	121	622	0	1443	false	1841	None
LINESTRING (3159003.728 189070.275, 3158997.632 189059.57)	121	622	0	1444	false	1841	None
LINESTRING (3158997.632 189059.57, 3158985.531 189038.434)	121	622	0	1445	false	1841	None
LINESTRING (3158985.531 189038.434, 3158971.413 189016.395)	121	622	0	1446	false	1841	None
LINESTRING (3158971.413 189016.395, 3158956.965 188996.727)	121	622	0	1447	false	1841	None
LINESTRING (3158956.965 188996.727, 3158949.546 188987.651)	121	622	0	1448	false	1841	None
LINESTRING (3158949.546 188987.651, 3158931.438 188965.727)	121	622	0	1449	false	1841	None
LINESTRING (3158931.438 188965.727, 3158912.004 188943.406)	121	622	0	1450	false	1841	None
LINESTRING (3158912.004 188943.406, 3158897.054 188926.044)	121	622	0	1451	false	1841	None
LINESTRING (3158897.054 188926.044, 3158894.789 188923.497)	121	622	0	1452	false	1841	None
LINESTRING (3158894.789 188923.497, 3158880.446 188908.633)	121	622	0	1453	false	1841	None
LINESTRING (3158880.446 188908.633, 3158866.624 188896.234)	121	622	0	1454	false	1841	None
LINESTRING (3158866.624 188896.234, 3158861.144 188892.317)	121	622	0	1455	false	1841	None
LINESTRING (3158861.144 188892.317, 3158851.676 188886.73)	121	622	0	1456	false	1841	None
LINESTRING (3158851.676 188886.73, 3158840.864 188881.812)	121	622	0	1457	false	1841	None
LINESTRING (3158840.864 188881.812, 3158829.06 188878.174)	121	622	0	1458	false	1841	None
LINESTRING (3158829.06 188878.174, 3158817.591 188876.215)	121	622	0	1459	false	1841	None
LINESTRING (3158817.591 188876.215, 3158799.431 188875.226)	121	622	0	1460	false	1841	None
LINESTRING (3158799.431 188875.226, 3158772.288 188875.268)	121	622	0	1461	false	1841	None
LINESTRING (3158772.288 188875.268, 3158759.132 188875.868)	121	622	0	1462	false	1841	None
LINESTRING (3158759.132 188875.868, 3158750.265 188876.349)	121	622	0	1463	false	1841	None
LINESTRING (3158750.265 188876.349, 3158728.536 188879.211)	121	622	0	1464	false	1841	None
LINESTRING (3158728.536 188879.211, 3158706.895 188884.131)	121	622	0	1465	false	1841	None
LINESTRING (3158706.895 188884.131, 3158709.295 188875.421)	121	622	0	1466	false	1841	None
LINESTRING (3158709.295 188875.421, 3158714.11 188862.529)	121	622	0	1467	false	1841	None
LINESTRING (3158714.11 188862.529, 3158720.744 188849.274)	121	622	0	1468	false	1841	None
LINESTRING (3158720.744 188849.274, 3158721.358 188848.203)	121	622	0	1469	false	1841	None
LINESTRING (3158721.358 188848.203, 3158737.344 188819.772)	121	622	0	1470	false	1841	None
LINESTRING (3158737.344 188819.772, 3158753.892 188793.703)	121	622	0	1471	false	1841	None
LINESTRING (3158753.892 188793.703, 3158774.111 188764.536)	121	622	0	1472	false	1841	None
LINESTRING (3158774.111 188764.536, 3158784.111 188751.756)	121	622	0	1473	false	1841	None
LINESTRING (3158784.111 188751.756, 3158790.512 188743.411)	121	622	0	1474	false	1841	None
LINESTRING (3158790.512 188743.411, 3158808.496 188722.781)	121	622	0	1475	false	1841	None
LINESTRING (3158808.496 188722.781, 3158818.246 188712.166)	121	622	0	1476	false	1841	None
LINESTRING (3158818.246 188712.166, 3158833.428 188695.448)	121	622	0	1477	false	1841	None
LINESTRING (3158833.428 188695.448, 3158850.227 188678.882)	121	622	0	1478	false	1841	None
LINESTRING (3158850.227 188678.882, 3158853.021 188676.515)	121	622	0	1479	false	1841	None
LINESTRING (3158853.021 188676.515, 3158866.232 188664.865)	121	622	0	1480	false	1841	None
LINESTRING (3158866.232 188664.865, 3158879.707 188655.579)	121	622	0	1481	false	1841	None
LINESTRING (3158879.707 188655.579, 3158933.615 188626.535)	121	622	0	1482	false	1841	None
LINESTRING (3158933.615 188626.535, 3158948.872 188615.203)	121	622	0	1483	false	1841	None
LINESTRING (3158948.872 188615.203, 3158966.514 188600.275)	121	622	0	1484	false	1841	None
LINESTRING (3158966.514 188600.275, 3158984.355 188582.805)	121	622	0	1485	false	1841	None
LINESTRING (3158984.355 188582.805, 3159000.542 188563.501)	121	622	0	1486	false	1841	None
LINESTRING (3159000.542 188563.501, 3159042.193 188513.975)	121	622	0	1487	false	1841	None
LINESTRING (3159042.193 188513.975, 3159124.367 188415.795)	121	622	0	1488	false	1841	None
LINESTRING (3159124.367 188415.795, 3159155.391 188377.615)	121	622	0	1489	false	1841	None
LINESTRING (3159155.391 188377.615, 3159174.389 188356.666)	121	622	0	1490	false	1841	None
LINESTRING (3159174.389 188356.666, 3159182.408 188348.473)	121	622	0	1491	false	1841	None
LINESTRING (3159182.408 188348.473, 3159220.439 188312.065)	121	622	0	1492	false	1841	None
LINESTRING (3159220.439 188312.065, 3159237.739 188297.004)	121	622	0	1493	false	1841	None
LINESTRING (3159237.739 188297.004, 3159246.661 188289.282)	121	622	0	1494	false	1841	None
LINESTRING (3159246.661 188289.282, 3159266.077 188273.853)	121	622	0	1495	false	1841	None
LINESTRING (3159266.077 188273.853, 3159314.926 188236.771)	121	622	0	1496	false	1841	None
LINESTRING (3159314.926 188236.771, 3159390.413 188184.211)	121	622	0	1497	false	1841	None
LINESTRING (3159390.413 188184.211, 3159420.455 188161.247)	121	622	0	1498	false	1841	None
LINESTRING (3159420.455 188161.247, 3159441.999 188142.122)	121	622	0	1499	false	1841	None
LINESTRING (3159441.999 188142.122, 3159465.072 188119.067)	121	622	0	1500	false	1841	None
LINESTRING (3159465.072 188119.067, 3159472.583 188110.915)	121	622	0	1501	false	1841	None
LINESTRING (3159472.583 188110.915, 3159493.273 188087.647)	121	622	0	1502	false	1841	None
LINESTRING (3159493.273 188087.647, 3159522.573 188052.131)	121	622	0	1503	false	1841	None
LINESTRING (3159522.573 188052.131, 3159537.444 188036.722)	121	622	0	1504	false	1841	None
LINESTRING (3159537.444 188036.722, 3159552.449 188023.507)	121	622	0	1505	false	1841	None
LINESTRING (3159552.449 188023.507, 3159580.608 188001.834)	121	622	0	1506	false	1841	None
LINESTRING (3159580.608 188001.834, 3159596.197 187988.132)	121	622	0	1507	false	1841	None
LINESTRING (3159596.197 187988.132, 3159610.953 187973.273)	121	622	0	1508	false	1841	None
LINESTRING (3159610.953 187973.273, 3159620.762 187959.467)	121	622	0	1509	false	1841	None
LINESTRING (3159620.762 187959.467, 3159630.17 187942.885)	121	622	0	1510	false	1841	None
LINESTRING (3159630.17 187942.885, 3159638.296 187924.019)	121	622	0	1511	false	1841	None
LINESTRING (3159638.296 187924.019, 3159666.246 187838.448)	121	622	0	1512	false	1841	None
LINESTRING (3159666.246 187838.448, 3159667.491 187833.217)	121	622	0	1513	false	1841	None
LINESTRING (3159667.491 187833.217, 3159676.154 187811.702)	121	622	0	1514	false	1841	None
LINESTRING (3159676.154 187811.702, 3159683.668 187795.932)	121	622	0	1515	false	1841	None
LINESTRING (3159683.668 187795.932, 3159750.8 187674.045)	121	622	0	1516	false	1841	None
LINESTRING (3159750.8 187674.045, 3159775.53 187631.513)	121	622	0	1517	false	1841	None
LINESTRING (3159775.53 187631.513, 3159800.792 187588.117)	121	622	0	1518	false	1841	None
LINESTRING (3159800.792 187588.117, 3159815.87 187560.763)	121	622	0	1519	false	1841	None
LINESTRING (3159815.87 187560.763, 3159838.385 187521.894)	121	622	0	1520	false	1841	None
LINESTRING (3159838.385 187521.894, 3159855.21 187492.838)	121	622	0	1521	false	1841	None
LINESTRING (3159855.21 187492.838, 3159872.118 187465.599)	121	622	0	1522	false	1841	None
LINESTRING (3159872.118 187465.599, 3159905.831 187416.203)	121	622	0	1523	false	1841	None
LINESTRING (3159905.831 187416.203, 3159932.017 187383.882)	121	622	0	1524	false	1841	None
LINESTRING (3159932.017 187383.882, 3159935.128 187380.448)	121	622	0	1525	false	1841	None
LINESTRING (3159935.128 187380.448, 3159955.985 187357.008)	121	622	0	1526	false	1841	None
LINESTRING (3159955.985 187357.008, 3159983.961 187326.931)	121	622	0	1527	false	1841	None
LINESTRING (3159983.961 187326.931, 3160006.387 187305.292)	121	622	0	1528	false	1841	None
LINESTRING (3160006.387 187305.292, 3160029.233 187285.364)	121	622	0	1529	false	1841	None
LINESTRING (3160029.233 187285.364, 3160040.136 187276.865)	121	622	0	1530	false	1841	None
LINESTRING (3160040.136 187276.865, 3160072.971 187251.296)	121	622	0	1531	false	1841	None
LINESTRING (3160072.971 187251.296, 3160091.766 187238.485)	121	622	0	1532	false	1841	None
LINESTRING (3160091.766 187238.485, 3160119.302 187221.214)	121	622	0	1533	false	1841	None
LINESTRING (3160119.302 187221.214, 3160169.871 187184.803)	121	622	0	1534	false	1841	None
LINESTRING (3160169.871 187184.803, 3160217.959 187151.475)	121	622	0	1535	false	1841	None
LINESTRING (3160217.959 187151.475, 3160275.99 187112.371)	121	622	0	1536	false	1841	None
LINESTRING (3160275.99 187112.371, 3160288.635 187101.93)	121	622	0	1537	false	1841	None
LINESTRING (3160288.635 187101.93, 3160299.974 187090.028)	121	622	0	1538	false	1841	None
LINESTRING (3160299.974 187090.028, 3160310.172 187076.493)	121	622	0	1539	false	1841	None
LINESTRING (3160310.172 187076.493, 3160336.482 187036.243)	121	622	0	1540	false	1841	None
LINESTRING (3160336.482 187036.243, 3160353.451 187013.672)	121	622	0	1541	false	1841	None
LINESTRING (3160353.451 187013.672, 3160367.746 186995.182)	121	622	0	1542	false	1841	None
LINESTRING (3160367.746 186995.182, 3160372.126 186989.503)	121	622	0	1543	false	1841	None
LINESTRING (3160372.126 186989.503, 3160420.075 186930.405)	121	622	0	1544	false	1841	None
LINESTRING (3160420.075 186930.405, 3160439.279 186905.132)	121	622	0	1545	false	1841	None
LINESTRING (3160439.279 186905.132, 3160451.55 186887.282)	121	622	0	1546	false	1841	None
LINESTRING (3160451.55 186887.282, 3160458.725 186875.429)	121	622	0	1547	false	1841	None
LINESTRING (3160458.725 186875.429, 3160472.773 186849.46)	121	622	0	1548	false	1841	None
LINESTRING (3160472.773 186849.46, 3160485.377 186821.62)	121	622	0	1549	false	1841	None
LINESTRING (3160485.377 186821.62, 3160494.649 186798.794)	121	622	0	1550	false	1841	None
LINESTRING (3160494.649 186798.794, 3160512.061 186753.774)	121	622	0	1551	false	1841	None
LINESTRING (3160512.061 186753.774, 3160525.494 186723.042)	121	622	0	1552	false	1841	None
LINESTRING (3160525.494 186723.042, 3160536.108 186701.334)	121	622	0	1553	false	1841	None
LINESTRING (3160536.108 186701.334, 3160546.171 186683.579)	121	622	0	1554	false	1841	None
LINESTRING (3160546.171 186683.579, 3160557.727 186666.046)	121	622	0	1555	false	1841	None
LINESTRING (3160557.727 186666.046, 3160620.867 186578.805)	121	622	0	1556	false	1841	None
LINESTRING (3160620.867 186578.805, 3160639.324 186552.408)	121	622	0	1557	false	1841	None
LINESTRING (3160639.324 186552.408, 3160715.751 186443.188)	121	622	0	1558	false	1841	None
LINESTRING (3160715.751 186443.188, 3160744.132 186400.411)	121	622	0	1559	false	1841	None
LINESTRING (3160744.132 186400.411, 3160756.822 186378.439)	121	622	0	1560	false	1841	None
LINESTRING (3160756.822 186378.439, 3160774.461 186343.747)	121	622	0	1561	false	1841	None
LINESTRING (3160774.461 186343.747, 3160787.894 186313.015)	121	622	0	1562	false	1841	None
LINESTRING (3160787.894 186313.015, 3160811.716 186256.082)	121	622	0	1563	false	1841	None
LINESTRING (3160811.716 186256.082, 3160827.444 186221.48)	121	622	0	1564	false	1841	None
LINESTRING (3160827.444 186221.48, 3160841.718 186194.171)	121	622	0	1565	false	1841	None
LINESTRING (3160841.718 186194.171, 3160852.733 186175.238)	121	622	0	1566	false	1841	None
LINESTRING (3160852.733 186175.238, 3160883.138 186129.795)	121	622	0	1567	false	1841	None
LINESTRING (3160883.138 186129.795, 3160925.462 186071.724)	121	622	0	1568	false	1841	None
LINESTRING (3160925.462 186071.724, 3160948.775 186041.978)	121	622	0	1569	false	1841	None
LINESTRING (3160948.775 186041.978, 3160970.718 186011.699)	121	622	0	1570	false	1841	None
LINESTRING (3160970.718 186011.699, 3161021.811 185936.918)	121	622	0	1571	false	1841	None
LINESTRING (3161021.811 185936.918, 3161031.129 185923.873)	121	622	0	1572	false	1841	None
LINESTRING (3161031.129 185923.873, 3161039.362 185909.811)	121	622	0	1573	false	1841	None
LINESTRING (3161039.362 185909.811, 3161046.907 185893.458)	121	622	0	1574	false	1841	None
LINESTRING (3161046.907 185893.458, 3161050.758 185883.05)	121	622	0	1575	false	1841	None
LINESTRING (3161050.758 185883.05, 3161064.597 185843.665)	121	622	0	1576	false	1841	None
LINESTRING (3161064.597 185843.665, 3161074.977 185819.009)	121	622	0	1577	false	1841	None
LINESTRING (3161074.977 185819.009, 3161089.028 185791.256)	121	622	0	1578	false	1841	S:3161075.557711887 185817.862
LINESTRING (3161089.028 185791.256, 3161074.977 185819.009)	121	625	0	263	false	1531	S:3161075.557711887 185817.862
LINESTRING (3161074.977 185819.009, 3161064.597 185843.665)	121	625	0	264	false	1531	None
LINESTRING (3161064.597 185843.665, 3161050.758 185883.05)	121	625	0	265	false	1531	None
LINESTRING (3161050.758 185883.05, 3161046.907 185893.458)	121	625	0	266	false	1531	None
LINESTRING (3161046.907 185893.458, 3161039.362 185909.811)	121	625	0	267	false	1531	None
LINESTRING (3161039.362 185909.811, 3161031.129 185923.873)	121	625	0	268	false	1531	None
LINESTRING (3161031.129 185923.873, 3161021.811 185936.918)	121	625	0	269	false	1531	None
LINESTRING (3161021.811 185936.918, 3160970.718 186011.699)	121	625	0	270	false	1531	None
LINESTRING (3160970.718 186011.699, 3160948.775 186041.978)	121	625	0	271	false	1531	None
LINESTRING (3160948.775 186041.978, 3160925.462 186071.724)	121	625	0	272	false	1531	None
LINESTRING (3160925.462 186071.724, 3160883.138 186129.795)	121	625	0	273	false	1531	None
LINESTRING (3160883.138 186129.795, 3160852.733 186175.238)	121	625	0	274	false	1531	None
LINESTRING (3160852.733 186175.238, 3160841.718 186194.171)	121	625	0	275	false	1531	None
LINESTRING (3160841.718 186194.171, 3160827.444 186221.48)	121	625	0	276	false	1531	None
LINESTRING (3160827.444 186221.48, 3160811.716 186256.082)	121	625	0	277	false	1531	None
LINESTRING (3160811.716 186256.082, 3160787.894 186313.015)	121	625	0	278	false	1531	None
LINESTRING (3160787.894 186313.015, 3160774.461 186343.747)	121	625	0	279	false	1531	None
LINESTRING (3160774.461 186343.747, 3160756.822 186378.439)	121	625	0	280	false	1531	None
LINESTRING (3160756.822 186378.439, 3160744.132 186400.411)	121	625	0	281	false	1531	None
LINESTRING (3160744.132 186400.411, 3160715.751 186443.188)	121	625	0	282	false	1531	None
LINESTRING (3160715.751 186443.188, 3160639.324 186552.408)	121	625	0	283	false	1531	None
LINESTRING (3160639.324 186552.408, 3160620.867 186578.805)	121	625	0	284	false	1531	None
LINESTRING (3160620.867 186578.805, 3160557.727 186666.046)	121	625	0	285	false	1531	None
LINESTRING (3160557.727 186666.046, 3160546.171 186683.579)	121	625	0	286	false	1531	None
LINESTRING (3160546.171 186683.579, 3160536.108 186701.334)	121	625	0	287	false	1531	None
LINESTRING (3160536.108 186701.334, 3160525.494 186723.042)	121	625	0	288	false	1531	None
LINESTRING (3160525.494 186723.042, 3160512.061 186753.774)	121	625	0	289	false	1531	None
LINESTRING (3160512.061 186753.774, 3160494.649 186798.794)	121	625	0	290	false	1531	None
LINESTRING (3160494.649 186798.794, 3160485.377 186821.62)	121	625	0	291	false	1531	None
LINESTRING (3160485.377 186821.62, 3160472.773 186849.46)	121	625	0	292	false	1531	None
LINESTRING (3160472.773 186849.46, 3160458.725 186875.429)	121	625	0	293	false	1531	None
LINESTRING (3160458.725 186875.429, 3160451.55 186887.282)	121	625	0	294	false	1531	None
LINESTRING (3160451.55 186887.282, 3160439.279 186905.132)	121	625	0	295	false	1531	None
LINESTRING (3160439.279 186905.132, 3160420.075 186930.405)	121	625	0	296	false	1531	None
LINESTRING (3160420.075 186930.405, 3160372.126 186989.503)	121	625	0	297	false	1531	None
LINESTRING (3160372.126 186989.503, 3160367.746 186995.182)	121	625	0	298	false	1531	None
LINESTRING (3160367.746 186995.182, 3160353.451 187013.672)	121	625	0	299	false	1531	None
LINESTRING (3160353.451 187013.672, 3160336.482 187036.243)	121	625	0	300	false	1531	None
LINESTRING (3160336.482 187036.243, 3160310.172 187076.493)	121	625	0	301	false	1531	None
LINESTRING (3160310.172 187076.493, 3160299.974 187090.028)	121	625	0	302	false	1531	None
LINESTRING (3160299.974 187090.028, 3160288.635 187101.93)	121	625	0	303	false	1531	None
LINESTRING (3160288.635 187101.93, 3160275.99 187112.371)	121	625	0	304	false	1531	None
LINESTRING (3160275.99 187112.371, 3160217.959 187151.475)	121	625	0	305	false	1531	None
LINESTRING (3160217.959 187151.475, 3160169.871 187184.803)	121	625	0	306	false	1531	None
LINESTRING (3160169.871 187184.803, 3160119.302 187221.214)	121	625	0	307	false	1531	None
LINESTRING (3160119.302 187221.214, 3160091.766 187238.485)	121	625	0	308	false	1531	None
LINESTRING (3160091.766 187238.485, 3160072.971 187251.296)	121	625	0	309	false	1531	None
LINESTRING (3160072.971 187251.296, 3160040.136 187276.865)	121	625	0	310	false	1531	None
LINESTRING (3160040.136 187276.865, 3160029.233 187285.364)	121	625	0	311	false	1531	None
LINESTRING (3160029.233 187285.364, 3160006.387 187305.292)	121	625	0	312	false	1531	None
LINESTRING (3160006.387 187305.292, 3159983.961 187326.931)	121	625	0	313	false	1531	None
LINESTRING (3159983.961 187326.931, 3159955.985 187357.008)	121	625	0	314	false	1531	None
LINESTRING (3159955.985 187357.008, 3159935.128 187380.448)	121	625	0	315	false	1531	None
LINESTRING (3159935.128 187380.448, 3159932.017 187383.882)	121	625	0	316	false	1531	None
LINESTRING (3159932.017 187383.882, 3159905.831 187416.203)	121	625	0	317	false	1531	None
LINESTRING (3159905.831 187416.203, 3159872.118 187465.599)	121	625	0	318	false	1531	None
LINESTRING (3159872.118 187465.599, 3159855.21 187492.838)	121	625	0	319	false	1531	None
LINESTRING (3159855.21 187492.838, 3159838.385 187521.894)	121	625	0	320	false	1531	None
LINESTRING (3159838.385 187521.894, 3159815.87 187560.763)	121	625	0	321	false	1531	None
LINESTRING (3159815.87 187560.763, 3159800.792 187588.117)	121	625	0	322	false	1531	None
LINESTRING (3159800.792 187588.117, 3159775.53 187631.513)	121	625	0	323	false	1531	None
LINESTRING (3159775.53 187631.513, 3159750.8 187674.045)	121	625	0	324	false	1531	None
LINESTRING (3159750.8 187674.045, 3159683.668 187795.932)	121	625	0	325	false	1531	None
LINESTRING (3159683.668 187795.932, 3159676.154 187811.702)	121	625	0	326	false	1531	None
LINESTRING (3159676.154 187811.702, 3159667.491 187833.217)	121	625	0	327	false	1531	None
LINESTRING (3159667.491 187833.217, 3159666.246 187838.448)	121	625	0	328	false	1531	None
LINESTRING (3159666.246 187838.448, 3159638.296 187924.019)	121	625	0	329	false	1531	None
LINESTRING (3159638.296 187924.019, 3159630.17 187942.885)	121	625	0	330	false	1531	None
LINESTRING (3159630.17 187942.885, 3159620.762 187959.467)	121	625	0	331	false	1531	None
LINESTRING (3159620.762 187959.467, 3159610.953 187973.273)	121	625	0	332	false	1531	None
LINESTRING (3159610.953 187973.273, 3159596.197 187988.132)	121	625	0	333	false	1531	None
LINESTRING (3159596.197 187988.132, 3159580.608 188001.834)	121	625	0	334	false	1531	None
LINESTRING (3159580.608 188001.834, 3159552.449 188023.507)	121	625	0	335	false	1531	None
LINESTRING (3159552.449 188023.507, 3159537.444 188036.722)	121	625	0	336	false	1531	None
LINESTRING (3159537.444 188036.722, 3159522.573 188052.131)	121	625	0	337	false	1531	None
LINESTRING (3159522.573 188052.131, 3159493.273 188087.647)	121	625	0	338	false	1531	None
LINESTRING (3159493.273 188087.647, 3159472.583 188110.915)	121	625	0	339	false	1531	None
LINESTRING (3159472.583 188110.915, 3159465.072 188119.067)	121	625	0	340	false	1531	None
LINESTRING (3159465.072 188119.067, 3159441.999 188142.122)	121	625	0	341	false	1531	None
LINESTRING (3159441.999 188142.122, 3159420.455 188161.247)	121	625	0	342	false	1531	None
LINESTRING (3159420.455 188161.247, 3159390.413 188184.211)	121	625	0	343	false	1531	None
LINESTRING (3159390.413 188184.211, 3159314.926 188236.771)	121	625	0	344	false	1531	None
LINESTRING (3159314.926 188236.771, 3159266.077 188273.853)	121	625	0	345	false	1531	None
LINESTRING (3159266.077 188273.853, 3159246.661 188289.282)	121	625	0	346	false	1531	None
LINESTRING (3159246.661 188289.282, 3159237.739 188297.004)	121	625	0	347	false	1531	None
LINESTRING (3159237.739 188297.004, 3159220.439 188312.065)	121	625	0	348	false	1531	None
LINESTRING (3159220.439 188312.065, 3159182.408 188348.473)	121	625	0	349	false	1531	None
LINESTRING (3159182.408 188348.473, 3159174.389 188356.666)	121	625	0	350	false	1531	None
LINESTRING (3159174.389 188356.666, 3159155.391 188377.615)	121	625	0	351	false	1531	None
LINESTRING (3159155.391 188377.615, 3159124.367 188415.795)	121	625	0	352	false	1531	None
LINESTRING (3159124.367 188415.795, 3159042.193 188513.975)	121	625	0	353	false	1531	None
LINESTRING (3159042.193 188513.975, 3159000.542 188563.501)	121	625	0	354	false	1531	None
LINESTRING (3159000.542 188563.501, 3158984.355 188582.805)	121	625	0	355	false	1531	None
LINESTRING (3158984.355 188582.805, 3158966.514 188600.275)	121	625	0	356	false	1531	None
LINESTRING (3158966.514 188600.275, 3158948.872 188615.203)	121	625	0	357	false	1531	None
LINESTRING (3158948.872 188615.203, 3158933.615 188626.535)	121	625	0	358	false	1531	None
LINESTRING (3158933.615 188626.535, 3158879.707 188655.579)	121	625	0	359	false	1531	None
LINESTRING (3158879.707 188655.579, 3158866.232 188664.865)	121	625	0	360	false	1531	None
LINESTRING (3158866.232 188664.865, 3158853.021 188676.515)	121	625	0	361	false	1531	None
LINESTRING (3158853.021 188676.515, 3158850.227 188678.882)	121	625	0	362	false	1531	None
LINESTRING (3158850.227 188678.882, 3158833.428 188695.448)	121	625	0	363	false	1531	None
LINESTRING (3158833.428 188695.448, 3158818.246 188712.166)	121	625	0	364	false	1531	None
LINESTRING (3158818.246 188712.166, 3158808.496 188722.781)	121	625	0	365	false	1531	None
LINESTRING (3158808.496 188722.781, 3158790.512 188743.411)	121	625	0	366	false	1531	None
LINESTRING (3158790.512 188743.411, 3158784.111 188751.756)	121	625	0	367	false	1531	None
LINESTRING (3158784.111 188751.756, 3158774.111 188764.536)	121	625	0	368	false	1531	None
LINESTRING (3158774.111 188764.536, 3158753.892 188793.703)	121	625	0	369	false	1531	None
LINESTRING (3158753.892 188793.703, 3158737.344 188819.772)	121	625	0	370	false	1531	None
LINESTRING (3158737.344 188819.772, 3158721.358 188848.203)	121	625	0	371	false	1531	None
LINESTRING (3158721.358 188848.203, 3158720.744 188849.274)	121	625	0	372	false	1531	None
LINESTRING (3158720.744 188849.274, 3158714.11 188862.529)	121	625	0	373	false	1531	None
LINESTRING (3158714.11 188862.529, 3158709.295 188875.421)	121	625	0	374	false	1531	None
LINESTRING (3158709.295 188875.421, 3158706.895 188884.131)	121	625	0	375	false	1531	None
LINESTRING (3158706.895 188884.131, 3158728.536 188879.211)	121	625	0	376	false	1531	None
LINESTRING (3158728.536 188879.211, 3158750.265 188876.349)	121	625	0	377	false	1531	None
LINESTRING (3158750.265 188876.349, 3158759.132 188875.868)	121	625	0	378	false	1531	None
LINESTRING (3158759.132 188875.868, 3158772.288 188875.268)	121	625	0	379	false	1531	None
LINESTRING (3158772.288 188875.268, 3158799.431 188875.226)	121	625	0	380	false	1531	None
LINESTRING (3158799.431 188875.226, 3158817.591 188876.215)	121	625	0	381	false	1531	None
LINESTRING (3158817.591 188876.215, 3158829.06 188878.174)	121	625	0	382	false	1531	None
LINESTRING (3158829.06 188878.174, 3158840.864 188881.812)	121	625	0	383	false	1531	None
LINESTRING (3158840.864 188881.812, 3158851.676 188886.73)	121	625	0	384	false	1531	None
LINESTRING (3158851.676 188886.73, 3158861.144 188892.317)	121	625	0	385	false	1531	None
LINESTRING (3158861.144 188892.317, 3158866.624 188896.234)	121	625	0	386	false	1531	None
LINESTRING (3158866.624 188896.234, 3158880.446 188908.633)	121	625	0	387	false	1531	None
LINESTRING (3158880.446 188908.633, 3158894.789 188923.497)	121	625	0	388	false	1531	None
LINESTRING (3158894.789 188923.497, 3158897.054 188926.044)	121	625	0	389	false	1531	None
LINESTRING (3158897.054 188926.044, 3158912.004 188943.406)	121	625	0	390	false	1531	None
LINESTRING (3158912.004 188943.406, 3158931.438 188965.727)	121	625	0	391	false	1531	None
LINESTRING (3158931.438 188965.727, 3158949.546 188987.651)	121	625	0	392	false	1531	None
LINESTRING (3158949.546 188987.651, 3158956.965 188996.727)	121	625	0	393	false	1531	None
LINESTRING (3158956.965 188996.727, 3158971.413 189016.395)	121	625	0	394	false	1531	None
LINESTRING (3158971.413 189016.395, 3158985.531 189038.434)	121	625	0	395	false	1531	None
LINESTRING (3158985.531 189038.434, 3158997.632 189059.57)	121	625	0	396	false	1531	None
LINESTRING (3158997.632 189059.57, 3159003.728 189070.275)	121	625	0	397	false	1531	None
LINESTRING (3159003.728 189070.275, 3159011.158 189085.666)	121	625	0	398	false	1531	None
LINESTRING (3159011.158 189085.666, 3159014.848 189093.173)	121	625	0	399	false	1531	None
LINESTRING (3159014.848 189093.173, 3159024.144 189116.195)	121	625	0	400	false	1531	None
LINESTRING (3159024.144 189116.195, 3159024.366 189116.639)	121	625	0	401	false	1531	None
LINESTRING (3159024.366 189116.639, 3159033.555 189144.501)	121	625	0	402	false	1531	None
LINESTRING (3159033.555 189144.501, 3159041.274 189173.101)	121	625	0	403	false	1531	None
LINESTRING (3159041.274 189173.101, 3159046.625 189196.375)	121	625	0	404	false	1531	None
LINESTRING (3159046.625 189196.375, 3159051.544 189209.599)	121	625	0	405	false	1531	None
LINESTRING (3159051.544 189209.599, 3159054.254 189215.058)	121	625	0	406	false	1531	None
LINESTRING (3159054.254 189215.058, 3159057.55 189222.055)	121	625	0	407	false	1531	None
LINESTRING (3159057.55 189222.055, 3159063.544 189232.006)	121	625	0	408	false	1531	None
LINESTRING (3159063.544 189232.006, 3159070.131 189239.926)	121	625	0	409	false	1531	None
LINESTRING (3159070.131 189239.926, 3159072.214 189241.926)	121	625	0	410	false	1531	None
LINESTRING (3159072.214 189241.926, 3159073.046 189248.917)	121	625	0	411	false	1531	None
LINESTRING (3159073.046 189248.917, 3159073.52 189260.889)	121	625	0	412	false	1531	None
LINESTRING (3159073.52 189260.889, 3159072.761 189274.762)	121	625	0	413	false	1531	None
LINESTRING (3159072.761 189274.762, 3159069.339 189291.172)	121	625	0	414	false	1531	None
LINESTRING (3159069.339 189291.172, 3159047.512 189361.503)	121	625	0	415	false	1531	None
LINESTRING (3159047.512 189361.503, 3159040.2 189384.616)	121	625	0	416	false	1531	None
LINESTRING (3159040.2 189384.616, 3159039.447 189387.061)	121	625	0	417	false	1531	None
LINESTRING (3159039.447 189387.061, 3159021.357 189432.057)	121	625	0	418	false	1531	None
LINESTRING (3159021.357 189432.057, 3159018.954 189438.743)	121	625	0	419	false	1531	None
LINESTRING (3159018.954 189438.743, 3158991.295 189512.403)	121	625	0	420	false	1531	None
LINESTRING (3158991.295 189512.403, 3158967.983 189578.942)	121	625	0	421	false	1531	None
LINESTRING (3158967.983 189578.942, 3158948.632 189628.449)	121	625	0	422	false	1531	None
LINESTRING (3158948.632 189628.449, 3158932.128 189672.156)	121	625	0	423	false	1531	None
LINESTRING (3158932.128 189672.156, 3158914.285 189722.606)	121	625	0	424	false	1531	None
LINESTRING (3158914.285 189722.606, 3158910.857 189732.941)	121	625	0	425	false	1531	None
LINESTRING (3158910.857 189732.941, 3158908.166 189743.92)	121	625	0	426	false	1531	None
LINESTRING (3158908.166 189743.92, 3158904.794 189754.872)	121	625	0	427	false	1531	None
LINESTRING (3158904.794 189754.872, 3158903.038 189763.953)	121	625	0	428	false	1531	None
LINESTRING (3158903.038 189763.953, 3158902.167 189776.592)	121	625	0	429	false	1531	None
LINESTRING (3158902.167 189776.592, 3158902.943 189788.8)	121	625	0	430	false	1531	None
LINESTRING (3158902.943 189788.8, 3158905.331 189800.921)	121	625	0	431	false	1531	None
LINESTRING (3158905.331 189800.921, 3158910.776 189816.85)	121	625	0	432	false	1531	None
LINESTRING (3158910.776 189816.85, 3158917.939 189833.685)	121	625	0	433	false	1531	None
LINESTRING (3158917.939 189833.685, 3158925.791 189849.002)	121	625	0	434	false	1531	None
LINESTRING (3158925.791 189849.002, 3158943.647 189880.95)	121	625	0	435	false	1531	None
LINESTRING (3158943.647 189880.95, 3158946.644 189885.925)	121	625	0	436	false	1531	None
LINESTRING (3158946.644 189885.925, 3158957.982 189901.408)	121	625	0	437	false	1531	None
LINESTRING (3158957.982 189901.408, 3158967.97 189917.318)	121	625	0	438	false	1531	None
LINESTRING (3158967.97 189917.318, 3158971.757 189927.363)	121	625	0	439	false	1531	None
LINESTRING (3158971.757 189927.363, 3158973.407 189936.816)	121	625	0	440	false	1531	None
LINESTRING (3158973.407 189936.816, 3158973.239 189946.632)	121	625	0	441	false	1531	None
LINESTRING (3158973.239 189946.632, 3158972.382 189952.133)	121	625	0	442	false	1531	None
LINESTRING (3158972.382 189952.133, 3158968.647 189961.992)	121	625	0	443	false	1531	None
LINESTRING (3158968.647 189961.992, 3158963.49 189970.94)	121	625	0	444	false	1531	None
LINESTRING (3158963.49 189970.94, 3158947.962 189995.144)	121	625	0	445	false	1531	None
LINESTRING (3158947.962 189995.144, 3158912.583 190049.847)	121	625	0	446	false	1531	None
LINESTRING (3158912.583 190049.847, 3158892.805 190083.709)	121	625	0	447	false	1531	None
LINESTRING (3158892.805 190083.709, 3158889.109 190091.44)	121	625	0	448	false	1531	None
LINESTRING (3158889.109 190091.44, 3158883.282 190106.676)	121	625	0	449	false	1531	None
LINESTRING (3158883.282 190106.676, 3158878.217 190129.591)	121	625	0	450	false	1531	None
LINESTRING (3158878.217 190129.591, 3158874.578 190139.963)	121	625	0	451	false	1531	None
LINESTRING (3158874.578 190139.963, 3158871.458 190144.941)	121	625	0	452	false	1531	None
LINESTRING (3158871.458 190144.941, 3158869.143 190147.851)	121	625	0	453	false	1531	None
LINESTRING (3158869.143 190147.851, 3158863.651 190153.097)	121	625	0	454	false	1531	None
LINESTRING (3158863.651 190153.097, 3158859.668 190155.477)	121	625	0	455	false	1531	None
LINESTRING (3158859.668 190155.477, 3158855.008 190156.046)	121	625	0	456	false	1531	None
LINESTRING (3158855.008 190156.046, 3158852.756 190156.004)	121	625	0	457	false	1531	None
LINESTRING (3158852.756 190156.004, 3158843.082 190154.504)	121	625	0	458	false	1531	None
LINESTRING (3158843.082 190154.504, 3158817.213 190150.516)	121	625	0	459	false	1531	None
LINESTRING (3158817.213 190150.516, 3158813.223 190150.631)	121	625	0	460	false	1531	None
LINESTRING (3158813.223 190150.631, 3158810.448 190151.933)	121	625	0	461	false	1531	None
LINESTRING (3158810.448 190151.933, 3158805.395 190157.826)	121	625	0	462	false	1531	None
LINESTRING (3158805.395 190157.826, 3158802.905 190162.454)	121	625	0	463	false	1531	None
LINESTRING (3158802.905 190162.454, 3158800.642 190167.765)	121	625	0	464	false	1531	None
LINESTRING (3158800.642 190167.765, 3158794.769 190188.699)	121	625	0	465	false	1531	None
LINESTRING (3158794.769 190188.699, 3158790.39 190206.046)	121	625	0	466	false	1531	None
LINESTRING (3158790.39 190206.046, 3158785.056 190226.356)	121	625	0	467	false	1531	None
LINESTRING (3158785.056 190226.356, 3158774.591 190262.649)	121	625	0	468	false	1531	None
LINESTRING (3158774.591 190262.649, 3158768.875 190277.095)	121	625	0	469	false	1531	None
LINESTRING (3158768.875 190277.095, 3158766.556 190281.789)	121	625	0	470	false	1531	None
LINESTRING (3158766.556 190281.789, 3158760.94 190289.13)	121	625	0	471	false	1531	None
LINESTRING (3158760.94 190289.13, 3158751.924 190298.364)	121	625	0	472	false	1531	None
LINESTRING (3158751.924 190298.364, 3158737.958 190310.436)	121	625	0	473	false	1531	None
LINESTRING (3158737.958 190310.436, 3158720.715 190324.09)	121	625	0	474	false	1531	None
LINESTRING (3158720.715 190324.09, 3158700.75 190343.472)	121	625	0	475	false	1531	None
LINESTRING (3158700.75 190343.472, 3158673.201 190373.479)	121	625	0	476	false	1531	None
LINESTRING (3158673.201 190373.479, 3158650.308 190396.843)	121	625	0	477	false	1531	None
LINESTRING (3158650.308 190396.843, 3158625.776 190419.093)	121	625	0	478	false	1531	None
LINESTRING (3158625.776 190419.093, 3158617.756 190425.261)	121	625	0	479	false	1531	None
LINESTRING (3158617.756 190425.261, 3158608.356 190432.44)	121	625	0	480	false	1531	None
LINESTRING (3158608.356 190432.44, 3158586.398 190448.072)	121	625	0	481	false	1531	None
LINESTRING (3158586.398 190448.072, 3158569.305 190460.832)	121	625	0	482	false	1531	None
LINESTRING (3158569.305 190460.832, 3158561.384 190477.397)	121	625	0	483	false	1531	None
LINESTRING (3158561.384 190477.397, 3158555.426 190492.464)	121	625	0	484	false	1531	None
LINESTRING (3158555.426 190492.464, 3158396.462 190416.836)	121	625	0	485	false	1531	None
LINESTRING (3158396.462 190416.836, 3158022.519 190238.933)	121	625	0	486	false	1531	None
LINESTRING (3158022.519 190238.933, 3157916.072 190189.808)	121	625	0	487	false	1531	None
LINESTRING (3157916.072 190189.808, 3157755.263 190115.621)	121	625	0	488	false	1531	None
LINESTRING (3157755.263 190115.621, 3157751.917 190114.082)	121	625	0	489	false	1531	None
LINESTRING (3157751.917 190114.082, 3157633.583 190059.508)	121	625	0	490	false	1531	None
LINESTRING (3157633.583 190059.508, 3157416.096 189959.367)	121	625	0	491	false	1531	None
LINESTRING (3157416.096 189959.367, 3157267.245 189894.246)	121	625	0	492	false	1531	None
LINESTRING (3157267.245 189894.246, 3157144.385 189840.659)	121	625	0	493	false	1531	None
LINESTRING (3157144.385 189840.659, 3157134.35 189836.282)	121	625	0	494	false	1531	None
LINESTRING (3157134.35 189836.282, 3157055.398 189801.667)	121	625	0	495	false	1531	None
LINESTRING (3157055.398 189801.667, 3156788.056 189684.909)	121	625	0	496	false	1531	None
LINESTRING (3156788.056 189684.909, 3156736.339 189662.43)	121	625	0	497	false	1531	None
LINESTRING (3156736.339 189662.43, 3156698.614 189646.579)	121	625	0	498	false	1531	None
LINESTRING (3156698.614 189646.579, 3156638.723 189621.281)	121	625	0	499	false	1531	None
LINESTRING (3156638.723 189621.281, 3156458.761 189545.873)	121	625	0	500	false	1531	None
LINESTRING (3156458.761 189545.873, 3156408.778 189525.023)	121	625	0	501	false	1531	None
LINESTRING (3156408.778 189525.023, 3156398.501 189521.268)	121	625	0	502	false	1531	None
LINESTRING (3156398.501 189521.268, 3156397.861 189521.138)	121	625	0	503	false	1531	None
LINESTRING (3156397.861 189521.138, 3156130.444 189422.591)	121	625	0	504	false	1531	None
LINESTRING (3156130.444 189422.591, 3155555.995 189211.21)	121	625	0	505	false	1531	None
LINESTRING (3155555.995 189211.21, 3155355.929 189137.545)	121	625	0	506	false	1531	None
LINESTRING (3155355.929 189137.545, 3155326.518 189125.169)	121	625	0	507	false	1531	None
LINESTRING (3155326.518 189125.169, 3155063.023 189014.495)	121	625	0	508	false	1531	W:3155093.051 189027.1074551585
