LINESTRING (3146746.183 185906.286, 3146349.457 185746.375)	117	625	0	622	false	1531	E:3146537.384 185822.1239917399|S:3146526.8103500637 185817.862
LINESTRING (3146349.457 185746.375, 3146746.183 185906.286)	117	629	0	65	false	793	S:3146526.8103500637 185817.862|E:3146537.384 185822.1239917399
LINESTRING (3146538.674 192921.578, 3146433.645 192881.474)	117	629	0	347	false	793	E:3146537.384 192921.08542975748
LINESTRING (3146433.645 192881.474, 3146274.366 192816.899)	117	629	0	348	false	793	None
LINESTRING (3146274.366 192816.899, 3146256.147 192809.006)	117	629	0	349	false	793	None
LINESTRING (3146256.147 192809.006, 3146162.998 192768.748)	117	629	0	350	false	793	None
LINESTRING (3146162.998 192768.748, 3146151.128 192763.792)	117	629	0	351	false	793	None
LINESTRING (3146151.128 192763.792, 3146017.581 192714.667)	117	629	0	352	false	793	None
LINESTRING (3146017.581 192714.667, 3146011.09 192711.081)	117	629	0	353	false	793	None
LINESTRING (3146011.09 192711.081, 3145988.272 192698.789)	117	629	0	354	false	793	None
LINESTRING (3145988.272 192698.789, 3145956.659 192678.687)	117	629	0	355	false	793	None
LINESTRING (3145956.659 192678.687, 3145936.14 192668.595)	117	629	0	356	false	793	None
LINESTRING (3145936.14 192668.595, 3145915.95 192661.724)	117	629	0	357	false	793	None
LINESTRING (3145915.95 192661.724, 3145883.706 192654.945)	117	629	0	358	false	793	None
LINESTRING (3145883.706 192654.945, 3145868.505 192650.96)	117	629	0	359	false	793	None
LINESTRING (3145868.505 192650.96, 3145829.989 192639.014)	117	629	0	360	false	793	None
LINESTRING (3145829.989 192639.014, 3145625.172 192565.618)	117	629	0	361	false	793	None
LINESTRING (3145625.172 192565.618, 3145566.316 192542.104)	117	629	0	362	false	793	None
LINESTRING (3145566.316 192542.104, 3145555.843 192538.88)	117	629	0	363	false	793	None
LINESTRING (3145555.843 192538.88, 3145553.536 192538.225)	117	629	0	364	false	793	None
LINESTRING (3145553.536 192538.225, 3145544.603 192537.382)	117	629	0	365	false	793	None
LINESTRING (3145544.603 192537.382, 3145535.931 192538.665)	117	629	0	366	false	793	None
LINESTRING (3145535.931 192538.665, 3145528.061 192543.471)	117	629	0	367	false	793	None
LINESTRING (3145528.061 192543.471, 3145521.856 192550.588)	117	629	0	368	false	793	None
LINESTRING (3145521.856 192550.588, 3145515.754 192564.053)	117	629	0	369	false	793	None
LINESTRING (3145515.754 192564.053, 3145507.024 192588.877)	117	629	0	370	false	793	None
LINESTRING (3145507.024 192588.877, 3145482.298 192651.181)	117	629	0	371	false	793	None
LINESTRING (3145482.298 192651.181, 3145469.028 192681.625)	117	629	0	372	false	793	None
LINESTRING (3145469.028 192681.625, 3145463.146 192691.723)	117	629	0	373	false	793	None
LINESTRING (3145463.146 192691.723, 3145450.714 192693.811)	117	629	0	374	false	793	None
LINESTRING (3145450.714 192693.811, 3145429.121 192696.157)	117	629	0	375	false	793	None
LINESTRING (3145429.121 192696.157, 3145418.931 192696.018)	117	629	0	376	false	793	None
LINESTRING (3145418.931 192696.018, 3145390.737 192695.57)	117	629	0	377	false	793	None
LINESTRING (3145390.737 192695.57, 3145287.442 192690.666)	117	629	0	378	false	793	None
LINESTRING (3145287.442 192690.666, 3145243.593 192688.676)	117	629	0	379	false	793	None
LINESTRING (3145243.593 192688.676, 3145175.311 192685.435)	117	629	0	380	false	793	None
LINESTRING (3145175.311 192685.435, 3144970.463 192675.713)	117	629	0	381	false	793	None
LINESTRING (3144970.463 192675.713, 3144951.09 192674.874)	117	629	0	382	false	793	None
LINESTRING (3144951.09 192674.874, 3144920.945 192672.6)	117	629	0	383	false	793	None
LINESTRING (3144920.945 192672.6, 3144902.325 192671.339)	117	629	0	384	false	793	None
LINESTRING (3144902.325 192671.339, 3144875.67 192669.465)	117	629	0	385	false	793	None
LINESTRING (3144875.67 192669.465, 3144864.195 192668.829)	117	629	0	386	false	793	None
LINESTRING (3144864.195 192668.829, 3144749.445 192662.232)	117	629	0	387	false	793	None
LINESTRING (3144749.445 192662.232, 3144744.984 192662.052)	117	629	0	388	false	793	None
LINESTRING (3144744.984 192662.052, 3144728.369 192661.211)	117	629	0	389	false	793	None
LINESTRING (3144728.369 192661.211, 3144711.721 192658.928)	117	629	0	390	false	793	None
LINESTRING (3144711.721 192658.928, 3144711.339 192658.899)	117	629	0	391	false	793	None
LINESTRING (3144711.339 192658.899, 3144695.771 192655.608)	117	629	0	392	false	793	None
LINESTRING (3144695.771 192655.608, 3144675.717 192649.15)	117	629	0	393	false	793	None
LINESTRING (3144675.717 192649.15, 3144629.026 192634.162)	117	629	0	394	false	793	None
LINESTRING (3144629.026 192634.162, 3144570.314 192615.115)	117	629	0	395	false	793	None
LINESTRING (3144570.314 192615.115, 3144535.082 192603.851)	117	629	0	396	false	793	None
LINESTRING (3144535.082 192603.851, 3144476.046 192583.607)	117	629	0	397	false	793	None
LINESTRING (3144476.046 192583.607, 3144471.512 192582.09)	117	629	0	398	false	793	None
LINESTRING (3144471.512 192582.09, 3144427.435 192568.234)	117	629	0	399	false	793	None
LINESTRING (3144427.435 192568.234, 3144413.147 192565.201)	117	629	0	400	false	793	None
LINESTRING (3144413.147 192565.201, 3144391.318 192562.817)	117	629	0	401	false	793	None
LINESTRING (3144391.318 192562.817, 3144361.316 192561.196)	117	629	0	402	false	793	None
LINESTRING (3144361.316 192561.196, 3144303.123 192555.561)	117	629	0	403	false	793	None
LINESTRING (3144303.123 192555.561, 3144270.98 192553.11)	117	629	0	404	false	793	None
LINESTRING (3144270.98 192553.11, 3144202.951 192547.952)	117	629	0	405	false	793	None
LINESTRING (3144202.951 192547.952, 3144192.47 192548.059)	117	629	0	406	false	793	None
LINESTRING (3144192.47 192548.059, 3144162.325 192545.788)	117	629	0	407	false	793	None
LINESTRING (3144162.325 192545.788, 3144130.524 192543.471)	117	629	0	408	false	793	None
LINESTRING (3144130.524 192543.471, 3144073.291 192531.545)	117	629	0	409	false	793	None
LINESTRING (3144073.291 192531.545, 3144043.368 192524.124)	117	629	0	410	false	793	None
LINESTRING (3144043.368 192524.124, 3144004.227 192514.562)	117	629	0	411	false	793	None
LINESTRING (3144004.227 192514.562, 3143994.622 192512.152)	117	629	0	412	false	793	None
LINESTRING (3143994.622 192512.152, 3143967.39 192503.632)	117	629	0	413	false	793	None
LINESTRING (3143967.39 192503.632, 3143948.541 192497.881)	117	629	0	414	false	793	None
LINESTRING (3143948.541 192497.881, 3143809.134 192456.283)	117	629	0	415	false	793	None
LINESTRING (3143809.134 192456.283, 3143781.204 192448.802)	117	629	0	416	false	793	None
LINESTRING (3143781.204 192448.802, 3143780.393 192448.607)	117	629	0	417	false	793	None
LINESTRING (3143780.393 192448.607, 3143758.308 192446.126)	117	629	0	418	false	793	None
LINESTRING (3143758.308 192446.126, 3143742.749 192446.886)	117	629	0	419	false	793	None
LINESTRING (3143742.749 192446.886, 3143732.638 192448.326)	117	629	0	420	false	793	None
LINESTRING (3143732.638 192448.326, 3143722 192450.872)	117	629	0	421	false	793	None
LINESTRING (3143722 192450.872, 3143701.973 192452.996)	117	629	0	422	false	793	None
LINESTRING (3143701.973 192452.996, 3143692.194 192454.089)	117	629	0	423	false	793	None
LINESTRING (3143692.194 192454.089, 3143649.637 192460.224)	117	629	0	424	false	793	None
LINESTRING (3143649.637 192460.224, 3143641.616 192462.117)	117	629	0	425	false	793	None
LINESTRING (3143641.616 192462.117, 3143621.524 192466.953)	117	629	0	426	false	793	None
LINESTRING (3143621.524 192466.953, 3143599.985 192418.034)	117	629	0	427	false	793	None
LINESTRING (3143599.985 192418.034, 3143535.032 192271.627)	117	629	0	428	false	793	None
LINESTRING (3143535.032 192271.627, 3143513.365 192222.78)	117	629	0	429	false	793	None
LINESTRING (3143513.365 192222.78, 3143510.765 192216.775)	117	629	0	430	false	793	None
LINESTRING (3143510.765 192216.775, 3143502.84 192198.832)	117	629	0	431	false	793	None
LINESTRING (3143502.84 192198.832, 3143500.114 192192.898)	117	629	0	432	false	793	None
LINESTRING (3143500.114 192192.898, 3143473.68 192193.256)	117	629	0	433	false	793	None
LINESTRING (3143473.68 192193.256, 3143417.081 192194.194)	117	629	0	434	false	793	None
LINESTRING (3143417.081 192194.194, 3143394.143 192193.407)	117	629	0	435	false	793	None
LINESTRING (3143394.143 192193.407, 3143378.852 192192.963)	117	629	0	436	false	793	None
LINESTRING (3143378.852 192192.963, 3143367.755 192192.118)	117	629	0	437	false	793	None
LINESTRING (3143367.755 192192.118, 3143361.547 192191.619)	117	629	0	438	false	793	None
LINESTRING (3143361.547 192191.619, 3143342.665 192190.022)	117	629	0	439	false	793	None
LINESTRING (3143342.665 192190.022, 3143336.331 192189.593)	117	629	0	440	false	793	None
LINESTRING (3143336.331 192189.593, 3143335.097 192189.472)	117	629	0	441	false	793	None
LINESTRING (3143335.097 192189.472, 3143321.893 192187.455)	117	629	0	442	false	793	None
LINESTRING (3143321.893 192187.455, 3143297.308 192181.509)	117	629	0	443	false	793	None
LINESTRING (3143297.308 192181.509, 3143285.939 192178.06)	117	629	0	444	false	793	None
LINESTRING (3143285.939 192178.06, 3143243.951 192162.879)	117	629	0	445	false	793	None
LINESTRING (3143243.951 192162.879, 3143191.304 192141.906)	117	629	0	446	false	793	None
LINESTRING (3143191.304 192141.906, 3142913.043 192031.588)	117	629	0	447	false	793	None
LINESTRING (3142913.043 192031.588, 3142817.835 191996.406)	117	629	0	448	false	793	None
LINESTRING (3142817.835 191996.406, 3142764.154 191974.798)	117	629	0	449	false	793	None
LINESTRING (3142764.154 191974.798, 3142714.115 191954.719)	117	629	0	450	false	793	None
LINESTRING (3142714.115 191954.719, 3142691.355 191945.078)	117	629	0	451	false	793	None
LINESTRING (3142691.355 191945.078, 3142623.948 191913.638)	117	629	0	452	false	793	None
LINESTRING (3142623.948 191913.638, 3142610.924 191906.575)	117	629	0	453	false	793	None
LINESTRING (3142610.924 191906.575, 3142604.952 191903.43)	117	629	0	454	false	793	None
LINESTRING (3142604.952 191903.43, 3142547.431 191873.674)	117	629	0	455	false	793	None
LINESTRING (3142547.431 191873.674, 3142528.189 191863.848)	117	629	0	456	false	793	None
LINESTRING (3142528.189 191863.848, 3142523.164 191861.309)	117	629	0	457	false	793	None
LINESTRING (3142523.164 191861.309, 3142455.23 191823.597)	117	629	0	458	false	793	None
LINESTRING (3142455.23 191823.597, 3142392.713 191788.934)	117	629	0	459	false	793	None
LINESTRING (3142392.713 191788.934, 3142370.325 191777.058)	117	629	0	460	false	793	None
LINESTRING (3142370.325 191777.058, 3142355.393 191770.091)	117	629	0	461	false	793	None
LINESTRING (3142355.393 191770.091, 3142345.069 191765.977)	117	629	0	462	false	793	None
LINESTRING (3142345.069 191765.977, 3142334.504 191762.484)	117	629	0	463	false	793	None
LINESTRING (3142334.504 191762.484, 3142325.372 191760.378)	117	629	0	464	false	793	None
LINESTRING (3142325.372 191760.378, 3142316.126 191758.823)	117	629	0	465	false	793	None
LINESTRING (3142316.126 191758.823, 3142305.794 191758.038)	117	629	0	466	false	793	None
LINESTRING (3142305.794 191758.038, 3142264.714 191758.326)	117	629	0	467	false	793	None
LINESTRING (3142264.714 191758.326, 3142218.344 191761.089)	117	629	0	468	false	793	None
LINESTRING (3142218.344 191761.089, 3142136.075 191766.026)	117	629	0	469	false	793	None
LINESTRING (3142136.075 191766.026, 3142132.939 191766.241)	117	629	0	470	false	793	None
LINESTRING (3142132.939 191766.241, 3142017.762 191774.273)	117	629	0	471	false	793	None
LINESTRING (3142017.762 191774.273, 3142002.432 191773.934)	117	629	0	472	false	793	None
LINESTRING (3142002.432 191773.934, 3142001.924 191773.975)	117	629	0	473	false	793	None
LINESTRING (3142001.924 191773.975, 3141992.443 191773.282)	117	629	0	474	false	793	None
LINESTRING (3141992.443 191773.282, 3141966.851 191769.687)	117	629	0	475	false	793	None
LINESTRING (3141966.851 191769.687, 3141943.306 191761.054)	117	629	0	476	false	793	None
LINESTRING (3141943.306 191761.054, 3141866.501 191721.581)	117	629	0	477	false	793	None
LINESTRING (3141866.501 191721.581, 3141823.916 191699.037)	117	629	0	478	false	793	None
LINESTRING (3141823.916 191699.037, 3141749.579 191656.238)	117	629	0	479	false	793	None
LINESTRING (3141749.579 191656.238, 3141734.631 191646.766)	117	629	0	480	false	793	None
LINESTRING (3141734.631 191646.766, 3141694.813 191619.106)	117	629	0	481	false	793	None
LINESTRING (3141694.813 191619.106, 3141665.918 191597.576)	117	629	0	482	false	793	None
LINESTRING (3141665.918 191597.576, 3141562.446 191521.137)	117	629	0	483	false	793	None
LINESTRING (3141562.446 191521.137, 3141508.233 191482.317)	117	629	0	484	false	793	None
LINESTRING (3141508.233 191482.317, 3141470.902 191457.644)	117	629	0	485	false	793	None
LINESTRING (3141470.902 191457.644, 3141453.424 191447.075)	117	629	0	486	false	793	None
LINESTRING (3141453.424 191447.075, 3141426.827 191431.313)	117	629	0	487	false	793	None
LINESTRING (3141426.827 191431.313, 3141393.45 191414.238)	117	629	0	488	false	793	None
LINESTRING (3141393.45 191414.238, 3141373.726 191405.657)	117	629	0	489	false	793	None
LINESTRING (3141373.726 191405.657, 3141092.115 191294.83)	117	629	0	490	false	793	None
LINESTRING (3141092.115 191294.83, 3140970.288 191246.998)	117	629	0	491	false	793	None
LINESTRING (3140970.288 191246.998, 3140931.946 191231.812)	117	629	0	492	false	793	None
LINESTRING (3140931.946 191231.812, 3140925.264 191229.228)	117	629	0	493	false	793	None
LINESTRING (3140925.264 191229.228, 3140853.521 191199.578)	117	629	0	494	false	793	None
LINESTRING (3140853.521 191199.578, 3140817.755 191183.843)	117	629	0	495	false	793	None
LINESTRING (3140817.755 191183.843, 3140795.586 191174.199)	117	629	0	496	false	793	None
LINESTRING (3140795.586 191174.199, 3140780.819 191165.275)	117	629	0	497	false	793	None
LINESTRING (3140780.819 191165.275, 3140780.029 191155.094)	117	629	0	498	false	793	None
LINESTRING (3140780.029 191155.094, 3140776.356 191143.203)	117	629	0	499	false	793	None
LINESTRING (3140776.356 191143.203, 3140773.166 191137.448)	117	629	0	500	false	793	None
LINESTRING (3140773.166 191137.448, 3140765.608 191126.434)	117	629	0	501	false	793	None
LINESTRING (3140765.608 191126.434, 3140762.738 191119.851)	117	629	0	502	false	793	None
LINESTRING (3140762.738 191119.851, 3140757.865 191109.28)	117	629	0	503	false	793	None
LINESTRING (3140757.865 191109.28, 3140748.326 191082.509)	117	629	0	504	false	793	None
LINESTRING (3140748.326 191082.509, 3140724.933 191022.299)	117	629	0	505	false	793	None
LINESTRING (3140724.933 191022.299, 3140709.215 190979.93)	117	629	0	506	false	793	None
LINESTRING (3140709.215 190979.93, 3140696.314 190945.552)	117	629	0	507	false	793	None
LINESTRING (3140696.314 190945.552, 3140692.447 190932.634)	117	629	0	508	false	793	None
LINESTRING (3140692.447 190932.634, 3140685.099 190910.636)	117	629	0	509	false	793	None
LINESTRING (3140685.099 190910.636, 3140680.036 190888.332)	117	629	0	510	false	793	None
LINESTRING (3140680.036 190888.332, 3140679.62 190886.862)	117	629	0	511	false	793	None
LINESTRING (3140679.62 190886.862, 3140673.34 190863.374)	117	629	0	512	false	793	None
LINESTRING (3140673.34 190863.374, 3140664.258 190834.399)	117	629	0	513	false	793	None
LINESTRING (3140664.258 190834.399, 3140659.169 190820.057)	117	629	0	514	false	793	None
LINESTRING (3140659.169 190820.057, 3140650.353 190798.8)	117	629	0	515	false	793	None
LINESTRING (3140650.353 190798.8, 3140640.051 190777.564)	117	629	0	516	false	793	None
LINESTRING (3140640.051 190777.564, 3140632.597 190763.735)	117	629	0	517	false	793	None
LINESTRING (3140632.597 190763.735, 3140631.489 190761.76)	117	629	0	518	false	793	None
LINESTRING (3140631.489 190761.76, 3140618.589 190740.114)	117	629	0	519	false	793	None
LINESTRING (3140618.589 190740.114, 3140610.21 190723.072)	117	629	0	520	false	793	None
LINESTRING (3140610.21 190723.072, 3140591.953 190681.151)	117	629	0	521	false	793	None
LINESTRING (3140591.953 190681.151, 3140580.467 190651.009)	117	629	0	522	false	793	None
LINESTRING (3140580.467 190651.009, 3140564.968 190610.868)	117	629	0	523	false	793	None
LINESTRING (3140564.968 190610.868, 3140491.94 190434.26)	117	629	0	524	false	793	None
LINESTRING (3140491.94 190434.26, 3140479.298 190403.79)	117	629	0	525	false	793	None
LINESTRING (3140479.298 190403.79, 3140463.405 190361.356)	117	629	0	526	false	793	None
LINESTRING (3140463.405 190361.356, 3140453.321 190334.969)	117	629	0	527	false	793	None
LINESTRING (3140453.321 190334.969, 3140422.856 190255.847)	117	629	0	528	false	793	None
LINESTRING (3140422.856 190255.847, 3140412.645 190229.531)	117	629	0	529	false	793	None
LINESTRING (3140412.645 190229.531, 3140410.511 190221.805)	117	629	0	530	false	793	None
LINESTRING (3140410.511 190221.805, 3140405.745 190210.444)	117	629	0	531	false	793	None
LINESTRING (3140405.745 190210.444, 3140402.059 190199.857)	117	629	0	532	false	793	None
LINESTRING (3140402.059 190199.857, 3140401.699 190199.004)	117	629	0	533	false	793	None
LINESTRING (3140401.699 190199.004, 3140398.538 190187.311)	117	629	0	534	false	793	None
LINESTRING (3140398.538 190187.311, 3140396.217 190175.23)	117	629	0	535	false	793	None
LINESTRING (3140396.217 190175.23, 3140394.742 190162.999)	117	629	0	536	false	793	None
LINESTRING (3140394.742 190162.999, 3140394.026 190150.587)	117	629	0	537	false	793	None
LINESTRING (3140394.026 190150.587, 3140393.733 190121.799)	117	629	0	538	false	793	None
LINESTRING (3140393.733 190121.799, 3140394.659 190101.573)	117	629	0	539	false	793	None
LINESTRING (3140394.659 190101.573, 3140395.252 190085.264)	117	629	0	540	false	793	None
LINESTRING (3140395.252 190085.264, 3140394.172 190068.19)	117	629	0	541	false	793	None
LINESTRING (3140394.172 190068.19, 3140393.723 190061.71)	117	629	0	542	false	793	None
LINESTRING (3140393.723 190061.71, 3140391.26 190045.409)	117	629	0	543	false	793	None
LINESTRING (3140391.26 190045.409, 3140389.305 190032.636)	117	629	0	544	false	793	None
LINESTRING (3140389.305 190032.636, 3140386.492 190021.317)	117	629	0	545	false	793	None
LINESTRING (3140386.492 190021.317, 3140384.495 190015.785)	117	629	0	546	false	793	None
LINESTRING (3140384.495 190015.785, 3140381.869 190010.605)	117	629	0	547	false	793	None
LINESTRING (3140381.869 190010.605, 3140365.636 189986.364)	117	629	0	548	false	793	None
LINESTRING (3140365.636 189986.364, 3140365.242 189985.854)	117	629	0	549	false	793	None
LINESTRING (3140365.242 189985.854, 3140352.274 189970.489)	117	629	0	550	false	793	None
LINESTRING (3140352.274 189970.489, 3140346.717 189967.032)	117	629	0	551	false	793	None
LINESTRING (3140346.717 189967.032, 3140329.886 189957.075)	117	629	0	552	false	793	None
LINESTRING (3140329.886 189957.075, 3140324.163 189953.791)	117	629	0	553	false	793	None
LINESTRING (3140324.163 189953.791, 3140292.585 189934.088)	117	629	0	554	false	793	None
LINESTRING (3140292.585 189934.088, 3140278.056 189924.544)	117	629	0	555	false	793	None
LINESTRING (3140278.056 189924.544, 3140264.023 189914.479)	117	629	0	556	false	793	None
LINESTRING (3140264.023 189914.479, 3140263.155 189913.667)	117	629	0	557	false	793	None
LINESTRING (3140263.155 189913.667, 3140250.568 189903.685)	117	629	0	558	false	793	None
LINESTRING (3140250.568 189903.685, 3140240.163 189894.427)	117	629	0	559	false	793	None
LINESTRING (3140240.163 189894.427, 3140210.856 189864.775)	117	629	0	560	false	793	None
LINESTRING (3140210.856 189864.775, 3140141.903 189797.309)	117	629	0	561	false	793	None
LINESTRING (3140141.903 189797.309, 3140102.509 189759.355)	117	629	0	562	false	793	None
LINESTRING (3140102.509 189759.355, 3140088.614 189746.131)	117	629	0	563	false	793	None
LINESTRING (3140088.614 189746.131, 3140049.123 189707.665)	117	629	0	564	false	793	None
LINESTRING (3140049.123 189707.665, 3140021.927 189681.209)	117	629	0	565	false	793	None
LINESTRING (3140021.927 189681.209, 3140031.92 189674.72)	117	629	0	566	false	793	None
LINESTRING (3140031.92 189674.72, 3140051.785 189660.27)	117	629	0	567	false	793	None
LINESTRING (3140051.785 189660.27, 3140093.039 189620.298)	117	629	0	568	false	793	None
LINESTRING (3140093.039 189620.298, 3140095.742 189616.107)	117	629	0	569	false	793	None
LINESTRING (3140095.742 189616.107, 3140103.12 189603.135)	117	629	0	570	false	793	None
LINESTRING (3140103.12 189603.135, 3140109.55 189589.559)	117	629	0	571	false	793	None
LINESTRING (3140109.55 189589.559, 3140116.324 189570.762)	117	629	0	572	false	793	None
LINESTRING (3140116.324 189570.762, 3140120.098 189556.158)	117	629	0	573	false	793	None
LINESTRING (3140120.098 189556.158, 3140122.638 189541.435)	117	629	0	574	false	793	None
LINESTRING (3140122.638 189541.435, 3140124.163 189521.441)	117	629	0	575	false	793	None
LINESTRING (3140124.163 189521.441, 3140123.482 189501.547)	117	629	0	576	false	793	None
LINESTRING (3140123.482 189501.547, 3140120.722 189481.682)	117	629	0	577	false	793	None
LINESTRING (3140120.722 189481.682, 3140115.808 189462.292)	117	629	0	578	false	793	None
LINESTRING (3140115.808 189462.292, 3140110.722 189448.191)	117	629	0	579	false	793	None
LINESTRING (3140110.722 189448.191, 3140108.073 189442.05)	117	629	0	580	false	793	None
LINESTRING (3140108.073 189442.05, 3140053.385 189295.628)	117	629	0	581	false	793	None
LINESTRING (3140053.385 189295.628, 3140012.773 189137.753)	117	629	0	582	false	793	None
LINESTRING (3140012.773 189137.753, 3139987.014 189053.556)	117	629	0	583	false	793	None
LINESTRING (3139987.014 189053.556, 3139889.784 188754.468)	117	629	0	584	false	793	None
LINESTRING (3139889.784 188754.468, 3139805.147 188530.566)	117	629	0	585	false	793	None
LINESTRING (3139805.147 188530.566, 3139771.075 188441.612)	117	629	0	586	false	793	None
LINESTRING (3139771.075 188441.612, 3139753.409 188405.517)	117	629	0	587	false	793	None
LINESTRING (3139753.409 188405.517, 3139718.025 188332.951)	117	629	0	588	false	793	None
LINESTRING (3139718.025 188332.951, 3139682.514 188260.456)	117	629	0	589	false	793	None
LINESTRING (3139682.514 188260.456, 3139565.54 188043.22)	117	629	0	590	false	793	None
LINESTRING (3139565.54 188043.22, 3139436.101 187864.596)	117	629	0	591	false	793	None
LINESTRING (3139436.101 187864.596, 3139326.48 187709.1)	117	629	0	592	false	793	None
LINESTRING (3139326.48 187709.1, 3139313.826 187687.555)	117	629	0	593	false	793	None
LINESTRING (3139313.826 187687.555, 3139304.868 187669.699)	117	629	0	594	false	793	None
LINESTRING (3139304.868 187669.699, 3139296.915 187651.279)	117	629	0	595	false	793	None
LINESTRING (3139296.915 187651.279, 3139288.586 187627.717)	117	629	0	596	false	793	None
LINESTRING (3139288.586 187627.717, 3139283.204 187608.507)	117	629	0	597	false	793	None
LINESTRING (3139283.204 187608.507, 3139278.919 187589.006)	117	629	0	598	false	793	None
LINESTRING (3139278.919 187589.006, 3139275.189 187564.247)	117	629	0	599	false	793	None
LINESTRING (3139275.189 187564.247, 3139273.424 187540.009)	117	629	0	600	false	793	None
LINESTRING (3139273.424 187540.009, 3139269.51 187450.461)	117	629	0	601	false	793	None
LINESTRING (3139269.51 187450.461, 3139276.389 187363.06)	117	629	0	602	false	793	None
LINESTRING (3139276.389 187363.06, 3139293.198 187270.097)	117	629	0	603	false	793	None
LINESTRING (3139293.198 187270.097, 3139296.214 187245.209)	117	629	0	604	false	793	None
LINESTRING (3139296.214 187245.209, 3139297.922 187215.294)	117	629	0	605	false	793	None
LINESTRING (3139297.922 187215.294, 3139297.836 187190.278)	117	629	0	606	false	793	None
LINESTRING (3139297.836 187190.278, 3139296.35 187165.315)	117	629	0	607	false	793	None
LINESTRING (3139296.35 187165.315, 3139292.67 187135.579)	117	629	0	608	false	793	None
LINESTRING (3139292.67 187135.579, 3139288.093 187110.969)	117	629	0	609	false	793	None
LINESTRING (3139288.093 187110.969, 3139280.818 187081.867)	117	629	0	610	false	793	None
LINESTRING (3139280.818 187081.867, 3139271.561 187053.308)	117	629	0	611	false	793	None
LINESTRING (3139271.561 187053.308, 3139264.282 187034.673)	117	629	0	612	false	793	None
LINESTRING (3139264.282 187034.673, 3139253.973 187011.894)	117	629	0	613	false	793	None
LINESTRING (3139253.973 187011.894, 3139244.637 186994.249)	117	629	0	614	false	793	None
LINESTRING (3139244.637 186994.249, 3139231.603 186972.915)	117	629	0	615	false	793	None
LINESTRING (3139231.603 186972.915, 3139220.215 186956.5)	117	629	0	616	false	793	None
LINESTRING (3139220.215 186956.5, 3139207.993 186940.714)	117	629	0	617	false	793	None
LINESTRING (3139207.993 186940.714, 3139191.536 186921.865)	117	629	0	618	false	793	None
LINESTRING (3139191.536 186921.865, 3139177.525 186907.649)	117	629	0	619	false	793	None
LINESTRING (3139177.525 186907.649, 3139158.995 186890.854)	117	629	0	620	false	793	None
LINESTRING (3139158.995 186890.854, 3139039.577 186790.236)	117	629	0	621	false	793	None
LINESTRING (3139039.577 186790.236, 3138917.372 186724.113)	117	629	0	622	false	793	None
LINESTRING (3138917.372 186724.113, 3138582.462 186589.517)	117	629	0	623	false	793	None
LINESTRING (3138582.462 186589.517, 3138384.563 186525.814)	117	629	0	624	false	793	None
LINESTRING (3138384.563 186525.814, 3138205.446 186475.197)	117	629	0	625	false	793	None
LINESTRING (3138205.446 186475.197, 3138195.618 186472.591)	117	629	0	626	false	793	None
LINESTRING (3138195.618 186472.591, 3138171.356 186466.553)	117	629	0	627	false	793	None
LINESTRING (3138171.356 186466.553, 3138147.443 186459.103)	117	629	0	628	false	793	None
LINESTRING (3138147.443 186459.103, 3138124.009 186450.41)	117	629	0	629	false	793	None
LINESTRING (3138124.009 186450.41, 3138101.181 186440.405)	117	629	0	630	false	793	None
LINESTRING (3138101.181 186440.405, 3138074.484 186426.645)	117	629	0	631	false	793	None
LINESTRING (3138074.484 186426.645, 3138053.032 186413.841)	117	629	0	632	false	793	None
LINESTRING (3138053.032 186413.841, 3138032.317 186399.894)	117	629	0	633	false	793	None
LINESTRING (3138032.317 186399.894, 3138012.464 186384.733)	117	629	0	634	false	793	None
LINESTRING (3138012.464 186384.733, 3137989.662 186365.222)	117	629	0	635	false	793	None
LINESTRING (3137989.662 186365.222, 3137972.14 186348.106)	117	629	0	636	false	793	W:3137981.717 186357.46109256946
LINESTRING (3137972.14 186348.106, 3137989.662 186365.222)	117	1594	0	466	false	1773	W:3137981.717 186357.46109256946
LINESTRING (3137989.662 186365.222, 3138012.464 186384.733)	117	1594	0	467	false	1773	None
LINESTRING (3138012.464 186384.733, 3138032.317 186399.894)	117	1594	0	468	false	1773	None
LINESTRING (3138032.317 186399.894, 3138053.032 186413.841)	117	1594	0	469	false	1773	None
LINESTRING (3138053.032 186413.841, 3138074.484 186426.645)	117	1594	0	470	false	1773	None
LINESTRING (3138074.484 186426.645, 3138101.181 186440.405)	117	1594	0	471	false	1773	None
LINESTRING (3138101.181 186440.405, 3138124.009 186450.41)	117	1594	0	472	false	1773	None
LINESTRING (3138124.009 186450.41, 3138147.443 186459.103)	117	1594	0	473	false	1773	None
LINESTRING (3138147.443 186459.103, 3138171.356 186466.553)	117	1594	0	474	false	1773	None
LINESTRING (3138171.356 186466.553, 3138195.618 186472.591)	117	1594	0	475	false	1773	None
LINESTRING (3138195.618 186472.591, 3138205.446 186475.197)	117	1594	0	476	false	1773	None
LINESTRING (3138205.446 186475.197, 3138384.563 186525.814)	117	1594	0	477	false	1773	None
LINESTRING (3138384.563 186525.814, 3138582.462 186589.517)	117	1594	0	478	false	1773	None
LINESTRING (3138582.462 186589.517, 3138917.372 186724.113)	117	1594	0	479	false	1773	None
LINESTRING (3138917.372 186724.113, 3139039.577 186790.236)	117	1594	0	480	false	1773	None
LINESTRING (3139039.577 186790.236, 3139158.995 186890.854)	117	1594	0	481	false	1773	None
LINESTRING (3139158.995 186890.854, 3139177.525 186907.649)	117	1594	0	482	false	1773	None
LINESTRING (3139177.525 186907.649, 3139191.536 186921.865)	117	1594	0	483	false	1773	None
LINESTRING (3139191.536 186921.865, 3139207.993 186940.714)	117	1594	0	484	false	1773	None
LINESTRING (3139207.993 186940.714, 3139220.215 186956.5)	117	1594	0	485	false	1773	None
LINESTRING (3139220.215 186956.5, 3139231.603 186972.915)	117	1594	0	486	false	1773	None
LINESTRING (3139231.603 186972.915, 3139244.637 186994.249)	117	1594	0	487	false	1773	None
LINESTRING (3139244.637 186994.249, 3139253.973 187011.894)	117	1594	0	488	false	1773	None
LINESTRING (3139253.973 187011.894, 3139264.282 187034.673)	117	1594	0	489	false	1773	None
LINESTRING (3139264.282 187034.673, 3139271.561 187053.308)	117	1594	0	490	false	1773	None
LINESTRING (3139271.561 187053.308, 3139280.818 187081.867)	117	1594	0	491	false	1773	None
LINESTRING (3139280.818 187081.867, 3139288.093 187110.969)	117	1594	0	492	false	1773	None
LINESTRING (3139288.093 187110.969, 3139292.67 187135.579)	117	1594	0	493	false	1773	None
LINESTRING (3139292.67 187135.579, 3139296.35 187165.315)	117	1594	0	494	false	1773	None
LINESTRING (3139296.35 187165.315, 3139297.836 187190.278)	117	1594	0	495	false	1773	None
LINESTRING (3139297.836 187190.278, 3139297.922 187215.294)	117	1594	0	496	false	1773	None
LINESTRING (3139297.922 187215.294, 3139296.214 187245.209)	117	1594	0	497	false	1773	None
LINESTRING (3139296.214 187245.209, 3139293.198 187270.097)	117	1594	0	498	false	1773	None
LINESTRING (3139293.198 187270.097, 3139276.389 187363.06)	117	1594	0	499	false	1773	None
LINESTRING (3139276.389 187363.06, 3139269.51 187450.461)	117	1594	0	500	false	1773	None
LINESTRING (3139269.51 187450.461, 3139273.424 187540.009)	117	1594	0	501	false	1773	None
LINESTRING (3139273.424 187540.009, 3139275.189 187564.247)	117	1594	0	502	false	1773	None
LINESTRING (3139275.189 187564.247, 3139278.919 187589.006)	117	1594	0	503	false	1773	None
LINESTRING (3139278.919 187589.006, 3139283.204 187608.507)	117	1594	0	504	false	1773	None
LINESTRING (3139283.204 187608.507, 3139288.586 187627.717)	117	1594	0	505	false	1773	None
LINESTRING (3139288.586 187627.717, 3139296.915 187651.279)	117	1594	0	506	false	1773	None
LINESTRING (3139296.915 187651.279, 3139304.868 187669.699)	117	1594	0	507	false	1773	None
LINESTRING (3139304.868 187669.699, 3139313.826 187687.555)	117	1594	0	508	false	1773	None
LINESTRING (3139313.826 187687.555, 3139326.48 187709.1)	117	1594	0	509	false	1773	None
LINESTRING (3139326.48 187709.1, 3139436.101 187864.596)	117	1594	0	510	false	1773	None
LINESTRING (3139436.101 187864.596, 3139565.54 188043.22)	117	1594	0	511	false	1773	None
LINESTRING (3139565.54 188043.22, 3139682.514 188260.456)	117	1594	0	512	false	1773	None
LINESTRING (3139682.514 188260.456, 3139718.025 188332.951)	117	1594	0	513	false	1773	None
LINESTRING (3139718.025 188332.951, 3139753.409 188405.517)	117	1594	0	514	false	1773	None
LINESTRING (3139753.409 188405.517, 3139771.075 188441.612)	117	1594	0	515	false	1773	None
LINESTRING (3139771.075 188441.612, 3139805.147 188530.566)	117	1594	0	516	false	1773	None
LINESTRING (3139805.147 188530.566, 3139889.784 188754.468)	117	1594	0	517	false	1773	None
LINESTRING (3139889.784 188754.468, 3139987.014 189053.556)	117	1594	0	518	false	1773	None
LINESTRING (3139987.014 189053.556, 3140012.773 189137.753)	117	1594	0	519	false	1773	None
LINESTRING (3140012.773 189137.753, 3140053.385 189295.628)	117	1594	0	520	false	1773	None
LINESTRING (3140053.385 189295.628, 3140108.073 189442.05)	117	1594	0	521	false	1773	None
LINESTRING (3140108.073 189442.05, 3140110.722 189448.191)	117	1594	0	522	false	1773	None
LINESTRING (3140110.722 189448.191, 3140115.808 189462.292)	117	1594	0	523	false	1773	None
LINESTRING (3140115.808 189462.292, 3140120.722 189481.682)	117	1594	0	524	false	1773	None
LINESTRING (3140120.722 189481.682, 3140123.482 189501.547)	117	1594	0	525	false	1773	None
LINESTRING (3140123.482 189501.547, 3140124.163 189521.441)	117	1594	0	526	false	1773	None
LINESTRING (3140124.163 189521.441, 3140122.638 189541.435)	117	1594	0	527	false	1773	None
LINESTRING (3140122.638 189541.435, 3140120.098 189556.158)	117	1594	0	528	false	1773	None
LINESTRING (3140120.098 189556.158, 3140116.324 189570.762)	117	1594	0	529	false	1773	None
LINESTRING (3140116.324 189570.762, 3140109.55 189589.559)	117	1594	0	530	false	1773	None
LINESTRING (3140109.55 189589.559, 3140103.12 189603.135)	117	1594	0	531	false	1773	None
LINESTRING (3140103.12 189603.135, 3140095.742 189616.107)	117	1594	0	532	false	1773	None
LINESTRING (3140095.742 189616.107, 3140093.039 189620.298)	117	1594	0	533	false	1773	None
LINESTRING (3140093.039 189620.298, 3140051.785 189660.27)	117	1594	0	534	false	1773	None
LINESTRING (3140051.785 189660.27, 3140031.92 189674.72)	117	1594	0	535	false	1773	None
LINESTRING (3140031.92 189674.72, 3140021.927 189681.209)	117	1594	0	536	false	1773	None
LINESTRING (3140021.927 189681.209, 3140006.792 189691.063)	117	1594	0	537	false	1773	None
LINESTRING (3140006.792 189691.063, 3139980.74 189705.978)	117	1594	0	538	false	1773	None
LINESTRING (3139980.74 189705.978, 3139953.928 189719.29)	117	1594	0	539	false	1773	None
LINESTRING (3139953.928 189719.29, 3139930.945 189729.324)	117	1594	0	540	false	1773	None
LINESTRING (3139930.945 189729.324, 3139926.363 189731.241)	117	1594	0	541	false	1773	None
LINESTRING (3139926.363 189731.241, 3139898.164 189741.519)	117	1594	0	542	false	1773	None
LINESTRING (3139898.164 189741.519, 3139766.822 189780.934)	117	1594	0	543	false	1773	None
LINESTRING (3139766.822 189780.934, 3139698.619 189799.426)	117	1594	0	544	false	1773	None
LINESTRING (3139698.619 189799.426, 3139546.942 189896.302)	117	1594	0	545	false	1773	None
LINESTRING (3139546.942 189896.302, 3139528.14 189910.808)	117	1594	0	546	false	1773	None
LINESTRING (3139528.14 189910.808, 3139513.125 189923.922)	117	1594	0	547	false	1773	None
LINESTRING (3139513.125 189923.922, 3139498.682 189937.851)	117	1594	0	548	false	1773	None
LINESTRING (3139498.682 189937.851, 3139481.753 189956.174)	117	1594	0	549	false	1773	None
LINESTRING (3139481.753 189956.174, 3139466.04 189975.681)	117	1594	0	550	false	1773	None
LINESTRING (3139466.04 189975.681, 3139451.664 189996.061)	117	1594	0	551	false	1773	None
LINESTRING (3139451.664 189996.061, 3139441.115 190013.162)	117	1594	0	552	false	1773	None
LINESTRING (3139441.115 190013.162, 3139431.509 190030.627)	117	1594	0	553	false	1773	None
LINESTRING (3139431.509 190030.627, 3139425.824 190039.732)	117	1594	0	554	false	1773	None
LINESTRING (3139425.824 190039.732, 3139352.426 190156.514)	117	1594	0	555	false	1773	None
LINESTRING (3139352.426 190156.514, 3139272.708 190311.306)	117	1594	0	556	false	1773	None
LINESTRING (3139272.708 190311.306, 3139236.351 190411.234)	117	1594	0	557	false	1773	None
LINESTRING (3139236.351 190411.234, 3139220.938 190468.691)	117	1594	0	558	false	1773	None
LINESTRING (3139220.938 190468.691, 3139200.43 190551.306)	117	1594	0	559	false	1773	None
LINESTRING (3139200.43 190551.306, 3139181.669 190634.239)	117	1594	0	560	false	1773	None
LINESTRING (3139181.669 190634.239, 3139160.019 190780.184)	117	1594	0	561	false	1773	None
LINESTRING (3139160.019 190780.184, 3139131.095 190932.717)	117	1594	0	562	false	1773	None
LINESTRING (3139131.095 190932.717, 3139108.017 191032.423)	117	1594	0	563	false	1773	None
LINESTRING (3139108.017 191032.423, 3139069.22 191129.743)	117	1594	0	564	false	1773	None
LINESTRING (3139069.22 191129.743, 3139015.685 191217.559)	117	1594	0	565	false	1773	None
LINESTRING (3139015.685 191217.559, 3139004.224 191230.143)	117	1594	0	566	false	1773	None
LINESTRING (3139004.224 191230.143, 3139000.745 191233.795)	117	1594	0	567	false	1773	None
LINESTRING (3139000.745 191233.795, 3138982.647 191251.071)	117	1594	0	568	false	1773	None
LINESTRING (3138982.647 191251.071, 3138963.458 191267.093)	117	1594	0	569	false	1773	None
LINESTRING (3138963.458 191267.093, 3138943.218 191281.757)	117	1594	0	570	false	1773	None
LINESTRING (3138943.218 191281.757, 3138922.054 191294.993)	117	1594	0	571	false	1773	None
LINESTRING (3138922.054 191294.993, 3138900.051 191306.834)	117	1594	0	572	false	1773	None
LINESTRING (3138900.051 191306.834, 3138857.848 191331.451)	117	1594	0	573	false	1773	None
LINESTRING (3138857.848 191331.451, 3138771.257 191423.03)	117	1594	0	574	false	1773	None
LINESTRING (3138771.257 191423.03, 3138761.213 191438.065)	117	1594	0	575	false	1773	None
LINESTRING (3138761.213 191438.065, 3138751.265 191455.398)	117	1594	0	576	false	1773	None
LINESTRING (3138751.265 191455.398, 3138740.636 191478.06)	117	1594	0	577	false	1773	None
LINESTRING (3138740.636 191478.06, 3138736.864 191487.31)	117	1594	0	578	false	1773	None
LINESTRING (3138736.864 191487.31, 3138729.061 191511.064)	117	1594	0	579	false	1773	None
LINESTRING (3138729.061 191511.064, 3138724.384 191530.553)	117	1594	0	580	false	1773	None
LINESTRING (3138724.384 191530.553, 3138720.986 191550.299)	117	1594	0	581	false	1773	None
LINESTRING (3138720.986 191550.299, 3138719.033 191570.127)	117	1594	0	582	false	1773	None
LINESTRING (3138719.033 191570.127, 3138718.485 191590.142)	117	1594	0	583	false	1773	None
LINESTRING (3138718.485 191590.142, 3138719.336 191610.102)	117	1594	0	584	false	1773	None
LINESTRING (3138719.336 191610.102, 3138743.141 191819.542)	117	1594	0	585	false	1773	None
LINESTRING (3138743.141 191819.542, 3138754.398 191948.344)	117	1594	0	586	false	1773	None
LINESTRING (3138754.398 191948.344, 3138756.903 191955.618)	117	1594	0	587	false	1773	None
LINESTRING (3138756.903 191955.618, 3138765.856 191979.067)	117	1594	0	588	false	1773	None
LINESTRING (3138765.856 191979.067, 3138778.125 192006.415)	117	1594	0	589	false	1773	None
LINESTRING (3138778.125 192006.415, 3138789.552 192028.559)	117	1594	0	590	false	1773	None
LINESTRING (3138789.552 192028.559, 3138794.511 192037.377)	117	1594	0	591	false	1773	None
LINESTRING (3138794.511 192037.377, 3138807.571 192058.606)	117	1594	0	592	false	1773	None
LINESTRING (3138807.571 192058.606, 3138821.636 192079.272)	117	1594	0	593	false	1773	None
LINESTRING (3138821.636 192079.272, 3138839.892 192103.104)	117	1594	0	594	false	1773	None
LINESTRING (3138839.892 192103.104, 3138856.207 192122.022)	117	1594	0	595	false	1773	None
LINESTRING (3138856.207 192122.022, 3138959.794 192228.692)	117	1594	0	596	false	1773	None
LINESTRING (3138959.794 192228.692, 3138981.729 192246.57)	117	1594	0	597	false	1773	None
LINESTRING (3138981.729 192246.57, 3139026.46 192282.898)	117	1594	0	598	false	1773	None
LINESTRING (3139026.46 192282.898, 3139046.786 192297.299)	117	1594	0	599	false	1773	None
LINESTRING (3139046.786 192297.299, 3139075.927 192316.655)	117	1594	0	600	false	1773	None
LINESTRING (3139075.927 192316.655, 3139110.03 192337.691)	117	1594	0	601	false	1773	None
LINESTRING (3139110.03 192337.691, 3139149.329 192359.546)	117	1594	0	602	false	1773	None
LINESTRING (3139149.329 192359.546, 3139184.975 192377.609)	117	1594	0	603	false	1773	None
LINESTRING (3139184.975 192377.609, 3139221.306 192394.153)	117	1594	0	604	false	1773	None
LINESTRING (3139221.306 192394.153, 3139258.329 192409.418)	117	1594	0	605	false	1773	None
LINESTRING (3139258.329 192409.418, 3139300.572 192424.678)	117	1594	0	606	false	1773	None
LINESTRING (3139300.572 192424.678, 3139338.71 192436.804)	117	1594	0	607	false	1773	None
LINESTRING (3139338.71 192436.804, 3139386.967 192449.75)	117	1594	0	608	false	1773	None
LINESTRING (3139386.967 192449.75, 3139437.686 192460.911)	117	1594	0	609	false	1773	None
LINESTRING (3139437.686 192460.911, 3139462.28 192465.541)	117	1594	0	610	false	1773	None
LINESTRING (3139462.28 192465.541, 3139487.047 192468.453)	117	1594	0	611	false	1773	None
LINESTRING (3139487.047 192468.453, 3139512.032 192469.784)	117	1594	0	612	false	1773	None
LINESTRING (3139512.032 192469.784, 3139537.062 192469.467)	117	1594	0	613	false	1773	None
LINESTRING (3139537.062 192469.467, 3139561.928 192467.54)	117	1594	0	614	false	1773	None
LINESTRING (3139561.928 192467.54, 3139586.629 192464.002)	117	1594	0	615	false	1773	None
LINESTRING (3139586.629 192464.002, 3139611.08 192458.821)	117	1594	0	616	false	1773	None
LINESTRING (3139611.08 192458.821, 3139630.351 192453.54)	117	1594	0	617	false	1773	None
LINESTRING (3139630.351 192453.54, 3139654.054 192445.452)	117	1594	0	618	false	1773	None
LINESTRING (3139654.054 192445.452, 3139782.602 192392.829)	117	1594	0	619	false	1773	None
LINESTRING (3139782.602 192392.829, 3140078.337 192251.84)	117	1594	0	620	false	1773	None
LINESTRING (3140078.337 192251.84, 3140296.331 192178.244)	117	1594	0	621	false	1773	None
LINESTRING (3140296.331 192178.244, 3140322.166 192170.506)	117	1594	0	622	false	1773	None
LINESTRING (3140322.166 192170.506, 3140380.073 192154.943)	117	1594	0	623	false	1773	None
LINESTRING (3140380.073 192154.943, 3140433.599 192142.565)	117	1594	0	624	false	1773	None
LINESTRING (3140433.599 192142.565, 3140482.646 192132.857)	117	1594	0	625	false	1773	None
LINESTRING (3140482.646 192132.857, 3140531.984 192124.689)	117	1594	0	626	false	1773	None
LINESTRING (3140531.984 192124.689, 3140547.342 192122.657)	117	1594	0	627	false	1773	None
LINESTRING (3140547.342 192122.657, 3140591.43 192116.862)	117	1594	0	628	false	1773	None
LINESTRING (3140591.43 192116.862, 3140641.229 192112.086)	117	1594	0	629	false	1773	None
LINESTRING (3140641.229 192112.086, 3140691.062 192108.752)	117	1594	0	630	false	1773	None
LINESTRING (3140691.062 192108.752, 3140701.068 192108.338)	117	1594	0	631	false	1773	None
LINESTRING (3140701.068 192108.338, 3140902.561 192102.145)	117	1594	0	632	false	1773	None
LINESTRING (3140902.561 192102.145, 3140929.437 192104.449)	117	1594	0	633	false	1773	None
LINESTRING (3140929.437 192104.449, 3141072.197 192116.712)	117	1594	0	634	false	1773	None
LINESTRING (3141072.197 192116.712, 3141214.872 192128.946)	117	1594	0	635	false	1773	None
LINESTRING (3141214.872 192128.946, 3141287.803 192135.144)	117	1594	0	636	false	1773	None
LINESTRING (3141287.803 192135.144, 3141530.119 192168.793)	117	1594	0	637	false	1773	None
LINESTRING (3141530.119 192168.793, 3141531.398 192169.049)	117	1594	0	638	false	1773	None
LINESTRING (3141531.398 192169.049, 3141830.29 192233.876)	117	1594	0	639	false	1773	None
LINESTRING (3141830.29 192233.876, 3142026.729 192297.03)	117	1594	0	640	false	1773	None
LINESTRING (3142026.729 192297.03, 3142048.337 192304.558)	117	1594	0	641	false	1773	None
LINESTRING (3142048.337 192304.558, 3142071.313 192314.4)	117	1594	0	642	false	1773	None
LINESTRING (3142071.313 192314.4, 3142093.523 192325.969)	117	1594	0	643	false	1773	None
LINESTRING (3142093.523 192325.969, 3142110.571 192336.373)	117	1594	0	644	false	1773	None
LINESTRING (3142110.571 192336.373, 3142131.02 192350.712)	117	1594	0	645	false	1773	None
LINESTRING (3142131.02 192350.712, 3142146.507 192363.368)	117	1594	0	646	false	1773	None
LINESTRING (3142146.507 192363.368, 3142161.165 192376.893)	117	1594	0	647	false	1773	None
LINESTRING (3142161.165 192376.893, 3142174.954 192391.392)	117	1594	0	648	false	1773	None
LINESTRING (3142174.954 192391.392, 3142187.703 192406.797)	117	1594	0	649	false	1773	None
LINESTRING (3142187.703 192406.797, 3142199.452 192423.005)	117	1594	0	650	false	1773	None
LINESTRING (3142199.452 192423.005, 3142212.591 192444.272)	117	1594	0	651	false	1773	None
LINESTRING (3142212.591 192444.272, 3142221.66 192462.061)	117	1594	0	652	false	1773	None
LINESTRING (3142221.66 192462.061, 3142229.638 192480.38)	117	1594	0	653	false	1773	None
LINESTRING (3142229.638 192480.38, 3142236.313 192499.265)	117	1594	0	654	false	1773	None
LINESTRING (3142236.313 192499.265, 3142241.469 192518.515)	117	1594	0	655	false	1773	None
LINESTRING (3142241.469 192518.515, 3142245.277 192538.195)	117	1594	0	656	false	1773	None
LINESTRING (3142245.277 192538.195, 3142247.645 192558.031)	117	1594	0	657	false	1773	None
LINESTRING (3142247.645 192558.031, 3142248.488 192577.992)	117	1594	0	658	false	1773	None
LINESTRING (3142248.488 192577.992, 3142247.931 192598.006)	117	1594	0	659	false	1773	None
LINESTRING (3142247.931 192598.006, 3142245.844 192617.904)	117	1594	0	660	false	1773	None
LINESTRING (3142245.844 192617.904, 3142242.353 192637.615)	117	1594	0	661	false	1773	None
LINESTRING (3142242.353 192637.615, 3142237.41 192657.003)	117	1594	0	662	false	1773	None
LINESTRING (3142237.41 192657.003, 3142196.295 192780.556)	117	1594	0	663	false	1773	None
LINESTRING (3142196.295 192780.556, 3142167.217 192864.858)	117	1594	0	664	false	1773	None
LINESTRING (3142167.217 192864.858, 3142116.933 192966.3)	117	1594	0	665	false	1773	None
LINESTRING (3142116.933 192966.3, 3142059.096 193056.727)	117	1594	0	666	false	1773	None
LINESTRING (3142059.096 193056.727, 3141976.774 193182.185)	117	1594	0	667	false	1773	None
LINESTRING (3141976.774 193182.185, 3141852.64 193360.481)	117	1594	0	668	false	1773	None
LINESTRING (3141852.64 193360.481, 3141844.744 193373.253)	117	1594	0	669	false	1773	None
LINESTRING (3141844.744 193373.253, 3141835.598 193385.183)	117	1594	0	670	false	1773	None
LINESTRING (3141835.598 193385.183, 3141825.368 193396.099)	117	1594	0	671	false	1773	None
LINESTRING (3141825.368 193396.099, 3141814.139 193406.033)	117	1594	0	672	false	1773	None
LINESTRING (3141814.139 193406.033, 3141797.769 193417.549)	117	1594	0	673	false	1773	None
LINESTRING (3141797.769 193417.549, 3141731.674 193462.657)	117	1594	0	674	false	1773	None
LINESTRING (3141731.674 193462.657, 3141710.683 193476.192)	117	1594	0	675	false	1773	None
LINESTRING (3141710.683 193476.192, 3141684.763 193491.27)	117	1594	0	676	false	1773	None
LINESTRING (3141684.763 193491.27, 3141658.135 193505.123)	117	1594	0	677	false	1773	None
LINESTRING (3141658.135 193505.123, 3141630.795 193517.51)	117	1594	0	678	false	1773	None
LINESTRING (3141630.795 193517.51, 3141602.913 193528.498)	117	1594	0	679	false	1773	None
LINESTRING (3141602.913 193528.498, 3141574.49 193538.086)	117	1594	0	680	false	1773	None
LINESTRING (3141574.49 193538.086, 3141420.238 193571.338)	117	1594	0	681	false	1773	None
LINESTRING (3141420.238 193571.338, 3141368.972 193582.203)	117	1594	0	682	false	1773	None
LINESTRING (3141368.972 193582.203, 3141264.198 193600.568)	117	1594	0	683	false	1773	None
LINESTRING (3141264.198 193600.568, 3141151.084 193614.28)	117	1594	0	684	false	1773	None
LINESTRING (3141151.084 193614.28, 3141043.5 193626.681)	117	1594	0	685	false	1773	None
LINESTRING (3141043.5 193626.681, 3140903.548 193641.317)	117	1594	0	686	false	1773	None
LINESTRING (3140903.548 193641.317, 3140767.264 193654.875)	117	1594	0	687	false	1773	None
LINESTRING (3140767.264 193654.875, 3140749.445 193658.691)	117	1594	0	688	false	1773	None
LINESTRING (3140749.445 193658.691, 3140720.419 193666.026)	117	1594	0	689	false	1773	N:3140729.9874891615 193663.608
LINESTRING (3140720.419 193666.026, 3140749.445 193658.691)	117	1597	0	361	false	926	N:3140729.9874891615 193663.608
LINESTRING (3140749.445 193658.691, 3140767.264 193654.875)	117	1597	0	362	false	926	None
LINESTRING (3140767.264 193654.875, 3140903.548 193641.317)	117	1597	0	363	false	926	None
LINESTRING (3140903.548 193641.317, 3141043.5 193626.681)	117	1597	0	364	false	926	None
LINESTRING (3141043.5 193626.681, 3141151.084 193614.28)	117	1597	0	365	false	926	None
LINESTRING (3141151.084 193614.28, 3141264.198 193600.568)	117	1597	0	366	false	926	None
LINESTRING (3141264.198 193600.568, 3141368.972 193582.203)	117	1597	0	367	false	926	None
LINESTRING (3141368.972 193582.203, 3141420.238 193571.338)	117	1597	0	368	false	926	None
LINESTRING (3141420.238 193571.338, 3141574.49 193538.086)	117	1597	0	369	false	926	None
LINESTRING (3141574.49 193538.086, 3141602.913 193528.498)	117	1597	0	370	false	926	None
LINESTRING (3141602.913 193528.498, 3141630.795 193517.51)	117	1597	0	371	false	926	None
LINESTRING (3141630.795 193517.51, 3141658.135 193505.123)	117	1597	0	372	false	926	None
LINESTRING (3141658.135 193505.123, 3141684.763 193491.27)	117	1597	0	373	false	926	None
LINESTRING (3141684.763 193491.27, 3141710.683 193476.192)	117	1597	0	374	false	926	None
LINESTRING (3141710.683 193476.192, 3141731.674 193462.657)	117	1597	0	375	false	926	None
LINESTRING (3141731.674 193462.657, 3141797.769 193417.549)	117	1597	0	376	false	926	None
LINESTRING (3141797.769 193417.549, 3141814.139 193406.033)	117	1597	0	377	false	926	None
LINESTRING (3141814.139 193406.033, 3141825.368 193396.099)	117	1597	0	378	false	926	None
LINESTRING (3141825.368 193396.099, 3141835.598 193385.183)	117	1597	0	379	false	926	None
LINESTRING (3141835.598 193385.183, 3141844.744 193373.253)	117	1597	0	380	false	926	None
LINESTRING (3141844.744 193373.253, 3141852.64 193360.481)	117	1597	0	381	false	926	None
LINESTRING (3141852.64 193360.481, 3141976.774 193182.185)	117	1597	0	382	false	926	None
LINESTRING (3141976.774 193182.185, 3142059.096 193056.727)	117	1597	0	383	false	926	None
LINESTRING (3142059.096 193056.727, 3142116.933 192966.3)	117	1597	0	384	false	926	None
LINESTRING (3142116.933 192966.3, 3142167.217 192864.858)	117	1597	0	385	false	926	None
LINESTRING (3142167.217 192864.858, 3142196.295 192780.556)	117	1597	0	386	false	926	None
LINESTRING (3142196.295 192780.556, 3142237.41 192657.003)	117	1597	0	387	false	926	None
LINESTRING (3142237.41 192657.003, 3142242.353 192637.615)	117	1597	0	388	false	926	None
LINESTRING (3142242.353 192637.615, 3142245.844 192617.904)	117	1597	0	389	false	926	None
LINESTRING (3142245.844 192617.904, 3142247.931 192598.006)	117	1597	0	390	false	926	None
LINESTRING (3142247.931 192598.006, 3142248.488 192577.992)	117	1597	0	391	false	926	None
LINESTRING (3142248.488 192577.992, 3142247.645 192558.031)	117	1597	0	392	false	926	None
LINESTRING (3142247.645 192558.031, 3142245.277 192538.195)	117	1597	0	393	false	926	None
LINESTRING (3142245.277 192538.195, 3142241.469 192518.515)	117	1597	0	394	false	926	None
LINESTRING (3142241.469 192518.515, 3142236.313 192499.265)	117	1597	0	395	false	926	None
LINESTRING (3142236.313 192499.265, 3142229.638 192480.38)	117	1597	0	396	false	926	None
LINESTRING (3142229.638 192480.38, 3142221.66 192462.061)	117	1597	0	397	false	926	None
LINESTRING (3142221.66 192462.061, 3142212.591 192444.272)	117	1597	0	398	false	926	None
LINESTRING (3142212.591 192444.272, 3142199.452 192423.005)	117	1597	0	399	false	926	None
LINESTRING (3142199.452 192423.005, 3142187.703 192406.797)	117	1597	0	400	false	926	None
LINESTRING (3142187.703 192406.797, 3142174.954 192391.392)	117	1597	0	401	false	926	None
LINESTRING (3142174.954 192391.392, 3142161.165 192376.893)	117	1597	0	402	false	926	None
LINESTRING (3142161.165 192376.893, 3142146.507 192363.368)	117	1597	0	403	false	926	None
LINESTRING (3142146.507 192363.368, 3142131.02 192350.712)	117	1597	0	404	false	926	None
LINESTRING (3142131.02 192350.712, 3142110.571 192336.373)	117	1597	0	405	false	926	None
LINESTRING (3142110.571 192336.373, 3142093.523 192325.969)	117	1597	0	406	false	926	None
LINESTRING (3142093.523 192325.969, 3142071.313 192314.4)	117	1597	0	407	false	926	None
LINESTRING (3142071.313 192314.4, 3142048.337 192304.558)	117	1597	0	408	false	926	None
LINESTRING (3142048.337 192304.558, 3142026.729 192297.03)	117	1597	0	409	false	926	None
LINESTRING (3142026.729 192297.03, 3141830.29 192233.876)	117	1597	0	410	false	926	None
LINESTRING (3141830.29 192233.876, 3141531.398 192169.049)	117	1597	0	411	false	926	None
LINESTRING (3141531.398 192169.049, 3141530.119 192168.793)	117	1597	0	412	false	926	None
LINESTRING (3141530.119 192168.793, 3141287.803 192135.144)	117	1597	0	413	false	926	None
LINESTRING (3141287.803 192135.144, 3141214.872 192128.946)	117	1597	0	414	false	926	None
LINESTRING (3141214.872 192128.946, 3141072.197 192116.712)	117	1597	0	415	false	926	None
LINESTRING (3141072.197 192116.712, 3140929.437 192104.449)	117	1597	0	416	false	926	None
LINESTRING (3140929.437 192104.449, 3140902.561 192102.145)	117	1597	0	417	false	926	None
LINESTRING (3140902.561 192102.145, 3140701.068 192108.338)	117	1597	0	418	false	926	None
LINESTRING (3140701.068 192108.338, 3140691.062 192108.752)	117	1597	0	419	false	926	None
LINESTRING (3140691.062 192108.752, 3140641.229 192112.086)	117	1597	0	420	false	926	None
LINESTRING (3140641.229 192112.086, 3140591.43 192116.862)	117	1597	0	421	false	926	None
LINESTRING (3140591.43 192116.862, 3140547.342 192122.657)	117	1597	0	422	false	926	None
LINESTRING (3140547.342 192122.657, 3140531.984 192124.689)	117	1597	0	423	false	926	None
LINESTRING (3140531.984 192124.689, 3140482.646 192132.857)	117	1597	0	424	false	926	None
LINESTRING (3140482.646 192132.857, 3140433.599 192142.565)	117	1597	0	425	false	926	None
LINESTRING (3140433.599 192142.565, 3140380.073 192154.943)	117	1597	0	426	false	926	None
LINESTRING (3140380.073 192154.943, 3140322.166 192170.506)	117	1597	0	427	false	926	None
LINESTRING (3140322.166 192170.506, 3140296.331 192178.244)	117	1597	0	428	false	926	None
LINESTRING (3140296.331 192178.244, 3140078.337 192251.84)	117	1597	0	429	false	926	None
LINESTRING (3140078.337 192251.84, 3139782.602 192392.829)	117	1597	0	430	false	926	None
LINESTRING (3139782.602 192392.829, 3139654.054 192445.452)	117	1597	0	431	false	926	None
LINESTRING (3139654.054 192445.452, 3139630.351 192453.54)	117	1597	0	432	false	926	None
LINESTRING (3139630.351 192453.54, 3139611.08 192458.821)	117	1597	0	433	false	926	None
LINESTRING (3139611.08 192458.821, 3139586.629 192464.002)	117	1597	0	434	false	926	None
LINESTRING (3139586.629 192464.002, 3139561.928 192467.54)	117	1597	0	435	false	926	None
LINESTRING (3139561.928 192467.54, 3139537.062 192469.467)	117	1597	0	436	false	926	None
LINESTRING (3139537.062 192469.467, 3139512.032 192469.784)	117	1597	0	437	false	926	None
LINESTRING (3139512.032 192469.784, 3139487.047 192468.453)	117	1597	0	438	false	926	None
LINESTRING (3139487.047 192468.453, 3139462.28 192465.541)	117	1597	0	439	false	926	None
LINESTRING (3139462.28 192465.541, 3139437.686 192460.911)	117	1597	0	440	false	926	None
LINESTRING (3139437.686 192460.911, 3139386.967 192449.75)	117	1597	0	441	false	926	None
LINESTRING (3139386.967 192449.75, 3139338.71 192436.804)	117	1597	0	442	false	926	None
LINESTRING (3139338.71 192436.804, 3139300.572 192424.678)	117	1597	0	443	false	926	None
LINESTRING (3139300.572 192424.678, 3139258.329 192409.418)	117	1597	0	444	false	926	None
LINESTRING (3139258.329 192409.418, 3139221.306 192394.153)	117	1597	0	445	false	926	None
LINESTRING (3139221.306 192394.153, 3139184.975 192377.609)	117	1597	0	446	false	926	None
LINESTRING (3139184.975 192377.609, 3139149.329 192359.546)	117	1597	0	447	false	926	None
LINESTRING (3139149.329 192359.546, 3139110.03 192337.691)	117	1597	0	448	false	926	None
LINESTRING (3139110.03 192337.691, 3139075.927 192316.655)	117	1597	0	449	false	926	None
LINESTRING (3139075.927 192316.655, 3139046.786 192297.299)	117	1597	0	450	false	926	None
LINESTRING (3139046.786 192297.299, 3139026.46 192282.898)	117	1597	0	451	false	926	None
LINESTRING (3139026.46 192282.898, 3138981.729 192246.57)	117	1597	0	452	false	926	None
LINESTRING (3138981.729 192246.57, 3138959.794 192228.692)	117	1597	0	453	false	926	None
LINESTRING (3138959.794 192228.692, 3138856.207 192122.022)	117	1597	0	454	false	926	None
LINESTRING (3138856.207 192122.022, 3138839.892 192103.104)	117	1597	0	455	false	926	None
LINESTRING (3138839.892 192103.104, 3138821.636 192079.272)	117	1597	0	456	false	926	None
LINESTRING (3138821.636 192079.272, 3138807.571 192058.606)	117	1597	0	457	false	926	None
LINESTRING (3138807.571 192058.606, 3138794.511 192037.377)	117	1597	0	458	false	926	None
LINESTRING (3138794.511 192037.377, 3138789.552 192028.559)	117	1597	0	459	false	926	None
LINESTRING (3138789.552 192028.559, 3138778.125 192006.415)	117	1597	0	460	false	926	None
LINESTRING (3138778.125 192006.415, 3138765.856 191979.067)	117	1597	0	461	false	926	None
LINESTRING (3138765.856 191979.067, 3138756.903 191955.618)	117	1597	0	462	false	926	None
LINESTRING (3138756.903 191955.618, 3138754.398 191948.344)	117	1597	0	463	false	926	None
LINESTRING (3138754.398 191948.344, 3138743.141 191819.542)	117	1597	0	464	false	926	None
LINESTRING (3138743.141 191819.542, 3138719.336 191610.102)	117	1597	0	465	false	926	None
LINESTRING (3138719.336 191610.102, 3138718.485 191590.142)	117	1597	0	466	false	926	None
LINESTRING (3138718.485 191590.142, 3138719.033 191570.127)	117	1597	0	467	false	926	None
LINESTRING (3138719.033 191570.127, 3138720.986 191550.299)	117	1597	0	468	false	926	None
LINESTRING (3138720.986 191550.299, 3138724.384 191530.553)	117	1597	0	469	false	926	None
LINESTRING (3138724.384 191530.553, 3138729.061 191511.064)	117	1597	0	470	false	926	None
LINESTRING (3138729.061 191511.064, 3138736.864 191487.31)	117	1597	0	471	false	926	None
LINESTRING (3138736.864 191487.31, 3138740.636 191478.06)	117	1597	0	472	false	926	None
LINESTRING (3138740.636 191478.06, 3138751.265 191455.398)	117	1597	0	473	false	926	None
LINESTRING (3138751.265 191455.398, 3138761.213 191438.065)	117	1597	0	474	false	926	None
LINESTRING (3138761.213 191438.065, 3138771.257 191423.03)	117	1597	0	475	false	926	None
LINESTRING (3138771.257 191423.03, 3138857.848 191331.451)	117	1597	0	476	false	926	None
LINESTRING (3138857.848 191331.451, 3138900.051 191306.834)	117	1597	0	477	false	926	None
LINESTRING (3138900.051 191306.834, 3138922.054 191294.993)	117	1597	0	478	false	926	None
LINESTRING (3138922.054 191294.993, 3138943.218 191281.757)	117	1597	0	479	false	926	None
LINESTRING (3138943.218 191281.757, 3138963.458 191267.093)	117	1597	0	480	false	926	None
LINESTRING (3138963.458 191267.093, 3138982.647 191251.071)	117	1597	0	481	false	926	None
LINESTRING (3138982.647 191251.071, 3139000.745 191233.795)	117	1597	0	482	false	926	None
LINESTRING (3139000.745 191233.795, 3139004.224 191230.143)	117	1597	0	483	false	926	None
LINESTRING (3139004.224 191230.143, 3139015.685 191217.559)	117	1597	0	484	false	926	None
LINESTRING (3139015.685 191217.559, 3139069.22 191129.743)	117	1597	0	485	false	926	None
LINESTRING (3139069.22 191129.743, 3139108.017 191032.423)	117	1597	0	486	false	926	None
LINESTRING (3139108.017 191032.423, 3139131.095 190932.717)	117	1597	0	487	false	926	None
LINESTRING (3139131.095 190932.717, 3139160.019 190780.184)	117	1597	0	488	false	926	None
LINESTRING (3139160.019 190780.184, 3139181.669 190634.239)	117	1597	0	489	false	926	None
LINESTRING (3139181.669 190634.239, 3139200.43 190551.306)	117	1597	0	490	false	926	None
LINESTRING (3139200.43 190551.306, 3139220.938 190468.691)	117	1597	0	491	false	926	None
LINESTRING (3139220.938 190468.691, 3139236.351 190411.234)	117	1597	0	492	false	926	None
LINESTRING (3139236.351 190411.234, 3139272.708 190311.306)	117	1597	0	493	false	926	None
LINESTRING (3139272.708 190311.306, 3139352.426 190156.514)	117	1597	0	494	false	926	None
LINESTRING (3139352.426 190156.514, 3139425.824 190039.732)	117	1597	0	495	false	926	None
LINESTRING (3139425.824 190039.732, 3139431.509 190030.627)	117	1597	0	496	false	926	None
LINESTRING (3139431.509 190030.627, 3139441.115 190013.162)	117	1597	0	497	false	926	None
LINESTRING (3139441.115 190013.162, 3139451.664 189996.061)	117	1597	0	498	false	926	None
LINESTRING (3139451.664 189996.061, 3139466.04 189975.681)	117	1597	0	499	false	926	None
LINESTRING (3139466.04 189975.681, 3139481.753 189956.174)	117	1597	0	500	false	926	None
LINESTRING (3139481.753 189956.174, 3139498.682 189937.851)	117	1597	0	501	false	926	None
LINESTRING (3139498.682 189937.851, 3139513.125 189923.922)	117	1597	0	502	false	926	None
LINESTRING (3139513.125 189923.922, 3139528.14 189910.808)	117	1597	0	503	false	926	None
LINESTRING (3139528.14 189910.808, 3139546.942 189896.302)	117	1597	0	504	false	926	None
LINESTRING (3139546.942 189896.302, 3139698.619 189799.426)	117	1597	0	505	false	926	None
LINESTRING (3139698.619 189799.426, 3139766.822 189780.934)	117	1597	0	506	false	926	None
LINESTRING (3139766.822 189780.934, 3139898.164 189741.519)	117	1597	0	507	false	926	None
LINESTRING (3139898.164 189741.519, 3139926.363 189731.241)	117	1597	0	508	false	926	None
LINESTRING (3139926.363 189731.241, 3139930.945 189729.324)	117	1597	0	509	false	926	None
LINESTRING (3139930.945 189729.324, 3139953.928 189719.29)	117	1597	0	510	false	926	None
LINESTRING (3139953.928 189719.29, 3139980.74 189705.978)	117	1597	0	511	false	926	None
LINESTRING (3139980.74 189705.978, 3140006.792 189691.063)	117	1597	0	512	false	926	None
LINESTRING (3140006.792 189691.063, 3140021.927 189681.209)	117	1597	0	513	false	926	None
LINESTRING (3140021.927 189681.209, 3140049.123 189707.665)	117	1597	0	514	false	926	None
LINESTRING (3140049.123 189707.665, 3140088.614 189746.131)	117	1597	0	515	false	926	None
LINESTRING (3140088.614 189746.131, 3140102.509 189759.355)	117	1597	0	516	false	926	None
LINESTRING (3140102.509 189759.355, 3140141.903 189797.309)	117	1597	0	517	false	926	None
LINESTRING (3140141.903 189797.309, 3140210.856 189864.775)	117	1597	0	518	false	926	None
LINESTRING (3140210.856 189864.775, 3140240.163 189894.427)	117	1597	0	519	false	926	None
LINESTRING (3140240.163 189894.427, 3140250.568 189903.685)	117	1597	0	520	false	926	None
LINESTRING (3140250.568 189903.685, 3140263.155 189913.667)	117	1597	0	521	false	926	None
LINESTRING (3140263.155 189913.667, 3140264.023 189914.479)	117	1597	0	522	false	926	None
LINESTRING (3140264.023 189914.479, 3140278.056 189924.544)	117	1597	0	523	false	926	None
LINESTRING (3140278.056 189924.544, 3140292.585 189934.088)	117	1597	0	524	false	926	None
LINESTRING (3140292.585 189934.088, 3140324.163 189953.791)	117	1597	0	525	false	926	None
LINESTRING (3140324.163 189953.791, 3140329.886 189957.075)	117	1597	0	526	false	926	None
LINESTRING (3140329.886 189957.075, 3140346.717 189967.032)	117	1597	0	527	false	926	None
LINESTRING (3140346.717 189967.032, 3140352.274 189970.489)	117	1597	0	528	false	926	None
LINESTRING (3140352.274 189970.489, 3140365.242 189985.854)	117	1597	0	529	false	926	None
LINESTRING (3140365.242 189985.854, 3140365.636 189986.364)	117	1597	0	530	false	926	None
LINESTRING (3140365.636 189986.364, 3140381.869 190010.605)	117	1597	0	531	false	926	None
LINESTRING (3140381.869 190010.605, 3140384.495 190015.785)	117	1597	0	532	false	926	None
LINESTRING (3140384.495 190015.785, 3140386.492 190021.317)	117	1597	0	533	false	926	None
LINESTRING (3140386.492 190021.317, 3140389.305 190032.636)	117	1597	0	534	false	926	None
LINESTRING (3140389.305 190032.636, 3140391.26 190045.409)	117	1597	0	535	false	926	None
LINESTRING (3140391.26 190045.409, 3140393.723 190061.71)	117	1597	0	536	false	926	None
LINESTRING (3140393.723 190061.71, 3140394.172 190068.19)	117	1597	0	537	false	926	None
LINESTRING (3140394.172 190068.19, 3140395.252 190085.264)	117	1597	0	538	false	926	None
LINESTRING (3140395.252 190085.264, 3140394.659 190101.573)	117	1597	0	539	false	926	None
LINESTRING (3140394.659 190101.573, 3140393.733 190121.799)	117	1597	0	540	false	926	None
LINESTRING (3140393.733 190121.799, 3140394.026 190150.587)	117	1597	0	541	false	926	None
LINESTRING (3140394.026 190150.587, 3140394.742 190162.999)	117	1597	0	542	false	926	None
LINESTRING (3140394.742 190162.999, 3140396.217 190175.23)	117	1597	0	543	false	926	None
LINESTRING (3140396.217 190175.23, 3140398.538 190187.311)	117	1597	0	544	false	926	None
LINESTRING (3140398.538 190187.311, 3140401.699 190199.004)	117	1597	0	545	false	926	None
LINESTRING (3140401.699 190199.004, 3140402.059 190199.857)	117	1597	0	546	false	926	None
LINESTRING (3140402.059 190199.857, 3140405.745 190210.444)	117	1597	0	547	false	926	None
LINESTRING (3140405.745 190210.444, 3140410.511 190221.805)	117	1597	0	548	false	926	None
LINESTRING (3140410.511 190221.805, 3140412.645 190229.531)	117	1597	0	549	false	926	None
LINESTRING (3140412.645 190229.531, 3140422.856 190255.847)	117	1597	0	550	false	926	None
LINESTRING (3140422.856 190255.847, 3140453.321 190334.969)	117	1597	0	551	false	926	None
LINESTRING (3140453.321 190334.969, 3140463.405 190361.356)	117	1597	0	552	false	926	None
LINESTRING (3140463.405 190361.356, 3140479.298 190403.79)	117	1597	0	553	false	926	None
LINESTRING (3140479.298 190403.79, 3140491.94 190434.26)	117	1597	0	554	false	926	None
LINESTRING (3140491.94 190434.26, 3140564.968 190610.868)	117	1597	0	555	false	926	None
LINESTRING (3140564.968 190610.868, 3140580.467 190651.009)	117	1597	0	556	false	926	None
LINESTRING (3140580.467 190651.009, 3140591.953 190681.151)	117	1597	0	557	false	926	None
LINESTRING (3140591.953 190681.151, 3140610.21 190723.072)	117	1597	0	558	false	926	None
LINESTRING (3140610.21 190723.072, 3140618.589 190740.114)	117	1597	0	559	false	926	None
LINESTRING (3140618.589 190740.114, 3140631.489 190761.76)	117	1597	0	560	false	926	None
LINESTRING (3140631.489 190761.76, 3140632.597 190763.735)	117	1597	0	561	false	926	None
LINESTRING (3140632.597 190763.735, 3140640.051 190777.564)	117	1597	0	562	false	926	None
LINESTRING (3140640.051 190777.564, 3140650.353 190798.8)	117	1597	0	563	false	926	None
LINESTRING (3140650.353 190798.8, 3140659.169 190820.057)	117	1597	0	564	false	926	None
LINESTRING (3140659.169 190820.057, 3140664.258 190834.399)	117	1597	0	565	false	926	None
LINESTRING (3140664.258 190834.399, 3140673.34 190863.374)	117	1597	0	566	false	926	None
LINESTRING (3140673.34 190863.374, 3140679.62 190886.862)	117	1597	0	567	false	926	None
LINESTRING (3140679.62 190886.862, 3140680.036 190888.332)	117	1597	0	568	false	926	None
LINESTRING (3140680.036 190888.332, 3140685.099 190910.636)	117	1597	0	569	false	926	None
LINESTRING (3140685.099 190910.636, 3140692.447 190932.634)	117	1597	0	570	false	926	None
LINESTRING (3140692.447 190932.634, 3140696.314 190945.552)	117	1597	0	571	false	926	None
LINESTRING (3140696.314 190945.552, 3140709.215 190979.93)	117	1597	0	572	false	926	None
LINESTRING (3140709.215 190979.93, 3140724.933 191022.299)	117	1597	0	573	false	926	None
LINESTRING (3140724.933 191022.299, 3140748.326 191082.509)	117	1597	0	574	false	926	None
LINESTRING (3140748.326 191082.509, 3140757.865 191109.28)	117	1597	0	575	false	926	None
LINESTRING (3140757.865 191109.28, 3140762.738 191119.851)	117	1597	0	576	false	926	None
LINESTRING (3140762.738 191119.851, 3140765.608 191126.434)	117	1597	0	577	false	926	None
LINESTRING (3140765.608 191126.434, 3140773.166 191137.448)	117	1597	0	578	false	926	None
LINESTRING (3140773.166 191137.448, 3140776.356 191143.203)	117	1597	0	579	false	926	None
LINESTRING (3140776.356 191143.203, 3140780.029 191155.094)	117	1597	0	580	false	926	None
LINESTRING (3140780.029 191155.094, 3140780.819 191165.275)	117	1597	0	581	false	926	None
LINESTRING (3140780.819 191165.275, 3140795.586 191174.199)	117	1597	0	582	false	926	None
LINESTRING (3140795.586 191174.199, 3140817.755 191183.843)	117	1597	0	583	false	926	None
LINESTRING (3140817.755 191183.843, 3140853.521 191199.578)	117	1597	0	584	false	926	None
LINESTRING (3140853.521 191199.578, 3140925.264 191229.228)	117	1597	0	585	false	926	None
LINESTRING (3140925.264 191229.228, 3140931.946 191231.812)	117	1597	0	586	false	926	None
LINESTRING (3140931.946 191231.812, 3140970.288 191246.998)	117	1597	0	587	false	926	None
LINESTRING (3140970.288 191246.998, 3141092.115 191294.83)	117	1597	0	588	false	926	None
LINESTRING (3141092.115 191294.83, 3141373.726 191405.657)	117	1597	0	589	false	926	None
LINESTRING (3141373.726 191405.657, 3141393.45 191414.238)	117	1597	0	590	false	926	None
LINESTRING (3141393.45 191414.238, 3141426.827 191431.313)	117	1597	0	591	false	926	None
LINESTRING (3141426.827 191431.313, 3141453.424 191447.075)	117	1597	0	592	false	926	None
LINESTRING (3141453.424 191447.075, 3141470.902 191457.644)	117	1597	0	593	false	926	None
LINESTRING (3141470.902 191457.644, 3141508.233 191482.317)	117	1597	0	594	false	926	None
LINESTRING (3141508.233 191482.317, 3141562.446 191521.137)	117	1597	0	595	false	926	None
LINESTRING (3141562.446 191521.137, 3141665.918 191597.576)	117	1597	0	596	false	926	None
LINESTRING (3141665.918 191597.576, 3141694.813 191619.106)	117	1597	0	597	false	926	None
LINESTRING (3141694.813 191619.106, 3141734.631 191646.766)	117	1597	0	598	false	926	None
LINESTRING (3141734.631 191646.766, 3141749.579 191656.238)	117	1597	0	599	false	926	None
LINESTRING (3141749.579 191656.238, 3141823.916 191699.037)	117	1597	0	600	false	926	None
LINESTRING (3141823.916 191699.037, 3141866.501 191721.581)	117	1597	0	601	false	926	None
LINESTRING (3141866.501 191721.581, 3141943.306 191761.054)	117	1597	0	602	false	926	None
LINESTRING (3141943.306 191761.054, 3141966.851 191769.687)	117	1597	0	603	false	926	None
LINESTRING (3141966.851 191769.687, 3141992.443 191773.282)	117	1597	0	604	false	926	None
LINESTRING (3141992.443 191773.282, 3142001.924 191773.975)	117	1597	0	605	false	926	None
LINESTRING (3142001.924 191773.975, 3142002.432 191773.934)	117	1597	0	606	false	926	None
LINESTRING (3142002.432 191773.934, 3142017.762 191774.273)	117	1597	0	607	false	926	None
LINESTRING (3142017.762 191774.273, 3142132.939 191766.241)	117	1597	0	608	false	926	None
LINESTRING (3142132.939 191766.241, 3142136.075 191766.026)	117	1597	0	609	false	926	None
LINESTRING (3142136.075 191766.026, 3142218.344 191761.089)	117	1597	0	610	false	926	None
LINESTRING (3142218.344 191761.089, 3142264.714 191758.326)	117	1597	0	611	false	926	None
LINESTRING (3142264.714 191758.326, 3142305.794 191758.038)	117	1597	0	612	false	926	None
LINESTRING (3142305.794 191758.038, 3142316.126 191758.823)	117	1597	0	613	false	926	None
LINESTRING (3142316.126 191758.823, 3142325.372 191760.378)	117	1597	0	614	false	926	None
LINESTRING (3142325.372 191760.378, 3142334.504 191762.484)	117	1597	0	615	false	926	None
LINESTRING (3142334.504 191762.484, 3142345.069 191765.977)	117	1597	0	616	false	926	None
LINESTRING (3142345.069 191765.977, 3142355.393 191770.091)	117	1597	0	617	false	926	None
LINESTRING (3142355.393 191770.091, 3142370.325 191777.058)	117	1597	0	618	false	926	None
LINESTRING (3142370.325 191777.058, 3142392.713 191788.934)	117	1597	0	619	false	926	None
LINESTRING (3142392.713 191788.934, 3142455.23 191823.597)	117	1597	0	620	false	926	None
LINESTRING (3142455.23 191823.597, 3142523.164 191861.309)	117	1597	0	621	false	926	None
LINESTRING (3142523.164 191861.309, 3142528.189 191863.848)	117	1597	0	622	false	926	None
LINESTRING (3142528.189 191863.848, 3142547.431 191873.674)	117	1597	0	623	false	926	None
LINESTRING (3142547.431 191873.674, 3142604.952 191903.43)	117	1597	0	624	false	926	None
LINESTRING (3142604.952 191903.43, 3142610.924 191906.575)	117	1597	0	625	false	926	None
LINESTRING (3142610.924 191906.575, 3142623.948 191913.638)	117	1597	0	626	false	926	None
LINESTRING (3142623.948 191913.638, 3142691.355 191945.078)	117	1597	0	627	false	926	None
LINESTRING (3142691.355 191945.078, 3142714.115 191954.719)	117	1597	0	628	false	926	None
LINESTRING (3142714.115 191954.719, 3142764.154 191974.798)	117	1597	0	629	false	926	None
LINESTRING (3142764.154 191974.798, 3142817.835 191996.406)	117	1597	0	630	false	926	None
LINESTRING (3142817.835 191996.406, 3142913.043 192031.588)	117	1597	0	631	false	926	None
LINESTRING (3142913.043 192031.588, 3143191.304 192141.906)	117	1597	0	632	false	926	None
LINESTRING (3143191.304 192141.906, 3143243.951 192162.879)	117	1597	0	633	false	926	None
LINESTRING (3143243.951 192162.879, 3143285.939 192178.06)	117	1597	0	634	false	926	None
LINESTRING (3143285.939 192178.06, 3143297.308 192181.509)	117	1597	0	635	false	926	None
LINESTRING (3143297.308 192181.509, 3143321.893 192187.455)	117	1597	0	636	false	926	None
LINESTRING (3143321.893 192187.455, 3143335.097 192189.472)	117	1597	0	637	false	926	None
LINESTRING (3143335.097 192189.472, 3143336.331 192189.593)	117	1597	0	638	false	926	None
LINESTRING (3143336.331 192189.593, 3143342.665 192190.022)	117	1597	0	639	false	926	None
LINESTRING (3143342.665 192190.022, 3143361.547 192191.619)	117	1597	0	640	false	926	None
LINESTRING (3143361.547 192191.619, 3143367.755 192192.118)	117	1597	0	641	false	926	None
LINESTRING (3143367.755 192192.118, 3143378.852 192192.963)	117	1597	0	642	false	926	None
LINESTRING (3143378.852 192192.963, 3143394.143 192193.407)	117	1597	0	643	false	926	None
LINESTRING (3143394.143 192193.407, 3143417.081 192194.194)	117	1597	0	644	false	926	None
LINESTRING (3143417.081 192194.194, 3143473.68 192193.256)	117	1597	0	645	false	926	None
LINESTRING (3143473.68 192193.256, 3143500.114 192192.898)	117	1597	0	646	false	926	None
LINESTRING (3143500.114 192192.898, 3143502.84 192198.832)	117	1597	0	647	false	926	None
LINESTRING (3143502.84 192198.832, 3143510.765 192216.775)	117	1597	0	648	false	926	None
LINESTRING (3143510.765 192216.775, 3143513.365 192222.78)	117	1597	0	649	false	926	None
LINESTRING (3143513.365 192222.78, 3143535.032 192271.627)	117	1597	0	650	false	926	None
LINESTRING (3143535.032 192271.627, 3143599.985 192418.034)	117	1597	0	651	false	926	None
LINESTRING (3143599.985 192418.034, 3143621.524 192466.953)	117	1597	0	652	false	926	None
LINESTRING (3143621.524 192466.953, 3143641.616 192462.117)	117	1597	0	653	false	926	None
LINESTRING (3143641.616 192462.117, 3143649.637 192460.224)	117	1597	0	654	false	926	None
LINESTRING (3143649.637 192460.224, 3143692.194 192454.089)	117	1597	0	655	false	926	None
LINESTRING (3143692.194 192454.089, 3143701.973 192452.996)	117	1597	0	656	false	926	None
LINESTRING (3143701.973 192452.996, 3143722 192450.872)	117	1597	0	657	false	926	None
LINESTRING (3143722 192450.872, 3143732.638 192448.326)	117	1597	0	658	false	926	None
LINESTRING (3143732.638 192448.326, 3143742.749 192446.886)	117	1597	0	659	false	926	None
LINESTRING (3143742.749 192446.886, 3143758.308 192446.126)	117	1597	0	660	false	926	None
LINESTRING (3143758.308 192446.126, 3143780.393 192448.607)	117	1597	0	661	false	926	None
LINESTRING (3143780.393 192448.607, 3143781.204 192448.802)	117	1597	0	662	false	926	None
LINESTRING (3143781.204 192448.802, 3143809.134 192456.283)	117	1597	0	663	false	926	None
LINESTRING (3143809.134 192456.283, 3143948.541 192497.881)	117	1597	0	664	false	926	None
LINESTRING (3143948.541 192497.881, 3143967.39 192503.632)	117	1597	0	665	false	926	None
LINESTRING (3143967.39 192503.632, 3143994.622 192512.152)	117	1597	0	666	false	926	None
LINESTRING (3143994.622 192512.152, 3144004.227 192514.562)	117	1597	0	667	false	926	None
LINESTRING (3144004.227 192514.562, 3144043.368 192524.124)	117	1597	0	668	false	926	None
LINESTRING (3144043.368 192524.124, 3144073.291 192531.545)	117	1597	0	669	false	926	None
LINESTRING (3144073.291 192531.545, 3144130.524 192543.471)	117	1597	0	670	false	926	None
LINESTRING (3144130.524 192543.471, 3144162.325 192545.788)	117	1597	0	671	false	926	None
LINESTRING (3144162.325 192545.788, 3144192.47 192548.059)	117	1597	0	672	false	926	None
LINESTRING (3144192.47 192548.059, 3144202.951 192547.952)	117	1597	0	673	false	926	None
LINESTRING (3144202.951 192547.952, 3144270.98 192553.11)	117	1597	0	674	false	926	None
LINESTRING (3144270.98 192553.11, 3144303.123 192555.561)	117	1597	0	675	false	926	None
LINESTRING (3144303.123 192555.561, 3144361.316 192561.196)	117	1597	0	676	false	926	None
LINESTRING (3144361.316 192561.196, 3144391.318 192562.817)	117	1597	0	677	false	926	None
LINESTRING (3144391.318 192562.817, 3144413.147 192565.201)	117	1597	0	678	false	926	None
LINESTRING (3144413.147 192565.201, 3144427.435 192568.234)	117	1597	0	679	false	926	None
LINESTRING (3144427.435 192568.234, 3144471.512 192582.09)	117	1597	0	680	false	926	None
LINESTRING (3144471.512 192582.09, 3144476.046 192583.607)	117	1597	0	681	false	926	None
LINESTRING (3144476.046 192583.607, 3144535.082 192603.851)	117	1597	0	682	false	926	None
LINESTRING (3144535.082 192603.851, 3144570.314 192615.115)	117	1597	0	683	false	926	None
LINESTRING (3144570.314 192615.115, 3144629.026 192634.162)	117	1597	0	684	false	926	None
LINESTRING (3144629.026 192634.162, 3144675.717 192649.15)	117	1597	0	685	false	926	None
LINESTRING (3144675.717 192649.15, 3144695.771 192655.608)	117	1597	0	686	false	926	None
LINESTRING (3144695.771 192655.608, 3144711.339 192658.899)	117	1597	0	687	false	926	None
LINESTRING (3144711.339 192658.899, 3144711.721 192658.928)	117	1597	0	688	false	926	None
LINESTRING (3144711.721 192658.928, 3144728.369 192661.211)	117	1597	0	689	false	926	None
LINESTRING (3144728.369 192661.211, 3144744.984 192662.052)	117	1597	0	690	false	926	None
LINESTRING (3144744.984 192662.052, 3144749.445 192662.232)	117	1597	0	691	false	926	None
LINESTRING (3144749.445 192662.232, 3144864.195 192668.829)	117	1597	0	692	false	926	None
LINESTRING (3144864.195 192668.829, 3144875.67 192669.465)	117	1597	0	693	false	926	None
LINESTRING (3144875.67 192669.465, 3144902.325 192671.339)	117	1597	0	694	false	926	None
LINESTRING (3144902.325 192671.339, 3144920.945 192672.6)	117	1597	0	695	false	926	None
LINESTRING (3144920.945 192672.6, 3144951.09 192674.874)	117	1597	0	696	false	926	None
LINESTRING (3144951.09 192674.874, 3144970.463 192675.713)	117	1597	0	697	false	926	None
LINESTRING (3144970.463 192675.713, 3145175.311 192685.435)	117	1597	0	698	false	926	None
LINESTRING (3145175.311 192685.435, 3145243.593 192688.676)	117	1597	0	699	false	926	None
LINESTRING (3145243.593 192688.676, 3145287.442 192690.666)	117	1597	0	700	false	926	None
LINESTRING (3145287.442 192690.666, 3145390.737 192695.57)	117	1597	0	701	false	926	None
LINESTRING (3145390.737 192695.57, 3145418.931 192696.018)	117	1597	0	702	false	926	None
LINESTRING (3145418.931 192696.018, 3145429.121 192696.157)	117	1597	0	703	false	926	None
LINESTRING (3145429.121 192696.157, 3145450.714 192693.811)	117	1597	0	704	false	926	None
LINESTRING (3145450.714 192693.811, 3145463.146 192691.723)	117	1597	0	705	false	926	None
LINESTRING (3145463.146 192691.723, 3145469.028 192681.625)	117	1597	0	706	false	926	None
LINESTRING (3145469.028 192681.625, 3145482.298 192651.181)	117	1597	0	707	false	926	None
LINESTRING (3145482.298 192651.181, 3145507.024 192588.877)	117	1597	0	708	false	926	None
LINESTRING (3145507.024 192588.877, 3145515.754 192564.053)	117	1597	0	709	false	926	None
LINESTRING (3145515.754 192564.053, 3145521.856 192550.588)	117	1597	0	710	false	926	None
LINESTRING (3145521.856 192550.588, 3145528.061 192543.471)	117	1597	0	711	false	926	None
LINESTRING (3145528.061 192543.471, 3145535.931 192538.665)	117	1597	0	712	false	926	None
LINESTRING (3145535.931 192538.665, 3145544.603 192537.382)	117	1597	0	713	false	926	None
LINESTRING (3145544.603 192537.382, 3145553.536 192538.225)	117	1597	0	714	false	926	None
LINESTRING (3145553.536 192538.225, 3145555.843 192538.88)	117	1597	0	715	false	926	None
LINESTRING (3145555.843 192538.88, 3145566.316 192542.104)	117	1597	0	716	false	926	None
LINESTRING (3145566.316 192542.104, 3145625.172 192565.618)	117	1597	0	717	false	926	None
LINESTRING (3145625.172 192565.618, 3145829.989 192639.014)	117	1597	0	718	false	926	None
LINESTRING (3145829.989 192639.014, 3145868.505 192650.96)	117	1597	0	719	false	926	None
LINESTRING (3145868.505 192650.96, 3145883.706 192654.945)	117	1597	0	720	false	926	None
LINESTRING (3145883.706 192654.945, 3145915.95 192661.724)	117	1597	0	721	false	926	None
LINESTRING (3145915.95 192661.724, 3145936.14 192668.595)	117	1597	0	722	false	926	None
LINESTRING (3145936.14 192668.595, 3145956.659 192678.687)	117	1597	0	723	false	926	None
LINESTRING (3145956.659 192678.687, 3145988.272 192698.789)	117	1597	0	724	false	926	None
LINESTRING (3145988.272 192698.789, 3146011.09 192711.081)	117	1597	0	725	false	926	None
LINESTRING (3146011.09 192711.081, 3146017.581 192714.667)	117	1597	0	726	false	926	None
LINESTRING (3146017.581 192714.667, 3146151.128 192763.792)	117	1597	0	727	false	926	None
LINESTRING (3146151.128 192763.792, 3146162.998 192768.748)	117	1597	0	728	false	926	None
LINESTRING (3146162.998 192768.748, 3146256.147 192809.006)	117	1597	0	729	false	926	None
LINESTRING (3146256.147 192809.006, 3146274.366 192816.899)	117	1597	0	730	false	926	None
LINESTRING (3146274.366 192816.899, 3146433.645 192881.474)	117	1597	0	731	false	926	None
LINESTRING (3146433.645 192881.474, 3146538.674 192921.578)	117	1597	0	732	false	926	E:3146537.384 192921.08542975748
