LINESTRING (3138075.596 220319.405, 3137975.252 220228.229)	54	182	0	1256	false	1985	E:3137981.717 220234.10332073693
LINESTRING (3137975.252 220228.229, 3137953.845 220208.736)	54	182	0	1257	false	1985	None
LINESTRING (3137953.845 220208.736, 3137921.525 220179.655)	54	182	0	1258	false	1985	None
LINESTRING (3137921.525 220179.655, 3137907.398 220166.201)	54	182	0	1259	false	1985	None
LINESTRING (3137907.398 220166.201, 3137851.67 220113.162)	54	182	0	1260	false	1985	None
LINESTRING (3137851.67 220113.162, 3137784.281 220049.173)	54	182	0	1261	false	1985	None
LINESTRING (3137784.281 220049.173, 3137743.51 220004.911)	54	182	0	1262	false	1985	None
LINESTRING (3137743.51 220004.911, 3137718.971 219977.539)	54	182	0	1263	false	1985	None
LINESTRING (3137718.971 219977.539, 3137700.634 219957.214)	54	182	0	1264	false	1985	None
LINESTRING (3137700.634 219957.214, 3137686.572 219942.833)	54	182	0	1265	false	1985	None
LINESTRING (3137686.572 219942.833, 3137676.321 219930.525)	54	182	0	1266	false	1985	None
LINESTRING (3137676.321 219930.525, 3137666.943 219917.484)	54	182	0	1267	false	1985	None
LINESTRING (3137666.943 219917.484, 3137658.695 219903.809)	54	182	0	1268	false	1985	None
LINESTRING (3137658.695 219903.809, 3137651.365 219889.538)	54	182	0	1269	false	1985	None
LINESTRING (3137651.365 219889.538, 3137641.712 219867.58)	54	182	0	1270	false	1985	None
LINESTRING (3137641.712 219867.58, 3137633.993 219844.944)	54	182	0	1271	false	1985	None
LINESTRING (3137633.993 219844.944, 3137629.221 219825.593)	54	182	0	1272	false	1985	None
LINESTRING (3137629.221 219825.593, 3137626.983 219813.891)	54	182	0	1273	false	1985	None
LINESTRING (3137626.983 219813.891, 3137625.377 219802.078)	54	182	0	1274	false	1985	None
LINESTRING (3137625.377 219802.078, 3137623.77 219774.311)	54	182	0	1275	false	1985	None
LINESTRING (3137623.77 219774.311, 3137621.91 219714.777)	54	182	0	1276	false	1985	None
LINESTRING (3137621.91 219714.777, 3137623.308 219679.008)	54	182	0	1277	false	1985	None
LINESTRING (3137623.308 219679.008, 3137625.002 219659.188)	54	182	0	1278	false	1985	None
LINESTRING (3137625.002 219659.188, 3137629.879 219623.815)	54	182	0	1279	false	1985	None
LINESTRING (3137629.879 219623.815, 3137635.054 219596.535)	54	182	0	1280	false	1985	None
LINESTRING (3137635.054 219596.535, 3137641.04 219573.497)	54	182	0	1281	false	1985	None
LINESTRING (3137641.04 219573.497, 3137645.884 219558.47)	54	182	0	1282	false	1985	None
LINESTRING (3137645.884 219558.47, 3137650.007 219547.329)	54	182	0	1283	false	1985	None
LINESTRING (3137650.007 219547.329, 3137661.062 219521.853)	54	182	0	1284	false	1985	None
LINESTRING (3137661.062 219521.853, 3137677.362 219490.194)	54	182	0	1285	false	1985	None
LINESTRING (3137677.362 219490.194, 3137700.317 219453.02)	54	182	0	1286	false	1985	None
LINESTRING (3137700.317 219453.02, 3137705.009 219446.744)	54	182	0	1287	false	1985	None
LINESTRING (3137705.009 219446.744, 3137745.662 219397.859)	54	182	0	1288	false	1985	None
LINESTRING (3137745.662 219397.859, 3137779.587 219358.986)	54	182	0	1289	false	1985	None
LINESTRING (3137779.587 219358.986, 3137801.016 219335.626)	54	182	0	1290	false	1985	None
LINESTRING (3137801.016 219335.626, 3137817.799 219318.68)	54	182	0	1291	false	1985	None
LINESTRING (3137817.799 219318.68, 3137843.732 219294.089)	54	182	0	1292	false	1985	None
LINESTRING (3137843.732 219294.089, 3137880.633 219263.751)	54	182	0	1293	false	1985	None
LINESTRING (3137880.633 219263.751, 3137927.003 219232.799)	54	182	0	1294	false	1985	None
LINESTRING (3137927.003 219232.799, 3137938.663 219225.772)	54	182	0	1295	false	1985	None
LINESTRING (3137938.663 219225.772, 3137969.338 219207.187)	54	182	0	1296	false	1985	None
LINESTRING (3137969.338 219207.187, 3138010.083 219182.387)	54	182	0	1297	false	1985	E:3137981.717 219199.65235280394
LINESTRING (3133695.423 218745.892, 3133724.596 218752.188)	54	1622	0	345	false	969	W:3133703.884 218747.7180191273
LINESTRING (3133724.596 218752.188, 3133732.855 218752.409)	54	1622	0	346	false	969	None
LINESTRING (3133732.855 218752.409, 3133750.18 218753.047)	54	1622	0	347	false	969	None
LINESTRING (3133750.18 218753.047, 3133813.509 218757.331)	54	1622	0	348	false	969	None
LINESTRING (3133813.509 218757.331, 3133825.021 218757.264)	54	1622	0	349	false	969	None
LINESTRING (3133825.021 218757.264, 3133856.513 218757.316)	54	1622	0	350	false	969	None
LINESTRING (3133856.513 218757.316, 3133883.673 218750.81)	54	1622	0	351	false	969	None
LINESTRING (3133883.673 218750.81, 3133919.653 218725.58)	54	1622	0	352	false	969	None
LINESTRING (3133919.653 218725.58, 3134032.134 218636.648)	54	1622	0	353	false	969	None
LINESTRING (3134032.134 218636.648, 3134071.333 218605.641)	54	1622	0	354	false	969	None
LINESTRING (3134071.333 218605.641, 3134099.81 218587.624)	54	1622	0	355	false	969	None
LINESTRING (3134099.81 218587.624, 3134106.699 218583.268)	54	1622	0	356	false	969	None
LINESTRING (3134106.699 218583.268, 3134115.587 218579.33)	54	1622	0	357	false	969	None
LINESTRING (3134115.587 218579.33, 3134145.986 218565.984)	54	1622	0	358	false	969	None
LINESTRING (3134145.986 218565.984, 3134161.398 218552.55)	54	1622	0	359	false	969	None
LINESTRING (3134161.398 218552.55, 3134175.27 218540.304)	54	1622	0	360	false	969	None
LINESTRING (3134175.27 218540.304, 3134190.992 218525.561)	54	1622	0	361	false	969	None
LINESTRING (3134190.992 218525.561, 3134237.823 218481.44)	54	1622	0	362	false	969	None
LINESTRING (3134237.823 218481.44, 3134253.421 218466.768)	54	1622	0	363	false	969	None
LINESTRING (3134253.421 218466.768, 3134283.667 218438.604)	54	1622	0	364	false	969	None
LINESTRING (3134283.667 218438.604, 3134293.334 218429.611)	54	1622	0	365	false	969	None
LINESTRING (3134293.334 218429.611, 3134327.5 218398.679)	54	1622	0	366	false	969	None
LINESTRING (3134327.5 218398.679, 3134378.193 218360.815)	54	1622	0	367	false	969	None
LINESTRING (3134378.193 218360.815, 3134410.556 218336.566)	54	1622	0	368	false	969	None
LINESTRING (3134410.556 218336.566, 3134447.21 218309.098)	54	1622	0	369	false	969	None
LINESTRING (3134447.21 218309.098, 3134490.739 218276.554)	54	1622	0	370	false	969	None
LINESTRING (3134490.739 218276.554, 3134508.131 218264.601)	54	1622	0	371	false	969	None
LINESTRING (3134508.131 218264.601, 3134538.975 218248.334)	54	1622	0	372	false	969	None
LINESTRING (3134538.975 218248.334, 3134558.099 218242.051)	54	1622	0	373	false	969	None
LINESTRING (3134558.099 218242.051, 3134561.849 218241.241)	54	1622	0	374	false	969	None
LINESTRING (3134561.849 218241.241, 3134603.016 218232.543)	54	1622	0	375	false	969	None
LINESTRING (3134603.016 218232.543, 3134611.907 218230.629)	54	1622	0	376	false	969	None
LINESTRING (3134611.907 218230.629, 3134618.734 218229.226)	54	1622	0	377	false	969	None
LINESTRING (3134618.734 218229.226, 3134620.751 218228.579)	54	1622	0	378	false	969	None
LINESTRING (3134620.751 218228.579, 3134637.356 218223.225)	54	1622	0	379	false	969	None
LINESTRING (3134637.356 218223.225, 3134637.983 218222.872)	54	1622	0	380	false	969	None
LINESTRING (3134637.983 218222.872, 3134646.229 218218.566)	54	1622	0	381	false	969	None
LINESTRING (3134646.229 218218.566, 3134661.089 218210.87)	54	1622	0	382	false	969	None
LINESTRING (3134661.089 218210.87, 3134705.374 218187.786)	54	1622	0	383	false	969	None
LINESTRING (3134705.374 218187.786, 3134709.308 218185.739)	54	1622	0	384	false	969	None
LINESTRING (3134709.308 218185.739, 3134720.104 218179.92)	54	1622	0	385	false	969	None
LINESTRING (3134720.104 218179.92, 3134737.257 218170.613)	54	1622	0	386	false	969	None
LINESTRING (3134737.257 218170.613, 3134751.274 218163.066)	54	1622	0	387	false	969	None
LINESTRING (3134751.274 218163.066, 3134768.266 218152.148)	54	1622	0	388	false	969	None
LINESTRING (3134768.266 218152.148, 3134787.375 218139.313)	54	1622	0	389	false	969	None
LINESTRING (3134787.375 218139.313, 3134803.815 218128.3)	54	1622	0	390	false	969	None
LINESTRING (3134803.815 218128.3, 3134818.393 218119.305)	54	1622	0	391	false	969	None
LINESTRING (3134818.393 218119.305, 3134837.95 218088.073)	54	1622	0	392	false	969	None
LINESTRING (3134837.95 218088.073, 3134838.477 218086.968)	54	1622	0	393	false	969	None
LINESTRING (3134838.477 218086.968, 3134872.087 218016.66)	54	1622	0	394	false	969	None
LINESTRING (3134872.087 218016.66, 3134915.661 217935.33)	54	1622	0	395	false	969	None
LINESTRING (3134915.661 217935.33, 3134942.349 217885.434)	54	1622	0	396	false	969	None
LINESTRING (3134942.349 217885.434, 3134959.273 217871.396)	54	1622	0	397	false	969	None
LINESTRING (3134959.273 217871.396, 3134978.233 217859.455)	54	1622	0	398	false	969	None
LINESTRING (3134978.233 217859.455, 3134981.274 217857.18)	54	1622	0	399	false	969	None
LINESTRING (3134981.274 217857.18, 3135048.185 217807.625)	54	1622	0	400	false	969	None
LINESTRING (3135048.185 217807.625, 3135098.574 217773.098)	54	1622	0	401	false	969	None
LINESTRING (3135098.574 217773.098, 3135137.993 217746.107)	54	1622	0	402	false	969	None
LINESTRING (3135137.993 217746.107, 3135157.535 217733.678)	54	1622	0	403	false	969	None
LINESTRING (3135157.535 217733.678, 3135202.09 217705.343)	54	1622	0	404	false	969	None
LINESTRING (3135202.09 217705.343, 3135215.112 217694.793)	54	1622	0	405	false	969	None
LINESTRING (3135215.112 217694.793, 3135233.332 217679.947)	54	1622	0	406	false	969	None
LINESTRING (3135233.332 217679.947, 3135265.605 217704.112)	54	1622	0	407	false	969	None
LINESTRING (3135265.605 217704.112, 3135362.379 217776.472)	54	1622	0	408	false	969	None
LINESTRING (3135362.379 217776.472, 3135394.527 217800.708)	54	1622	0	409	false	969	None
LINESTRING (3135394.527 217800.708, 3135413.48 217806.026)	54	1622	0	410	false	969	None
LINESTRING (3135413.48 217806.026, 3135470.339 217821.979)	54	1622	0	411	false	969	None
LINESTRING (3135470.339 217821.979, 3135489.253 217827.4)	54	1622	0	412	false	969	None
LINESTRING (3135489.253 217827.4, 3135516.899 217835.371)	54	1622	0	413	false	969	None
LINESTRING (3135516.899 217835.371, 3135599.718 217859.595)	54	1622	0	414	false	969	None
LINESTRING (3135599.718 217859.595, 3135627.324 217867.669)	54	1622	0	415	false	969	None
LINESTRING (3135627.324 217867.669, 3135627.971 217866.253)	54	1622	0	416	false	969	None
LINESTRING (3135627.971 217866.253, 3135638.561 217852.857)	54	1622	0	417	false	969	None
LINESTRING (3135638.561 217852.857, 3135639.399 217852.467)	54	1622	0	418	false	969	None
LINESTRING (3135639.399 217852.467, 3135648.424 217848.94)	54	1622	0	419	false	969	None
LINESTRING (3135648.424 217848.94, 3135674.252 217855.016)	54	1622	0	420	false	969	None
LINESTRING (3135674.252 217855.016, 3135683.632 217856.15)	54	1622	0	421	false	969	None
LINESTRING (3135683.632 217856.15, 3135687.848 217853.379)	54	1622	0	422	false	969	None
LINESTRING (3135687.848 217853.379, 3135690.101 217851.871)	54	1622	0	423	false	969	None
LINESTRING (3135690.101 217851.871, 3135696.946 217839.524)	54	1622	0	424	false	969	None
LINESTRING (3135696.946 217839.524, 3135698.989 217838.053)	54	1622	0	425	false	969	None
LINESTRING (3135698.989 217838.053, 3135720.396 217849.203)	54	1622	0	426	false	969	None
LINESTRING (3135720.396 217849.203, 3135784.413 217882.929)	54	1622	0	427	false	969	None
LINESTRING (3135784.413 217882.929, 3135789.381 217885.568)	54	1622	0	428	false	969	None
LINESTRING (3135789.381 217885.568, 3135805.895 217893.632)	54	1622	0	429	false	969	None
LINESTRING (3135805.895 217893.632, 3135845.218 217905.175)	54	1622	0	430	false	969	None
LINESTRING (3135845.218 217905.175, 3135962.935 217939.946)	54	1622	0	431	false	969	None
LINESTRING (3135962.935 217939.946, 3136002.132 217951.56)	54	1622	0	432	false	969	None
LINESTRING (3136002.132 217951.56, 3136017.896 217956.238)	54	1622	0	433	false	969	None
LINESTRING (3136017.896 217956.238, 3136071.242 217974.167)	54	1622	0	434	false	969	None
LINESTRING (3136071.242 217974.167, 3136073.843 217975.056)	54	1622	0	435	false	969	None
LINESTRING (3136073.843 217975.056, 3136083.139 217978.182)	54	1622	0	436	false	969	None
LINESTRING (3136083.139 217978.182, 3136096.101 217982.489)	54	1622	0	437	false	969	None
LINESTRING (3136096.101 217982.489, 3136104.247 217985.288)	54	1622	0	438	false	969	None
LINESTRING (3136104.247 217985.288, 3136376.604 218078.907)	54	1622	0	439	false	969	None
LINESTRING (3136376.604 218078.907, 3136470.006 218111.05)	54	1622	0	440	false	969	None
LINESTRING (3136470.006 218111.05, 3136490.321 218118.684)	54	1622	0	441	false	969	None
LINESTRING (3136490.321 218118.684, 3136551.225 218141.688)	54	1622	0	442	false	969	None
LINESTRING (3136551.225 218141.688, 3136571.5 218149.425)	54	1622	0	443	false	969	None
LINESTRING (3136571.5 218149.425, 3136599.328 218159.97)	54	1622	0	444	false	969	None
LINESTRING (3136599.328 218159.97, 3136605.927 218163.718)	54	1622	0	445	false	969	None
LINESTRING (3136605.927 218163.718, 3136676.773 218204.147)	54	1622	0	446	false	969	None
LINESTRING (3136676.773 218204.147, 3136703.92 218218.476)	54	1622	0	447	false	969	None
LINESTRING (3136703.92 218218.476, 3136730.857 218232.843)	54	1622	0	448	false	969	None
LINESTRING (3136730.857 218232.843, 3136736.894 218236.015)	54	1622	0	449	false	969	None
LINESTRING (3136736.894 218236.015, 3136739.847 218237.517)	54	1622	0	450	false	969	None
LINESTRING (3136739.847 218237.517, 3136748.496 218242.059)	54	1622	0	451	false	969	None
LINESTRING (3136748.496 218242.059, 3136751.324 218243.631)	54	1622	0	452	false	969	None
LINESTRING (3136751.324 218243.631, 3136760.009 218249.854)	54	1622	0	453	false	969	None
LINESTRING (3136760.009 218249.854, 3136785.978 218268.489)	54	1622	0	454	false	969	None
LINESTRING (3136785.978 218268.489, 3136794.538 218274.782)	54	1622	0	455	false	969	None
LINESTRING (3136794.538 218274.782, 3136813.265 218291.325)	54	1622	0	456	false	969	None
LINESTRING (3136813.265 218291.325, 3136870.609 218341.761)	54	1622	0	457	false	969	None
LINESTRING (3136870.609 218341.761, 3136880.099 218351.986)	54	1622	0	458	false	969	None
LINESTRING (3136880.099 218351.986, 3136978.393 218458.412)	54	1622	0	459	false	969	None
LINESTRING (3136978.393 218458.412, 3137064.336 218569.339)	54	1622	0	460	false	969	None
LINESTRING (3137064.336 218569.339, 3137099.708 218627.81)	54	1622	0	461	false	969	None
LINESTRING (3137099.708 218627.81, 3137129.688 218677.644)	54	1622	0	462	false	969	None
LINESTRING (3137129.688 218677.644, 3137155.485 218735.738)	54	1622	0	463	false	969	None
LINESTRING (3137155.485 218735.738, 3137191.28 218810.089)	54	1622	0	464	false	969	None
LINESTRING (3137191.28 218810.089, 3137298.405 219033.042)	54	1622	0	465	false	969	None
LINESTRING (3137298.405 219033.042, 3137334.072 219107.463)	54	1622	0	466	false	969	None
LINESTRING (3137334.072 219107.463, 3137331.973 219108.317)	54	1622	0	467	false	969	None
LINESTRING (3137331.973 219108.317, 3137304.675 219128.331)	54	1622	0	468	false	969	None
LINESTRING (3137304.675 219128.331, 3137293.101 219137.416)	54	1622	0	469	false	969	None
LINESTRING (3137293.101 219137.416, 3137287.107 219140.212)	54	1622	0	470	false	969	None
LINESTRING (3137287.107 219140.212, 3137277.196 219139.942)	54	1622	0	471	false	969	None
LINESTRING (3137277.196 219139.942, 3137266.957 219136.211)	54	1622	0	472	false	969	None
LINESTRING (3137266.957 219136.211, 3137257.46 219139.434)	54	1622	0	473	false	969	None
LINESTRING (3137257.46 219139.434, 3137244.349 219147.924)	54	1622	0	474	false	969	None
LINESTRING (3137244.349 219147.924, 3137225.143 219164.289)	54	1622	0	475	false	969	None
LINESTRING (3137225.143 219164.289, 3137208.052 219174.688)	54	1622	0	476	false	969	None
LINESTRING (3137208.052 219174.688, 3137180.722 219181.357)	54	1622	0	477	false	969	None
LINESTRING (3137180.722 219181.357, 3137149.858 219198.918)	54	1622	0	478	false	969	None
LINESTRING (3137149.858 219198.918, 3137141.44 219268.513)	54	1622	0	479	false	969	None
LINESTRING (3137141.44 219268.513, 3137132.25 219351.499)	54	1622	0	480	false	969	None
LINESTRING (3137132.25 219351.499, 3137108.432 219496.794)	54	1622	0	481	false	969	None
LINESTRING (3137108.432 219496.794, 3137103.364 219525.068)	54	1622	0	482	false	969	None
LINESTRING (3137103.364 219525.068, 3137108.461 219527.877)	54	1622	0	483	false	969	None
LINESTRING (3137108.461 219527.877, 3137123.496 219536.205)	54	1622	0	484	false	969	None
LINESTRING (3137123.496 219536.205, 3137128.468 219539.084)	54	1622	0	485	false	969	None
LINESTRING (3137128.468 219539.084, 3137130.225 219540.123)	54	1622	0	486	false	969	None
LINESTRING (3137130.225 219540.123, 3137175.897 219563.898)	54	1622	0	487	false	969	None
LINESTRING (3137175.897 219563.898, 3137192.496 219578.071)	54	1622	0	488	false	969	None
LINESTRING (3137192.496 219578.071, 3137202.159 219586.578)	54	1622	0	489	false	969	None
LINESTRING (3137202.159 219586.578, 3137212.404 219606.503)	54	1622	0	490	false	969	None
LINESTRING (3137212.404 219606.503, 3137220.556 219637.401)	54	1622	0	491	false	969	None
LINESTRING (3137220.556 219637.401, 3137228.461 219692.491)	54	1622	0	492	false	969	None
LINESTRING (3137228.461 219692.491, 3137239.781 219750.928)	54	1622	0	493	false	969	None
LINESTRING (3137239.781 219750.928, 3137246.11 219771.835)	54	1622	0	494	false	969	None
LINESTRING (3137246.11 219771.835, 3137265.117 219795.751)	54	1622	0	495	false	969	None
LINESTRING (3137265.117 219795.751, 3137276.35 219802.487)	54	1622	0	496	false	969	None
LINESTRING (3137276.35 219802.487, 3137340.547 219841.54)	54	1622	0	497	false	969	None
LINESTRING (3137340.547 219841.54, 3137330.487 219870.023)	54	1622	0	498	false	969	None
LINESTRING (3137330.487 219870.023, 3137306.817 219949.064)	54	1622	0	499	false	969	None
LINESTRING (3137306.817 219949.064, 3137301.469 219972.23)	54	1622	0	500	false	969	None
LINESTRING (3137301.469 219972.23, 3137291.034 220016.877)	54	1622	0	501	false	969	None
LINESTRING (3137291.034 220016.877, 3137261.768 220115.416)	54	1622	0	502	false	969	None
LINESTRING (3137261.768 220115.416, 3137213.18 220258.73)	54	1622	0	503	false	969	None
LINESTRING (3137213.18 220258.73, 3137196.993 220321.505)	54	1622	0	504	false	969	None
LINESTRING (3137196.993 220321.505, 3137184.348 220363.747)	54	1622	0	505	false	969	None
LINESTRING (3137184.348 220363.747, 3137184.067 220364.472)	54	1622	0	506	false	969	None
LINESTRING (3137184.067 220364.472, 3137168.158 220404.497)	54	1622	0	507	false	969	None
LINESTRING (3137168.158 220404.497, 3137126.431 220488.324)	54	1622	0	508	false	969	None
LINESTRING (3137126.431 220488.324, 3137195.774 220475.086)	54	1622	0	509	false	969	None
LINESTRING (3137195.774 220475.086, 3137261.533 220462.483)	54	1622	0	510	false	969	None
LINESTRING (3137261.533 220462.483, 3137324.517 220454.757)	54	1622	0	511	false	969	None
LINESTRING (3137324.517 220454.757, 3137364.983 220450.921)	54	1622	0	512	false	969	None
LINESTRING (3137364.983 220450.921, 3137403.392 220449.859)	54	1622	0	513	false	969	None
LINESTRING (3137403.392 220449.859, 3137472.218 220448.089)	54	1622	0	514	false	969	None
LINESTRING (3137472.218 220448.089, 3137493.486 220443.12)	54	1622	0	515	false	969	None
LINESTRING (3137493.486 220443.12, 3137514.012 220437.03)	54	1622	0	516	false	969	None
LINESTRING (3137514.012 220437.03, 3137549.345 220424.656)	54	1622	0	517	false	969	None
LINESTRING (3137549.345 220424.656, 3137589.718 220410.427)	54	1622	0	518	false	969	None
LINESTRING (3137589.718 220410.427, 3137621.41 220396.047)	54	1622	0	519	false	969	None
LINESTRING (3137621.41 220396.047, 3137647.194 220380.448)	54	1622	0	520	false	969	None
LINESTRING (3137647.194 220380.448, 3137686.398 220335.049)	54	1622	0	521	false	969	None
LINESTRING (3137686.398 220335.049, 3137703.981 220311.984)	54	1622	0	522	false	969	None
LINESTRING (3137703.981 220311.984, 3137715.388 220299.025)	54	1622	0	523	false	969	None
LINESTRING (3137715.388 220299.025, 3137729.313 220295.019)	54	1622	0	524	false	969	None
LINESTRING (3137729.313 220295.019, 3137740.157 220295.414)	54	1622	0	525	false	969	None
LINESTRING (3137740.157 220295.414, 3137762.249 220303.265)	54	1622	0	526	false	969	None
LINESTRING (3137762.249 220303.265, 3137789.311 220311.973)	54	1622	0	527	false	969	None
LINESTRING (3137789.311 220311.973, 3137813.198 220314.687)	54	1622	0	528	false	969	None
LINESTRING (3137813.198 220314.687, 3137839.002 220311.953)	54	1622	0	529	false	969	None
LINESTRING (3137839.002 220311.953, 3137864.462 220305.039)	54	1622	0	530	false	969	None
LINESTRING (3137864.462 220305.039, 3137892.371 220291.811)	54	1622	0	531	false	969	None
LINESTRING (3137892.371 220291.811, 3137907.449 220282.3)	54	1622	0	532	false	969	None
LINESTRING (3137907.449 220282.3, 3137922.654 220260.813)	54	1622	0	533	false	969	None
LINESTRING (3137922.654 220260.813, 3137939.986 220231.817)	54	1622	0	534	false	969	None
LINESTRING (3137939.986 220231.817, 3137946.935 220220.225)	54	1622	0	535	false	969	None
LINESTRING (3137946.935 220220.225, 3137953.845 220208.736)	54	1622	0	536	false	969	None
LINESTRING (3137953.845 220208.736, 3137975.252 220228.229)	54	1622	0	537	false	969	None
LINESTRING (3137975.252 220228.229, 3138075.596 220319.405)	54	1622	0	538	false	969	E:3137981.717 220234.10332073693
LINESTRING (3136571.5 218149.425, 3136551.225 218141.688)	54	1625	0	0	false	1385	None
LINESTRING (3136551.225 218141.688, 3136490.321 218118.684)	54	1625	0	1	false	1385	None
LINESTRING (3136490.321 218118.684, 3136470.006 218111.05)	54	1625	0	2	false	1385	None
LINESTRING (3136470.006 218111.05, 3136376.604 218078.907)	54	1625	0	3	false	1385	None
LINESTRING (3136376.604 218078.907, 3136104.247 217985.288)	54	1625	0	4	false	1385	None
LINESTRING (3136104.247 217985.288, 3136096.101 217982.489)	54	1625	0	5	false	1385	None
LINESTRING (3136096.101 217982.489, 3136083.139 217978.182)	54	1625	0	6	false	1385	None
LINESTRING (3136083.139 217978.182, 3136073.843 217975.056)	54	1625	0	7	false	1385	None
LINESTRING (3136073.843 217975.056, 3136071.242 217974.167)	54	1625	0	8	false	1385	None
LINESTRING (3136071.242 217974.167, 3136017.896 217956.238)	54	1625	0	9	false	1385	None
LINESTRING (3136017.896 217956.238, 3136002.132 217951.56)	54	1625	0	10	false	1385	None
LINESTRING (3136002.132 217951.56, 3135962.935 217939.946)	54	1625	0	11	false	1385	None
LINESTRING (3135962.935 217939.946, 3135845.218 217905.175)	54	1625	0	12	false	1385	None
LINESTRING (3135845.218 217905.175, 3135805.895 217893.632)	54	1625	0	13	false	1385	None
LINESTRING (3135805.895 217893.632, 3135789.381 217885.568)	54	1625	0	14	false	1385	None
LINESTRING (3135789.381 217885.568, 3135784.413 217882.929)	54	1625	0	15	false	1385	None
LINESTRING (3135784.413 217882.929, 3135720.396 217849.203)	54	1625	0	16	false	1385	None
LINESTRING (3135720.396 217849.203, 3135698.989 217838.053)	54	1625	0	17	false	1385	None
LINESTRING (3135698.989 217838.053, 3135696.946 217839.524)	54	1625	0	18	false	1385	None
LINESTRING (3135696.946 217839.524, 3135690.101 217851.871)	54	1625	0	19	false	1385	None
LINESTRING (3135690.101 217851.871, 3135687.848 217853.379)	54	1625	0	20	false	1385	None
LINESTRING (3135687.848 217853.379, 3135683.632 217856.15)	54	1625	0	21	false	1385	None
LINESTRING (3135683.632 217856.15, 3135674.252 217855.016)	54	1625	0	22	false	1385	None
LINESTRING (3135674.252 217855.016, 3135648.424 217848.94)	54	1625	0	23	false	1385	None
LINESTRING (3135648.424 217848.94, 3135639.399 217852.467)	54	1625	0	24	false	1385	None
LINESTRING (3135639.399 217852.467, 3135638.561 217852.857)	54	1625	0	25	false	1385	None
LINESTRING (3135638.561 217852.857, 3135627.971 217866.253)	54	1625	0	26	false	1385	None
LINESTRING (3135627.971 217866.253, 3135627.324 217867.669)	54	1625	0	27	false	1385	None
LINESTRING (3135627.324 217867.669, 3135599.718 217859.595)	54	1625	0	28	false	1385	None
LINESTRING (3135599.718 217859.595, 3135516.899 217835.371)	54	1625	0	29	false	1385	None
LINESTRING (3135516.899 217835.371, 3135489.253 217827.4)	54	1625	0	30	false	1385	None
LINESTRING (3135489.253 217827.4, 3135470.339 217821.979)	54	1625	0	31	false	1385	None
LINESTRING (3135470.339 217821.979, 3135413.48 217806.026)	54	1625	0	32	false	1385	None
LINESTRING (3135413.48 217806.026, 3135394.527 217800.708)	54	1625	0	33	false	1385	None
LINESTRING (3135394.527 217800.708, 3135362.379 217776.472)	54	1625	0	34	false	1385	None
LINESTRING (3135362.379 217776.472, 3135265.605 217704.112)	54	1625	0	35	false	1385	None
LINESTRING (3135265.605 217704.112, 3135233.332 217679.947)	54	1625	0	36	false	1385	None
LINESTRING (3135233.332 217679.947, 3135215.112 217694.793)	54	1625	0	37	false	1385	None
LINESTRING (3135215.112 217694.793, 3135202.09 217705.343)	54	1625	0	38	false	1385	None
LINESTRING (3135202.09 217705.343, 3135157.535 217733.678)	54	1625	0	39	false	1385	None
LINESTRING (3135157.535 217733.678, 3135137.993 217746.107)	54	1625	0	40	false	1385	None
LINESTRING (3135137.993 217746.107, 3135098.574 217773.098)	54	1625	0	41	false	1385	None
LINESTRING (3135098.574 217773.098, 3135048.185 217807.625)	54	1625	0	42	false	1385	None
LINESTRING (3135048.185 217807.625, 3134981.274 217857.18)	54	1625	0	43	false	1385	None
LINESTRING (3134981.274 217857.18, 3134978.233 217859.455)	54	1625	0	44	false	1385	None
LINESTRING (3134978.233 217859.455, 3134959.273 217871.396)	54	1625	0	45	false	1385	None
LINESTRING (3134959.273 217871.396, 3134942.349 217885.434)	54	1625	0	46	false	1385	None
LINESTRING (3134942.349 217885.434, 3134915.661 217935.33)	54	1625	0	47	false	1385	None
LINESTRING (3134915.661 217935.33, 3134872.087 218016.66)	54	1625	0	48	false	1385	None
LINESTRING (3134872.087 218016.66, 3134838.477 218086.968)	54	1625	0	49	false	1385	None
LINESTRING (3134838.477 218086.968, 3134837.95 218088.073)	54	1625	0	50	false	1385	None
LINESTRING (3134837.95 218088.073, 3134818.393 218119.305)	54	1625	0	51	false	1385	None
LINESTRING (3134818.393 218119.305, 3134803.815 218128.3)	54	1625	0	52	false	1385	None
LINESTRING (3134803.815 218128.3, 3134787.375 218139.313)	54	1625	0	53	false	1385	None
LINESTRING (3134787.375 218139.313, 3134768.266 218152.148)	54	1625	0	54	false	1385	None
LINESTRING (3134768.266 218152.148, 3134751.274 218163.066)	54	1625	0	55	false	1385	None
LINESTRING (3134751.274 218163.066, 3134737.257 218170.613)	54	1625	0	56	false	1385	None
LINESTRING (3134737.257 218170.613, 3134720.104 218179.92)	54	1625	0	57	false	1385	None
LINESTRING (3134720.104 218179.92, 3134709.308 218185.739)	54	1625	0	58	false	1385	None
LINESTRING (3134709.308 218185.739, 3134705.374 218187.786)	54	1625	0	59	false	1385	None
LINESTRING (3134705.374 218187.786, 3134661.089 218210.87)	54	1625	0	60	false	1385	None
LINESTRING (3134661.089 218210.87, 3134646.229 218218.566)	54	1625	0	61	false	1385	None
LINESTRING (3134646.229 218218.566, 3134637.983 218222.872)	54	1625	0	62	false	1385	None
LINESTRING (3134637.983 218222.872, 3134637.356 218223.225)	54	1625	0	63	false	1385	None
LINESTRING (3134637.356 218223.225, 3134620.751 218228.579)	54	1625	0	64	false	1385	None
LINESTRING (3134620.751 218228.579, 3134618.734 218229.226)	54	1625	0	65	false	1385	None
LINESTRING (3134618.734 218229.226, 3134611.907 218230.629)	54	1625	0	66	false	1385	None
LINESTRING (3134611.907 218230.629, 3134603.016 218232.543)	54	1625	0	67	false	1385	None
LINESTRING (3134603.016 218232.543, 3134561.849 218241.241)	54	1625	0	68	false	1385	None
LINESTRING (3134561.849 218241.241, 3134558.099 218242.051)	54	1625	0	69	false	1385	None
LINESTRING (3134558.099 218242.051, 3134538.975 218248.334)	54	1625	0	70	false	1385	None
LINESTRING (3134538.975 218248.334, 3134508.131 218264.601)	54	1625	0	71	false	1385	None
LINESTRING (3134508.131 218264.601, 3134490.739 218276.554)	54	1625	0	72	false	1385	None
LINESTRING (3134490.739 218276.554, 3134447.21 218309.098)	54	1625	0	73	false	1385	None
LINESTRING (3134447.21 218309.098, 3134410.556 218336.566)	54	1625	0	74	false	1385	None
LINESTRING (3134410.556 218336.566, 3134378.193 218360.815)	54	1625	0	75	false	1385	None
LINESTRING (3134378.193 218360.815, 3134327.5 218398.679)	54	1625	0	76	false	1385	None
LINESTRING (3134327.5 218398.679, 3134293.334 218429.611)	54	1625	0	77	false	1385	None
LINESTRING (3134293.334 218429.611, 3134283.667 218438.604)	54	1625	0	78	false	1385	None
LINESTRING (3134283.667 218438.604, 3134253.421 218466.768)	54	1625	0	79	false	1385	None
LINESTRING (3134253.421 218466.768, 3134237.823 218481.44)	54	1625	0	80	false	1385	None
LINESTRING (3134237.823 218481.44, 3134190.992 218525.561)	54	1625	0	81	false	1385	None
LINESTRING (3134190.992 218525.561, 3134175.27 218540.304)	54	1625	0	82	false	1385	None
LINESTRING (3134175.27 218540.304, 3134161.398 218552.55)	54	1625	0	83	false	1385	None
LINESTRING (3134161.398 218552.55, 3134145.986 218565.984)	54	1625	0	84	false	1385	None
LINESTRING (3134145.986 218565.984, 3134115.587 218579.33)	54	1625	0	85	false	1385	None
LINESTRING (3134115.587 218579.33, 3134106.699 218583.268)	54	1625	0	86	false	1385	None
LINESTRING (3134106.699 218583.268, 3134099.81 218587.624)	54	1625	0	87	false	1385	None
LINESTRING (3134099.81 218587.624, 3134071.333 218605.641)	54	1625	0	88	false	1385	None
LINESTRING (3134071.333 218605.641, 3134032.134 218636.648)	54	1625	0	89	false	1385	None
LINESTRING (3134032.134 218636.648, 3133919.653 218725.58)	54	1625	0	90	false	1385	None
LINESTRING (3133919.653 218725.58, 3133883.673 218750.81)	54	1625	0	91	false	1385	None
LINESTRING (3133883.673 218750.81, 3133856.513 218757.316)	54	1625	0	92	false	1385	None
LINESTRING (3133856.513 218757.316, 3133825.021 218757.264)	54	1625	0	93	false	1385	None
LINESTRING (3133825.021 218757.264, 3133813.509 218757.331)	54	1625	0	94	false	1385	None
LINESTRING (3133813.509 218757.331, 3133750.18 218753.047)	54	1625	0	95	false	1385	None
LINESTRING (3133750.18 218753.047, 3133732.855 218752.409)	54	1625	0	96	false	1385	None
LINESTRING (3133732.855 218752.409, 3133724.596 218752.188)	54	1625	0	97	false	1385	None
LINESTRING (3133724.596 218752.188, 3133695.423 218745.892)	54	1625	0	98	false	1385	W:3133703.884 218747.7180191273
LINESTRING (3138010.083 219182.387, 3137969.338 219207.187)	54	1625	0	1253	false	1385	E:3137981.717 219199.65235280394
LINESTRING (3137969.338 219207.187, 3137938.663 219225.772)	54	1625	0	1254	false	1385	None
LINESTRING (3137938.663 219225.772, 3137927.003 219232.799)	54	1625	0	1255	false	1385	None
LINESTRING (3137927.003 219232.799, 3137880.633 219263.751)	54	1625	0	1256	false	1385	None
LINESTRING (3137880.633 219263.751, 3137843.732 219294.089)	54	1625	0	1257	false	1385	None
LINESTRING (3137843.732 219294.089, 3137817.799 219318.68)	54	1625	0	1258	false	1385	None
LINESTRING (3137817.799 219318.68, 3137801.016 219335.626)	54	1625	0	1259	false	1385	None
LINESTRING (3137801.016 219335.626, 3137779.587 219358.986)	54	1625	0	1260	false	1385	None
LINESTRING (3137779.587 219358.986, 3137745.662 219397.859)	54	1625	0	1261	false	1385	None
LINESTRING (3137745.662 219397.859, 3137705.009 219446.744)	54	1625	0	1262	false	1385	None
LINESTRING (3137705.009 219446.744, 3137700.317 219453.02)	54	1625	0	1263	false	1385	None
LINESTRING (3137700.317 219453.02, 3137677.362 219490.194)	54	1625	0	1264	false	1385	None
LINESTRING (3137677.362 219490.194, 3137661.062 219521.853)	54	1625	0	1265	false	1385	None
LINESTRING (3137661.062 219521.853, 3137650.007 219547.329)	54	1625	0	1266	false	1385	None
LINESTRING (3137650.007 219547.329, 3137645.884 219558.47)	54	1625	0	1267	false	1385	None
LINESTRING (3137645.884 219558.47, 3137641.04 219573.497)	54	1625	0	1268	false	1385	None
LINESTRING (3137641.04 219573.497, 3137635.054 219596.535)	54	1625	0	1269	false	1385	None
LINESTRING (3137635.054 219596.535, 3137629.879 219623.815)	54	1625	0	1270	false	1385	None
LINESTRING (3137629.879 219623.815, 3137625.002 219659.188)	54	1625	0	1271	false	1385	None
LINESTRING (3137625.002 219659.188, 3137623.308 219679.008)	54	1625	0	1272	false	1385	None
LINESTRING (3137623.308 219679.008, 3137621.91 219714.777)	54	1625	0	1273	false	1385	None
LINESTRING (3137621.91 219714.777, 3137623.77 219774.311)	54	1625	0	1274	false	1385	None
LINESTRING (3137623.77 219774.311, 3137625.377 219802.078)	54	1625	0	1275	false	1385	None
LINESTRING (3137625.377 219802.078, 3137626.983 219813.891)	54	1625	0	1276	false	1385	None
LINESTRING (3137626.983 219813.891, 3137629.221 219825.593)	54	1625	0	1277	false	1385	None
LINESTRING (3137629.221 219825.593, 3137633.993 219844.944)	54	1625	0	1278	false	1385	None
LINESTRING (3137633.993 219844.944, 3137641.712 219867.58)	54	1625	0	1279	false	1385	None
LINESTRING (3137641.712 219867.58, 3137651.365 219889.538)	54	1625	0	1280	false	1385	None
LINESTRING (3137651.365 219889.538, 3137658.695 219903.809)	54	1625	0	1281	false	1385	None
LINESTRING (3137658.695 219903.809, 3137666.943 219917.484)	54	1625	0	1282	false	1385	None
LINESTRING (3137666.943 219917.484, 3137676.321 219930.525)	54	1625	0	1283	false	1385	None
LINESTRING (3137676.321 219930.525, 3137686.572 219942.833)	54	1625	0	1284	false	1385	None
LINESTRING (3137686.572 219942.833, 3137700.634 219957.214)	54	1625	0	1285	false	1385	None
LINESTRING (3137700.634 219957.214, 3137718.971 219977.539)	54	1625	0	1286	false	1385	None
LINESTRING (3137718.971 219977.539, 3137743.51 220004.911)	54	1625	0	1287	false	1385	None
LINESTRING (3137743.51 220004.911, 3137784.281 220049.173)	54	1625	0	1288	false	1385	None
LINESTRING (3137784.281 220049.173, 3137851.67 220113.162)	54	1625	0	1289	false	1385	None
LINESTRING (3137851.67 220113.162, 3137907.398 220166.201)	54	1625	0	1290	false	1385	None
LINESTRING (3137907.398 220166.201, 3137921.525 220179.655)	54	1625	0	1291	false	1385	None
LINESTRING (3137921.525 220179.655, 3137953.845 220208.736)	54	1625	0	1292	false	1385	None
LINESTRING (3137953.845 220208.736, 3137946.935 220220.225)	54	1625	0	1293	false	1385	None
LINESTRING (3137946.935 220220.225, 3137939.986 220231.817)	54	1625	0	1294	false	1385	None
LINESTRING (3137939.986 220231.817, 3137922.654 220260.813)	54	1625	0	1295	false	1385	None
LINESTRING (3137922.654 220260.813, 3137907.449 220282.3)	54	1625	0	1296	false	1385	None
LINESTRING (3137907.449 220282.3, 3137892.371 220291.811)	54	1625	0	1297	false	1385	None
LINESTRING (3137892.371 220291.811, 3137864.462 220305.039)	54	1625	0	1298	false	1385	None
LINESTRING (3137864.462 220305.039, 3137839.002 220311.953)	54	1625	0	1299	false	1385	None
LINESTRING (3137839.002 220311.953, 3137813.198 220314.687)	54	1625	0	1300	false	1385	None
LINESTRING (3137813.198 220314.687, 3137789.311 220311.973)	54	1625	0	1301	false	1385	None
LINESTRING (3137789.311 220311.973, 3137762.249 220303.265)	54	1625	0	1302	false	1385	None
LINESTRING (3137762.249 220303.265, 3137740.157 220295.414)	54	1625	0	1303	false	1385	None
LINESTRING (3137740.157 220295.414, 3137729.313 220295.019)	54	1625	0	1304	false	1385	None
LINESTRING (3137729.313 220295.019, 3137715.388 220299.025)	54	1625	0	1305	false	1385	None
LINESTRING (3137715.388 220299.025, 3137703.981 220311.984)	54	1625	0	1306	false	1385	None
LINESTRING (3137703.981 220311.984, 3137686.398 220335.049)	54	1625	0	1307	false	1385	None
LINESTRING (3137686.398 220335.049, 3137647.194 220380.448)	54	1625	0	1308	false	1385	None
LINESTRING (3137647.194 220380.448, 3137621.41 220396.047)	54	1625	0	1309	false	1385	None
LINESTRING (3137621.41 220396.047, 3137589.718 220410.427)	54	1625	0	1310	false	1385	None
LINESTRING (3137589.718 220410.427, 3137549.345 220424.656)	54	1625	0	1311	false	1385	None
LINESTRING (3137549.345 220424.656, 3137514.012 220437.03)	54	1625	0	1312	false	1385	None
LINESTRING (3137514.012 220437.03, 3137493.486 220443.12)	54	1625	0	1313	false	1385	None
LINESTRING (3137493.486 220443.12, 3137472.218 220448.089)	54	1625	0	1314	false	1385	None
LINESTRING (3137472.218 220448.089, 3137403.392 220449.859)	54	1625	0	1315	false	1385	None
LINESTRING (3137403.392 220449.859, 3137364.983 220450.921)	54	1625	0	1316	false	1385	None
LINESTRING (3137364.983 220450.921, 3137324.517 220454.757)	54	1625	0	1317	false	1385	None
LINESTRING (3137324.517 220454.757, 3137261.533 220462.483)	54	1625	0	1318	false	1385	None
LINESTRING (3137261.533 220462.483, 3137195.774 220475.086)	54	1625	0	1319	false	1385	None
LINESTRING (3137195.774 220475.086, 3137126.431 220488.324)	54	1625	0	1320	false	1385	None
LINESTRING (3137126.431 220488.324, 3137168.158 220404.497)	54	1625	0	1321	false	1385	None
LINESTRING (3137168.158 220404.497, 3137184.067 220364.472)	54	1625	0	1322	false	1385	None
LINESTRING (3137184.067 220364.472, 3137184.348 220363.747)	54	1625	0	1323	false	1385	None
LINESTRING (3137184.348 220363.747, 3137196.993 220321.505)	54	1625	0	1324	false	1385	None
LINESTRING (3137196.993 220321.505, 3137213.18 220258.73)	54	1625	0	1325	false	1385	None
LINESTRING (3137213.18 220258.73, 3137261.768 220115.416)	54	1625	0	1326	false	1385	None
LINESTRING (3137261.768 220115.416, 3137291.034 220016.877)	54	1625	0	1327	false	1385	None
LINESTRING (3137291.034 220016.877, 3137301.469 219972.23)	54	1625	0	1328	false	1385	None
LINESTRING (3137301.469 219972.23, 3137306.817 219949.064)	54	1625	0	1329	false	1385	None
LINESTRING (3137306.817 219949.064, 3137330.487 219870.023)	54	1625	0	1330	false	1385	None
LINESTRING (3137330.487 219870.023, 3137340.547 219841.54)	54	1625	0	1331	false	1385	None
LINESTRING (3137340.547 219841.54, 3137276.35 219802.487)	54	1625	0	1332	false	1385	None
LINESTRING (3137276.35 219802.487, 3137265.117 219795.751)	54	1625	0	1333	false	1385	None
LINESTRING (3137265.117 219795.751, 3137246.11 219771.835)	54	1625	0	1334	false	1385	None
LINESTRING (3137246.11 219771.835, 3137239.781 219750.928)	54	1625	0	1335	false	1385	None
LINESTRING (3137239.781 219750.928, 3137228.461 219692.491)	54	1625	0	1336	false	1385	None
LINESTRING (3137228.461 219692.491, 3137220.556 219637.401)	54	1625	0	1337	false	1385	None
LINESTRING (3137220.556 219637.401, 3137212.404 219606.503)	54	1625	0	1338	false	1385	None
LINESTRING (3137212.404 219606.503, 3137202.159 219586.578)	54	1625	0	1339	false	1385	None
LINESTRING (3137202.159 219586.578, 3137192.496 219578.071)	54	1625	0	1340	false	1385	None
LINESTRING (3137192.496 219578.071, 3137175.897 219563.898)	54	1625	0	1341	false	1385	None
LINESTRING (3137175.897 219563.898, 3137130.225 219540.123)	54	1625	0	1342	false	1385	None
LINESTRING (3137130.225 219540.123, 3137128.468 219539.084)	54	1625	0	1343	false	1385	None
LINESTRING (3137128.468 219539.084, 3137123.496 219536.205)	54	1625	0	1344	false	1385	None
LINESTRING (3137123.496 219536.205, 3137108.461 219527.877)	54	1625	0	1345	false	1385	None
LINESTRING (3137108.461 219527.877, 3137103.364 219525.068)	54	1625	0	1346	false	1385	None
LINESTRING (3137103.364 219525.068, 3137108.432 219496.794)	54	1625	0	1347	false	1385	None
LINESTRING (3137108.432 219496.794, 3137132.25 219351.499)	54	1625	0	1348	false	1385	None
LINESTRING (3137132.25 219351.499, 3137141.44 219268.513)	54	1625	0	1349	false	1385	None
LINESTRING (3137141.44 219268.513, 3137149.858 219198.918)	54	1625	0	1350	false	1385	None
LINESTRING (3137149.858 219198.918, 3137180.722 219181.357)	54	1625	0	1351	false	1385	None
LINESTRING (3137180.722 219181.357, 3137208.052 219174.688)	54	1625	0	1352	false	1385	None
LINESTRING (3137208.052 219174.688, 3137225.143 219164.289)	54	1625	0	1353	false	1385	None
LINESTRING (3137225.143 219164.289, 3137244.349 219147.924)	54	1625	0	1354	false	1385	None
LINESTRING (3137244.349 219147.924, 3137257.46 219139.434)	54	1625	0	1355	false	1385	None
LINESTRING (3137257.46 219139.434, 3137266.957 219136.211)	54	1625	0	1356	false	1385	None
LINESTRING (3137266.957 219136.211, 3137277.196 219139.942)	54	1625	0	1357	false	1385	None
LINESTRING (3137277.196 219139.942, 3137287.107 219140.212)	54	1625	0	1358	false	1385	None
LINESTRING (3137287.107 219140.212, 3137293.101 219137.416)	54	1625	0	1359	false	1385	None
LINESTRING (3137293.101 219137.416, 3137304.675 219128.331)	54	1625	0	1360	false	1385	None
LINESTRING (3137304.675 219128.331, 3137331.973 219108.317)	54	1625	0	1361	false	1385	None
LINESTRING (3137331.973 219108.317, 3137334.072 219107.463)	54	1625	0	1362	false	1385	None
LINESTRING (3137334.072 219107.463, 3137298.405 219033.042)	54	1625	0	1363	false	1385	None
LINESTRING (3137298.405 219033.042, 3137191.28 218810.089)	54	1625	0	1364	false	1385	None
LINESTRING (3137191.28 218810.089, 3137155.485 218735.738)	54	1625	0	1365	false	1385	None
LINESTRING (3137155.485 218735.738, 3137129.688 218677.644)	54	1625	0	1366	false	1385	None
LINESTRING (3137129.688 218677.644, 3137099.708 218627.81)	54	1625	0	1367	false	1385	None
LINESTRING (3137099.708 218627.81, 3137064.336 218569.339)	54	1625	0	1368	false	1385	None
LINESTRING (3137064.336 218569.339, 3136978.393 218458.412)	54	1625	0	1369	false	1385	None
LINESTRING (3136978.393 218458.412, 3136880.099 218351.986)	54	1625	0	1370	false	1385	None
LINESTRING (3136880.099 218351.986, 3136870.609 218341.761)	54	1625	0	1371	false	1385	None
LINESTRING (3136870.609 218341.761, 3136813.265 218291.325)	54	1625	0	1372	false	1385	None
LINESTRING (3136813.265 218291.325, 3136794.538 218274.782)	54	1625	0	1373	false	1385	None
LINESTRING (3136794.538 218274.782, 3136785.978 218268.489)	54	1625	0	1374	false	1385	None
LINESTRING (3136785.978 218268.489, 3136760.009 218249.854)	54	1625	0	1375	false	1385	None
LINESTRING (3136760.009 218249.854, 3136751.324 218243.631)	54	1625	0	1376	false	1385	None
LINESTRING (3136751.324 218243.631, 3136748.496 218242.059)	54	1625	0	1377	false	1385	None
LINESTRING (3136748.496 218242.059, 3136739.847 218237.517)	54	1625	0	1378	false	1385	None
LINESTRING (3136739.847 218237.517, 3136736.894 218236.015)	54	1625	0	1379	false	1385	None
LINESTRING (3136736.894 218236.015, 3136730.857 218232.843)	54	1625	0	1380	false	1385	None
LINESTRING (3136730.857 218232.843, 3136703.92 218218.476)	54	1625	0	1381	false	1385	None
LINESTRING (3136703.92 218218.476, 3136676.773 218204.147)	54	1625	0	1382	false	1385	None
LINESTRING (3136676.773 218204.147, 3136605.927 218163.718)	54	1625	0	1383	false	1385	None
LINESTRING (3136605.927 218163.718, 3136599.328 218159.97)	54	1625	0	1384	false	1385	None
LINESTRING (3136599.328 218159.97, 3136571.5 218149.425)	54	1625	0	1385	false	1385	None
