LINESTRING (3172369.028 201486.165, 3172346.369 201542.841)	125	1595	0	40	false	1963	S:3172359.756664514 201509.355
LINESTRING (3172346.369 201542.841, 3172337.224 201565.718)	125	1595	0	41	false	1963	None
LINESTRING (3172337.224 201565.718, 3172316.994 201616.433)	125	1595	0	42	false	1963	None
LINESTRING (3172316.994 201616.433, 3172256.184 201768.887)	125	1595	0	43	false	1963	None
LINESTRING (3172256.184 201768.887, 3172236.597 201817.708)	125	1595	0	44	false	1963	None
LINESTRING (3172236.597 201817.708, 3172235.788 201819.775)	125	1595	0	45	false	1963	None
LINESTRING (3172235.788 201819.775, 3172189.216 201936.331)	125	1595	0	46	false	1963	W:3172204.385 201898.36746044908
LINESTRING (3172147.964 202711.071, 3172357.965 202793.214)	125	1595	0	54	false	1963	W:3172204.385 202733.14037206478
LINESTRING (3172357.965 202793.214, 3172711.584 202931.548)	125	1595	0	55	false	1963	None
LINESTRING (3172711.584 202931.548, 3172577.225 203263.89)	125	1595	0	56	false	1963	None
LINESTRING (3172577.225 203263.89, 3172474.971 203516.439)	125	1595	0	57	false	1963	None
LINESTRING (3172474.971 203516.439, 3172453.428 203569.74)	125	1595	0	58	false	1963	None
LINESTRING (3172453.428 203569.74, 3172411.92 203672.31)	125	1595	0	59	false	1963	None
LINESTRING (3172411.92 203672.31, 3172363.668 203654.982)	125	1595	0	60	false	1963	None
LINESTRING (3172363.668 203654.982, 3172318.752 203638.96)	125	1595	0	61	false	1963	None
LINESTRING (3172318.752 203638.96, 3172195.581 203594.827)	125	1595	0	62	false	1963	W:3172204.385 203597.98153257664
LINESTRING (3180761.392 205508.786, 3180754.72 205517.493)	125	1076	0	815	false	2191	E:3180760.052 205510.53470803343
LINESTRING (3180754.72 205517.493, 3180745.115 205537.448)	125	1076	0	816	false	2191	None
LINESTRING (3180745.115 205537.448, 3180741.318 205550.144)	125	1076	0	817	false	2191	None
LINESTRING (3180741.318 205550.144, 3180736.263 205570.572)	125	1076	0	818	false	2191	None
LINESTRING (3180736.263 205570.572, 3180744.145 205585.944)	125	1076	0	819	false	2191	None
LINESTRING (3180744.145 205585.944, 3180739.185 205583.998)	125	1076	0	820	false	2191	None
LINESTRING (3180739.185 205583.998, 3180704.492 205606.03)	125	1076	0	821	false	2191	None
LINESTRING (3180704.492 205606.03, 3180708.366 205608.981)	125	1076	0	822	false	2191	None
LINESTRING (3180708.366 205608.981, 3180714.613 205613.935)	125	1076	0	823	false	2191	None
LINESTRING (3180714.613 205613.935, 3180719.828 205618.246)	125	1076	0	824	false	2191	None
LINESTRING (3180719.828 205618.246, 3180723.536 205621.37)	125	1076	0	825	false	2191	None
LINESTRING (3180723.536 205621.37, 3180731.254 205627.855)	125	1076	0	826	false	2191	None
LINESTRING (3180731.254 205627.855, 3180744.308 205640.606)	125	1076	0	827	false	2191	None
LINESTRING (3180744.308 205640.606, 3180751.971 205648.739)	125	1076	0	828	false	2191	None
LINESTRING (3180751.971 205648.739, 3180771.239 205669.292)	125	1076	0	829	false	2191	E:3180760.052 205657.35892905353
LINESTRING (3180760.763 208824.513, 3180743.151 208826.661)	125	1076	0	1017	false	2191	E:3180760.052 208824.59971519414
LINESTRING (3180743.151 208826.661, 3180691.839 208832.988)	125	1076	0	1018	false	2191	None
LINESTRING (3180691.839 208832.988, 3180633.416 208833.305)	125	1076	0	1019	false	2191	None
LINESTRING (3180633.416 208833.305, 3180596.021 208830.312)	125	1076	0	1020	false	2191	None
LINESTRING (3180596.021 208830.312, 3180585.434 208829.137)	125	1076	0	1021	false	2191	None
LINESTRING (3180585.434 208829.137, 3180553.502 208825.546)	125	1076	0	1022	false	2191	None
LINESTRING (3180553.502 208825.546, 3180542.83 208824.338)	125	1076	0	1023	false	2191	None
LINESTRING (3180542.83 208824.338, 3180434.834 208807.705)	125	1076	0	1024	false	2191	None
LINESTRING (3180434.834 208807.705, 3180414.282 208804.527)	125	1076	0	1025	false	2191	None
LINESTRING (3180414.282 208804.527, 3180362 208797.242)	125	1076	0	1026	false	2191	None
LINESTRING (3180362 208797.242, 3180315.682 208786.576)	125	1076	0	1027	false	2191	None
LINESTRING (3180315.682 208786.576, 3180277.135 208773.952)	125	1076	0	1028	false	2191	None
LINESTRING (3180277.135 208773.952, 3180243.828 208757.781)	125	1076	0	1029	false	2191	None
LINESTRING (3180243.828 208757.781, 3180213.964 208737.359)	125	1076	0	1030	false	2191	None
LINESTRING (3180213.964 208737.359, 3180188.695 208715.283)	125	1076	0	1031	false	2191	None
LINESTRING (3180188.695 208715.283, 3180170.17 208695.376)	125	1076	0	1032	false	2191	None
LINESTRING (3180170.17 208695.376, 3180150.105 208667.831)	125	1076	0	1033	false	2191	None
LINESTRING (3180150.105 208667.831, 3180127.952 208637.56)	125	1076	0	1034	false	2191	None
LINESTRING (3180127.952 208637.56, 3180084.449 208574.472)	125	1076	0	1035	false	2191	None
LINESTRING (3180084.449 208574.472, 3180073.944 208559.262)	125	1076	0	1036	false	2191	None
LINESTRING (3180073.944 208559.262, 3180042.222 208513.911)	125	1076	0	1037	false	2191	None
LINESTRING (3180042.222 208513.911, 3180031.591 208498.772)	125	1076	0	1038	false	2191	None
LINESTRING (3180031.591 208498.772, 3180019.546 208508.351)	125	1076	0	1039	false	2191	None
LINESTRING (3180019.546 208508.351, 3180007.692 208525.993)	125	1076	0	1040	false	2191	None
LINESTRING (3180007.692 208525.993, 3179988.575 208577.98)	125	1076	0	1041	false	2191	None
LINESTRING (3179988.575 208577.98, 3179976.847 208604.852)	125	1076	0	1042	false	2191	None
LINESTRING (3179976.847 208604.852, 3179975.987 208606.541)	125	1076	0	1043	false	2191	None
LINESTRING (3179975.987 208606.541, 3179970.93 208615.405)	125	1076	0	1044	false	2191	None
LINESTRING (3179970.93 208615.405, 3179961.975 208629.178)	125	1076	0	1045	false	2191	None
LINESTRING (3179961.975 208629.178, 3179927.691 208668.537)	125	1076	0	1046	false	2191	None
LINESTRING (3179927.691 208668.537, 3179853.619 208759.523)	125	1076	0	1047	false	2191	None
LINESTRING (3179853.619 208759.523, 3179840.563 208778.72)	125	1076	0	1048	false	2191	None
LINESTRING (3179840.563 208778.72, 3179836.129 208793.79)	125	1076	0	1049	false	2191	None
LINESTRING (3179836.129 208793.79, 3179828.61 208828.035)	125	1076	0	1050	false	2191	None
LINESTRING (3179828.61 208828.035, 3179821.849 208924.45)	125	1076	0	1051	false	2191	None
LINESTRING (3179821.849 208924.45, 3179816.807 208994.359)	125	1076	0	1052	false	2191	None
LINESTRING (3179816.807 208994.359, 3179812.869 209029.533)	125	1076	0	1053	false	2191	None
LINESTRING (3179812.869 209029.533, 3179808.628 209045.87)	125	1076	0	1054	false	2191	None
LINESTRING (3179808.628 209045.87, 3179804.985 209043.844)	125	1076	0	1055	false	2191	None
LINESTRING (3179804.985 209043.844, 3179799.164 209041.083)	125	1076	0	1056	false	2191	None
LINESTRING (3179799.164 209041.083, 3179795.911 209039.569)	125	1076	0	1057	false	2191	None
LINESTRING (3179795.911 209039.569, 3179786.554 209036.016)	125	1076	0	1058	false	2191	None
LINESTRING (3179786.554 209036.016, 3179777.039 209033.117)	125	1076	0	1059	false	2191	None
LINESTRING (3179777.039 209033.117, 3179767.281 209030.838)	125	1076	0	1060	false	2191	None
LINESTRING (3179767.281 209030.838, 3179757.45 209029.246)	125	1076	0	1061	false	2191	None
LINESTRING (3179757.45 209029.246, 3179717.565 209026.828)	125	1076	0	1062	false	2191	None
LINESTRING (3179717.565 209026.828, 3179707.553 209026.954)	125	1076	0	1063	false	2191	None
LINESTRING (3179707.553 209026.954, 3179697.565 209026.015)	125	1076	0	1064	false	2191	None
LINESTRING (3179697.565 209026.015, 3179687.73 209024.182)	125	1076	0	1065	false	2191	None
LINESTRING (3179687.73 209024.182, 3179678.175 209021.387)	125	1076	0	1066	false	2191	None
LINESTRING (3179678.175 209021.387, 3179668.858 209017.731)	125	1076	0	1067	false	2191	None
LINESTRING (3179668.858 209017.731, 3179663.631 209014.965)	125	1076	0	1068	false	2191	None
LINESTRING (3179663.631 209014.965, 3179659.992 209013.179)	125	1076	0	1069	false	2191	None
LINESTRING (3179659.992 209013.179, 3179627.115 208990.385)	125	1076	0	1070	false	2191	None
LINESTRING (3179627.115 208990.385, 3179619.406 208984.141)	125	1076	0	1071	false	2191	None
LINESTRING (3179619.406 208984.141, 3179611.197 208978.416)	125	1076	0	1072	false	2191	None
LINESTRING (3179611.197 208978.416, 3179602.492 208973.451)	125	1076	0	1073	false	2191	None
LINESTRING (3179602.492 208973.451, 3179593.504 208969.21)	125	1076	0	1074	false	2191	None
LINESTRING (3179593.504 208969.21, 3179584.147 208965.657)	125	1076	0	1075	false	2191	None
LINESTRING (3179584.147 208965.657, 3179574.506 208962.828)	125	1076	0	1076	false	2191	None
LINESTRING (3179574.506 208962.828, 3179564.752 208960.79)	125	1076	0	1077	false	2191	None
LINESTRING (3179564.752 208960.79, 3179554.841 208959.404)	125	1076	0	1078	false	2191	None
LINESTRING (3179554.841 208959.404, 3179544.857 208958.706)	125	1076	0	1079	false	2191	None
LINESTRING (3179544.857 208958.706, 3179534.886 208958.728)	125	1076	0	1080	false	2191	None
LINESTRING (3179534.886 208958.728, 3179524.969 208959.367)	125	1076	0	1081	false	2191	None
LINESTRING (3179524.969 208959.367, 3179515.254 208961.755)	125	1076	0	1082	false	2191	None
LINESTRING (3179515.254 208961.755, 3179506.254 208966.091)	125	1076	0	1083	false	2191	None
LINESTRING (3179506.254 208966.091, 3179498.216 208971.998)	125	1076	0	1084	false	2191	None
LINESTRING (3179498.216 208971.998, 3179491.433 208979.231)	125	1076	0	1085	false	2191	None
LINESTRING (3179491.433 208979.231, 3179486.502 208988.026)	125	1076	0	1086	false	2191	None
LINESTRING (3179486.502 208988.026, 3179480.884 208996.313)	125	1076	0	1087	false	2191	None
LINESTRING (3179480.884 208996.313, 3179474.663 209004.125)	125	1076	0	1088	false	2191	None
LINESTRING (3179474.663 209004.125, 3179467.709 209011.291)	125	1076	0	1089	false	2191	None
LINESTRING (3179467.709 209011.291, 3179460.278 209017.913)	125	1076	0	1090	false	2191	None
LINESTRING (3179460.278 209017.913, 3179452.284 209023.956)	125	1076	0	1091	false	2191	None
LINESTRING (3179452.284 209023.956, 3179443.81 209029.215)	125	1076	0	1092	false	2191	None
LINESTRING (3179443.81 209029.215, 3179434.9 209033.825)	125	1076	0	1093	false	2191	None
LINESTRING (3179434.9 209033.825, 3179425.414 209037.137)	125	1076	0	1094	false	2191	None
LINESTRING (3179425.414 209037.137, 3179416.234 209040.927)	125	1076	0	1095	false	2191	None
LINESTRING (3179416.234 209040.927, 3179398.454 209050.045)	125	1076	0	1096	false	2191	None
LINESTRING (3179398.454 209050.045, 3179389.979 209055.303)	125	1076	0	1097	false	2191	None
LINESTRING (3179389.979 209055.303, 3179373.863 209067.22)	125	1076	0	1098	false	2191	None
LINESTRING (3179373.863 209067.22, 3179366.347 209073.808)	125	1076	0	1099	false	2191	None
LINESTRING (3179366.347 209073.808, 3179359.177 209080.771)	125	1076	0	1100	false	2191	None
LINESTRING (3179359.177 209080.771, 3179351.53 209087.189)	125	1076	0	1101	false	2191	None
LINESTRING (3179351.53 209087.189, 3179343.276 209092.891)	125	1076	0	1102	false	2191	None
LINESTRING (3179343.276 209092.891, 3179334.671 209097.98)	125	1076	0	1103	false	2191	None
LINESTRING (3179334.671 209097.98, 3179316.527 209105.763)	125	1076	0	1104	false	2191	None
LINESTRING (3179316.527 209105.763, 3179306.534 209106.849)	125	1076	0	1105	false	2191	None
LINESTRING (3179306.534 209106.849, 3179296.721 209108.483)	125	1076	0	1106	false	2191	None
LINESTRING (3179296.721 209108.483, 3179287.006 209110.871)	125	1076	0	1107	false	2191	None
LINESTRING (3179287.006 209110.871, 3179277.385 209113.772)	125	1076	0	1108	false	2191	None
LINESTRING (3179277.385 209113.772, 3179258.985 209121.455)	125	1076	0	1109	false	2191	None
LINESTRING (3179258.985 209121.455, 3179251.506 209125.435)	125	1076	0	1110	false	2191	None
LINESTRING (3179251.506 209125.435, 3179250.16 209126.099)	125	1076	0	1111	false	2191	None
LINESTRING (3179250.16 209126.099, 3179241.731 209131.495)	125	1076	0	1112	false	2191	None
LINESTRING (3179241.731 209131.495, 3179233.783 209137.676)	125	1076	0	1113	false	2191	None
LINESTRING (3179233.783 209137.676, 3179226.483 209144.468)	125	1076	0	1114	false	2191	None
LINESTRING (3179226.483 209144.468, 3179220.347 209152.313)	125	1076	0	1115	false	2191	None
LINESTRING (3179220.347 209152.313, 3179212.962 209159.072)	125	1076	0	1116	false	2191	None
LINESTRING (3179212.962 209159.072, 3179204.618 209164.501)	125	1076	0	1117	false	2191	None
LINESTRING (3179204.618 209164.501, 3179195.442 209168.531)	125	1076	0	1118	false	2191	None
LINESTRING (3179195.442 209168.531, 3179185.49 209169.514)	125	1076	0	1119	false	2191	None
LINESTRING (3179185.49 209169.514, 3179175.775 209171.902)	125	1076	0	1120	false	2191	None
LINESTRING (3179175.775 209171.902, 3179166.55 209175.555)	125	1076	0	1121	false	2191	None
LINESTRING (3179166.55 209175.555, 3179158.427 209181.428)	125	1076	0	1122	false	2191	None
LINESTRING (3179158.427 209181.428, 3179149.113 209184.808)	125	1076	0	1123	false	2191	None
LINESTRING (3179149.113 209184.808, 3179136.316 209188.013)	125	1076	0	1124	false	2191	None
LINESTRING (3179136.316 209188.013, 3179114.709 209192.054)	125	1076	0	1125	false	2191	None
LINESTRING (3179114.709 209192.054, 3179108.216 209194.275)	125	1076	0	1126	false	2191	None
LINESTRING (3179108.216 209194.275, 3179105.264 209195.263)	125	1076	0	1127	false	2191	None
LINESTRING (3179105.264 209195.263, 3179096.484 209200.044)	125	1076	0	1128	false	2191	None
LINESTRING (3179096.484 209200.044, 3179088.447 209205.951)	125	1076	0	1129	false	2191	None
LINESTRING (3179088.447 209205.951, 3179081.578 209213.151)	125	1076	0	1130	false	2191	None
LINESTRING (3179081.578 209213.151, 3179074.237 209220.047)	125	1076	0	1131	false	2191	None
LINESTRING (3179074.237 209220.047, 3179058.684 209232.542)	125	1076	0	1132	false	2191	None
LINESTRING (3179058.684 209232.542, 3179050.43 209238.245)	125	1076	0	1133	false	2191	None
LINESTRING (3179050.43 209238.245, 3179033.266 209248.56)	125	1076	0	1134	false	2191	None
LINESTRING (3179033.266 209248.56, 3179017.061 209260.203)	125	1076	0	1135	false	2191	None
LINESTRING (3179017.061 209260.203, 3178994.252 209279.628)	125	1076	0	1136	false	2191	None
LINESTRING (3178994.252 209279.628, 3178978.136 209291.545)	125	1076	0	1137	false	2191	None
LINESTRING (3178978.136 209291.545, 3178969.838 209297.112)	125	1076	0	1138	false	2191	None
LINESTRING (3178969.838 209297.112, 3178961.189 209302.064)	125	1076	0	1139	false	2191	None
LINESTRING (3178961.189 209302.064, 3178952.234 209306.538)	125	1076	0	1140	false	2191	None
LINESTRING (3178952.234 209306.538, 3178943.014 209310.431)	125	1076	0	1141	false	2191	None
LINESTRING (3178943.014 209310.431, 3178933.614 209313.777)	125	1076	0	1142	false	2191	None
LINESTRING (3178933.614 209313.777, 3178923.944 209316.302)	125	1076	0	1143	false	2191	None
LINESTRING (3178923.944 209316.302, 3178914.944 209320.64)	125	1076	0	1144	false	2191	None
LINESTRING (3178914.944 209320.64, 3178906.907 209326.547)	125	1076	0	1145	false	2191	None
LINESTRING (3178906.907 209326.547, 3178898.348 209331.773)	125	1076	0	1146	false	2191	None
LINESTRING (3178898.348 209331.773, 3178889.258 209335.836)	125	1076	0	1147	false	2191	None
LINESTRING (3178889.258 209335.836, 3178880.479 209340.618)	125	1076	0	1148	false	2191	None
LINESTRING (3178880.479 209340.618, 3178872.095 209346.151)	125	1076	0	1149	false	2191	None
LINESTRING (3178872.095 209346.151, 3178864.102 209352.195)	125	1076	0	1150	false	2191	None
LINESTRING (3178864.102 209352.195, 3178856.672 209358.817)	125	1076	0	1151	false	2191	N:3178860.840295077 209355.102
LINESTRING (3172195.581 203594.827, 3172318.752 203638.96)	125	1076	0	2124	false	2191	W:3172204.385 203597.98153257664
LINESTRING (3172318.752 203638.96, 3172363.668 203654.982)	125	1076	0	2125	false	2191	None
LINESTRING (3172363.668 203654.982, 3172411.92 203672.31)	125	1076	0	2126	false	2191	None
LINESTRING (3172411.92 203672.31, 3172453.428 203569.74)	125	1076	0	2127	false	2191	None
LINESTRING (3172453.428 203569.74, 3172474.971 203516.439)	125	1076	0	2128	false	2191	None
LINESTRING (3172474.971 203516.439, 3172577.225 203263.89)	125	1076	0	2129	false	2191	None
LINESTRING (3172577.225 203263.89, 3172711.584 202931.548)	125	1076	0	2130	false	2191	None
LINESTRING (3172711.584 202931.548, 3172357.965 202793.214)	125	1076	0	2131	false	2191	None
LINESTRING (3172357.965 202793.214, 3172147.964 202711.071)	125	1076	0	2132	false	2191	W:3172204.385 202733.14037206478
LINESTRING (3172189.216 201936.331, 3172235.788 201819.775)	125	1076	0	2140	false	2191	W:3172204.385 201898.36746044908
LINESTRING (3172235.788 201819.775, 3172236.597 201817.708)	125	1076	0	2141	false	2191	None
LINESTRING (3172236.597 201817.708, 3172256.184 201768.887)	125	1076	0	2142	false	2191	None
LINESTRING (3172256.184 201768.887, 3172316.994 201616.433)	125	1076	0	2143	false	2191	None
LINESTRING (3172316.994 201616.433, 3172337.224 201565.718)	125	1076	0	2144	false	2191	None
LINESTRING (3172337.224 201565.718, 3172346.369 201542.841)	125	1076	0	2145	false	2191	None
LINESTRING (3172346.369 201542.841, 3172369.028 201486.165)	125	1076	0	2146	false	2191	S:3172359.756664514 201509.355
LINESTRING (3178856.672 209358.817, 3178864.102 209352.195)	125	1077	0	1064	false	1972	N:3178860.840295077 209355.102
LINESTRING (3178864.102 209352.195, 3178872.095 209346.151)	125	1077	0	1065	false	1972	None
LINESTRING (3178872.095 209346.151, 3178880.479 209340.618)	125	1077	0	1066	false	1972	None
LINESTRING (3178880.479 209340.618, 3178889.258 209335.836)	125	1077	0	1067	false	1972	None
LINESTRING (3178889.258 209335.836, 3178898.348 209331.773)	125	1077	0	1068	false	1972	None
LINESTRING (3178898.348 209331.773, 3178906.907 209326.547)	125	1077	0	1069	false	1972	None
LINESTRING (3178906.907 209326.547, 3178914.944 209320.64)	125	1077	0	1070	false	1972	None
LINESTRING (3178914.944 209320.64, 3178923.944 209316.302)	125	1077	0	1071	false	1972	None
LINESTRING (3178923.944 209316.302, 3178933.614 209313.777)	125	1077	0	1072	false	1972	None
LINESTRING (3178933.614 209313.777, 3178943.014 209310.431)	125	1077	0	1073	false	1972	None
LINESTRING (3178943.014 209310.431, 3178952.234 209306.538)	125	1077	0	1074	false	1972	None
LINESTRING (3178952.234 209306.538, 3178961.189 209302.064)	125	1077	0	1075	false	1972	None
LINESTRING (3178961.189 209302.064, 3178969.838 209297.112)	125	1077	0	1076	false	1972	None
LINESTRING (3178969.838 209297.112, 3178978.136 209291.545)	125	1077	0	1077	false	1972	None
LINESTRING (3178978.136 209291.545, 3178994.252 209279.628)	125	1077	0	1078	false	1972	None
LINESTRING (3178994.252 209279.628, 3179017.061 209260.203)	125	1077	0	1079	false	1972	None
LINESTRING (3179017.061 209260.203, 3179033.266 209248.56)	125	1077	0	1080	false	1972	None
LINESTRING (3179033.266 209248.56, 3179050.43 209238.245)	125	1077	0	1081	false	1972	None
LINESTRING (3179050.43 209238.245, 3179058.684 209232.542)	125	1077	0	1082	false	1972	None
LINESTRING (3179058.684 209232.542, 3179074.237 209220.047)	125	1077	0	1083	false	1972	None
LINESTRING (3179074.237 209220.047, 3179081.578 209213.151)	125	1077	0	1084	false	1972	None
LINESTRING (3179081.578 209213.151, 3179088.447 209205.951)	125	1077	0	1085	false	1972	None
LINESTRING (3179088.447 209205.951, 3179096.484 209200.044)	125	1077	0	1086	false	1972	None
LINESTRING (3179096.484 209200.044, 3179105.264 209195.263)	125	1077	0	1087	false	1972	None
LINESTRING (3179105.264 209195.263, 3179108.216 209194.275)	125	1077	0	1088	false	1972	None
LINESTRING (3179108.216 209194.275, 3179114.709 209192.054)	125	1077	0	1089	false	1972	None
LINESTRING (3179114.709 209192.054, 3179136.316 209188.013)	125	1077	0	1090	false	1972	None
LINESTRING (3179136.316 209188.013, 3179149.113 209184.808)	125	1077	0	1091	false	1972	None
LINESTRING (3179149.113 209184.808, 3179158.427 209181.428)	125	1077	0	1092	false	1972	None
LINESTRING (3179158.427 209181.428, 3179166.55 209175.555)	125	1077	0	1093	false	1972	None
LINESTRING (3179166.55 209175.555, 3179175.775 209171.902)	125	1077	0	1094	false	1972	None
LINESTRING (3179175.775 209171.902, 3179185.49 209169.514)	125	1077	0	1095	false	1972	None
LINESTRING (3179185.49 209169.514, 3179195.442 209168.531)	125	1077	0	1096	false	1972	None
LINESTRING (3179195.442 209168.531, 3179204.618 209164.501)	125	1077	0	1097	false	1972	None
LINESTRING (3179204.618 209164.501, 3179212.962 209159.072)	125	1077	0	1098	false	1972	None
LINESTRING (3179212.962 209159.072, 3179220.347 209152.313)	125	1077	0	1099	false	1972	None
LINESTRING (3179220.347 209152.313, 3179226.483 209144.468)	125	1077	0	1100	false	1972	None
LINESTRING (3179226.483 209144.468, 3179233.783 209137.676)	125	1077	0	1101	false	1972	None
LINESTRING (3179233.783 209137.676, 3179241.731 209131.495)	125	1077	0	1102	false	1972	None
LINESTRING (3179241.731 209131.495, 3179250.16 209126.099)	125	1077	0	1103	false	1972	None
LINESTRING (3179250.16 209126.099, 3179251.506 209125.435)	125	1077	0	1104	false	1972	None
LINESTRING (3179251.506 209125.435, 3179258.985 209121.455)	125	1077	0	1105	false	1972	None
LINESTRING (3179258.985 209121.455, 3179277.385 209113.772)	125	1077	0	1106	false	1972	None
LINESTRING (3179277.385 209113.772, 3179287.006 209110.871)	125	1077	0	1107	false	1972	None
LINESTRING (3179287.006 209110.871, 3179296.721 209108.483)	125	1077	0	1108	false	1972	None
LINESTRING (3179296.721 209108.483, 3179306.534 209106.849)	125	1077	0	1109	false	1972	None
LINESTRING (3179306.534 209106.849, 3179316.527 209105.763)	125	1077	0	1110	false	1972	None
LINESTRING (3179316.527 209105.763, 3179334.671 209097.98)	125	1077	0	1111	false	1972	None
LINESTRING (3179334.671 209097.98, 3179343.276 209092.891)	125	1077	0	1112	false	1972	None
LINESTRING (3179343.276 209092.891, 3179351.53 209087.189)	125	1077	0	1113	false	1972	None
LINESTRING (3179351.53 209087.189, 3179359.177 209080.771)	125	1077	0	1114	false	1972	None
LINESTRING (3179359.177 209080.771, 3179366.347 209073.808)	125	1077	0	1115	false	1972	None
LINESTRING (3179366.347 209073.808, 3179373.863 209067.22)	125	1077	0	1116	false	1972	None
LINESTRING (3179373.863 209067.22, 3179389.979 209055.303)	125	1077	0	1117	false	1972	None
LINESTRING (3179389.979 209055.303, 3179398.454 209050.045)	125	1077	0	1118	false	1972	None
LINESTRING (3179398.454 209050.045, 3179416.234 209040.927)	125	1077	0	1119	false	1972	None
LINESTRING (3179416.234 209040.927, 3179425.414 209037.137)	125	1077	0	1120	false	1972	None
LINESTRING (3179425.414 209037.137, 3179434.9 209033.825)	125	1077	0	1121	false	1972	None
LINESTRING (3179434.9 209033.825, 3179443.81 209029.215)	125	1077	0	1122	false	1972	None
LINESTRING (3179443.81 209029.215, 3179452.284 209023.956)	125	1077	0	1123	false	1972	None
LINESTRING (3179452.284 209023.956, 3179460.278 209017.913)	125	1077	0	1124	false	1972	None
LINESTRING (3179460.278 209017.913, 3179467.709 209011.291)	125	1077	0	1125	false	1972	None
LINESTRING (3179467.709 209011.291, 3179474.663 209004.125)	125	1077	0	1126	false	1972	None
LINESTRING (3179474.663 209004.125, 3179480.884 208996.313)	125	1077	0	1127	false	1972	None
LINESTRING (3179480.884 208996.313, 3179486.502 208988.026)	125	1077	0	1128	false	1972	None
LINESTRING (3179486.502 208988.026, 3179491.433 208979.231)	125	1077	0	1129	false	1972	None
LINESTRING (3179491.433 208979.231, 3179498.216 208971.998)	125	1077	0	1130	false	1972	None
LINESTRING (3179498.216 208971.998, 3179506.254 208966.091)	125	1077	0	1131	false	1972	None
LINESTRING (3179506.254 208966.091, 3179515.254 208961.755)	125	1077	0	1132	false	1972	None
LINESTRING (3179515.254 208961.755, 3179524.969 208959.367)	125	1077	0	1133	false	1972	None
LINESTRING (3179524.969 208959.367, 3179534.886 208958.728)	125	1077	0	1134	false	1972	None
LINESTRING (3179534.886 208958.728, 3179544.857 208958.706)	125	1077	0	1135	false	1972	None
LINESTRING (3179544.857 208958.706, 3179554.841 208959.404)	125	1077	0	1136	false	1972	None
LINESTRING (3179554.841 208959.404, 3179564.752 208960.79)	125	1077	0	1137	false	1972	None
LINESTRING (3179564.752 208960.79, 3179574.506 208962.828)	125	1077	0	1138	false	1972	None
LINESTRING (3179574.506 208962.828, 3179584.147 208965.657)	125	1077	0	1139	false	1972	None
LINESTRING (3179584.147 208965.657, 3179593.504 208969.21)	125	1077	0	1140	false	1972	None
LINESTRING (3179593.504 208969.21, 3179602.492 208973.451)	125	1077	0	1141	false	1972	None
LINESTRING (3179602.492 208973.451, 3179611.197 208978.416)	125	1077	0	1142	false	1972	None
LINESTRING (3179611.197 208978.416, 3179619.406 208984.141)	125	1077	0	1143	false	1972	None
LINESTRING (3179619.406 208984.141, 3179627.115 208990.385)	125	1077	0	1144	false	1972	None
LINESTRING (3179627.115 208990.385, 3179659.992 209013.179)	125	1077	0	1145	false	1972	None
LINESTRING (3179659.992 209013.179, 3179663.631 209014.965)	125	1077	0	1146	false	1972	None
LINESTRING (3179663.631 209014.965, 3179668.858 209017.731)	125	1077	0	1147	false	1972	None
LINESTRING (3179668.858 209017.731, 3179678.175 209021.387)	125	1077	0	1148	false	1972	None
LINESTRING (3179678.175 209021.387, 3179687.73 209024.182)	125	1077	0	1149	false	1972	None
LINESTRING (3179687.73 209024.182, 3179697.565 209026.015)	125	1077	0	1150	false	1972	None
LINESTRING (3179697.565 209026.015, 3179707.553 209026.954)	125	1077	0	1151	false	1972	None
LINESTRING (3179707.553 209026.954, 3179717.565 209026.828)	125	1077	0	1152	false	1972	None
LINESTRING (3179717.565 209026.828, 3179757.45 209029.246)	125	1077	0	1153	false	1972	None
LINESTRING (3179757.45 209029.246, 3179767.281 209030.838)	125	1077	0	1154	false	1972	None
LINESTRING (3179767.281 209030.838, 3179777.039 209033.117)	125	1077	0	1155	false	1972	None
LINESTRING (3179777.039 209033.117, 3179786.554 209036.016)	125	1077	0	1156	false	1972	None
LINESTRING (3179786.554 209036.016, 3179795.911 209039.569)	125	1077	0	1157	false	1972	None
LINESTRING (3179795.911 209039.569, 3179799.164 209041.083)	125	1077	0	1158	false	1972	None
LINESTRING (3179799.164 209041.083, 3179804.985 209043.844)	125	1077	0	1159	false	1972	None
LINESTRING (3179804.985 209043.844, 3179808.628 209045.87)	125	1077	0	1160	false	1972	None
LINESTRING (3179808.628 209045.87, 3179812.869 209029.533)	125	1077	0	1161	false	1972	None
LINESTRING (3179812.869 209029.533, 3179816.807 208994.359)	125	1077	0	1162	false	1972	None
LINESTRING (3179816.807 208994.359, 3179821.849 208924.45)	125	1077	0	1163	false	1972	None
LINESTRING (3179821.849 208924.45, 3179828.61 208828.035)	125	1077	0	1164	false	1972	None
LINESTRING (3179828.61 208828.035, 3179836.129 208793.79)	125	1077	0	1165	false	1972	None
LINESTRING (3179836.129 208793.79, 3179840.563 208778.72)	125	1077	0	1166	false	1972	None
LINESTRING (3179840.563 208778.72, 3179853.619 208759.523)	125	1077	0	1167	false	1972	None
LINESTRING (3179853.619 208759.523, 3179927.691 208668.537)	125	1077	0	1168	false	1972	None
LINESTRING (3179927.691 208668.537, 3179961.975 208629.178)	125	1077	0	1169	false	1972	None
LINESTRING (3179961.975 208629.178, 3179970.93 208615.405)	125	1077	0	1170	false	1972	None
LINESTRING (3179970.93 208615.405, 3179975.987 208606.541)	125	1077	0	1171	false	1972	None
LINESTRING (3179975.987 208606.541, 3179976.847 208604.852)	125	1077	0	1172	false	1972	None
LINESTRING (3179976.847 208604.852, 3179988.575 208577.98)	125	1077	0	1173	false	1972	None
LINESTRING (3179988.575 208577.98, 3180007.692 208525.993)	125	1077	0	1174	false	1972	None
LINESTRING (3180007.692 208525.993, 3180019.546 208508.351)	125	1077	0	1175	false	1972	None
LINESTRING (3180019.546 208508.351, 3180031.591 208498.772)	125	1077	0	1176	false	1972	None
LINESTRING (3180031.591 208498.772, 3180042.222 208513.911)	125	1077	0	1177	false	1972	None
LINESTRING (3180042.222 208513.911, 3180073.944 208559.262)	125	1077	0	1178	false	1972	None
LINESTRING (3180073.944 208559.262, 3180084.449 208574.472)	125	1077	0	1179	false	1972	None
LINESTRING (3180084.449 208574.472, 3180127.952 208637.56)	125	1077	0	1180	false	1972	None
LINESTRING (3180127.952 208637.56, 3180150.105 208667.831)	125	1077	0	1181	false	1972	None
LINESTRING (3180150.105 208667.831, 3180170.17 208695.376)	125	1077	0	1182	false	1972	None
LINESTRING (3180170.17 208695.376, 3180188.695 208715.283)	125	1077	0	1183	false	1972	None
LINESTRING (3180188.695 208715.283, 3180213.964 208737.359)	125	1077	0	1184	false	1972	None
LINESTRING (3180213.964 208737.359, 3180243.828 208757.781)	125	1077	0	1185	false	1972	None
LINESTRING (3180243.828 208757.781, 3180277.135 208773.952)	125	1077	0	1186	false	1972	None
LINESTRING (3180277.135 208773.952, 3180315.682 208786.576)	125	1077	0	1187	false	1972	None
LINESTRING (3180315.682 208786.576, 3180362 208797.242)	125	1077	0	1188	false	1972	None
LINESTRING (3180362 208797.242, 3180414.282 208804.527)	125	1077	0	1189	false	1972	None
LINESTRING (3180414.282 208804.527, 3180434.834 208807.705)	125	1077	0	1190	false	1972	None
LINESTRING (3180434.834 208807.705, 3180542.83 208824.338)	125	1077	0	1191	false	1972	None
LINESTRING (3180542.83 208824.338, 3180553.502 208825.546)	125	1077	0	1192	false	1972	None
LINESTRING (3180553.502 208825.546, 3180585.434 208829.137)	125	1077	0	1193	false	1972	None
LINESTRING (3180585.434 208829.137, 3180596.021 208830.312)	125	1077	0	1194	false	1972	None
LINESTRING (3180596.021 208830.312, 3180633.416 208833.305)	125	1077	0	1195	false	1972	None
LINESTRING (3180633.416 208833.305, 3180691.839 208832.988)	125	1077	0	1196	false	1972	None
LINESTRING (3180691.839 208832.988, 3180743.151 208826.661)	125	1077	0	1197	false	1972	None
LINESTRING (3180743.151 208826.661, 3180760.763 208824.513)	125	1077	0	1198	false	1972	E:3180760.052 208824.59971519414
LINESTRING (3180771.239 205669.292, 3180751.971 205648.739)	125	1079	0	1156	false	1284	E:3180760.052 205657.35892905353
LINESTRING (3180751.971 205648.739, 3180744.308 205640.606)	125	1079	0	1157	false	1284	None
LINESTRING (3180744.308 205640.606, 3180731.254 205627.855)	125	1079	0	1158	false	1284	None
LINESTRING (3180731.254 205627.855, 3180723.536 205621.37)	125	1079	0	1159	false	1284	None
LINESTRING (3180723.536 205621.37, 3180719.828 205618.246)	125	1079	0	1160	false	1284	None
LINESTRING (3180719.828 205618.246, 3180714.613 205613.935)	125	1079	0	1161	false	1284	None
LINESTRING (3180714.613 205613.935, 3180708.366 205608.981)	125	1079	0	1162	false	1284	None
LINESTRING (3180708.366 205608.981, 3180704.492 205606.03)	125	1079	0	1163	false	1284	None
LINESTRING (3180704.492 205606.03, 3180739.185 205583.998)	125	1079	0	1164	false	1284	None
LINESTRING (3180739.185 205583.998, 3180744.145 205585.944)	125	1079	0	1165	false	1284	None
LINESTRING (3180744.145 205585.944, 3180736.263 205570.572)	125	1079	0	1166	false	1284	None
LINESTRING (3180736.263 205570.572, 3180741.318 205550.144)	125	1079	0	1167	false	1284	None
LINESTRING (3180741.318 205550.144, 3180745.115 205537.448)	125	1079	0	1168	false	1284	None
LINESTRING (3180745.115 205537.448, 3180754.72 205517.493)	125	1079	0	1169	false	1284	None
LINESTRING (3180754.72 205517.493, 3180761.392 205508.786)	125	1079	0	1170	false	1284	E:3180760.052 205510.53470803343
