LINESTRING (3103761.183 236986.507, 3103757.517 236997.825)	22	1197	0	144	false	802	E:3103759.05 236993.0921865802
LINESTRING (3103757.517 236997.825, 3103756.092 237005.604)	22	1197	0	145	false	802	None
LINESTRING (3103756.092 237005.604, 3103755.217 237013.475)	22	1197	0	146	false	802	None
LINESTRING (3103755.217 237013.475, 3103755.533 237025.372)	22	1197	0	147	false	802	None
LINESTRING (3103755.533 237025.372, 3103756.774 237037.149)	22	1197	0	148	false	802	None
LINESTRING (3103756.774 237037.149, 3103760.131 237054.615)	22	1197	0	149	false	802	E:3103759.05 237048.99070866694
LINESTRING (3103765.052 237199.003, 3103759.004 237229.746)	22	1197	0	164	false	802	E:3103759.05 237229.51217427442
LINESTRING (3103759.004 237229.746, 3103757.335 237237.906)	22	1197	0	165	false	802	None
LINESTRING (3103757.335 237237.906, 3103755.747 237249.666)	22	1197	0	166	false	802	None
LINESTRING (3103755.747 237249.666, 3103755.547 237251.968)	22	1197	0	167	false	802	None
LINESTRING (3103755.547 237251.968, 3103753.8 237273.302)	22	1197	0	168	false	802	None
LINESTRING (3103753.8 237273.302, 3103754.03 237285.166)	22	1197	0	169	false	802	None
LINESTRING (3103754.03 237285.166, 3103753.669 237297.041)	22	1197	0	170	false	802	None
LINESTRING (3103753.669 237297.041, 3103755.206 237308.812)	22	1197	0	171	false	802	None
LINESTRING (3103755.206 237308.812, 3103757.2 237316.596)	22	1197	0	172	false	802	None
LINESTRING (3103757.2 237316.596, 3103760.154 237323.917)	22	1197	0	173	false	802	E:3103759.05 237321.18091875344
LINESTRING (3103768.1 238101.317, 3103756.779 238097.203)	22	1197	0	236	false	802	E:3103759.05 238098.02827108905
LINESTRING (3103756.779 238097.203, 3103752.872 238096.177)	22	1197	0	237	false	802	None
LINESTRING (3103752.872 238096.177, 3103743.78 238095.418)	22	1197	0	238	false	802	None
LINESTRING (3103743.78 238095.418, 3103731.767 238096.153)	22	1197	0	239	false	802	None
LINESTRING (3103731.767 238096.153, 3103727.859 238096.911)	22	1197	0	240	false	802	None
LINESTRING (3103727.859 238096.911, 3103716.372 238100.346)	22	1197	0	241	false	802	None
LINESTRING (3103716.372 238100.346, 3103694.028 238108.886)	22	1197	0	242	false	802	None
LINESTRING (3103694.028 238108.886, 3103683.216 238114.127)	22	1197	0	243	false	802	None
LINESTRING (3103683.216 238114.127, 3103676.387 238118.163)	22	1197	0	244	false	802	None
LINESTRING (3103676.387 238118.163, 3103666.539 238124.964)	22	1197	0	245	false	802	None
LINESTRING (3103666.539 238124.964, 3103655.359 238136.249)	22	1197	0	246	false	802	None
LINESTRING (3103655.359 238136.249, 3103646.154 238149.007)	22	1197	0	247	false	802	None
LINESTRING (3103646.154 238149.007, 3103639.436 238163.434)	22	1197	0	248	false	802	None
LINESTRING (3103639.436 238163.434, 3103635.043 238174.354)	22	1197	0	249	false	802	None
LINESTRING (3103635.043 238174.354, 3103626.944 238196.696)	22	1197	0	250	false	802	None
LINESTRING (3103626.944 238196.696, 3103623.743 238208.074)	22	1197	0	251	false	802	None
LINESTRING (3103623.743 238208.074, 3103619.713 238227.46)	22	1197	0	252	false	802	None
LINESTRING (3103619.713 238227.46, 3103618.761 238239.345)	22	1197	0	253	false	802	None
LINESTRING (3103618.761 238239.345, 3103619.201 238251.171)	22	1197	0	254	false	802	None
LINESTRING (3103619.201 238251.171, 3103623.142 238266.603)	22	1197	0	255	false	802	None
LINESTRING (3103623.142 238266.603, 3103627.66 238277.736)	22	1197	0	256	false	802	None
LINESTRING (3103627.66 238277.736, 3103631.369 238284.871)	22	1197	0	257	false	802	None
LINESTRING (3103631.369 238284.871, 3103639.256 238293.851)	22	1197	0	258	false	802	None
LINESTRING (3103639.256 238293.851, 3103648.587 238301.363)	22	1197	0	259	false	802	None
LINESTRING (3103648.587 238301.363, 3103655.558 238305.351)	22	1197	0	260	false	802	None
LINESTRING (3103655.558 238305.351, 3103666.356 238310.572)	22	1197	0	261	false	802	None
LINESTRING (3103666.356 238310.572, 3103683.597 238320.648)	22	1197	0	262	false	802	None
LINESTRING (3103683.597 238320.648, 3103705.762 238330.12)	22	1197	0	263	false	802	None
LINESTRING (3103705.762 238330.12, 3103717.203 238333.923)	22	1197	0	264	false	802	None
LINESTRING (3103717.203 238333.923, 3103725.13 238335.424)	22	1197	0	265	false	802	None
LINESTRING (3103725.13 238335.424, 3103749.015 238338.895)	22	1197	0	266	false	802	None
LINESTRING (3103749.015 238338.895, 3103760.803 238341.286)	22	1197	0	267	false	802	E:3103759.05 238340.9304330675
LINESTRING (3103771.199 239293.671, 3103674.974 239256.679)	22	1197	0	409	false	802	E:3103759.05 239289.00053174322
LINESTRING (3103674.974 239256.679, 3103400.772 239151.273)	22	1197	0	410	false	802	None
LINESTRING (3103400.772 239151.273, 3103379.313 239143.024)	22	1197	0	411	false	802	None
LINESTRING (3103379.313 239143.024, 3103280.702 239105.12)	22	1197	0	412	false	802	None
LINESTRING (3103280.702 239105.12, 3103277.295 239103.81)	22	1197	0	413	false	802	None
LINESTRING (3103277.295 239103.81, 3103261.372 239095.906)	22	1197	0	414	false	802	None
LINESTRING (3103261.372 239095.906, 3103203.658 239067.299)	22	1197	0	415	false	802	None
LINESTRING (3103203.658 239067.299, 3103184.363 239057.742)	22	1197	0	416	false	802	None
LINESTRING (3103184.363 239057.742, 3103170.575 239050.896)	22	1197	0	417	false	802	None
LINESTRING (3103170.575 239050.896, 3103160.015 239046.837)	22	1197	0	418	false	802	None
LINESTRING (3103160.015 239046.837, 3103085.161 239018.067)	22	1197	0	419	false	802	None
LINESTRING (3103085.161 239018.067, 3103068.385 239011.619)	22	1197	0	420	false	802	None
LINESTRING (3103068.385 239011.619, 3103060.125 239008.444)	22	1197	0	421	false	802	None
LINESTRING (3103060.125 239008.444, 3102971.561 238974.406)	22	1197	0	422	false	802	None
LINESTRING (3102971.561 238974.406, 3102705.695 238872.231)	22	1197	0	423	false	802	None
LINESTRING (3102705.695 238872.231, 3102618.236 238838.622)	22	1197	0	424	false	802	None
LINESTRING (3102618.236 238838.622, 3102617.044 238838.164)	22	1197	0	425	false	802	None
LINESTRING (3102617.044 238838.164, 3102592.178 238828.608)	22	1197	0	426	false	802	None
LINESTRING (3102592.178 238828.608, 3102517.407 238799.876)	22	1197	0	427	false	802	None
LINESTRING (3102517.407 238799.876, 3102492.455 238790.288)	22	1197	0	428	false	802	None
LINESTRING (3102492.455 238790.288, 3102482.917 238786.623)	22	1197	0	429	false	802	None
LINESTRING (3102482.917 238786.623, 3102455.24 238775.988)	22	1197	0	430	false	802	None
LINESTRING (3102455.24 238775.988, 3102454.343 238775.524)	22	1197	0	431	false	802	None
LINESTRING (3102454.343 238775.524, 3102445.901 238771.804)	22	1197	0	432	false	802	None
LINESTRING (3102445.901 238771.804, 3102444.874 238771.172)	22	1197	0	433	false	802	None
LINESTRING (3102444.874 238771.172, 3102407.808 238754.193)	22	1197	0	434	false	802	None
LINESTRING (3102407.808 238754.193, 3102295.952 238703.958)	22	1197	0	435	false	802	None
LINESTRING (3102295.952 238703.958, 3102288.021 238700.435)	22	1197	0	436	false	802	None
LINESTRING (3102288.021 238700.435, 3102273.947 238694.076)	22	1197	0	437	false	802	None
LINESTRING (3102273.947 238694.076, 3102249.264 238681.499)	22	1197	0	438	false	802	None
LINESTRING (3102249.264 238681.499, 3102174.935 238644.496)	22	1197	0	439	false	802	None
LINESTRING (3102174.935 238644.496, 3102173.697 238643.901)	22	1197	0	440	false	802	None
LINESTRING (3102173.697 238643.901, 3102172 238643.487)	22	1197	0	441	false	802	None
LINESTRING (3102172 238643.487, 3102148.494 238636.24)	22	1197	0	442	false	802	None
LINESTRING (3102148.494 238636.24, 3102126.776 238629.68)	22	1197	0	443	false	802	None
LINESTRING (3102126.776 238629.68, 3102061.834 238609.962)	22	1197	0	444	false	802	None
LINESTRING (3102061.834 238609.962, 3102040.031 238603.37)	22	1197	0	445	false	802	None
LINESTRING (3102040.031 238603.37, 3102033.695 238601.292)	22	1197	0	446	false	802	None
LINESTRING (3102033.695 238601.292, 3102033.4 238601.298)	22	1197	0	447	false	802	None
LINESTRING (3102033.4 238601.298, 3102025.025 238598.675)	22	1197	0	448	false	802	None
LINESTRING (3102025.025 238598.675, 3102011.667 238592.234)	22	1197	0	449	false	802	None
LINESTRING (3102011.667 238592.234, 3101928.962 238552.61)	22	1197	0	450	false	802	None
LINESTRING (3101928.962 238552.61, 3101901.309 238539.37)	22	1197	0	451	false	802	None
LINESTRING (3101901.309 238539.37, 3101900.201 238538.944)	22	1197	0	452	false	802	None
LINESTRING (3101900.201 238538.944, 3101896.761 238537.979)	22	1197	0	453	false	802	None
LINESTRING (3101896.761 238537.979, 3101895.614 238537.658)	22	1197	0	454	false	802	None
LINESTRING (3101895.614 238537.658, 3101895.358 238537.559)	22	1197	0	455	false	802	None
LINESTRING (3101895.358 238537.559, 3101871.137 238530.395)	22	1197	0	456	false	802	None
LINESTRING (3101871.137 238530.395, 3101798.432 238509.006)	22	1197	0	457	false	802	None
LINESTRING (3101798.432 238509.006, 3101774.085 238501.913)	22	1197	0	458	false	802	None
LINESTRING (3101774.085 238501.913, 3101772.086 238501.264)	22	1197	0	459	false	802	None
LINESTRING (3101772.086 238501.264, 3101769.412 238500.593)	22	1197	0	460	false	802	None
LINESTRING (3101769.412 238500.593, 3101767.919 238499.901)	22	1197	0	461	false	802	None
LINESTRING (3101767.919 238499.901, 3101765.994 238498.805)	22	1197	0	462	false	802	None
LINESTRING (3101765.994 238498.805, 3101763.99 238497.916)	22	1197	0	463	false	802	None
LINESTRING (3101763.99 238497.916, 3101740.805 238486.273)	22	1197	0	464	false	802	None
LINESTRING (3101740.805 238486.273, 3101670.919 238451.696)	22	1197	0	465	false	802	None
LINESTRING (3101670.919 238451.696, 3101662.681 238447.699)	22	1197	0	466	false	802	None
LINESTRING (3101662.681 238447.699, 3101656.634 238445.376)	22	1197	0	467	false	802	None
LINESTRING (3101656.634 238445.376, 3101646.926 238441.646)	22	1197	0	468	false	802	None
LINESTRING (3101646.926 238441.646, 3101606.439 238426.451)	22	1197	0	469	false	802	None
LINESTRING (3101606.439 238426.451, 3101485.017 238380.761)	22	1197	0	470	false	802	None
LINESTRING (3101485.017 238380.761, 3101444.444 238365.533)	22	1197	0	471	false	802	None
LINESTRING (3101444.444 238365.533, 3101454.392 238337.598)	22	1197	0	472	false	802	None
LINESTRING (3101454.392 238337.598, 3101464.376 238307.535)	22	1197	0	473	false	802	None
LINESTRING (3101464.376 238307.535, 3101465.369 238288.411)	22	1197	0	474	false	802	None
LINESTRING (3101465.369 238288.411, 3101462.103 238260.276)	22	1197	0	475	false	802	None
LINESTRING (3101462.103 238260.276, 3101465.192 238231.371)	22	1197	0	476	false	802	None
LINESTRING (3101465.192 238231.371, 3101468.803 238221.46)	22	1197	0	477	false	802	None
LINESTRING (3101468.803 238221.46, 3101471.181 238214.761)	22	1197	0	478	false	802	None
LINESTRING (3101471.181 238214.761, 3101473.878 238205.449)	22	1197	0	479	false	802	None
LINESTRING (3101473.878 238205.449, 3101477.51 238200.065)	22	1197	0	480	false	802	None
LINESTRING (3101477.51 238200.065, 3101479.794 238198.444)	22	1197	0	481	false	802	None
LINESTRING (3101479.794 238198.444, 3101487.212 238196.179)	22	1197	0	482	false	802	None
LINESTRING (3101487.212 238196.179, 3101491.541 238193.56)	22	1197	0	483	false	802	None
LINESTRING (3101491.541 238193.56, 3101495.227 238192.36)	22	1197	0	484	false	802	None
LINESTRING (3101495.227 238192.36, 3101500.073 238188.393)	22	1197	0	485	false	802	None
LINESTRING (3101500.073 238188.393, 3101500.655 238184.335)	22	1197	0	486	false	802	None
LINESTRING (3101500.655 238184.335, 3101506.74 238170.021)	22	1197	0	487	false	802	None
LINESTRING (3101506.74 238170.021, 3101509.212 238165.618)	22	1197	0	488	false	802	None
LINESTRING (3101509.212 238165.618, 3101512.503 238161.887)	22	1197	0	489	false	802	None
LINESTRING (3101512.503 238161.887, 3101520.74 238156.725)	22	1197	0	490	false	802	None
LINESTRING (3101520.74 238156.725, 3101570.749 238167.49)	22	1197	0	491	false	802	None
LINESTRING (3101570.749 238167.49, 3101578.247 238174.176)	22	1197	0	492	false	802	None
LINESTRING (3101578.247 238174.176, 3101584.916 238181.495)	22	1197	0	493	false	802	None
LINESTRING (3101584.916 238181.495, 3101590.801 238189.583)	22	1197	0	494	false	802	None
LINESTRING (3101590.801 238189.583, 3101595.895 238198.201)	22	1197	0	495	false	802	None
LINESTRING (3101595.895 238198.201, 3101601.022 238210.042)	22	1197	0	496	false	802	None
LINESTRING (3101601.022 238210.042, 3101602.189 238214.891)	22	1197	0	497	false	802	None
LINESTRING (3101602.189 238214.891, 3101604.862 238219.129)	22	1197	0	498	false	802	None
LINESTRING (3101604.862 238219.129, 3101608.608 238222.352)	22	1197	0	499	false	802	None
LINESTRING (3101608.608 238222.352, 3101613.252 238224.255)	22	1197	0	500	false	802	None
LINESTRING (3101613.252 238224.255, 3101618.159 238224.713)	22	1197	0	501	false	802	None
LINESTRING (3101618.159 238224.713, 3101623.072 238223.626)	22	1197	0	502	false	802	None
LINESTRING (3101623.072 238223.626, 3101630.697 238217.516)	22	1197	0	503	false	802	None
LINESTRING (3101630.697 238217.516, 3101635.031 238215.137)	22	1197	0	504	false	802	None
LINESTRING (3101635.031 238215.137, 3101642.866 238208.988)	22	1197	0	505	false	802	None
LINESTRING (3101642.866 238208.988, 3101646.241 238205.29)	22	1197	0	506	false	802	None
LINESTRING (3101646.241 238205.29, 3101651.704 238196.921)	22	1197	0	507	false	802	None
LINESTRING (3101651.704 238196.921, 3101653.751 238192.355)	22	1197	0	508	false	802	None
LINESTRING (3101653.751 238192.355, 3101655.287 238187.593)	22	1197	0	509	false	802	None
LINESTRING (3101655.287 238187.593, 3101656.312 238182.635)	22	1197	0	510	false	802	None
LINESTRING (3101656.312 238182.635, 3101656.747 238177.687)	22	1197	0	511	false	802	None
LINESTRING (3101656.747 238177.687, 3101656.473 238169.494)	22	1197	0	512	false	802	None
LINESTRING (3101656.473 238169.494, 3101652.436 238128.099)	22	1197	0	513	false	802	None
LINESTRING (3101652.436 238128.099, 3101650.112 238111.506)	22	1197	0	514	false	802	None
LINESTRING (3101650.112 238111.506, 3101648.872 238094.379)	22	1197	0	515	false	802	None
LINESTRING (3101648.872 238094.379, 3101642.034 238045.01)	22	1197	0	516	false	802	None
LINESTRING (3101642.034 238045.01, 3101641.185 238039.331)	22	1197	0	517	false	802	None
LINESTRING (3101641.185 238039.331, 3101635.881 238008.868)	22	1197	0	518	false	802	None
LINESTRING (3101635.881 238008.868, 3101628.29 237976.217)	22	1197	0	519	false	802	None
LINESTRING (3101628.29 237976.217, 3101620.155 237949.305)	22	1197	0	520	false	802	None
LINESTRING (3101620.155 237949.305, 3101611.543 237923.636)	22	1197	0	521	false	802	None
LINESTRING (3101611.543 237923.636, 3101610.228 237908.74)	22	1197	0	522	false	802	None
LINESTRING (3101610.228 237908.74, 3101609.161 237897.269)	22	1197	0	523	false	802	None
LINESTRING (3101609.161 237897.269, 3101602.238 237875.342)	22	1197	0	524	false	802	None
LINESTRING (3101602.238 237875.342, 3101592.891 237843.444)	22	1197	0	525	false	802	None
LINESTRING (3101592.891 237843.444, 3101582.183 237827.557)	22	1197	0	526	false	802	None
LINESTRING (3101582.183 237827.557, 3101581.235 237826.717)	22	1197	0	527	false	802	None
LINESTRING (3101581.235 237826.717, 3101557.847 237808.218)	22	1197	0	528	false	802	None
LINESTRING (3101557.847 237808.218, 3101538.53 237799.729)	22	1197	0	529	false	802	None
LINESTRING (3101538.53 237799.729, 3101523.454 237795.722)	22	1197	0	530	false	802	None
LINESTRING (3101523.454 237795.722, 3101507.296 237786.899)	22	1197	0	531	false	802	None
LINESTRING (3101507.296 237786.899, 3101492.002 237775.316)	22	1197	0	532	false	802	None
LINESTRING (3101492.002 237775.316, 3101475.581 237758.78)	22	1197	0	533	false	802	None
LINESTRING (3101475.581 237758.78, 3101468.726 237748.892)	22	1197	0	534	false	802	None
LINESTRING (3101468.726 237748.892, 3101472.616 237738.255)	22	1197	0	535	false	802	None
LINESTRING (3101472.616 237738.255, 3101485.894 237726.585)	22	1197	0	536	false	802	None
LINESTRING (3101485.894 237726.585, 3101504.401 237731.076)	22	1197	0	537	false	802	None
LINESTRING (3101504.401 237731.076, 3101517.162 237720.754)	22	1197	0	538	false	802	None
LINESTRING (3101517.162 237720.754, 3101524.235 237705.392)	22	1197	0	539	false	802	None
LINESTRING (3101524.235 237705.392, 3101526.805 237677.834)	22	1197	0	540	false	802	None
LINESTRING (3101526.805 237677.834, 3101523.503 237671.927)	22	1197	0	541	false	802	None
LINESTRING (3101523.503 237671.927, 3101501.363 237632.619)	22	1197	0	542	false	802	None
LINESTRING (3101501.363 237632.619, 3101492.385 237620.37)	22	1197	0	543	false	802	None
LINESTRING (3101492.385 237620.37, 3101470.284 237613.784)	22	1197	0	544	false	802	None
LINESTRING (3101470.284 237613.784, 3101449.067 237601.591)	22	1197	0	545	false	802	None
LINESTRING (3101449.067 237601.591, 3101415.226 237585.621)	22	1197	0	546	false	802	None
LINESTRING (3101415.226 237585.621, 3101402.936 237574.359)	22	1197	0	547	false	802	None
LINESTRING (3101402.936 237574.359, 3101383.923 237560.753)	22	1197	0	548	false	802	None
LINESTRING (3101383.923 237560.753, 3101370.367 237538.539)	22	1197	0	549	false	802	None
LINESTRING (3101370.367 237538.539, 3101369.556 237536.324)	22	1197	0	550	false	802	None
LINESTRING (3101369.556 237536.324, 3101354.529 237499.868)	22	1197	0	551	false	802	None
LINESTRING (3101354.529 237499.868, 3101341.351 237470.306)	22	1197	0	552	false	802	None
LINESTRING (3101341.351 237470.306, 3101331.43 237433.788)	22	1197	0	553	false	802	None
LINESTRING (3101331.43 237433.788, 3101322.829 237414.191)	22	1197	0	554	false	802	None
LINESTRING (3101322.829 237414.191, 3101316.695 237404.461)	22	1197	0	555	false	802	None
LINESTRING (3101316.695 237404.461, 3101305.811 237397.427)	22	1197	0	556	false	802	None
LINESTRING (3101305.811 237397.427, 3101287.383 237394.512)	22	1197	0	557	false	802	None
LINESTRING (3101287.383 237394.512, 3101267.527 237395.569)	22	1197	0	558	false	802	None
LINESTRING (3101267.527 237395.569, 3101248.035 237395.933)	22	1197	0	559	false	802	None
LINESTRING (3101248.035 237395.933, 3101235.564 237395.068)	22	1197	0	560	false	802	None
LINESTRING (3101235.564 237395.068, 3101226.132 237392.398)	22	1197	0	561	false	802	None
LINESTRING (3101226.132 237392.398, 3101207.931 237375.656)	22	1197	0	562	false	802	None
LINESTRING (3101207.931 237375.656, 3101197.611 237354.684)	22	1197	0	563	false	802	None
LINESTRING (3101197.611 237354.684, 3101177.155 237338.979)	22	1197	0	564	false	802	None
LINESTRING (3101177.155 237338.979, 3101140.598 237324.227)	22	1197	0	565	false	802	None
LINESTRING (3101140.598 237324.227, 3101110.689 237314.049)	22	1197	0	566	false	802	None
LINESTRING (3101110.689 237314.049, 3101101.575 237312.333)	22	1197	0	567	false	802	None
LINESTRING (3101101.575 237312.333, 3101090.886 237313.699)	22	1197	0	568	false	802	None
LINESTRING (3101090.886 237313.699, 3101078.85 237315.262)	22	1197	0	569	false	802	None
LINESTRING (3101078.85 237315.262, 3101057.383 237326.88)	22	1197	0	570	false	802	None
LINESTRING (3101057.383 237326.88, 3101046.309 237324.412)	22	1197	0	571	false	802	None
LINESTRING (3101046.309 237324.412, 3101040.024 237319.144)	22	1197	0	572	false	802	None
LINESTRING (3101040.024 237319.144, 3101031.249 237308.4)	22	1197	0	573	false	802	None
LINESTRING (3101031.249 237308.4, 3101030.435 237287.869)	22	1197	0	574	false	802	None
LINESTRING (3101030.435 237287.869, 3101027.196 237253.799)	22	1197	0	575	false	802	None
LINESTRING (3101027.196 237253.799, 3101022.614 237238.244)	22	1197	0	576	false	802	None
LINESTRING (3101022.614 237238.244, 3101016.795 237218.526)	22	1197	0	577	false	802	None
LINESTRING (3101016.795 237218.526, 3101013.076 237203.777)	22	1197	0	578	false	802	None
LINESTRING (3101013.076 237203.777, 3101010.802 237194.936)	22	1197	0	579	false	802	None
LINESTRING (3101010.802 237194.936, 3100996.325 237156.789)	22	1197	0	580	false	802	None
LINESTRING (3100996.325 237156.789, 3100983.747 237113.187)	22	1197	0	581	false	802	None
LINESTRING (3100983.747 237113.187, 3100981.088 237102.295)	22	1197	0	582	false	802	None
LINESTRING (3100981.088 237102.295, 3100978.542 237092.635)	22	1197	0	583	false	802	None
LINESTRING (3100978.542 237092.635, 3100975.037 237081.655)	22	1197	0	584	false	802	None
LINESTRING (3100975.037 237081.655, 3100973.14 237067.25)	22	1197	0	585	false	802	None
LINESTRING (3100973.14 237067.25, 3100972.263 237060.372)	22	1197	0	586	false	802	None
LINESTRING (3100972.263 237060.372, 3100969.439 237049.654)	22	1197	0	587	false	802	None
LINESTRING (3100969.439 237049.654, 3100968.837 237049.185)	22	1197	0	588	false	802	None
LINESTRING (3100968.837 237049.185, 3100961.195 237043.634)	22	1197	0	589	false	802	None
LINESTRING (3100961.195 237043.634, 3100951.752 237038.7)	22	1197	0	590	false	802	None
LINESTRING (3100951.752 237038.7, 3100944.786 237033.17)	22	1197	0	591	false	802	None
LINESTRING (3100944.786 237033.17, 3100937.676 237017.833)	22	1197	0	592	false	802	None
LINESTRING (3100937.676 237017.833, 3100939.507 237011.282)	22	1197	0	593	false	802	None
LINESTRING (3100939.507 237011.282, 3100939.695 237010.283)	22	1197	0	594	false	802	None
LINESTRING (3100939.695 237010.283, 3100946.1 237000.731)	22	1197	0	595	false	802	None
LINESTRING (3100946.1 237000.731, 3100949.618 236994.113)	22	1197	0	596	false	802	None
LINESTRING (3100949.618 236994.113, 3100960.052 236992.649)	22	1197	0	597	false	802	None
LINESTRING (3100960.052 236992.649, 3100963.04 236992.25)	22	1197	0	598	false	802	None
LINESTRING (3100963.04 236992.25, 3100977.078 236982.417)	22	1197	0	599	false	802	None
LINESTRING (3100977.078 236982.417, 3100987.833 236972.989)	22	1197	0	600	false	802	None
LINESTRING (3100987.833 236972.989, 3100989.157 236971.832)	22	1197	0	601	false	802	None
LINESTRING (3100989.157 236971.832, 3100994.653 236963.119)	22	1197	0	602	false	802	None
LINESTRING (3100994.653 236963.119, 3100998.074 236957.773)	22	1197	0	603	false	802	None
LINESTRING (3100998.074 236957.773, 3101006.041 236933.716)	22	1197	0	604	false	802	None
LINESTRING (3101006.041 236933.716, 3101013.624 236918.55)	22	1197	0	605	false	802	None
LINESTRING (3101013.624 236918.55, 3101017.331 236910.934)	22	1197	0	606	false	802	None
LINESTRING (3101017.331 236910.934, 3101030.673 236894.768)	22	1197	0	607	false	802	None
LINESTRING (3101030.673 236894.768, 3101049.65 236877.674)	22	1197	0	608	false	802	None
LINESTRING (3101049.65 236877.674, 3101061.062 236872.899)	22	1197	0	609	false	802	None
LINESTRING (3101061.062 236872.899, 3101074.469 236864.965)	22	1197	0	610	false	802	None
LINESTRING (3101074.469 236864.965, 3101090.323 236846.077)	22	1197	0	611	false	802	None
LINESTRING (3101090.323 236846.077, 3101109.4 236822.361)	22	1197	0	612	false	802	None
LINESTRING (3101109.4 236822.361, 3101110.502 236820.762)	22	1197	0	613	false	802	None
LINESTRING (3101110.502 236820.762, 3101129.814 236790.833)	22	1197	0	614	false	802	S:3101114.079969194 236815.217
LINESTRING (3101129.814 236790.833, 3101110.502 236820.762)	22	1198	0	299	false	487	S:3101114.079969194 236815.217
LINESTRING (3101110.502 236820.762, 3101109.4 236822.361)	22	1198	0	300	false	487	None
LINESTRING (3101109.4 236822.361, 3101090.323 236846.077)	22	1198	0	301	false	487	None
LINESTRING (3101090.323 236846.077, 3101074.469 236864.965)	22	1198	0	302	false	487	None
LINESTRING (3101074.469 236864.965, 3101061.062 236872.899)	22	1198	0	303	false	487	None
LINESTRING (3101061.062 236872.899, 3101049.65 236877.674)	22	1198	0	304	false	487	None
LINESTRING (3101049.65 236877.674, 3101030.673 236894.768)	22	1198	0	305	false	487	None
LINESTRING (3101030.673 236894.768, 3101017.331 236910.934)	22	1198	0	306	false	487	None
LINESTRING (3101017.331 236910.934, 3101013.624 236918.55)	22	1198	0	307	false	487	None
LINESTRING (3101013.624 236918.55, 3101006.041 236933.716)	22	1198	0	308	false	487	None
LINESTRING (3101006.041 236933.716, 3100998.074 236957.773)	22	1198	0	309	false	487	None
LINESTRING (3100998.074 236957.773, 3100994.653 236963.119)	22	1198	0	310	false	487	None
LINESTRING (3100994.653 236963.119, 3100989.157 236971.832)	22	1198	0	311	false	487	None
LINESTRING (3100989.157 236971.832, 3100987.833 236972.989)	22	1198	0	312	false	487	None
LINESTRING (3100987.833 236972.989, 3100977.078 236982.417)	22	1198	0	313	false	487	None
LINESTRING (3100977.078 236982.417, 3100963.04 236992.25)	22	1198	0	314	false	487	None
LINESTRING (3100963.04 236992.25, 3100960.052 236992.649)	22	1198	0	315	false	487	None
LINESTRING (3100960.052 236992.649, 3100949.618 236994.113)	22	1198	0	316	false	487	None
LINESTRING (3100949.618 236994.113, 3100946.1 237000.731)	22	1198	0	317	false	487	None
LINESTRING (3100946.1 237000.731, 3100939.695 237010.283)	22	1198	0	318	false	487	None
LINESTRING (3100939.695 237010.283, 3100939.507 237011.282)	22	1198	0	319	false	487	None
LINESTRING (3100939.507 237011.282, 3100937.676 237017.833)	22	1198	0	320	false	487	None
LINESTRING (3100937.676 237017.833, 3100944.786 237033.17)	22	1198	0	321	false	487	None
LINESTRING (3100944.786 237033.17, 3100951.752 237038.7)	22	1198	0	322	false	487	None
LINESTRING (3100951.752 237038.7, 3100961.195 237043.634)	22	1198	0	323	false	487	None
LINESTRING (3100961.195 237043.634, 3100968.837 237049.185)	22	1198	0	324	false	487	None
LINESTRING (3100968.837 237049.185, 3100969.439 237049.654)	22	1198	0	325	false	487	None
LINESTRING (3100969.439 237049.654, 3100972.263 237060.372)	22	1198	0	326	false	487	None
LINESTRING (3100972.263 237060.372, 3100973.14 237067.25)	22	1198	0	327	false	487	None
LINESTRING (3100973.14 237067.25, 3100975.037 237081.655)	22	1198	0	328	false	487	None
LINESTRING (3100975.037 237081.655, 3100978.542 237092.635)	22	1198	0	329	false	487	None
LINESTRING (3100978.542 237092.635, 3100981.088 237102.295)	22	1198	0	330	false	487	None
LINESTRING (3100981.088 237102.295, 3100983.747 237113.187)	22	1198	0	331	false	487	None
LINESTRING (3100983.747 237113.187, 3100996.325 237156.789)	22	1198	0	332	false	487	None
LINESTRING (3100996.325 237156.789, 3101010.802 237194.936)	22	1198	0	333	false	487	None
LINESTRING (3101010.802 237194.936, 3101013.076 237203.777)	22	1198	0	334	false	487	None
LINESTRING (3101013.076 237203.777, 3101016.795 237218.526)	22	1198	0	335	false	487	None
LINESTRING (3101016.795 237218.526, 3101022.614 237238.244)	22	1198	0	336	false	487	None
LINESTRING (3101022.614 237238.244, 3101027.196 237253.799)	22	1198	0	337	false	487	None
LINESTRING (3101027.196 237253.799, 3101030.435 237287.869)	22	1198	0	338	false	487	None
LINESTRING (3101030.435 237287.869, 3101031.249 237308.4)	22	1198	0	339	false	487	None
LINESTRING (3101031.249 237308.4, 3101040.024 237319.144)	22	1198	0	340	false	487	None
LINESTRING (3101040.024 237319.144, 3101046.309 237324.412)	22	1198	0	341	false	487	None
LINESTRING (3101046.309 237324.412, 3101057.383 237326.88)	22	1198	0	342	false	487	None
LINESTRING (3101057.383 237326.88, 3101078.85 237315.262)	22	1198	0	343	false	487	None
LINESTRING (3101078.85 237315.262, 3101090.886 237313.699)	22	1198	0	344	false	487	None
LINESTRING (3101090.886 237313.699, 3101101.575 237312.333)	22	1198	0	345	false	487	None
LINESTRING (3101101.575 237312.333, 3101110.689 237314.049)	22	1198	0	346	false	487	None
LINESTRING (3101110.689 237314.049, 3101140.598 237324.227)	22	1198	0	347	false	487	None
LINESTRING (3101140.598 237324.227, 3101177.155 237338.979)	22	1198	0	348	false	487	None
LINESTRING (3101177.155 237338.979, 3101197.611 237354.684)	22	1198	0	349	false	487	None
LINESTRING (3101197.611 237354.684, 3101207.931 237375.656)	22	1198	0	350	false	487	None
LINESTRING (3101207.931 237375.656, 3101226.132 237392.398)	22	1198	0	351	false	487	None
LINESTRING (3101226.132 237392.398, 3101235.564 237395.068)	22	1198	0	352	false	487	None
LINESTRING (3101235.564 237395.068, 3101248.035 237395.933)	22	1198	0	353	false	487	None
LINESTRING (3101248.035 237395.933, 3101267.527 237395.569)	22	1198	0	354	false	487	None
LINESTRING (3101267.527 237395.569, 3101287.383 237394.512)	22	1198	0	355	false	487	None
LINESTRING (3101287.383 237394.512, 3101305.811 237397.427)	22	1198	0	356	false	487	None
LINESTRING (3101305.811 237397.427, 3101316.695 237404.461)	22	1198	0	357	false	487	None
LINESTRING (3101316.695 237404.461, 3101322.829 237414.191)	22	1198	0	358	false	487	None
LINESTRING (3101322.829 237414.191, 3101331.43 237433.788)	22	1198	0	359	false	487	None
LINESTRING (3101331.43 237433.788, 3101341.351 237470.306)	22	1198	0	360	false	487	None
LINESTRING (3101341.351 237470.306, 3101354.529 237499.868)	22	1198	0	361	false	487	None
LINESTRING (3101354.529 237499.868, 3101369.556 237536.324)	22	1198	0	362	false	487	None
LINESTRING (3101369.556 237536.324, 3101370.367 237538.539)	22	1198	0	363	false	487	None
LINESTRING (3101370.367 237538.539, 3101383.923 237560.753)	22	1198	0	364	false	487	None
LINESTRING (3101383.923 237560.753, 3101402.936 237574.359)	22	1198	0	365	false	487	None
LINESTRING (3101402.936 237574.359, 3101415.226 237585.621)	22	1198	0	366	false	487	None
LINESTRING (3101415.226 237585.621, 3101449.067 237601.591)	22	1198	0	367	false	487	None
LINESTRING (3101449.067 237601.591, 3101470.284 237613.784)	22	1198	0	368	false	487	None
LINESTRING (3101470.284 237613.784, 3101492.385 237620.37)	22	1198	0	369	false	487	None
LINESTRING (3101492.385 237620.37, 3101501.363 237632.619)	22	1198	0	370	false	487	None
LINESTRING (3101501.363 237632.619, 3101523.503 237671.927)	22	1198	0	371	false	487	None
LINESTRING (3101523.503 237671.927, 3101526.805 237677.834)	22	1198	0	372	false	487	None
LINESTRING (3101526.805 237677.834, 3101524.235 237705.392)	22	1198	0	373	false	487	None
LINESTRING (3101524.235 237705.392, 3101517.162 237720.754)	22	1198	0	374	false	487	None
LINESTRING (3101517.162 237720.754, 3101504.401 237731.076)	22	1198	0	375	false	487	None
LINESTRING (3101504.401 237731.076, 3101485.894 237726.585)	22	1198	0	376	false	487	None
LINESTRING (3101485.894 237726.585, 3101472.616 237738.255)	22	1198	0	377	false	487	None
LINESTRING (3101472.616 237738.255, 3101468.726 237748.892)	22	1198	0	378	false	487	None
LINESTRING (3101468.726 237748.892, 3101475.581 237758.78)	22	1198	0	379	false	487	None
LINESTRING (3101475.581 237758.78, 3101492.002 237775.316)	22	1198	0	380	false	487	None
LINESTRING (3101492.002 237775.316, 3101507.296 237786.899)	22	1198	0	381	false	487	None
LINESTRING (3101507.296 237786.899, 3101523.454 237795.722)	22	1198	0	382	false	487	None
LINESTRING (3101523.454 237795.722, 3101538.53 237799.729)	22	1198	0	383	false	487	None
LINESTRING (3101538.53 237799.729, 3101557.847 237808.218)	22	1198	0	384	false	487	None
LINESTRING (3101557.847 237808.218, 3101581.235 237826.717)	22	1198	0	385	false	487	None
LINESTRING (3101581.235 237826.717, 3101582.183 237827.557)	22	1198	0	386	false	487	None
LINESTRING (3101582.183 237827.557, 3101592.891 237843.444)	22	1198	0	387	false	487	None
LINESTRING (3101592.891 237843.444, 3101602.238 237875.342)	22	1198	0	388	false	487	None
LINESTRING (3101602.238 237875.342, 3101609.161 237897.269)	22	1198	0	389	false	487	None
LINESTRING (3101609.161 237897.269, 3101610.228 237908.74)	22	1198	0	390	false	487	None
LINESTRING (3101610.228 237908.74, 3101611.543 237923.636)	22	1198	0	391	false	487	None
LINESTRING (3101611.543 237923.636, 3101620.155 237949.305)	22	1198	0	392	false	487	None
LINESTRING (3101620.155 237949.305, 3101628.29 237976.217)	22	1198	0	393	false	487	None
LINESTRING (3101628.29 237976.217, 3101635.881 238008.868)	22	1198	0	394	false	487	None
LINESTRING (3101635.881 238008.868, 3101641.185 238039.331)	22	1198	0	395	false	487	None
LINESTRING (3101641.185 238039.331, 3101642.034 238045.01)	22	1198	0	396	false	487	None
LINESTRING (3101642.034 238045.01, 3101648.872 238094.379)	22	1198	0	397	false	487	None
LINESTRING (3101648.872 238094.379, 3101650.112 238111.506)	22	1198	0	398	false	487	None
LINESTRING (3101650.112 238111.506, 3101652.436 238128.099)	22	1198	0	399	false	487	None
LINESTRING (3101652.436 238128.099, 3101656.473 238169.494)	22	1198	0	400	false	487	None
LINESTRING (3101656.473 238169.494, 3101656.747 238177.687)	22	1198	0	401	false	487	None
LINESTRING (3101656.747 238177.687, 3101656.312 238182.635)	22	1198	0	402	false	487	None
LINESTRING (3101656.312 238182.635, 3101655.287 238187.593)	22	1198	0	403	false	487	None
LINESTRING (3101655.287 238187.593, 3101653.751 238192.355)	22	1198	0	404	false	487	None
LINESTRING (3101653.751 238192.355, 3101651.704 238196.921)	22	1198	0	405	false	487	None
LINESTRING (3101651.704 238196.921, 3101646.241 238205.29)	22	1198	0	406	false	487	None
LINESTRING (3101646.241 238205.29, 3101642.866 238208.988)	22	1198	0	407	false	487	None
LINESTRING (3101642.866 238208.988, 3101635.031 238215.137)	22	1198	0	408	false	487	None
LINESTRING (3101635.031 238215.137, 3101630.697 238217.516)	22	1198	0	409	false	487	None
LINESTRING (3101630.697 238217.516, 3101623.072 238223.626)	22	1198	0	410	false	487	None
LINESTRING (3101623.072 238223.626, 3101618.159 238224.713)	22	1198	0	411	false	487	None
LINESTRING (3101618.159 238224.713, 3101613.252 238224.255)	22	1198	0	412	false	487	None
LINESTRING (3101613.252 238224.255, 3101608.608 238222.352)	22	1198	0	413	false	487	None
LINESTRING (3101608.608 238222.352, 3101604.862 238219.129)	22	1198	0	414	false	487	None
LINESTRING (3101604.862 238219.129, 3101602.189 238214.891)	22	1198	0	415	false	487	None
LINESTRING (3101602.189 238214.891, 3101601.022 238210.042)	22	1198	0	416	false	487	None
LINESTRING (3101601.022 238210.042, 3101595.895 238198.201)	22	1198	0	417	false	487	None
LINESTRING (3101595.895 238198.201, 3101590.801 238189.583)	22	1198	0	418	false	487	None
LINESTRING (3101590.801 238189.583, 3101584.916 238181.495)	22	1198	0	419	false	487	None
LINESTRING (3101584.916 238181.495, 3101578.247 238174.176)	22	1198	0	420	false	487	None
LINESTRING (3101578.247 238174.176, 3101570.749 238167.49)	22	1198	0	421	false	487	None
LINESTRING (3101570.749 238167.49, 3101520.74 238156.725)	22	1198	0	422	false	487	None
LINESTRING (3101520.74 238156.725, 3101512.503 238161.887)	22	1198	0	423	false	487	None
LINESTRING (3101512.503 238161.887, 3101509.212 238165.618)	22	1198	0	424	false	487	None
LINESTRING (3101509.212 238165.618, 3101506.74 238170.021)	22	1198	0	425	false	487	None
LINESTRING (3101506.74 238170.021, 3101500.655 238184.335)	22	1198	0	426	false	487	None
LINESTRING (3101500.655 238184.335, 3101500.073 238188.393)	22	1198	0	427	false	487	None
LINESTRING (3101500.073 238188.393, 3101495.227 238192.36)	22	1198	0	428	false	487	None
LINESTRING (3101495.227 238192.36, 3101491.541 238193.56)	22	1198	0	429	false	487	None
LINESTRING (3101491.541 238193.56, 3101487.212 238196.179)	22	1198	0	430	false	487	None
LINESTRING (3101487.212 238196.179, 3101479.794 238198.444)	22	1198	0	431	false	487	None
LINESTRING (3101479.794 238198.444, 3101477.51 238200.065)	22	1198	0	432	false	487	None
LINESTRING (3101477.51 238200.065, 3101473.878 238205.449)	22	1198	0	433	false	487	None
LINESTRING (3101473.878 238205.449, 3101471.181 238214.761)	22	1198	0	434	false	487	None
LINESTRING (3101471.181 238214.761, 3101468.803 238221.46)	22	1198	0	435	false	487	None
LINESTRING (3101468.803 238221.46, 3101465.192 238231.371)	22	1198	0	436	false	487	None
LINESTRING (3101465.192 238231.371, 3101462.103 238260.276)	22	1198	0	437	false	487	None
LINESTRING (3101462.103 238260.276, 3101465.369 238288.411)	22	1198	0	438	false	487	None
LINESTRING (3101465.369 238288.411, 3101464.376 238307.535)	22	1198	0	439	false	487	None
LINESTRING (3101464.376 238307.535, 3101454.392 238337.598)	22	1198	0	440	false	487	None
LINESTRING (3101454.392 238337.598, 3101444.444 238365.533)	22	1198	0	441	false	487	None
LINESTRING (3101444.444 238365.533, 3101352.74 238338.397)	22	1198	0	442	false	487	None
LINESTRING (3101352.74 238338.397, 3101077.165 238257.174)	22	1198	0	443	false	487	None
LINESTRING (3101077.165 238257.174, 3100985.04 238230.118)	22	1198	0	444	false	487	None
LINESTRING (3100985.04 238230.118, 3100949.396 238214.526)	22	1198	0	445	false	487	None
LINESTRING (3100949.396 238214.526, 3100841.958 238167.796)	22	1198	0	446	false	487	None
LINESTRING (3100841.958 238167.796, 3100805.979 238152.314)	22	1198	0	447	false	487	None
LINESTRING (3100805.979 238152.314, 3100794.119 238146.807)	22	1198	0	448	false	487	None
LINESTRING (3100794.119 238146.807, 3100758.162 238130.502)	22	1198	0	449	false	487	None
LINESTRING (3100758.162 238130.502, 3100746.052 238125.138)	22	1198	0	450	false	487	None
LINESTRING (3100746.052 238125.138, 3100725.09 238114.829)	22	1198	0	451	false	487	None
LINESTRING (3100725.09 238114.829, 3100671.273 238089.048)	22	1198	0	452	false	487	None
LINESTRING (3100671.273 238089.048, 3100661.587 238084.496)	22	1198	0	453	false	487	None
LINESTRING (3100661.587 238084.496, 3100649 238078.592)	22	1198	0	454	false	487	None
LINESTRING (3100649 238078.592, 3100639.727 238075.507)	22	1198	0	455	false	487	None
LINESTRING (3100639.727 238075.507, 3100599.967 238057.147)	22	1198	0	456	false	487	None
LINESTRING (3100599.967 238057.147, 3100480.429 238001.97)	22	1198	0	457	false	487	None
LINESTRING (3100480.429 238001.97, 3100440.333 237983.72)	22	1198	0	458	false	487	None
LINESTRING (3100440.333 237983.72, 3100395.365 237962.886)	22	1198	0	459	false	487	None
LINESTRING (3100395.365 237962.886, 3100260.343 237900.696)	22	1198	0	460	false	487	None
LINESTRING (3100260.343 237900.696, 3100218.832 237881.548)	22	1198	0	461	false	487	None
LINESTRING (3100218.832 237881.548, 3100215.289 237879.831)	22	1198	0	462	false	487	None
LINESTRING (3100215.289 237879.831, 3100203.423 237874.086)	22	1198	0	463	false	487	None
LINESTRING (3100203.423 237874.086, 3100190.58 237868.084)	22	1198	0	464	false	487	None
LINESTRING (3100190.58 237868.084, 3100167.624 237857.368)	22	1198	0	465	false	487	None
LINESTRING (3100167.624 237857.368, 3100115.996 237833.265)	22	1198	0	466	false	487	None
LINESTRING (3100115.996 237833.265, 3100090.957 237821.868)	22	1198	0	467	false	487	None
LINESTRING (3100090.957 237821.868, 3100087.479 237828.382)	22	1198	0	468	false	487	None
LINESTRING (3100087.479 237828.382, 3100068.469 237820.37)	22	1198	0	469	false	487	None
LINESTRING (3100068.469 237820.37, 3100010.894 237796.483)	22	1198	0	470	false	487	None
LINESTRING (3100010.894 237796.483, 3099991.72 237788.646)	22	1198	0	471	false	487	None
LINESTRING (3099991.72 237788.646, 3099994.791 237777.337)	22	1198	0	472	false	487	None
LINESTRING (3099994.791 237777.337, 3099975.621 237771.524)	22	1198	0	473	false	487	None
LINESTRING (3099975.621 237771.524, 3099917.453 237754.783)	22	1198	0	474	false	487	None
LINESTRING (3099917.453 237754.783, 3099898.033 237749.112)	22	1198	0	475	false	487	None
LINESTRING (3099898.033 237749.112, 3099900.873 237733.314)	22	1198	0	476	false	487	None
LINESTRING (3099900.873 237733.314, 3099881.362 237729.154)	22	1198	0	477	false	487	None
LINESTRING (3099881.362 237729.154, 3099821.778 237716.865)	22	1198	0	478	false	487	None
LINESTRING (3099821.778 237716.865, 3099801.846 237712.782)	22	1198	0	479	false	487	None
LINESTRING (3099801.846 237712.782, 3099803.581 237689.424)	22	1198	0	480	false	487	None
LINESTRING (3099803.581 237689.424, 3099765.254 237672.928)	22	1198	0	481	false	487	None
LINESTRING (3099765.254 237672.928, 3099648.689 237624.258)	22	1198	0	482	false	487	None
LINESTRING (3099648.689 237624.258, 3099609.573 237608.292)	22	1198	0	483	false	487	None
LINESTRING (3099609.573 237608.292, 3099599.997 237626.618)	22	1198	0	484	false	487	None
LINESTRING (3099599.997 237626.618, 3099557.032 237604.893)	22	1198	0	485	false	487	None
LINESTRING (3099557.032 237604.893, 3099493.399 237572.857)	22	1198	0	486	false	487	None
LINESTRING (3099493.399 237572.857, 3099427.586 237539.628)	22	1198	0	487	false	487	W:3099481.216 237566.7058002825
LINESTRING (3103760.803 238341.286, 3103749.015 238338.895)	22	1200	0	588	false	1283	E:3103759.05 238340.9304330675
LINESTRING (3103749.015 238338.895, 3103725.13 238335.424)	22	1200	0	589	false	1283	None
LINESTRING (3103725.13 238335.424, 3103717.203 238333.923)	22	1200	0	590	false	1283	None
LINESTRING (3103717.203 238333.923, 3103705.762 238330.12)	22	1200	0	591	false	1283	None
LINESTRING (3103705.762 238330.12, 3103683.597 238320.648)	22	1200	0	592	false	1283	None
LINESTRING (3103683.597 238320.648, 3103666.356 238310.572)	22	1200	0	593	false	1283	None
LINESTRING (3103666.356 238310.572, 3103655.558 238305.351)	22	1200	0	594	false	1283	None
LINESTRING (3103655.558 238305.351, 3103648.587 238301.363)	22	1200	0	595	false	1283	None
LINESTRING (3103648.587 238301.363, 3103639.256 238293.851)	22	1200	0	596	false	1283	None
LINESTRING (3103639.256 238293.851, 3103631.369 238284.871)	22	1200	0	597	false	1283	None
LINESTRING (3103631.369 238284.871, 3103627.66 238277.736)	22	1200	0	598	false	1283	None
LINESTRING (3103627.66 238277.736, 3103623.142 238266.603)	22	1200	0	599	false	1283	None
LINESTRING (3103623.142 238266.603, 3103619.201 238251.171)	22	1200	0	600	false	1283	None
LINESTRING (3103619.201 238251.171, 3103618.761 238239.345)	22	1200	0	601	false	1283	None
LINESTRING (3103618.761 238239.345, 3103619.713 238227.46)	22	1200	0	602	false	1283	None
LINESTRING (3103619.713 238227.46, 3103623.743 238208.074)	22	1200	0	603	false	1283	None
LINESTRING (3103623.743 238208.074, 3103626.944 238196.696)	22	1200	0	604	false	1283	None
LINESTRING (3103626.944 238196.696, 3103635.043 238174.354)	22	1200	0	605	false	1283	None
LINESTRING (3103635.043 238174.354, 3103639.436 238163.434)	22	1200	0	606	false	1283	None
LINESTRING (3103639.436 238163.434, 3103646.154 238149.007)	22	1200	0	607	false	1283	None
LINESTRING (3103646.154 238149.007, 3103655.359 238136.249)	22	1200	0	608	false	1283	None
LINESTRING (3103655.359 238136.249, 3103666.539 238124.964)	22	1200	0	609	false	1283	None
LINESTRING (3103666.539 238124.964, 3103676.387 238118.163)	22	1200	0	610	false	1283	None
LINESTRING (3103676.387 238118.163, 3103683.216 238114.127)	22	1200	0	611	false	1283	None
LINESTRING (3103683.216 238114.127, 3103694.028 238108.886)	22	1200	0	612	false	1283	None
LINESTRING (3103694.028 238108.886, 3103716.372 238100.346)	22	1200	0	613	false	1283	None
LINESTRING (3103716.372 238100.346, 3103727.859 238096.911)	22	1200	0	614	false	1283	None
LINESTRING (3103727.859 238096.911, 3103731.767 238096.153)	22	1200	0	615	false	1283	None
LINESTRING (3103731.767 238096.153, 3103743.78 238095.418)	22	1200	0	616	false	1283	None
LINESTRING (3103743.78 238095.418, 3103752.872 238096.177)	22	1200	0	617	false	1283	None
LINESTRING (3103752.872 238096.177, 3103756.779 238097.203)	22	1200	0	618	false	1283	None
LINESTRING (3103756.779 238097.203, 3103768.1 238101.317)	22	1200	0	619	false	1283	E:3103759.05 238098.02827108905
LINESTRING (3103760.154 237323.917, 3103757.2 237316.596)	22	1200	0	682	false	1283	E:3103759.05 237321.18091875344
LINESTRING (3103757.2 237316.596, 3103755.206 237308.812)	22	1200	0	683	false	1283	None
LINESTRING (3103755.206 237308.812, 3103753.669 237297.041)	22	1200	0	684	false	1283	None
LINESTRING (3103753.669 237297.041, 3103754.03 237285.166)	22	1200	0	685	false	1283	None
LINESTRING (3103754.03 237285.166, 3103753.8 237273.302)	22	1200	0	686	false	1283	None
LINESTRING (3103753.8 237273.302, 3103755.547 237251.968)	22	1200	0	687	false	1283	None
LINESTRING (3103755.547 237251.968, 3103755.747 237249.666)	22	1200	0	688	false	1283	None
LINESTRING (3103755.747 237249.666, 3103757.335 237237.906)	22	1200	0	689	false	1283	None
LINESTRING (3103757.335 237237.906, 3103759.004 237229.746)	22	1200	0	690	false	1283	None
LINESTRING (3103759.004 237229.746, 3103765.052 237199.003)	22	1200	0	691	false	1283	E:3103759.05 237229.51217427442
LINESTRING (3103760.131 237054.615, 3103756.774 237037.149)	22	1200	0	706	false	1283	E:3103759.05 237048.99070866694
LINESTRING (3103756.774 237037.149, 3103755.533 237025.372)	22	1200	0	707	false	1283	None
LINESTRING (3103755.533 237025.372, 3103755.217 237013.475)	22	1200	0	708	false	1283	None
LINESTRING (3103755.217 237013.475, 3103756.092 237005.604)	22	1200	0	709	false	1283	None
LINESTRING (3103756.092 237005.604, 3103757.517 236997.825)	22	1200	0	710	false	1283	None
LINESTRING (3103757.517 236997.825, 3103761.183 236986.507)	22	1200	0	711	false	1283	E:3103759.05 236993.0921865802
