LINESTRING (3172258.373 232904.133, 3172275.212 232891.306)	96	334	0	1919	false	2222	N:3172273.850649489 232892.343
LINESTRING (3172275.212 232891.306, 3172298.212 232879.825)	96	334	0	1920	false	2222	None
LINESTRING (3172298.212 232879.825, 3172303.247 232877.271)	96	334	0	1921	false	2222	None
LINESTRING (3172303.247 232877.271, 3172320.598 232869.654)	96	334	0	1922	false	2222	None
LINESTRING (3172320.598 232869.654, 3172338.648 232863.265)	96	334	0	1923	false	2222	None
LINESTRING (3172338.648 232863.265, 3172354.834 232856.86)	96	334	0	1924	false	2222	None
LINESTRING (3172354.834 232856.86, 3172376.228 232850.473)	96	334	0	1925	false	2222	None
LINESTRING (3172376.228 232850.473, 3172395.41 232848.464)	96	334	0	1926	false	2222	None
LINESTRING (3172395.41 232848.464, 3172425.82 232847.167)	96	334	0	1927	false	2222	None
LINESTRING (3172425.82 232847.167, 3172448.237 232846.19)	96	334	0	1928	false	2222	None
LINESTRING (3172448.237 232846.19, 3172467.326 232843.668)	96	334	0	1929	false	2222	None
LINESTRING (3172467.326 232843.668, 3172468.803 232843.413)	96	334	0	1930	false	2222	None
LINESTRING (3172468.803 232843.413, 3172490.915 232839.455)	96	334	0	1931	false	2222	None
LINESTRING (3172490.915 232839.455, 3172503.531 232837.134)	96	334	0	1932	false	2222	None
LINESTRING (3172503.531 232837.134, 3172530.846 232835.457)	96	334	0	1933	false	2222	None
LINESTRING (3172530.846 232835.457, 3172540.56 232834.263)	96	334	0	1934	false	2222	None
LINESTRING (3172540.56 232834.263, 3172550.332 232833.926)	96	334	0	1935	false	2222	None
LINESTRING (3172550.332 232833.926, 3172556.87 232832.557)	96	334	0	1936	false	2222	None
LINESTRING (3172556.87 232832.557, 3172561.678 232831.583)	96	334	0	1937	false	2222	None
LINESTRING (3172561.678 232831.583, 3172572.655 232827.426)	96	334	0	1938	false	2222	None
LINESTRING (3172572.655 232827.426, 3172578.007 232823.565)	96	334	0	1939	false	2222	None
LINESTRING (3172578.007 232823.565, 3172580.348 232821.861)	96	334	0	1940	false	2222	None
LINESTRING (3172580.348 232821.861, 3172582.418 232819.096)	96	334	0	1941	false	2222	None
LINESTRING (3172582.418 232819.096, 3172585.725 232814.432)	96	334	0	1942	false	2222	None
LINESTRING (3172585.725 232814.432, 3172590.683 232804.811)	96	334	0	1943	false	2222	None
LINESTRING (3172590.683 232804.811, 3172591.652 232802.091)	96	334	0	1944	false	2222	None
LINESTRING (3172591.652 232802.091, 3172593.664 232795.965)	96	334	0	1945	false	2222	None
LINESTRING (3172593.664 232795.965, 3172595.157 232791.662)	96	334	0	1946	false	2222	None
LINESTRING (3172595.157 232791.662, 3172595.847 232787.401)	96	334	0	1947	false	2222	None
LINESTRING (3172595.847 232787.401, 3172597.246 232777.575)	96	334	0	1948	false	2222	None
LINESTRING (3172597.246 232777.575, 3172600.495 232767.045)	96	334	0	1949	false	2222	None
LINESTRING (3172600.495 232767.045, 3172602.479 232761.742)	96	334	0	1950	false	2222	None
LINESTRING (3172602.479 232761.742, 3172603.931 232757.542)	96	334	0	1951	false	2222	None
LINESTRING (3172603.931 232757.542, 3172606.54 232754.154)	96	334	0	1952	false	2222	None
LINESTRING (3172606.54 232754.154, 3172610.391 232749.108)	96	334	0	1953	false	2222	None
LINESTRING (3172610.391 232749.108, 3172642.01 232731.71)	96	334	0	1954	false	2222	None
LINESTRING (3172642.01 232731.71, 3172650.556 232728.984)	96	334	0	1955	false	2222	None
LINESTRING (3172650.556 232728.984, 3172667.961 232724.489)	96	334	0	1956	false	2222	None
LINESTRING (3172667.961 232724.489, 3172678.231 232721.128)	96	334	0	1957	false	2222	None
LINESTRING (3172678.231 232721.128, 3172689.058 232718.105)	96	334	0	1958	false	2222	None
LINESTRING (3172689.058 232718.105, 3172698.789 232715.367)	96	334	0	1959	false	2222	None
LINESTRING (3172698.789 232715.367, 3172722.192 232710.127)	96	334	0	1960	false	2222	None
LINESTRING (3172722.192 232710.127, 3172743.841 232703.84)	96	334	0	1961	false	2222	None
LINESTRING (3172743.841 232703.84, 3172794.146 232697.477)	96	334	0	1962	false	2222	None
LINESTRING (3172794.146 232697.477, 3172811.94 232693.493)	96	334	0	1963	false	2222	None
LINESTRING (3172811.94 232693.493, 3172876.017 232673.1)	96	334	0	1964	false	2222	None
LINESTRING (3172876.017 232673.1, 3172893.637 232666.305)	96	334	0	1965	false	2222	None
LINESTRING (3172893.637 232666.305, 3172902.56 232663.369)	96	334	0	1966	false	2222	None
LINESTRING (3172902.56 232663.369, 3172912.259 232661.215)	96	334	0	1967	false	2222	None
LINESTRING (3172912.259 232661.215, 3172922.23 232660.122)	96	334	0	1968	false	2222	None
LINESTRING (3172922.23 232660.122, 3172931.552 232658.178)	96	334	0	1969	false	2222	None
LINESTRING (3172931.552 232658.178, 3172942.724 232658.033)	96	334	0	1970	false	2222	None
LINESTRING (3172942.724 232658.033, 3172946.611 232657.652)	96	334	0	1971	false	2222	None
LINESTRING (3172946.611 232657.652, 3172953.462 232657.241)	96	334	0	1972	false	2222	None
LINESTRING (3172953.462 232657.241, 3172964.025 232658.647)	96	334	0	1973	false	2222	None
LINESTRING (3172964.025 232658.647, 3172973.939 232659.201)	96	334	0	1974	false	2222	None
LINESTRING (3172973.939 232659.201, 3172984.044 232661.022)	96	334	0	1975	false	2222	None
LINESTRING (3172984.044 232661.022, 3172995.959 232662.243)	96	334	0	1976	false	2222	None
LINESTRING (3172995.959 232662.243, 3173005.443 232662.39)	96	334	0	1977	false	2222	None
LINESTRING (3173005.443 232662.39, 3173015.293 232661.607)	96	334	0	1978	false	2222	None
LINESTRING (3173015.293 232661.607, 3173024.655 232657.054)	96	334	0	1979	false	2222	None
LINESTRING (3173024.655 232657.054, 3173028.992 232650.768)	96	334	0	1980	false	2222	None
LINESTRING (3173028.992 232650.768, 3173031.76 232646.727)	96	334	0	1981	false	2222	None
LINESTRING (3173031.76 232646.727, 3173035.464 232638.045)	96	334	0	1982	false	2222	None
LINESTRING (3173035.464 232638.045, 3173038.572 232629.129)	96	334	0	1983	false	2222	None
LINESTRING (3173038.572 232629.129, 3173038.73 232628.475)	96	334	0	1984	false	2222	None
LINESTRING (3173038.73 232628.475, 3173040.499 232620.464)	96	334	0	1985	false	2222	None
LINESTRING (3173040.499 232620.464, 3173041.829 232611.566)	96	334	0	1986	false	2222	None
LINESTRING (3173041.829 232611.566, 3173043.357 232589.388)	96	334	0	1987	false	2222	None
LINESTRING (3173043.357 232589.388, 3173043.166 232575.599)	96	334	0	1988	false	2222	None
LINESTRING (3173043.166 232575.599, 3173043.566 232561.804)	96	334	0	1989	false	2222	None
LINESTRING (3173043.566 232561.804, 3173043.359 232557.071)	96	334	0	1990	false	2222	None
LINESTRING (3173043.359 232557.071, 3173041.733 232533.656)	96	334	0	1991	false	2222	None
LINESTRING (3173041.733 232533.656, 3173075.888 232535.858)	96	334	0	1992	false	2222	None
LINESTRING (3173075.888 232535.858, 3173076.44 232535.956)	96	334	0	1993	false	2222	None
LINESTRING (3173076.44 232535.956, 3173111.037 232544.295)	96	334	0	1994	false	2222	None
LINESTRING (3173111.037 232544.295, 3173144.279 232555.083)	96	334	0	1995	false	2222	None
LINESTRING (3173144.279 232555.083, 3173171.665 232567.508)	96	334	0	1996	false	2222	None
LINESTRING (3173171.665 232567.508, 3173173.244 232568.247)	96	334	0	1997	false	2222	None
LINESTRING (3173173.244 232568.247, 3173202.01 232582.167)	96	334	0	1998	false	2222	None
LINESTRING (3173202.01 232582.167, 3173209.326 232564.29)	96	334	0	1999	false	2222	None
LINESTRING (3173209.326 232564.29, 3173211.816 232551.435)	96	334	0	2000	false	2222	None
LINESTRING (3173211.816 232551.435, 3173213.402 232540.132)	96	334	0	2001	false	2222	None
LINESTRING (3173213.402 232540.132, 3173212.034 232529.339)	96	334	0	2002	false	2222	None
LINESTRING (3173212.034 232529.339, 3173211.421 232525.64)	96	334	0	2003	false	2222	None
LINESTRING (3173211.421 232525.64, 3173204.821 232510.884)	96	334	0	2004	false	2222	None
LINESTRING (3173204.821 232510.884, 3173195.92 232497.729)	96	334	0	2005	false	2222	None
LINESTRING (3173195.92 232497.729, 3173185.709 232484.655)	96	334	0	2006	false	2222	None
LINESTRING (3173185.709 232484.655, 3173170.062 232463.127)	96	334	0	2007	false	2222	None
LINESTRING (3173170.062 232463.127, 3173150.555 232431.139)	96	334	0	2008	false	2222	None
LINESTRING (3173150.555 232431.139, 3173136.106 232405.311)	96	334	0	2009	false	2222	None
LINESTRING (3173136.106 232405.311, 3173132.355 232398.829)	96	334	0	2010	false	2222	None
LINESTRING (3173132.355 232398.829, 3173113.602 232361.413)	96	334	0	2011	false	2222	None
LINESTRING (3173113.602 232361.413, 3173112.457 232356.312)	96	334	0	2012	false	2222	None
LINESTRING (3173112.457 232356.312, 3173108.645 232341.221)	96	334	0	2013	false	2222	None
LINESTRING (3173108.645 232341.221, 3173107.289 232336.156)	96	334	0	2014	false	2222	None
LINESTRING (3173107.289 232336.156, 3173087.241 232254.943)	96	334	0	2015	false	2222	None
LINESTRING (3173087.241 232254.943, 3173070.7 232188.344)	96	334	0	2016	false	2222	None
LINESTRING (3173070.7 232188.344, 3173061.911 232166.886)	96	334	0	2017	false	2222	None
LINESTRING (3173061.911 232166.886, 3173048.662 232144.511)	96	334	0	2018	false	2222	None
LINESTRING (3173048.662 232144.511, 3173037.264 232128.945)	96	334	0	2019	false	2222	None
LINESTRING (3173037.264 232128.945, 3173021.73 232111.635)	96	334	0	2020	false	2222	None
LINESTRING (3173021.73 232111.635, 3172991.524 232085.345)	96	334	0	2021	false	2222	None
LINESTRING (3172991.524 232085.345, 3172966.135 232058.561)	96	334	0	2022	false	2222	None
LINESTRING (3172966.135 232058.561, 3172966.046 232058.287)	96	334	0	2023	false	2222	None
LINESTRING (3172966.046 232058.287, 3172948.664 232026.896)	96	334	0	2024	false	2222	None
LINESTRING (3172948.664 232026.896, 3172939.072 231988.189)	96	334	0	2025	false	2222	None
LINESTRING (3172939.072 231988.189, 3172938.037 231982.059)	96	334	0	2026	false	2222	None
LINESTRING (3172938.037 231982.059, 3172931.574 231945.654)	96	334	0	2027	false	2222	None
LINESTRING (3172931.574 231945.654, 3172930.493 231931.873)	96	334	0	2028	false	2222	None
LINESTRING (3172930.493 231931.873, 3172928.668 231911.718)	96	334	0	2029	false	2222	None
LINESTRING (3172928.668 231911.718, 3172935.635 231875.936)	96	334	0	2030	false	2222	None
LINESTRING (3172935.635 231875.936, 3172948.763 231844.004)	96	334	0	2031	false	2222	None
LINESTRING (3172948.763 231844.004, 3172971.262 231805.495)	96	334	0	2032	false	2222	None
LINESTRING (3172971.262 231805.495, 3172985.894 231787.271)	96	334	0	2033	false	2222	None
LINESTRING (3172985.894 231787.271, 3173018.806 231746.292)	96	334	0	2034	false	2222	None
LINESTRING (3173018.806 231746.292, 3173025.607 231735.487)	96	334	0	2035	false	2222	None
LINESTRING (3173025.607 231735.487, 3173031.705 231725.718)	96	334	0	2036	false	2222	None
LINESTRING (3173031.705 231725.718, 3173042.806 231701.457)	96	334	0	2037	false	2222	None
LINESTRING (3173042.806 231701.457, 3173046.64 231692.945)	96	334	0	2038	false	2222	None
LINESTRING (3173046.64 231692.945, 3173047.772 231689.812)	96	334	0	2039	false	2222	None
LINESTRING (3173047.772 231689.812, 3173059.987 231656.448)	96	334	0	2040	false	2222	None
LINESTRING (3173059.987 231656.448, 3173067.79 231622.544)	96	334	0	2041	false	2222	None
LINESTRING (3173067.79 231622.544, 3173069.433 231614.603)	96	334	0	2042	false	2222	None
LINESTRING (3173069.433 231614.603, 3173072.754 231598.377)	96	334	0	2043	false	2222	None
LINESTRING (3173072.754 231598.377, 3173084.604 231565.943)	96	334	0	2044	false	2222	None
LINESTRING (3173084.604 231565.943, 3173108.381 231527.937)	96	334	0	2045	false	2222	None
LINESTRING (3173108.381 231527.937, 3173129.078 231488.005)	96	334	0	2046	false	2222	None
LINESTRING (3173129.078 231488.005, 3173134.64 231451.791)	96	334	0	2047	false	2222	None
LINESTRING (3173134.64 231451.791, 3173147.836 231411.418)	96	334	0	2048	false	2222	None
LINESTRING (3173147.836 231411.418, 3173149.113 231396.894)	96	334	0	2049	false	2222	None
LINESTRING (3173149.113 231396.894, 3173150.222 231382.542)	96	334	0	2050	false	2222	None
LINESTRING (3173150.222 231382.542, 3173141.484 231334.392)	96	334	0	2051	false	2222	None
LINESTRING (3173141.484 231334.392, 3173140.779 231322.906)	96	334	0	2052	false	2222	None
LINESTRING (3173140.779 231322.906, 3173139.92 231307.305)	96	334	0	2053	false	2222	None
LINESTRING (3173139.92 231307.305, 3173140.691 231305.342)	96	334	0	2054	false	2222	None
LINESTRING (3173140.691 231305.342, 3173148.013 231285.44)	96	334	0	2055	false	2222	None
LINESTRING (3173148.013 231285.44, 3173167.58 231258.659)	96	334	0	2056	false	2222	None
LINESTRING (3173167.58 231258.659, 3173178.126 231244.078)	96	334	0	2057	false	2222	None
LINESTRING (3173178.126 231244.078, 3173209.107 231201.507)	96	334	0	2058	false	2222	None
LINESTRING (3173209.107 231201.507, 3173246.121 231142.82)	96	334	0	2059	false	2222	None
LINESTRING (3173246.121 231142.82, 3173249.127 231137.919)	96	334	0	2060	false	2222	None
LINESTRING (3173249.127 231137.919, 3173286.628 231055.693)	96	334	0	2061	false	2222	None
LINESTRING (3173286.628 231055.693, 3173319.02 230981.717)	96	334	0	2062	false	2222	None
LINESTRING (3173319.02 230981.717, 3173345.871 230927.865)	96	334	0	2063	false	2222	None
LINESTRING (3173345.871 230927.865, 3173354.596 230895.874)	96	334	0	2064	false	2222	None
LINESTRING (3173354.596 230895.874, 3173355.968 230874.59)	96	334	0	2065	false	2222	None
LINESTRING (3173355.968 230874.59, 3173354.401 230852.271)	96	334	0	2066	false	2222	None
LINESTRING (3173354.401 230852.271, 3173350.668 230817.176)	96	334	0	2067	false	2222	None
LINESTRING (3173350.668 230817.176, 3173346.508 230801.71)	96	334	0	2068	false	2222	None
LINESTRING (3173346.508 230801.71, 3173340.785 230781.456)	96	334	0	2069	false	2222	None
LINESTRING (3173340.785 230781.456, 3173329.255 230745.924)	96	334	0	2070	false	2222	None
LINESTRING (3173329.255 230745.924, 3173324.074 230720.278)	96	334	0	2071	false	2222	None
LINESTRING (3173324.074 230720.278, 3173325.363 230689.183)	96	334	0	2072	false	2222	None
LINESTRING (3173325.363 230689.183, 3173339.404 230678.479)	96	334	0	2073	false	2222	None
LINESTRING (3173339.404 230678.479, 3173356.545 230675.669)	96	334	0	2074	false	2222	None
LINESTRING (3173356.545 230675.669, 3173388.815 230681.184)	96	334	0	2075	false	2222	None
LINESTRING (3173388.815 230681.184, 3173412.367 230689.359)	96	334	0	2076	false	2222	None
LINESTRING (3173412.367 230689.359, 3173455.127 230704.241)	96	334	0	2077	false	2222	None
LINESTRING (3173455.127 230704.241, 3173491.281 230706.631)	96	334	0	2078	false	2222	None
LINESTRING (3173491.281 230706.631, 3173554.604 230695.959)	96	334	0	2079	false	2222	None
LINESTRING (3173554.604 230695.959, 3173576.734 230700.237)	96	334	0	2080	false	2222	None
LINESTRING (3173576.734 230700.237, 3173645.847 230721.175)	96	334	0	2081	false	2222	None
LINESTRING (3173645.847 230721.175, 3173676.38 230729.11)	96	334	0	2082	false	2222	None
LINESTRING (3173676.38 230729.11, 3173749.482 230748.157)	96	334	0	2083	false	2222	None
LINESTRING (3173749.482 230748.157, 3173763.659 230742.873)	96	334	0	2084	false	2222	None
LINESTRING (3173763.659 230742.873, 3173779.687 230736.884)	96	334	0	2085	false	2222	None
LINESTRING (3173779.687 230736.884, 3173817.997 230686.936)	96	334	0	2086	false	2222	None
LINESTRING (3173817.997 230686.936, 3173821.186 230682.822)	96	334	0	2087	false	2222	None
LINESTRING (3173821.186 230682.822, 3173855.886 230649.583)	96	334	0	2088	false	2222	None
LINESTRING (3173855.886 230649.583, 3173895.011 230622.613)	96	334	0	2089	false	2222	None
LINESTRING (3173895.011 230622.613, 3173916.674 230594.51)	96	334	0	2090	false	2222	None
LINESTRING (3173916.674 230594.51, 3173934.78 230583.732)	96	334	0	2091	false	2222	None
LINESTRING (3173934.78 230583.732, 3173994.192 230554.713)	96	334	0	2092	false	2222	None
LINESTRING (3173994.192 230554.713, 3174002.321 230547.292)	96	334	0	2093	false	2222	None
LINESTRING (3174002.321 230547.292, 3174024.745 230526.523)	96	334	0	2094	false	2222	None
LINESTRING (3174024.745 230526.523, 3174047.992 230504.409)	96	334	0	2095	false	2222	None
LINESTRING (3174047.992 230504.409, 3174060.886 230493.374)	96	334	0	2096	false	2222	None
LINESTRING (3174060.886 230493.374, 3174079.823 230474.217)	96	334	0	2097	false	2222	None
LINESTRING (3174079.823 230474.217, 3174136.464 230416.682)	96	334	0	2098	false	2222	None
LINESTRING (3174136.464 230416.682, 3174155.316 230397.492)	96	334	0	2099	false	2222	None
LINESTRING (3174155.316 230397.492, 3174153.931 230393.251)	96	334	0	2100	false	2222	None
LINESTRING (3174153.931 230393.251, 3174152.363 230383.215)	96	334	0	2101	false	2222	None
LINESTRING (3174152.363 230383.215, 3174153.262 230373.908)	96	334	0	2102	false	2222	None
LINESTRING (3174153.262 230373.908, 3174155.903 230364.928)	96	334	0	2103	false	2222	None
LINESTRING (3174155.903 230364.928, 3174158.601 230354.301)	96	334	0	2104	false	2222	None
LINESTRING (3174158.601 230354.301, 3174164.386 230331.053)	96	334	0	2105	false	2222	None
LINESTRING (3174164.386 230331.053, 3174186.705 230264.451)	96	334	0	2106	false	2222	None
LINESTRING (3174186.705 230264.451, 3174201.531 230225.196)	96	334	0	2107	false	2222	None
LINESTRING (3174201.531 230225.196, 3174217.529 230182.705)	96	334	0	2108	false	2222	None
LINESTRING (3174217.529 230182.705, 3174226.346 230183.305)	96	334	0	2109	false	2222	None
LINESTRING (3174226.346 230183.305, 3174245.692 230180.648)	96	334	0	2110	false	2222	None
LINESTRING (3174245.692 230180.648, 3174255.378 230180.039)	96	334	0	2111	false	2222	None
LINESTRING (3174255.378 230180.039, 3174265.12 230180.287)	96	334	0	2112	false	2222	None
LINESTRING (3174265.12 230180.287, 3174293.824 230185.121)	96	334	0	2113	false	2222	None
LINESTRING (3174293.824 230185.121, 3174304.322 230187.455)	96	334	0	2114	false	2222	None
LINESTRING (3174304.322 230187.455, 3174322.983 230191.803)	96	334	0	2115	false	2222	None
LINESTRING (3174322.983 230191.803, 3174362.113 230202.162)	96	334	0	2116	false	2222	None
LINESTRING (3174362.113 230202.162, 3174391.897 230208.255)	96	334	0	2117	false	2222	None
LINESTRING (3174391.897 230208.255, 3174421.859 230212.39)	96	334	0	2118	false	2222	None
LINESTRING (3174421.859 230212.39, 3174441.742 230216.383)	96	334	0	2119	false	2222	None
LINESTRING (3174441.742 230216.383, 3174451.566 230218.93)	96	334	0	2120	false	2222	None
LINESTRING (3174451.566 230218.93, 3174461.585 230220.48)	96	334	0	2121	false	2222	None
LINESTRING (3174461.585 230220.48, 3174471.758 230221.136)	96	334	0	2122	false	2222	None
LINESTRING (3174471.758 230221.136, 3174481.865 230220.455)	96	334	0	2123	false	2222	None
LINESTRING (3174481.865 230220.455, 3174491.961 230221.558)	96	334	0	2124	false	2222	None
LINESTRING (3174491.961 230221.558, 3174501.464 230225.171)	96	334	0	2125	false	2222	None
LINESTRING (3174501.464 230225.171, 3174510.765 230229.301)	96	334	0	2126	false	2222	None
LINESTRING (3174510.765 230229.301, 3174519.822 230234.051)	96	334	0	2127	false	2222	None
LINESTRING (3174519.822 230234.051, 3174527.755 230239.91)	96	334	0	2128	false	2222	None
LINESTRING (3174527.755 230239.91, 3174534.693 230247.047)	96	334	0	2129	false	2222	None
LINESTRING (3174534.693 230247.047, 3174540.211 230255.296)	96	334	0	2130	false	2222	None
LINESTRING (3174540.211 230255.296, 3174544.08 230263.733)	96	334	0	2131	false	2222	None
LINESTRING (3174544.08 230263.733, 3174544.348 230264.554)	96	334	0	2132	false	2222	None
LINESTRING (3174544.348 230264.554, 3174546.887 230274.376)	96	334	0	2133	false	2222	None
LINESTRING (3174546.887 230274.376, 3174550.432 230315.957)	96	334	0	2134	false	2222	None
LINESTRING (3174550.432 230315.957, 3174550.782 230326.589)	96	334	0	2135	false	2222	None
LINESTRING (3174550.782 230326.589, 3174550.622 230344.533)	96	334	0	2136	false	2222	None
LINESTRING (3174550.622 230344.533, 3174552.155 230362.427)	96	334	0	2137	false	2222	None
LINESTRING (3174552.155 230362.427, 3174552.289 230362.837)	96	334	0	2138	false	2222	None
LINESTRING (3174552.289 230362.837, 3174559.838 230351.134)	96	334	0	2139	false	2222	None
LINESTRING (3174559.838 230351.134, 3174657.423 230216.426)	96	334	0	2140	false	2222	None
LINESTRING (3174657.423 230216.426, 3174688.039 230221.654)	96	334	0	2141	false	2222	None
LINESTRING (3174688.039 230221.654, 3174736.663 230230.139)	96	334	0	2142	false	2222	None
LINESTRING (3174736.663 230230.139, 3174780.148 230235.175)	96	334	0	2143	false	2222	None
LINESTRING (3174780.148 230235.175, 3174810.991 230238.823)	96	334	0	2144	false	2222	None
LINESTRING (3174810.991 230238.823, 3174819.356 230227.798)	96	334	0	2145	false	2222	None
LINESTRING (3174819.356 230227.798, 3174837.929 230204.565)	96	334	0	2146	false	2222	None
LINESTRING (3174837.929 230204.565, 3174889.184 230173.537)	96	334	0	2147	false	2222	None
LINESTRING (3174889.184 230173.537, 3174915.395 230168.688)	96	334	0	2148	false	2222	None
LINESTRING (3174915.395 230168.688, 3174938.68 230171.037)	96	334	0	2149	false	2222	None
LINESTRING (3174938.68 230171.037, 3174950.359 230173.12)	96	334	0	2150	false	2222	None
LINESTRING (3174950.359 230173.12, 3174979.693 230180.111)	96	334	0	2151	false	2222	None
LINESTRING (3174979.693 230180.111, 3175024.032 230198.006)	96	334	0	2152	false	2222	None
LINESTRING (3175024.032 230198.006, 3175047.293 230211.437)	96	334	0	2153	false	2222	None
LINESTRING (3175047.293 230211.437, 3175077.785 230231.763)	96	334	0	2154	false	2222	None
LINESTRING (3175077.785 230231.763, 3175105.07 230250.233)	96	334	0	2155	false	2222	None
LINESTRING (3175105.07 230250.233, 3175137.483 230281.451)	96	334	0	2156	false	2222	None
LINESTRING (3175137.483 230281.451, 3175166.265 230293.354)	96	334	0	2157	false	2222	None
LINESTRING (3175166.265 230293.354, 3175205.743 230299.323)	96	334	0	2158	false	2222	None
LINESTRING (3175205.743 230299.323, 3175229.726 230302.901)	96	334	0	2159	false	2222	None
LINESTRING (3175229.726 230302.901, 3175282.186 230300.374)	96	334	0	2160	false	2222	None
LINESTRING (3175282.186 230300.374, 3175365.895 230305.474)	96	334	0	2161	false	2222	None
LINESTRING (3175365.895 230305.474, 3175438.681 230315.585)	96	334	0	2162	false	2222	None
LINESTRING (3175438.681 230315.585, 3175555.034 230348.062)	96	334	0	2163	false	2222	None
LINESTRING (3175555.034 230348.062, 3175633.381 230356.543)	96	334	0	2164	false	2222	None
LINESTRING (3175633.381 230356.543, 3175670.099 230362.026)	96	334	0	2165	false	2222	None
LINESTRING (3175670.099 230362.026, 3175726.387 230378.06)	96	334	0	2166	false	2222	None
LINESTRING (3175726.387 230378.06, 3175775.596 230386.066)	96	334	0	2167	false	2222	None
LINESTRING (3175775.596 230386.066, 3175834.097 230385.201)	96	334	0	2168	false	2222	None
LINESTRING (3175834.097 230385.201, 3175932.409 230384.953)	96	334	0	2169	false	2222	None
LINESTRING (3175932.409 230384.953, 3175965.774 230384.945)	96	334	0	2170	false	2222	None
LINESTRING (3175965.774 230384.945, 3175992.217 230383.768)	96	334	0	2171	false	2222	None
LINESTRING (3175992.217 230383.768, 3175998.855 230383.156)	96	334	0	2172	false	2222	None
LINESTRING (3175998.855 230383.156, 3176020.8 230381.404)	96	334	0	2173	false	2222	None
LINESTRING (3176020.8 230381.404, 3176052.273 230377.194)	96	334	0	2174	false	2222	None
LINESTRING (3176052.273 230377.194, 3176084.904 230368.788)	96	334	0	2175	false	2222	None
LINESTRING (3176084.904 230368.788, 3176118.663 230354.505)	96	334	0	2176	false	2222	None
LINESTRING (3176118.663 230354.505, 3176167.739 230322.031)	96	334	0	2177	false	2222	None
LINESTRING (3176167.739 230322.031, 3176219.008 230281.474)	96	334	0	2178	false	2222	None
LINESTRING (3176219.008 230281.474, 3176228.576 230273.905)	96	334	0	2179	false	2222	None
LINESTRING (3176228.576 230273.905, 3176260.627 230246.189)	96	334	0	2180	false	2222	None
LINESTRING (3176260.627 230246.189, 3176365.379 230155.69)	96	334	0	2181	false	2222	None
LINESTRING (3176365.379 230155.69, 3176383.758 230138.226)	96	334	0	2182	false	2222	None
LINESTRING (3176383.758 230138.226, 3176396.927 230125.75)	96	334	0	2183	false	2222	None
LINESTRING (3176396.927 230125.75, 3176424.469 230101.749)	96	334	0	2184	false	2222	None
LINESTRING (3176424.469 230101.749, 3176412.656 230066.695)	96	334	0	2185	false	2222	None
LINESTRING (3176412.656 230066.695, 3176378.67 229967.351)	96	334	0	2186	false	2222	None
LINESTRING (3176378.67 229967.351, 3176376.587 229961.882)	96	334	0	2187	false	2222	None
LINESTRING (3176376.587 229961.882, 3176363.012 229927.805)	96	334	0	2188	false	2222	None
LINESTRING (3176363.012 229927.805, 3176362.123 229925.309)	96	334	0	2189	false	2222	None
LINESTRING (3176362.123 229925.309, 3176359.293 229918.234)	96	334	0	2190	false	2222	None
LINESTRING (3176359.293 229918.234, 3176358.278 229915.807)	96	334	0	2191	false	2222	None
LINESTRING (3176358.278 229915.807, 3176355.493 229908.869)	96	334	0	2192	false	2222	None
LINESTRING (3176355.493 229908.869, 3176352.753 229902.068)	96	334	0	2193	false	2222	None
LINESTRING (3176352.753 229902.068, 3176349.875 229894.616)	96	334	0	2194	false	2222	None
LINESTRING (3176349.875 229894.616, 3176340.98 229869.415)	96	334	0	2195	false	2222	None
LINESTRING (3176340.98 229869.415, 3176336.047 229855.67)	96	334	0	2196	false	2222	None
LINESTRING (3176336.047 229855.67, 3176331.358 229836.295)	96	334	0	2197	false	2222	None
LINESTRING (3176331.358 229836.295, 3176329.588 229829.279)	96	334	0	2198	false	2222	None
LINESTRING (3176329.588 229829.279, 3176326.052 229815.486)	96	334	0	2199	false	2222	None
LINESTRING (3176326.052 229815.486, 3176323.645 229793.312)	96	334	0	2200	false	2222	None
LINESTRING (3176323.645 229793.312, 3176320.246 229762.638)	96	334	0	2201	false	2222	None
LINESTRING (3176320.246 229762.638, 3176324.05 229737.18)	96	334	0	2202	false	2222	None
LINESTRING (3176324.05 229737.18, 3176328.702 229716.826)	96	334	0	2203	false	2222	None
LINESTRING (3176328.702 229716.826, 3176330.314 229709.468)	96	334	0	2204	false	2222	None
LINESTRING (3176330.314 229709.468, 3176348.428 229666.378)	96	334	0	2205	false	2222	None
LINESTRING (3176348.428 229666.378, 3176359.048 229645.864)	96	334	0	2206	false	2222	None
LINESTRING (3176359.048 229645.864, 3176367.74 229629.006)	96	334	0	2207	false	2222	None
LINESTRING (3176367.74 229629.006, 3176370.2 229624.248)	96	334	0	2208	false	2222	None
LINESTRING (3176370.2 229624.248, 3176383.361 229598.77)	96	334	0	2209	false	2222	None
LINESTRING (3176383.361 229598.77, 3176393.454 229579.599)	96	334	0	2210	false	2222	None
LINESTRING (3176393.454 229579.599, 3176401.983 229563.154)	96	334	0	2211	false	2222	None
LINESTRING (3176401.983 229563.154, 3176422.367 229526.56)	96	334	0	2212	false	2222	None
LINESTRING (3176422.367 229526.56, 3176483.222 229416.784)	96	334	0	2213	false	2222	E:3176482.218 229418.5951100817
LINESTRING (3172193.356 231833.269, 3172212.074 231836.205)	96	335	0	177	false	2348	W:3172204.385 231834.99894678913
LINESTRING (3172212.074 231836.205, 3172213.433 231836.5)	96	335	0	178	false	2348	None
LINESTRING (3172213.433 231836.5, 3172221.421 231838.204)	96	335	0	179	false	2348	None
LINESTRING (3172221.421 231838.204, 3172230.524 231840.824)	96	335	0	180	false	2348	None
LINESTRING (3172230.524 231840.824, 3172239.595 231844.027)	96	335	0	181	false	2348	None
LINESTRING (3172239.595 231844.027, 3172248.423 231847.851)	96	335	0	182	false	2348	None
LINESTRING (3172248.423 231847.851, 3172250.988 231849.335)	96	335	0	183	false	2348	None
LINESTRING (3172250.988 231849.335, 3172258.708 231852.723)	96	335	0	184	false	2348	None
LINESTRING (3172258.708 231852.723, 3172275.979 231862.603)	96	335	0	185	false	2348	None
LINESTRING (3172275.979 231862.603, 3172287.181 231869.147)	96	335	0	186	false	2348	None
LINESTRING (3172287.181 231869.147, 3172301.412 231879.504)	96	335	0	187	false	2348	None
LINESTRING (3172301.412 231879.504, 3172316.041 231893.356)	96	335	0	188	false	2348	None
LINESTRING (3172316.041 231893.356, 3172329.94 231909.068)	96	335	0	189	false	2348	None
LINESTRING (3172329.94 231909.068, 3172339.074 231920.881)	96	335	0	190	false	2348	None
LINESTRING (3172339.074 231920.881, 3172342.151 231925.071)	96	335	0	191	false	2348	None
LINESTRING (3172342.151 231925.071, 3172347.579 231933.045)	96	335	0	192	false	2348	None
LINESTRING (3172347.579 231933.045, 3172355.167 231946.04)	96	335	0	193	false	2348	None
LINESTRING (3172355.167 231946.04, 3172359.048 231952.692)	96	335	0	194	false	2348	None
LINESTRING (3172359.048 231952.692, 3172363.396 231961.911)	96	335	0	195	false	2348	None
LINESTRING (3172363.396 231961.911, 3172370.908 231980.363)	96	335	0	196	false	2348	None
LINESTRING (3172370.908 231980.363, 3172400.125 232052.769)	96	335	0	197	false	2348	None
LINESTRING (3172400.125 232052.769, 3172414.53 232085.733)	96	335	0	198	false	2348	None
LINESTRING (3172414.53 232085.733, 3172429.56 232120.611)	96	335	0	199	false	2348	None
LINESTRING (3172429.56 232120.611, 3172431.493 232124.709)	96	335	0	200	false	2348	None
LINESTRING (3172431.493 232124.709, 3172436.872 232137.315)	96	335	0	201	false	2348	None
LINESTRING (3172436.872 232137.315, 3172438.679 232141.482)	96	335	0	202	false	2348	None
LINESTRING (3172438.679 232141.482, 3172451.987 232172.227)	96	335	0	203	false	2348	None
LINESTRING (3172451.987 232172.227, 3172459.612 232189.888)	96	335	0	204	false	2348	None
LINESTRING (3172459.612 232189.888, 3172521.82 232335.351)	96	335	0	205	false	2348	None
LINESTRING (3172521.82 232335.351, 3172541.708 232382.154)	96	335	0	206	false	2348	None
LINESTRING (3172541.708 232382.154, 3172542.54 232383.793)	96	335	0	207	false	2348	None
LINESTRING (3172542.54 232383.793, 3172562.062 232421.508)	96	335	0	208	false	2348	None
LINESTRING (3172562.062 232421.508, 3172566.661 232430.589)	96	335	0	209	false	2348	None
LINESTRING (3172566.661 232430.589, 3172572.051 232438.906)	96	335	0	210	false	2348	None
LINESTRING (3172572.051 232438.906, 3172577.986 232446.841)	96	335	0	211	false	2348	None
LINESTRING (3172577.986 232446.841, 3172584.464 232454.393)	96	335	0	212	false	2348	None
LINESTRING (3172584.464 232454.393, 3172598.71 232468.215)	96	335	0	213	false	2348	None
LINESTRING (3172598.71 232468.215, 3172613.743 232481.034)	96	335	0	214	false	2348	None
LINESTRING (3172613.743 232481.034, 3172629.604 232492.747)	96	335	0	215	false	2348	None
LINESTRING (3172629.604 232492.747, 3172646.8 232503.315)	96	335	0	216	false	2348	None
LINESTRING (3172646.8 232503.315, 3172648.679 232504.291)	96	335	0	217	false	2348	None
LINESTRING (3172648.679 232504.291, 3172655.814 232508.166)	96	335	0	218	false	2348	None
LINESTRING (3172655.814 232508.166, 3172674.535 232516.352)	96	335	0	219	false	2348	None
LINESTRING (3172674.535 232516.352, 3172684.754 232519.887)	96	335	0	220	false	2348	None
LINESTRING (3172684.754 232519.887, 3172694.511 232523.599)	96	335	0	221	false	2348	None
LINESTRING (3172694.511 232523.599, 3172704.892 232526.721)	96	335	0	222	false	2348	None
LINESTRING (3172704.892 232526.721, 3172714.827 232528.476)	96	335	0	223	false	2348	None
LINESTRING (3172714.827 232528.476, 3172724.92 232529.577)	96	335	0	224	false	2348	None
LINESTRING (3172724.92 232529.577, 3172746.274 232530.806)	96	335	0	225	false	2348	None
LINESTRING (3172746.274 232530.806, 3172754.488 232530.931)	96	335	0	226	false	2348	None
LINESTRING (3172754.488 232530.931, 3172795.472 232531.521)	96	335	0	227	false	2348	None
LINESTRING (3172795.472 232531.521, 3172933.488 232530.502)	96	335	0	228	false	2348	None
LINESTRING (3172933.488 232530.502, 3172970.162 232531.547)	96	335	0	229	false	2348	None
LINESTRING (3172970.162 232531.547, 3173041.733 232533.656)	96	335	0	230	false	2348	None
LINESTRING (3173041.733 232533.656, 3173043.359 232557.071)	96	335	0	231	false	2348	None
LINESTRING (3173043.359 232557.071, 3173043.566 232561.804)	96	335	0	232	false	2348	None
LINESTRING (3173043.566 232561.804, 3173043.166 232575.599)	96	335	0	233	false	2348	None
LINESTRING (3173043.166 232575.599, 3173043.357 232589.388)	96	335	0	234	false	2348	None
LINESTRING (3173043.357 232589.388, 3173041.829 232611.566)	96	335	0	235	false	2348	None
LINESTRING (3173041.829 232611.566, 3173040.499 232620.464)	96	335	0	236	false	2348	None
LINESTRING (3173040.499 232620.464, 3173038.73 232628.475)	96	335	0	237	false	2348	None
LINESTRING (3173038.73 232628.475, 3173038.572 232629.129)	96	335	0	238	false	2348	None
LINESTRING (3173038.572 232629.129, 3173035.464 232638.045)	96	335	0	239	false	2348	None
LINESTRING (3173035.464 232638.045, 3173031.76 232646.727)	96	335	0	240	false	2348	None
LINESTRING (3173031.76 232646.727, 3173028.992 232650.768)	96	335	0	241	false	2348	None
LINESTRING (3173028.992 232650.768, 3173024.655 232657.054)	96	335	0	242	false	2348	None
LINESTRING (3173024.655 232657.054, 3173015.293 232661.607)	96	335	0	243	false	2348	None
LINESTRING (3173015.293 232661.607, 3173005.443 232662.39)	96	335	0	244	false	2348	None
LINESTRING (3173005.443 232662.39, 3172995.959 232662.243)	96	335	0	245	false	2348	None
LINESTRING (3172995.959 232662.243, 3172984.044 232661.022)	96	335	0	246	false	2348	None
LINESTRING (3172984.044 232661.022, 3172973.939 232659.201)	96	335	0	247	false	2348	None
LINESTRING (3172973.939 232659.201, 3172964.025 232658.647)	96	335	0	248	false	2348	None
LINESTRING (3172964.025 232658.647, 3172953.462 232657.241)	96	335	0	249	false	2348	None
LINESTRING (3172953.462 232657.241, 3172946.611 232657.652)	96	335	0	250	false	2348	None
LINESTRING (3172946.611 232657.652, 3172942.724 232658.033)	96	335	0	251	false	2348	None
LINESTRING (3172942.724 232658.033, 3172931.552 232658.178)	96	335	0	252	false	2348	None
LINESTRING (3172931.552 232658.178, 3172922.23 232660.122)	96	335	0	253	false	2348	None
LINESTRING (3172922.23 232660.122, 3172912.259 232661.215)	96	335	0	254	false	2348	None
LINESTRING (3172912.259 232661.215, 3172902.56 232663.369)	96	335	0	255	false	2348	None
LINESTRING (3172902.56 232663.369, 3172893.637 232666.305)	96	335	0	256	false	2348	None
LINESTRING (3172893.637 232666.305, 3172876.017 232673.1)	96	335	0	257	false	2348	None
LINESTRING (3172876.017 232673.1, 3172811.94 232693.493)	96	335	0	258	false	2348	None
LINESTRING (3172811.94 232693.493, 3172794.146 232697.477)	96	335	0	259	false	2348	None
LINESTRING (3172794.146 232697.477, 3172743.841 232703.84)	96	335	0	260	false	2348	None
LINESTRING (3172743.841 232703.84, 3172722.192 232710.127)	96	335	0	261	false	2348	None
LINESTRING (3172722.192 232710.127, 3172698.789 232715.367)	96	335	0	262	false	2348	None
LINESTRING (3172698.789 232715.367, 3172689.058 232718.105)	96	335	0	263	false	2348	None
LINESTRING (3172689.058 232718.105, 3172678.231 232721.128)	96	335	0	264	false	2348	None
LINESTRING (3172678.231 232721.128, 3172667.961 232724.489)	96	335	0	265	false	2348	None
LINESTRING (3172667.961 232724.489, 3172650.556 232728.984)	96	335	0	266	false	2348	None
LINESTRING (3172650.556 232728.984, 3172642.01 232731.71)	96	335	0	267	false	2348	None
LINESTRING (3172642.01 232731.71, 3172610.391 232749.108)	96	335	0	268	false	2348	None
LINESTRING (3172610.391 232749.108, 3172606.54 232754.154)	96	335	0	269	false	2348	None
LINESTRING (3172606.54 232754.154, 3172603.931 232757.542)	96	335	0	270	false	2348	None
LINESTRING (3172603.931 232757.542, 3172602.479 232761.742)	96	335	0	271	false	2348	None
LINESTRING (3172602.479 232761.742, 3172600.495 232767.045)	96	335	0	272	false	2348	None
LINESTRING (3172600.495 232767.045, 3172597.246 232777.575)	96	335	0	273	false	2348	None
LINESTRING (3172597.246 232777.575, 3172595.847 232787.401)	96	335	0	274	false	2348	None
LINESTRING (3172595.847 232787.401, 3172595.157 232791.662)	96	335	0	275	false	2348	None
LINESTRING (3172595.157 232791.662, 3172593.664 232795.965)	96	335	0	276	false	2348	None
LINESTRING (3172593.664 232795.965, 3172591.652 232802.091)	96	335	0	277	false	2348	None
LINESTRING (3172591.652 232802.091, 3172590.683 232804.811)	96	335	0	278	false	2348	None
LINESTRING (3172590.683 232804.811, 3172585.725 232814.432)	96	335	0	279	false	2348	None
LINESTRING (3172585.725 232814.432, 3172582.418 232819.096)	96	335	0	280	false	2348	None
LINESTRING (3172582.418 232819.096, 3172580.348 232821.861)	96	335	0	281	false	2348	None
LINESTRING (3172580.348 232821.861, 3172578.007 232823.565)	96	335	0	282	false	2348	None
LINESTRING (3172578.007 232823.565, 3172572.655 232827.426)	96	335	0	283	false	2348	None
LINESTRING (3172572.655 232827.426, 3172561.678 232831.583)	96	335	0	284	false	2348	None
LINESTRING (3172561.678 232831.583, 3172556.87 232832.557)	96	335	0	285	false	2348	None
LINESTRING (3172556.87 232832.557, 3172550.332 232833.926)	96	335	0	286	false	2348	None
LINESTRING (3172550.332 232833.926, 3172540.56 232834.263)	96	335	0	287	false	2348	None
LINESTRING (3172540.56 232834.263, 3172530.846 232835.457)	96	335	0	288	false	2348	None
LINESTRING (3172530.846 232835.457, 3172503.531 232837.134)	96	335	0	289	false	2348	None
LINESTRING (3172503.531 232837.134, 3172490.915 232839.455)	96	335	0	290	false	2348	None
LINESTRING (3172490.915 232839.455, 3172468.803 232843.413)	96	335	0	291	false	2348	None
LINESTRING (3172468.803 232843.413, 3172467.326 232843.668)	96	335	0	292	false	2348	None
LINESTRING (3172467.326 232843.668, 3172448.237 232846.19)	96	335	0	293	false	2348	None
LINESTRING (3172448.237 232846.19, 3172425.82 232847.167)	96	335	0	294	false	2348	None
LINESTRING (3172425.82 232847.167, 3172395.41 232848.464)	96	335	0	295	false	2348	None
LINESTRING (3172395.41 232848.464, 3172376.228 232850.473)	96	335	0	296	false	2348	None
LINESTRING (3172376.228 232850.473, 3172354.834 232856.86)	96	335	0	297	false	2348	None
LINESTRING (3172354.834 232856.86, 3172338.648 232863.265)	96	335	0	298	false	2348	None
LINESTRING (3172338.648 232863.265, 3172320.598 232869.654)	96	335	0	299	false	2348	None
LINESTRING (3172320.598 232869.654, 3172303.247 232877.271)	96	335	0	300	false	2348	None
LINESTRING (3172303.247 232877.271, 3172298.212 232879.825)	96	335	0	301	false	2348	None
LINESTRING (3172298.212 232879.825, 3172275.212 232891.306)	96	335	0	302	false	2348	None
LINESTRING (3172275.212 232891.306, 3172258.373 232904.133)	96	335	0	303	false	2348	N:3172273.850649489 232892.343
LINESTRING (3176483.222 229416.784, 3176422.367 229526.56)	96	337	0	913	false	1368	E:3176482.218 229418.5951100817
LINESTRING (3176422.367 229526.56, 3176401.983 229563.154)	96	337	0	914	false	1368	None
LINESTRING (3176401.983 229563.154, 3176393.454 229579.599)	96	337	0	915	false	1368	None
LINESTRING (3176393.454 229579.599, 3176383.361 229598.77)	96	337	0	916	false	1368	None
LINESTRING (3176383.361 229598.77, 3176370.2 229624.248)	96	337	0	917	false	1368	None
LINESTRING (3176370.2 229624.248, 3176367.74 229629.006)	96	337	0	918	false	1368	None
LINESTRING (3176367.74 229629.006, 3176359.048 229645.864)	96	337	0	919	false	1368	None
LINESTRING (3176359.048 229645.864, 3176348.428 229666.378)	96	337	0	920	false	1368	None
LINESTRING (3176348.428 229666.378, 3176330.314 229709.468)	96	337	0	921	false	1368	None
LINESTRING (3176330.314 229709.468, 3176328.702 229716.826)	96	337	0	922	false	1368	None
LINESTRING (3176328.702 229716.826, 3176324.05 229737.18)	96	337	0	923	false	1368	None
LINESTRING (3176324.05 229737.18, 3176320.246 229762.638)	96	337	0	924	false	1368	None
LINESTRING (3176320.246 229762.638, 3176323.645 229793.312)	96	337	0	925	false	1368	None
LINESTRING (3176323.645 229793.312, 3176326.052 229815.486)	96	337	0	926	false	1368	None
LINESTRING (3176326.052 229815.486, 3176329.588 229829.279)	96	337	0	927	false	1368	None
LINESTRING (3176329.588 229829.279, 3176331.358 229836.295)	96	337	0	928	false	1368	None
LINESTRING (3176331.358 229836.295, 3176336.047 229855.67)	96	337	0	929	false	1368	None
LINESTRING (3176336.047 229855.67, 3176340.98 229869.415)	96	337	0	930	false	1368	None
LINESTRING (3176340.98 229869.415, 3176349.875 229894.616)	96	337	0	931	false	1368	None
LINESTRING (3176349.875 229894.616, 3176352.753 229902.068)	96	337	0	932	false	1368	None
LINESTRING (3176352.753 229902.068, 3176355.493 229908.869)	96	337	0	933	false	1368	None
LINESTRING (3176355.493 229908.869, 3176358.278 229915.807)	96	337	0	934	false	1368	None
LINESTRING (3176358.278 229915.807, 3176359.293 229918.234)	96	337	0	935	false	1368	None
LINESTRING (3176359.293 229918.234, 3176362.123 229925.309)	96	337	0	936	false	1368	None
LINESTRING (3176362.123 229925.309, 3176363.012 229927.805)	96	337	0	937	false	1368	None
LINESTRING (3176363.012 229927.805, 3176376.587 229961.882)	96	337	0	938	false	1368	None
LINESTRING (3176376.587 229961.882, 3176378.67 229967.351)	96	337	0	939	false	1368	None
LINESTRING (3176378.67 229967.351, 3176412.656 230066.695)	96	337	0	940	false	1368	None
LINESTRING (3176412.656 230066.695, 3176424.469 230101.749)	96	337	0	941	false	1368	None
LINESTRING (3176424.469 230101.749, 3176396.927 230125.75)	96	337	0	942	false	1368	None
LINESTRING (3176396.927 230125.75, 3176383.758 230138.226)	96	337	0	943	false	1368	None
LINESTRING (3176383.758 230138.226, 3176365.379 230155.69)	96	337	0	944	false	1368	None
LINESTRING (3176365.379 230155.69, 3176260.627 230246.189)	96	337	0	945	false	1368	None
LINESTRING (3176260.627 230246.189, 3176228.576 230273.905)	96	337	0	946	false	1368	None
LINESTRING (3176228.576 230273.905, 3176219.008 230281.474)	96	337	0	947	false	1368	None
LINESTRING (3176219.008 230281.474, 3176167.739 230322.031)	96	337	0	948	false	1368	None
LINESTRING (3176167.739 230322.031, 3176118.663 230354.505)	96	337	0	949	false	1368	None
LINESTRING (3176118.663 230354.505, 3176084.904 230368.788)	96	337	0	950	false	1368	None
LINESTRING (3176084.904 230368.788, 3176052.273 230377.194)	96	337	0	951	false	1368	None
LINESTRING (3176052.273 230377.194, 3176020.8 230381.404)	96	337	0	952	false	1368	None
LINESTRING (3176020.8 230381.404, 3175998.855 230383.156)	96	337	0	953	false	1368	None
LINESTRING (3175998.855 230383.156, 3175992.217 230383.768)	96	337	0	954	false	1368	None
LINESTRING (3175992.217 230383.768, 3175965.774 230384.945)	96	337	0	955	false	1368	None
LINESTRING (3175965.774 230384.945, 3175932.409 230384.953)	96	337	0	956	false	1368	None
LINESTRING (3175932.409 230384.953, 3175834.097 230385.201)	96	337	0	957	false	1368	None
LINESTRING (3175834.097 230385.201, 3175775.596 230386.066)	96	337	0	958	false	1368	None
LINESTRING (3175775.596 230386.066, 3175726.387 230378.06)	96	337	0	959	false	1368	None
LINESTRING (3175726.387 230378.06, 3175670.099 230362.026)	96	337	0	960	false	1368	None
LINESTRING (3175670.099 230362.026, 3175633.381 230356.543)	96	337	0	961	false	1368	None
LINESTRING (3175633.381 230356.543, 3175555.034 230348.062)	96	337	0	962	false	1368	None
LINESTRING (3175555.034 230348.062, 3175438.681 230315.585)	96	337	0	963	false	1368	None
LINESTRING (3175438.681 230315.585, 3175365.895 230305.474)	96	337	0	964	false	1368	None
LINESTRING (3175365.895 230305.474, 3175282.186 230300.374)	96	337	0	965	false	1368	None
LINESTRING (3175282.186 230300.374, 3175229.726 230302.901)	96	337	0	966	false	1368	None
LINESTRING (3175229.726 230302.901, 3175205.743 230299.323)	96	337	0	967	false	1368	None
LINESTRING (3175205.743 230299.323, 3175166.265 230293.354)	96	337	0	968	false	1368	None
LINESTRING (3175166.265 230293.354, 3175137.483 230281.451)	96	337	0	969	false	1368	None
LINESTRING (3175137.483 230281.451, 3175105.07 230250.233)	96	337	0	970	false	1368	None
LINESTRING (3175105.07 230250.233, 3175077.785 230231.763)	96	337	0	971	false	1368	None
LINESTRING (3175077.785 230231.763, 3175047.293 230211.437)	96	337	0	972	false	1368	None
LINESTRING (3175047.293 230211.437, 3175024.032 230198.006)	96	337	0	973	false	1368	None
LINESTRING (3175024.032 230198.006, 3174979.693 230180.111)	96	337	0	974	false	1368	None
LINESTRING (3174979.693 230180.111, 3174950.359 230173.12)	96	337	0	975	false	1368	None
LINESTRING (3174950.359 230173.12, 3174938.68 230171.037)	96	337	0	976	false	1368	None
LINESTRING (3174938.68 230171.037, 3174915.395 230168.688)	96	337	0	977	false	1368	None
LINESTRING (3174915.395 230168.688, 3174889.184 230173.537)	96	337	0	978	false	1368	None
LINESTRING (3174889.184 230173.537, 3174837.929 230204.565)	96	337	0	979	false	1368	None
LINESTRING (3174837.929 230204.565, 3174819.356 230227.798)	96	337	0	980	false	1368	None
LINESTRING (3174819.356 230227.798, 3174810.991 230238.823)	96	337	0	981	false	1368	None
LINESTRING (3174810.991 230238.823, 3174780.148 230235.175)	96	337	0	982	false	1368	None
LINESTRING (3174780.148 230235.175, 3174736.663 230230.139)	96	337	0	983	false	1368	None
LINESTRING (3174736.663 230230.139, 3174688.039 230221.654)	96	337	0	984	false	1368	None
LINESTRING (3174688.039 230221.654, 3174657.423 230216.426)	96	337	0	985	false	1368	None
LINESTRING (3174657.423 230216.426, 3174559.838 230351.134)	96	337	0	986	false	1368	None
LINESTRING (3174559.838 230351.134, 3174552.289 230362.837)	96	337	0	987	false	1368	None
LINESTRING (3174552.289 230362.837, 3174552.155 230362.427)	96	337	0	988	false	1368	None
LINESTRING (3174552.155 230362.427, 3174550.622 230344.533)	96	337	0	989	false	1368	None
LINESTRING (3174550.622 230344.533, 3174550.782 230326.589)	96	337	0	990	false	1368	None
LINESTRING (3174550.782 230326.589, 3174550.432 230315.957)	96	337	0	991	false	1368	None
LINESTRING (3174550.432 230315.957, 3174546.887 230274.376)	96	337	0	992	false	1368	None
LINESTRING (3174546.887 230274.376, 3174544.348 230264.554)	96	337	0	993	false	1368	None
LINESTRING (3174544.348 230264.554, 3174544.08 230263.733)	96	337	0	994	false	1368	None
LINESTRING (3174544.08 230263.733, 3174540.211 230255.296)	96	337	0	995	false	1368	None
LINESTRING (3174540.211 230255.296, 3174534.693 230247.047)	96	337	0	996	false	1368	None
LINESTRING (3174534.693 230247.047, 3174527.755 230239.91)	96	337	0	997	false	1368	None
LINESTRING (3174527.755 230239.91, 3174519.822 230234.051)	96	337	0	998	false	1368	None
LINESTRING (3174519.822 230234.051, 3174510.765 230229.301)	96	337	0	999	false	1368	None
LINESTRING (3174510.765 230229.301, 3174501.464 230225.171)	96	337	0	1000	false	1368	None
LINESTRING (3174501.464 230225.171, 3174491.961 230221.558)	96	337	0	1001	false	1368	None
LINESTRING (3174491.961 230221.558, 3174481.865 230220.455)	96	337	0	1002	false	1368	None
LINESTRING (3174481.865 230220.455, 3174471.758 230221.136)	96	337	0	1003	false	1368	None
LINESTRING (3174471.758 230221.136, 3174461.585 230220.48)	96	337	0	1004	false	1368	None
LINESTRING (3174461.585 230220.48, 3174451.566 230218.93)	96	337	0	1005	false	1368	None
LINESTRING (3174451.566 230218.93, 3174441.742 230216.383)	96	337	0	1006	false	1368	None
LINESTRING (3174441.742 230216.383, 3174421.859 230212.39)	96	337	0	1007	false	1368	None
LINESTRING (3174421.859 230212.39, 3174391.897 230208.255)	96	337	0	1008	false	1368	None
LINESTRING (3174391.897 230208.255, 3174362.113 230202.162)	96	337	0	1009	false	1368	None
LINESTRING (3174362.113 230202.162, 3174322.983 230191.803)	96	337	0	1010	false	1368	None
LINESTRING (3174322.983 230191.803, 3174304.322 230187.455)	96	337	0	1011	false	1368	None
LINESTRING (3174304.322 230187.455, 3174293.824 230185.121)	96	337	0	1012	false	1368	None
LINESTRING (3174293.824 230185.121, 3174265.12 230180.287)	96	337	0	1013	false	1368	None
LINESTRING (3174265.12 230180.287, 3174255.378 230180.039)	96	337	0	1014	false	1368	None
LINESTRING (3174255.378 230180.039, 3174245.692 230180.648)	96	337	0	1015	false	1368	None
LINESTRING (3174245.692 230180.648, 3174226.346 230183.305)	96	337	0	1016	false	1368	None
LINESTRING (3174226.346 230183.305, 3174217.529 230182.705)	96	337	0	1017	false	1368	None
LINESTRING (3174217.529 230182.705, 3174201.531 230225.196)	96	337	0	1018	false	1368	None
LINESTRING (3174201.531 230225.196, 3174186.705 230264.451)	96	337	0	1019	false	1368	None
LINESTRING (3174186.705 230264.451, 3174164.386 230331.053)	96	337	0	1020	false	1368	None
LINESTRING (3174164.386 230331.053, 3174158.601 230354.301)	96	337	0	1021	false	1368	None
LINESTRING (3174158.601 230354.301, 3174155.903 230364.928)	96	337	0	1022	false	1368	None
LINESTRING (3174155.903 230364.928, 3174153.262 230373.908)	96	337	0	1023	false	1368	None
LINESTRING (3174153.262 230373.908, 3174152.363 230383.215)	96	337	0	1024	false	1368	None
LINESTRING (3174152.363 230383.215, 3174153.931 230393.251)	96	337	0	1025	false	1368	None
LINESTRING (3174153.931 230393.251, 3174155.316 230397.492)	96	337	0	1026	false	1368	None
LINESTRING (3174155.316 230397.492, 3174136.464 230416.682)	96	337	0	1027	false	1368	None
LINESTRING (3174136.464 230416.682, 3174079.823 230474.217)	96	337	0	1028	false	1368	None
LINESTRING (3174079.823 230474.217, 3174060.886 230493.374)	96	337	0	1029	false	1368	None
LINESTRING (3174060.886 230493.374, 3174047.992 230504.409)	96	337	0	1030	false	1368	None
LINESTRING (3174047.992 230504.409, 3174024.745 230526.523)	96	337	0	1031	false	1368	None
LINESTRING (3174024.745 230526.523, 3174002.321 230547.292)	96	337	0	1032	false	1368	None
LINESTRING (3174002.321 230547.292, 3173994.192 230554.713)	96	337	0	1033	false	1368	None
LINESTRING (3173994.192 230554.713, 3173934.78 230583.732)	96	337	0	1034	false	1368	None
LINESTRING (3173934.78 230583.732, 3173916.674 230594.51)	96	337	0	1035	false	1368	None
LINESTRING (3173916.674 230594.51, 3173895.011 230622.613)	96	337	0	1036	false	1368	None
LINESTRING (3173895.011 230622.613, 3173855.886 230649.583)	96	337	0	1037	false	1368	None
LINESTRING (3173855.886 230649.583, 3173821.186 230682.822)	96	337	0	1038	false	1368	None
LINESTRING (3173821.186 230682.822, 3173817.997 230686.936)	96	337	0	1039	false	1368	None
LINESTRING (3173817.997 230686.936, 3173779.687 230736.884)	96	337	0	1040	false	1368	None
LINESTRING (3173779.687 230736.884, 3173763.659 230742.873)	96	337	0	1041	false	1368	None
LINESTRING (3173763.659 230742.873, 3173749.482 230748.157)	96	337	0	1042	false	1368	None
LINESTRING (3173749.482 230748.157, 3173676.38 230729.11)	96	337	0	1043	false	1368	None
LINESTRING (3173676.38 230729.11, 3173645.847 230721.175)	96	337	0	1044	false	1368	None
LINESTRING (3173645.847 230721.175, 3173576.734 230700.237)	96	337	0	1045	false	1368	None
LINESTRING (3173576.734 230700.237, 3173554.604 230695.959)	96	337	0	1046	false	1368	None
LINESTRING (3173554.604 230695.959, 3173491.281 230706.631)	96	337	0	1047	false	1368	None
LINESTRING (3173491.281 230706.631, 3173455.127 230704.241)	96	337	0	1048	false	1368	None
LINESTRING (3173455.127 230704.241, 3173412.367 230689.359)	96	337	0	1049	false	1368	None
LINESTRING (3173412.367 230689.359, 3173388.815 230681.184)	96	337	0	1050	false	1368	None
LINESTRING (3173388.815 230681.184, 3173356.545 230675.669)	96	337	0	1051	false	1368	None
LINESTRING (3173356.545 230675.669, 3173339.404 230678.479)	96	337	0	1052	false	1368	None
LINESTRING (3173339.404 230678.479, 3173325.363 230689.183)	96	337	0	1053	false	1368	None
LINESTRING (3173325.363 230689.183, 3173324.074 230720.278)	96	337	0	1054	false	1368	None
LINESTRING (3173324.074 230720.278, 3173329.255 230745.924)	96	337	0	1055	false	1368	None
LINESTRING (3173329.255 230745.924, 3173340.785 230781.456)	96	337	0	1056	false	1368	None
LINESTRING (3173340.785 230781.456, 3173346.508 230801.71)	96	337	0	1057	false	1368	None
LINESTRING (3173346.508 230801.71, 3173350.668 230817.176)	96	337	0	1058	false	1368	None
LINESTRING (3173350.668 230817.176, 3173354.401 230852.271)	96	337	0	1059	false	1368	None
LINESTRING (3173354.401 230852.271, 3173355.968 230874.59)	96	337	0	1060	false	1368	None
LINESTRING (3173355.968 230874.59, 3173354.596 230895.874)	96	337	0	1061	false	1368	None
LINESTRING (3173354.596 230895.874, 3173345.871 230927.865)	96	337	0	1062	false	1368	None
LINESTRING (3173345.871 230927.865, 3173319.02 230981.717)	96	337	0	1063	false	1368	None
LINESTRING (3173319.02 230981.717, 3173286.628 231055.693)	96	337	0	1064	false	1368	None
LINESTRING (3173286.628 231055.693, 3173249.127 231137.919)	96	337	0	1065	false	1368	None
LINESTRING (3173249.127 231137.919, 3173246.121 231142.82)	96	337	0	1066	false	1368	None
LINESTRING (3173246.121 231142.82, 3173209.107 231201.507)	96	337	0	1067	false	1368	None
LINESTRING (3173209.107 231201.507, 3173178.126 231244.078)	96	337	0	1068	false	1368	None
LINESTRING (3173178.126 231244.078, 3173167.58 231258.659)	96	337	0	1069	false	1368	None
LINESTRING (3173167.58 231258.659, 3173148.013 231285.44)	96	337	0	1070	false	1368	None
LINESTRING (3173148.013 231285.44, 3173140.691 231305.342)	96	337	0	1071	false	1368	None
LINESTRING (3173140.691 231305.342, 3173139.92 231307.305)	96	337	0	1072	false	1368	None
LINESTRING (3173139.92 231307.305, 3173140.779 231322.906)	96	337	0	1073	false	1368	None
LINESTRING (3173140.779 231322.906, 3173141.484 231334.392)	96	337	0	1074	false	1368	None
LINESTRING (3173141.484 231334.392, 3173150.222 231382.542)	96	337	0	1075	false	1368	None
LINESTRING (3173150.222 231382.542, 3173149.113 231396.894)	96	337	0	1076	false	1368	None
LINESTRING (3173149.113 231396.894, 3173147.836 231411.418)	96	337	0	1077	false	1368	None
LINESTRING (3173147.836 231411.418, 3173134.64 231451.791)	96	337	0	1078	false	1368	None
LINESTRING (3173134.64 231451.791, 3173129.078 231488.005)	96	337	0	1079	false	1368	None
LINESTRING (3173129.078 231488.005, 3173108.381 231527.937)	96	337	0	1080	false	1368	None
LINESTRING (3173108.381 231527.937, 3173084.604 231565.943)	96	337	0	1081	false	1368	None
LINESTRING (3173084.604 231565.943, 3173072.754 231598.377)	96	337	0	1082	false	1368	None
LINESTRING (3173072.754 231598.377, 3173069.433 231614.603)	96	337	0	1083	false	1368	None
LINESTRING (3173069.433 231614.603, 3173067.79 231622.544)	96	337	0	1084	false	1368	None
LINESTRING (3173067.79 231622.544, 3173059.987 231656.448)	96	337	0	1085	false	1368	None
LINESTRING (3173059.987 231656.448, 3173047.772 231689.812)	96	337	0	1086	false	1368	None
LINESTRING (3173047.772 231689.812, 3173046.64 231692.945)	96	337	0	1087	false	1368	None
LINESTRING (3173046.64 231692.945, 3173042.806 231701.457)	96	337	0	1088	false	1368	None
LINESTRING (3173042.806 231701.457, 3173031.705 231725.718)	96	337	0	1089	false	1368	None
LINESTRING (3173031.705 231725.718, 3173025.607 231735.487)	96	337	0	1090	false	1368	None
LINESTRING (3173025.607 231735.487, 3173018.806 231746.292)	96	337	0	1091	false	1368	None
LINESTRING (3173018.806 231746.292, 3172985.894 231787.271)	96	337	0	1092	false	1368	None
LINESTRING (3172985.894 231787.271, 3172971.262 231805.495)	96	337	0	1093	false	1368	None
LINESTRING (3172971.262 231805.495, 3172948.763 231844.004)	96	337	0	1094	false	1368	None
LINESTRING (3172948.763 231844.004, 3172935.635 231875.936)	96	337	0	1095	false	1368	None
LINESTRING (3172935.635 231875.936, 3172928.668 231911.718)	96	337	0	1096	false	1368	None
LINESTRING (3172928.668 231911.718, 3172930.493 231931.873)	96	337	0	1097	false	1368	None
LINESTRING (3172930.493 231931.873, 3172931.574 231945.654)	96	337	0	1098	false	1368	None
LINESTRING (3172931.574 231945.654, 3172938.037 231982.059)	96	337	0	1099	false	1368	None
LINESTRING (3172938.037 231982.059, 3172939.072 231988.189)	96	337	0	1100	false	1368	None
LINESTRING (3172939.072 231988.189, 3172948.664 232026.896)	96	337	0	1101	false	1368	None
LINESTRING (3172948.664 232026.896, 3172966.046 232058.287)	96	337	0	1102	false	1368	None
LINESTRING (3172966.046 232058.287, 3172966.135 232058.561)	96	337	0	1103	false	1368	None
LINESTRING (3172966.135 232058.561, 3172991.524 232085.345)	96	337	0	1104	false	1368	None
LINESTRING (3172991.524 232085.345, 3173021.73 232111.635)	96	337	0	1105	false	1368	None
LINESTRING (3173021.73 232111.635, 3173037.264 232128.945)	96	337	0	1106	false	1368	None
LINESTRING (3173037.264 232128.945, 3173048.662 232144.511)	96	337	0	1107	false	1368	None
LINESTRING (3173048.662 232144.511, 3173061.911 232166.886)	96	337	0	1108	false	1368	None
LINESTRING (3173061.911 232166.886, 3173070.7 232188.344)	96	337	0	1109	false	1368	None
LINESTRING (3173070.7 232188.344, 3173087.241 232254.943)	96	337	0	1110	false	1368	None
LINESTRING (3173087.241 232254.943, 3173107.289 232336.156)	96	337	0	1111	false	1368	None
LINESTRING (3173107.289 232336.156, 3173108.645 232341.221)	96	337	0	1112	false	1368	None
LINESTRING (3173108.645 232341.221, 3173112.457 232356.312)	96	337	0	1113	false	1368	None
LINESTRING (3173112.457 232356.312, 3173113.602 232361.413)	96	337	0	1114	false	1368	None
LINESTRING (3173113.602 232361.413, 3173132.355 232398.829)	96	337	0	1115	false	1368	None
LINESTRING (3173132.355 232398.829, 3173136.106 232405.311)	96	337	0	1116	false	1368	None
LINESTRING (3173136.106 232405.311, 3173150.555 232431.139)	96	337	0	1117	false	1368	None
LINESTRING (3173150.555 232431.139, 3173170.062 232463.127)	96	337	0	1118	false	1368	None
LINESTRING (3173170.062 232463.127, 3173185.709 232484.655)	96	337	0	1119	false	1368	None
LINESTRING (3173185.709 232484.655, 3173195.92 232497.729)	96	337	0	1120	false	1368	None
LINESTRING (3173195.92 232497.729, 3173204.821 232510.884)	96	337	0	1121	false	1368	None
LINESTRING (3173204.821 232510.884, 3173211.421 232525.64)	96	337	0	1122	false	1368	None
LINESTRING (3173211.421 232525.64, 3173212.034 232529.339)	96	337	0	1123	false	1368	None
LINESTRING (3173212.034 232529.339, 3173213.402 232540.132)	96	337	0	1124	false	1368	None
LINESTRING (3173213.402 232540.132, 3173211.816 232551.435)	96	337	0	1125	false	1368	None
LINESTRING (3173211.816 232551.435, 3173209.326 232564.29)	96	337	0	1126	false	1368	None
LINESTRING (3173209.326 232564.29, 3173202.01 232582.167)	96	337	0	1127	false	1368	None
LINESTRING (3173202.01 232582.167, 3173173.244 232568.247)	96	337	0	1128	false	1368	None
LINESTRING (3173173.244 232568.247, 3173171.665 232567.508)	96	337	0	1129	false	1368	None
LINESTRING (3173171.665 232567.508, 3173144.279 232555.083)	96	337	0	1130	false	1368	None
LINESTRING (3173144.279 232555.083, 3173111.037 232544.295)	96	337	0	1131	false	1368	None
LINESTRING (3173111.037 232544.295, 3173076.44 232535.956)	96	337	0	1132	false	1368	None
LINESTRING (3173076.44 232535.956, 3173075.888 232535.858)	96	337	0	1133	false	1368	None
LINESTRING (3173075.888 232535.858, 3173041.733 232533.656)	96	337	0	1134	false	1368	None
LINESTRING (3173041.733 232533.656, 3172970.162 232531.547)	96	337	0	1135	false	1368	None
LINESTRING (3172970.162 232531.547, 3172933.488 232530.502)	96	337	0	1136	false	1368	None
LINESTRING (3172933.488 232530.502, 3172795.472 232531.521)	96	337	0	1137	false	1368	None
LINESTRING (3172795.472 232531.521, 3172754.488 232530.931)	96	337	0	1138	false	1368	None
LINESTRING (3172754.488 232530.931, 3172746.274 232530.806)	96	337	0	1139	false	1368	None
LINESTRING (3172746.274 232530.806, 3172724.92 232529.577)	96	337	0	1140	false	1368	None
LINESTRING (3172724.92 232529.577, 3172714.827 232528.476)	96	337	0	1141	false	1368	None
LINESTRING (3172714.827 232528.476, 3172704.892 232526.721)	96	337	0	1142	false	1368	None
LINESTRING (3172704.892 232526.721, 3172694.511 232523.599)	96	337	0	1143	false	1368	None
LINESTRING (3172694.511 232523.599, 3172684.754 232519.887)	96	337	0	1144	false	1368	None
LINESTRING (3172684.754 232519.887, 3172674.535 232516.352)	96	337	0	1145	false	1368	None
LINESTRING (3172674.535 232516.352, 3172655.814 232508.166)	96	337	0	1146	false	1368	None
LINESTRING (3172655.814 232508.166, 3172648.679 232504.291)	96	337	0	1147	false	1368	None
LINESTRING (3172648.679 232504.291, 3172646.8 232503.315)	96	337	0	1148	false	1368	None
LINESTRING (3172646.8 232503.315, 3172629.604 232492.747)	96	337	0	1149	false	1368	None
LINESTRING (3172629.604 232492.747, 3172613.743 232481.034)	96	337	0	1150	false	1368	None
LINESTRING (3172613.743 232481.034, 3172598.71 232468.215)	96	337	0	1151	false	1368	None
LINESTRING (3172598.71 232468.215, 3172584.464 232454.393)	96	337	0	1152	false	1368	None
LINESTRING (3172584.464 232454.393, 3172577.986 232446.841)	96	337	0	1153	false	1368	None
LINESTRING (3172577.986 232446.841, 3172572.051 232438.906)	96	337	0	1154	false	1368	None
LINESTRING (3172572.051 232438.906, 3172566.661 232430.589)	96	337	0	1155	false	1368	None
LINESTRING (3172566.661 232430.589, 3172562.062 232421.508)	96	337	0	1156	false	1368	None
LINESTRING (3172562.062 232421.508, 3172542.54 232383.793)	96	337	0	1157	false	1368	None
LINESTRING (3172542.54 232383.793, 3172541.708 232382.154)	96	337	0	1158	false	1368	None
LINESTRING (3172541.708 232382.154, 3172521.82 232335.351)	96	337	0	1159	false	1368	None
LINESTRING (3172521.82 232335.351, 3172459.612 232189.888)	96	337	0	1160	false	1368	None
LINESTRING (3172459.612 232189.888, 3172451.987 232172.227)	96	337	0	1161	false	1368	None
LINESTRING (3172451.987 232172.227, 3172438.679 232141.482)	96	337	0	1162	false	1368	None
LINESTRING (3172438.679 232141.482, 3172436.872 232137.315)	96	337	0	1163	false	1368	None
LINESTRING (3172436.872 232137.315, 3172431.493 232124.709)	96	337	0	1164	false	1368	None
LINESTRING (3172431.493 232124.709, 3172429.56 232120.611)	96	337	0	1165	false	1368	None
LINESTRING (3172429.56 232120.611, 3172414.53 232085.733)	96	337	0	1166	false	1368	None
LINESTRING (3172414.53 232085.733, 3172400.125 232052.769)	96	337	0	1167	false	1368	None
LINESTRING (3172400.125 232052.769, 3172370.908 231980.363)	96	337	0	1168	false	1368	None
LINESTRING (3172370.908 231980.363, 3172363.396 231961.911)	96	337	0	1169	false	1368	None
LINESTRING (3172363.396 231961.911, 3172359.048 231952.692)	96	337	0	1170	false	1368	None
LINESTRING (3172359.048 231952.692, 3172355.167 231946.04)	96	337	0	1171	false	1368	None
LINESTRING (3172355.167 231946.04, 3172347.579 231933.045)	96	337	0	1172	false	1368	None
LINESTRING (3172347.579 231933.045, 3172342.151 231925.071)	96	337	0	1173	false	1368	None
LINESTRING (3172342.151 231925.071, 3172339.074 231920.881)	96	337	0	1174	false	1368	None
LINESTRING (3172339.074 231920.881, 3172329.94 231909.068)	96	337	0	1175	false	1368	None
LINESTRING (3172329.94 231909.068, 3172316.041 231893.356)	96	337	0	1176	false	1368	None
LINESTRING (3172316.041 231893.356, 3172301.412 231879.504)	96	337	0	1177	false	1368	None
LINESTRING (3172301.412 231879.504, 3172287.181 231869.147)	96	337	0	1178	false	1368	None
LINESTRING (3172287.181 231869.147, 3172275.979 231862.603)	96	337	0	1179	false	1368	None
LINESTRING (3172275.979 231862.603, 3172258.708 231852.723)	96	337	0	1180	false	1368	None
LINESTRING (3172258.708 231852.723, 3172250.988 231849.335)	96	337	0	1181	false	1368	None
LINESTRING (3172250.988 231849.335, 3172248.423 231847.851)	96	337	0	1182	false	1368	None
LINESTRING (3172248.423 231847.851, 3172239.595 231844.027)	96	337	0	1183	false	1368	None
LINESTRING (3172239.595 231844.027, 3172230.524 231840.824)	96	337	0	1184	false	1368	None
LINESTRING (3172230.524 231840.824, 3172221.421 231838.204)	96	337	0	1185	false	1368	None
LINESTRING (3172221.421 231838.204, 3172213.433 231836.5)	96	337	0	1186	false	1368	None
LINESTRING (3172213.433 231836.5, 3172212.074 231836.205)	96	337	0	1187	false	1368	None
LINESTRING (3172212.074 231836.205, 3172193.356 231833.269)	96	337	0	1188	false	1368	W:3172204.385 231834.99894678913
