LINESTRING (3142269.88 226875.202, 3142250.052 226877.977)	85	1609	0	715	false	1034	E:3142259.551 226876.6475807444
LINESTRING (3142250.052 226877.977, 3142230.069 226879.381)	85	1609	0	716	false	1034	None
LINESTRING (3142230.069 226879.381, 3142182.005 226881.307)	85	1609	0	717	false	1034	None
LINESTRING (3142182.005 226881.307, 3142157.929 226881.121)	85	1609	0	718	false	1034	None
LINESTRING (3142157.929 226881.121, 3142141.872 226880.002)	85	1609	0	719	false	1034	None
LINESTRING (3142141.872 226880.002, 3142126.041 226877.542)	85	1609	0	720	false	1034	None
LINESTRING (3142126.041 226877.542, 3142114.185 226874.96)	85	1609	0	721	false	1034	None
LINESTRING (3142114.185 226874.96, 3142098.738 226870.505)	85	1609	0	722	false	1034	None
LINESTRING (3142098.738 226870.505, 3142087.4 226866.337)	85	1609	0	723	false	1034	None
LINESTRING (3142087.4 226866.337, 3142072.51 226860.194)	85	1609	0	724	false	1034	None
LINESTRING (3142072.51 226860.194, 3142061.619 226855.128)	85	1609	0	725	false	1034	None
LINESTRING (3142061.619 226855.128, 3142040.319 226843.755)	85	1609	0	726	false	1034	None
LINESTRING (3142040.319 226843.755, 3142005.964 226822.783)	85	1609	0	727	false	1034	None
LINESTRING (3142005.964 226822.783, 3141982.423 226807.324)	85	1609	0	728	false	1034	None
LINESTRING (3141982.423 226807.324, 3141969.206 226798.139)	85	1609	0	729	false	1034	None
LINESTRING (3141969.206 226798.139, 3141942.32 226780.427)	85	1609	0	730	false	1034	None
LINESTRING (3141942.32 226780.427, 3141923.321 226765.661)	85	1609	0	731	false	1034	None
LINESTRING (3141923.321 226765.661, 3141911.424 226754.846)	85	1609	0	732	false	1034	None
LINESTRING (3141911.424 226754.846, 3141869.461 226723.892)	85	1609	0	733	false	1034	None
LINESTRING (3141869.461 226723.892, 3141848.642 226704.965)	85	1609	0	734	false	1034	None
LINESTRING (3141848.642 226704.965, 3141837.534 226693.385)	85	1609	0	735	false	1034	None
LINESTRING (3141837.534 226693.385, 3141826.883 226681.386)	85	1609	0	736	false	1034	None
LINESTRING (3141826.883 226681.386, 3141819.331 226672.021)	85	1609	0	737	false	1034	None
LINESTRING (3141819.331 226672.021, 3141810.346 226658.764)	85	1609	0	738	false	1034	None
LINESTRING (3141810.346 226658.764, 3141804.38 226648.348)	85	1609	0	739	false	1034	None
LINESTRING (3141804.38 226648.348, 3141787.149 226612.356)	85	1609	0	740	false	1034	None
LINESTRING (3141787.149 226612.356, 3141781.309 226601.87)	85	1609	0	741	false	1034	None
LINESTRING (3141781.309 226601.87, 3141770.725 226584.896)	85	1609	0	742	false	1034	None
LINESTRING (3141770.725 226584.896, 3141721.131 226522.039)	85	1609	0	743	false	1034	None
LINESTRING (3141721.131 226522.039, 3141715.639 226516.214)	85	1609	0	744	false	1034	None
LINESTRING (3141715.639 226516.214, 3141709.565 226510.877)	85	1609	0	745	false	1034	None
LINESTRING (3141709.565 226510.877, 3141699.693 226503.945)	85	1609	0	746	false	1034	None
LINESTRING (3141699.693 226503.945, 3141685.17 226497.111)	85	1609	0	747	false	1034	None
LINESTRING (3141685.17 226497.111, 3141673.791 226493.047)	85	1609	0	748	false	1034	None
LINESTRING (3141673.791 226493.047, 3141666.004 226490.855)	85	1609	0	749	false	1034	None
LINESTRING (3141666.004 226490.855, 3141653.475 226488.489)	85	1609	0	750	false	1034	None
LINESTRING (3141653.475 226488.489, 3141645.461 226487.638)	85	1609	0	751	false	1034	None
LINESTRING (3141645.461 226487.638, 3141633.478 226487.151)	85	1609	0	752	false	1034	None
LINESTRING (3141633.478 226487.151, 3141621.44 226488.07)	85	1609	0	753	false	1034	None
LINESTRING (3141621.44 226488.07, 3141605.631 226490.86)	85	1609	0	754	false	1034	None
LINESTRING (3141605.631 226490.86, 3141590.138 226494.607)	85	1609	0	755	false	1034	None
LINESTRING (3141590.138 226494.607, 3141570.871 226499.983)	85	1609	0	756	false	1034	None
LINESTRING (3141570.871 226499.983, 3141555.658 226505.029)	85	1609	0	757	false	1034	None
LINESTRING (3141555.658 226505.029, 3141548.405 226508.285)	85	1609	0	758	false	1034	None
LINESTRING (3141548.405 226508.285, 3141541.9 226512.903)	85	1609	0	759	false	1034	None
LINESTRING (3141541.9 226512.903, 3141535.785 226518.03)	85	1609	0	760	false	1034	None
LINESTRING (3141535.785 226518.03, 3141530.618 226524.001)	85	1609	0	761	false	1034	None
LINESTRING (3141530.618 226524.001, 3141526.354 226530.681)	85	1609	0	762	false	1034	None
LINESTRING (3141526.354 226530.681, 3141523.375 226538.098)	85	1609	0	763	false	1034	None
LINESTRING (3141523.375 226538.098, 3141520.307 226549.53)	85	1609	0	764	false	1034	None
LINESTRING (3141520.307 226549.53, 3141519.327 226553.317)	85	1609	0	765	false	1034	None
LINESTRING (3141519.327 226553.317, 3141516.89 226577.022)	85	1609	0	766	false	1034	None
LINESTRING (3141516.89 226577.022, 3141516.067 226596.829)	85	1609	0	767	false	1034	None
LINESTRING (3141516.067 226596.829, 3141516.598 226616.685)	85	1609	0	768	false	1034	None
LINESTRING (3141516.598 226616.685, 3141518.193 226628.499)	85	1609	0	769	false	1034	None
LINESTRING (3141518.193 226628.499, 3141520.63 226640.164)	85	1609	0	770	false	1034	None
LINESTRING (3141520.63 226640.164, 3141524.793 226653.452)	85	1609	0	771	false	1034	None
LINESTRING (3141524.793 226653.452, 3141531.184 226674.394)	85	1609	0	772	false	1034	None
LINESTRING (3141531.184 226674.394, 3141549.811 226747.726)	85	1609	0	773	false	1034	None
LINESTRING (3141549.811 226747.726, 3141551.322 226755.459)	85	1609	0	774	false	1034	None
LINESTRING (3141551.322 226755.459, 3141552.286 226763.336)	85	1609	0	775	false	1034	None
LINESTRING (3141552.286 226763.336, 3141552.36 226775.274)	85	1609	0	776	false	1034	None
LINESTRING (3141552.36 226775.274, 3141551.759 226783.138)	85	1609	0	777	false	1034	None
LINESTRING (3141551.759 226783.138, 3141549.374 226794.835)	85	1609	0	778	false	1034	None
LINESTRING (3141549.374 226794.835, 3141547.202 226802.447)	85	1609	0	779	false	1034	None
LINESTRING (3141547.202 226802.447, 3141543.071 226813.585)	85	1609	0	780	false	1034	None
LINESTRING (3141543.071 226813.585, 3141537.871 226824.188)	85	1609	0	781	false	1034	None
LINESTRING (3141537.871 226824.188, 3141529.343 226837.548)	85	1609	0	782	false	1034	None
LINESTRING (3141529.343 226837.548, 3141524.352 226843.826)	85	1609	0	783	false	1034	None
LINESTRING (3141524.352 226843.826, 3141516.278 226852.479)	85	1609	0	784	false	1034	None
LINESTRING (3141516.278 226852.479, 3141507.171 226860.255)	85	1609	0	785	false	1034	None
LINESTRING (3141507.171 226860.255, 3141494.025 226869.08)	85	1609	0	786	false	1034	None
LINESTRING (3141494.025 226869.08, 3141479.92 226876.581)	85	1609	0	787	false	1034	None
LINESTRING (3141479.92 226876.581, 3141468.928 226881.124)	85	1609	0	788	false	1034	None
LINESTRING (3141468.928 226881.124, 3141446.288 226889.12)	85	1609	0	789	false	1034	None
LINESTRING (3141446.288 226889.12, 3141430.891 226893.379)	85	1609	0	790	false	1034	None
LINESTRING (3141430.891 226893.379, 3141395.862 226901.683)	85	1609	0	791	false	1034	None
LINESTRING (3141395.862 226901.683, 3141380.69 226906.626)	85	1609	0	792	false	1034	None
LINESTRING (3141380.69 226906.626, 3141371.977 226910.862)	85	1609	0	793	false	1034	None
LINESTRING (3141371.977 226910.862, 3141367.033 226913.229)	85	1609	0	794	false	1034	None
LINESTRING (3141367.033 226913.229, 3141362.716 226915.244)	85	1609	0	795	false	1034	None
LINESTRING (3141362.716 226915.244, 3141353.349 226922.68)	85	1609	0	796	false	1034	None
LINESTRING (3141353.349 226922.68, 3141348.097 226928.618)	85	1609	0	797	false	1034	None
LINESTRING (3141348.097 226928.618, 3141338.975 226946.034)	85	1609	0	798	false	1034	None
LINESTRING (3141338.975 226946.034, 3141332.584 226960.463)	85	1609	0	799	false	1034	None
LINESTRING (3141332.584 226960.463, 3141329.176 226971.762)	85	1609	0	800	false	1034	None
LINESTRING (3141329.176 226971.762, 3141325.896 226987.279)	85	1609	0	801	false	1034	None
LINESTRING (3141325.896 226987.279, 3141323.634 227002.954)	85	1609	0	802	false	1034	None
LINESTRING (3141323.634 227002.954, 3141324.089 227014.921)	85	1609	0	803	false	1034	None
LINESTRING (3141324.089 227014.921, 3141327.706 227026.33)	85	1609	0	804	false	1034	None
LINESTRING (3141327.706 227026.33, 3141333.27 227035.756)	85	1609	0	805	false	1034	None
LINESTRING (3141333.27 227035.756, 3141335.371 227039.192)	85	1609	0	806	false	1034	None
LINESTRING (3141335.371 227039.192, 3141345.48 227051.575)	85	1609	0	807	false	1034	None
LINESTRING (3141345.48 227051.575, 3141355.007 227064.446)	85	1609	0	808	false	1034	None
LINESTRING (3141355.007 227064.446, 3141362.473 227073.778)	85	1609	0	809	false	1034	None
LINESTRING (3141362.473 227073.778, 3141378.158 227092.019)	85	1609	0	810	false	1034	None
LINESTRING (3141378.158 227092.019, 3141387.685 227104.89)	85	1609	0	811	false	1034	None
LINESTRING (3141387.685 227104.89, 3141393.816 227115.132)	85	1609	0	812	false	1034	None
LINESTRING (3141393.816 227115.132, 3141398.902 227126.04)	85	1609	0	813	false	1034	None
LINESTRING (3141398.902 227126.04, 3141403.61 227141.208)	85	1609	0	814	false	1034	None
LINESTRING (3141403.61 227141.208, 3141404.956 227149.114)	85	1609	0	815	false	1034	None
LINESTRING (3141404.956 227149.114, 3141405.536 227161.011)	85	1609	0	816	false	1034	None
LINESTRING (3141405.536 227161.011, 3141404.764 227168.809)	85	1609	0	817	false	1034	None
LINESTRING (3141404.764 227168.809, 3141403.104 227176.619)	85	1609	0	818	false	1034	None
LINESTRING (3141403.104 227176.619, 3141400.676 227184.131)	85	1609	0	819	false	1034	None
LINESTRING (3141400.676 227184.131, 3141376.695 227246.865)	85	1609	0	820	false	1034	None
LINESTRING (3141376.695 227246.865, 3141370.605 227261.529)	85	1609	0	821	false	1034	None
LINESTRING (3141370.605 227261.529, 3141317.097 227374.241)	85	1609	0	822	false	1034	None
LINESTRING (3141317.097 227374.241, 3141311.294 227386.397)	85	1609	0	823	false	1034	None
LINESTRING (3141311.294 227386.397, 3141296.25 227414.255)	85	1609	0	824	false	1034	None
LINESTRING (3141296.25 227414.255, 3141286.32 227431.476)	85	1609	0	825	false	1034	None
LINESTRING (3141286.32 227431.476, 3141276.133 227450.622)	85	1609	0	826	false	1034	None
LINESTRING (3141276.133 227450.622, 3141251.634 227500.292)	85	1609	0	827	false	1034	None
LINESTRING (3141251.634 227500.292, 3141231.147 227551.759)	85	1609	0	828	false	1034	None
LINESTRING (3141231.147 227551.759, 3141211.809 227603.554)	85	1609	0	829	false	1034	None
LINESTRING (3141211.809 227603.554, 3141203.121 227625.664)	85	1609	0	830	false	1034	None
LINESTRING (3141203.121 227625.664, 3141189.193 227658.481)	85	1609	0	831	false	1034	None
LINESTRING (3141189.193 227658.481, 3141181.523 227672.412)	85	1609	0	832	false	1034	None
LINESTRING (3141181.523 227672.412, 3141177.344 227679.125)	85	1609	0	833	false	1034	None
LINESTRING (3141177.344 227679.125, 3141169.833 227688.354)	85	1609	0	834	false	1034	None
LINESTRING (3141169.833 227688.354, 3141161.158 227696.535)	85	1609	0	835	false	1034	None
LINESTRING (3141161.158 227696.535, 3141154.868 227701.356)	85	1609	0	836	false	1034	None
LINESTRING (3141154.868 227701.356, 3141144.629 227707.501)	85	1609	0	837	false	1034	None
LINESTRING (3141144.629 227707.501, 3141133.818 227712.59)	85	1609	0	838	false	1034	None
LINESTRING (3141133.818 227712.59, 3141122.476 227716.52)	85	1609	0	839	false	1034	None
LINESTRING (3141122.476 227716.52, 3141112.922 227718.882)	85	1609	0	840	false	1034	None
LINESTRING (3141112.922 227718.882, 3141097.12 227721.913)	85	1609	0	841	false	1034	None
LINESTRING (3141097.12 227721.913, 3141085.123 227722.73)	85	1609	0	842	false	1034	None
LINESTRING (3141085.123 227722.73, 3141065.083 227723.281)	85	1609	0	843	false	1034	None
LINESTRING (3141065.083 227723.281, 3140976.934 227719.522)	85	1609	0	844	false	1034	None
LINESTRING (3140976.934 227719.522, 3140912.707 227718.865)	85	1609	0	845	false	1034	None
LINESTRING (3140912.707 227718.865, 3140840.585 227721.096)	85	1609	0	846	false	1034	None
LINESTRING (3140840.585 227721.096, 3140796.792 227724.686)	85	1609	0	847	false	1034	None
LINESTRING (3140796.792 227724.686, 3140759.948 227726.807)	85	1609	0	848	false	1034	None
LINESTRING (3140759.948 227726.807, 3140732.135 227729.936)	85	1609	0	849	false	1034	None
LINESTRING (3140732.135 227729.936, 3140684.737 227737.247)	85	1609	0	850	false	1034	None
LINESTRING (3140684.737 227737.247, 3140676.994 227739.241)	85	1609	0	851	false	1034	None
LINESTRING (3140676.994 227739.241, 3140673.03 227739.845)	85	1609	0	852	false	1034	None
LINESTRING (3140673.03 227739.845, 3140661.453 227742.612)	85	1609	0	853	false	1034	None
LINESTRING (3140661.453 227742.612, 3140603.61 227758.371)	85	1609	0	854	false	1034	None
LINESTRING (3140603.61 227758.371, 3140565.577 227770.63)	85	1609	0	855	false	1034	None
LINESTRING (3140565.577 227770.63, 3140487.471 227800.907)	85	1609	0	856	false	1034	None
LINESTRING (3140487.471 227800.907, 3140454.375 227814.608)	85	1609	0	857	false	1034	None
LINESTRING (3140454.375 227814.608, 3140440.007 227821.531)	85	1609	0	858	false	1034	None
LINESTRING (3140440.007 227821.531, 3140389.205 227844.432)	85	1609	0	859	false	1034	None
LINESTRING (3140389.205 227844.432, 3140353.608 227862.044)	85	1609	0	860	false	1034	None
LINESTRING (3140353.608 227862.044, 3140331.943 227872.088)	85	1609	0	861	false	1034	None
LINESTRING (3140331.943 227872.088, 3140306.369 227883.352)	85	1609	0	862	false	1034	None
LINESTRING (3140306.369 227883.352, 3140270.247 227900.046)	85	1609	0	863	false	1034	None
LINESTRING (3140270.247 227900.046, 3140208.145 227926.776)	85	1609	0	864	false	1034	None
LINESTRING (3140208.145 227926.776, 3140197.335 227931.866)	85	1609	0	865	false	1034	None
LINESTRING (3140197.335 227931.866, 3140180.287 227942.155)	85	1609	0	866	false	1034	None
LINESTRING (3140180.287 227942.155, 3140153.526 227959.508)	85	1609	0	867	false	1034	None
LINESTRING (3140153.526 227959.508, 3140132.58 227977.81)	85	1609	0	868	false	1034	None
LINESTRING (3140132.58 227977.81, 3140115.232 227994.175)	85	1609	0	869	false	1034	None
LINESTRING (3140115.232 227994.175, 3140114.073 227995.392)	85	1609	0	870	false	1034	None
LINESTRING (3140114.073 227995.392, 3140106.859 228002.594)	85	1609	0	871	false	1034	None
LINESTRING (3140106.859 228002.594, 3140093.581 228017.324)	85	1609	0	872	false	1034	None
LINESTRING (3140093.581 228017.324, 3140081.336 228032.932)	85	1609	0	873	false	1034	None
LINESTRING (3140081.336 228032.932, 3140069.949 228049.112)	85	1609	0	874	false	1034	None
LINESTRING (3140069.949 228049.112, 3140059.635 228066.065)	85	1609	0	875	false	1034	None
LINESTRING (3140059.635 228066.065, 3140046.127 228090.233)	85	1609	0	876	false	1034	None
LINESTRING (3140046.127 228090.233, 3140035.133 228111.21)	85	1609	0	877	false	1034	None
LINESTRING (3140035.133 228111.21, 3140012.987 228161.914)	85	1609	0	878	false	1034	None
LINESTRING (3140012.987 228161.914, 3139994.243 228201.078)	85	1609	0	879	false	1034	None
LINESTRING (3139994.243 228201.078, 3139987.891 228211.115)	85	1609	0	880	false	1034	None
LINESTRING (3139987.891 228211.115, 3139981.068 228220.85)	85	1609	0	881	false	1034	None
LINESTRING (3139981.068 228220.85, 3139971.082 228233.168)	85	1609	0	882	false	1034	None
LINESTRING (3139971.082 228233.168, 3139954.382 228250.142)	85	1609	0	883	false	1034	None
LINESTRING (3139954.382 228250.142, 3139939.159 228262.807)	85	1609	0	884	false	1034	None
LINESTRING (3139939.159 228262.807, 3139929.663 228270.075)	85	1609	0	885	false	1034	None
LINESTRING (3139929.663 228270.075, 3139912.83 228280.567)	85	1609	0	886	false	1034	None
LINESTRING (3139912.83 228280.567, 3139888.491 228294.217)	85	1609	0	887	false	1034	None
LINESTRING (3139888.491 228294.217, 3139863.801 228307.254)	85	1609	0	888	false	1034	None
LINESTRING (3139863.801 228307.254, 3139840.1 228319.008)	85	1609	0	889	false	1034	None
LINESTRING (3139840.1 228319.008, 3139824.417 228327.803)	85	1609	0	890	false	1034	None
LINESTRING (3139824.417 228327.803, 3139810.14 228335.001)	85	1609	0	891	false	1034	None
LINESTRING (3139810.14 228335.001, 3139799.286 228339.955)	85	1609	0	892	false	1034	None
LINESTRING (3139799.286 228339.955, 3139784.388 228345.72)	85	1609	0	893	false	1034	None
LINESTRING (3139784.388 228345.72, 3139777.137 228348.977)	85	1609	0	894	false	1034	None
LINESTRING (3139777.137 228348.977, 3139766.724 228354.818)	85	1609	0	895	false	1034	None
LINESTRING (3139766.724 228354.818, 3139766.182 228355.202)	85	1609	0	896	false	1034	None
LINESTRING (3139766.182 228355.202, 3139756.922 228361.61)	85	1609	0	897	false	1034	None
LINESTRING (3139756.922 228361.61, 3139744.911 228372.069)	85	1609	0	898	false	1034	None
LINESTRING (3139744.911 228372.069, 3139732.452 228387.475)	85	1609	0	899	false	1034	None
LINESTRING (3139732.452 228387.475, 3139719.061 228407.044)	85	1609	0	900	false	1034	None
LINESTRING (3139719.061 228407.044, 3139711.178 228420.774)	85	1609	0	901	false	1034	None
LINESTRING (3139711.178 228420.774, 3139705.724 228431.279)	85	1609	0	902	false	1034	None
LINESTRING (3139705.724 228431.279, 3139700.742 228442.086)	85	1609	0	903	false	1034	None
LINESTRING (3139700.742 228442.086, 3139693.929 228460.638)	85	1609	0	904	false	1034	None
LINESTRING (3139693.929 228460.638, 3139686.989 228483.308)	85	1609	0	905	false	1034	None
LINESTRING (3139686.989 228483.308, 3139685.372 228486.967)	85	1609	0	906	false	1034	None
LINESTRING (3139685.372 228486.967, 3139675.11 228520.971)	85	1609	0	907	false	1034	None
LINESTRING (3139675.11 228520.971, 3139669.668 228546.605)	85	1609	0	908	false	1034	None
LINESTRING (3139669.668 228546.605, 3139669.276 228548.12)	85	1609	0	909	false	1034	None
LINESTRING (3139669.276 228548.12, 3139667.273 228559.846)	85	1609	0	910	false	1034	None
LINESTRING (3139667.273 228559.846, 3139665.001 228587.425)	85	1609	0	911	false	1034	None
LINESTRING (3139665.001 228587.425, 3139664.95 228599.433)	85	1609	0	912	false	1034	None
LINESTRING (3139664.95 228599.433, 3139666.669 228611.176)	85	1609	0	913	false	1034	None
LINESTRING (3139666.669 228611.176, 3139668.176 228627.005)	85	1609	0	914	false	1034	None
LINESTRING (3139668.176 228627.005, 3139669.983 228634.733)	85	1609	0	915	false	1034	None
LINESTRING (3139669.983 228634.733, 3139677.004 228657.585)	85	1609	0	916	false	1034	None
LINESTRING (3139677.004 228657.585, 3139692.432 228702.757)	85	1609	0	917	false	1034	None
LINESTRING (3139692.432 228702.757, 3139706.89 228739.811)	85	1609	0	918	false	1034	None
LINESTRING (3139706.89 228739.811, 3139719.459 228773.393)	85	1609	0	919	false	1034	None
LINESTRING (3139719.459 228773.393, 3139724.459 228784.267)	85	1609	0	920	false	1034	None
LINESTRING (3139724.459 228784.267, 3139755.083 228844.63)	85	1609	0	921	false	1034	None
LINESTRING (3139755.083 228844.63, 3139767.804 228864.933)	85	1609	0	922	false	1034	None
LINESTRING (3139767.804 228864.933, 3139787.613 228894.778)	85	1609	0	923	false	1034	None
LINESTRING (3139787.613 228894.778, 3139803.17 228913.086)	85	1609	0	924	false	1034	None
LINESTRING (3139803.17 228913.086, 3139831.161 228941.822)	85	1609	0	925	false	1034	None
LINESTRING (3139831.161 228941.822, 3139852.466 228959.981)	85	1609	0	926	false	1034	None
LINESTRING (3139852.466 228959.981, 3139903.214 229005.416)	85	1609	0	927	false	1034	N:3139863.064608386 228969.47
LINESTRING (3139591.11 229007.093, 3139448.192 228944.561)	85	1609	0	953	false	1034	N:3139505.1219632505 228969.47
LINESTRING (3139448.192 228944.561, 3139435.608 228939.316)	85	1609	0	954	false	1034	None
LINESTRING (3139435.608 228939.316, 3139274.943 228871.444)	85	1609	0	955	false	1034	None
LINESTRING (3139274.943 228871.444, 3139203.685 228836.627)	85	1609	0	956	false	1034	None
LINESTRING (3139203.685 228836.627, 3139140.142 228792.302)	85	1609	0	957	false	1034	None
LINESTRING (3139140.142 228792.302, 3139007.554 228676.63)	85	1609	0	958	false	1034	None
LINESTRING (3139007.554 228676.63, 3138692.229 228403.082)	85	1609	0	959	false	1034	None
LINESTRING (3138692.229 228403.082, 3138629.327 228349.009)	85	1609	0	960	false	1034	None
LINESTRING (3138629.327 228349.009, 3138478.151 228216.489)	85	1609	0	961	false	1034	None
LINESTRING (3138478.151 228216.489, 3138466.822 228206.494)	85	1609	0	962	false	1034	None
LINESTRING (3138466.822 228206.494, 3138432.795 228176.613)	85	1609	0	963	false	1034	None
LINESTRING (3138432.795 228176.613, 3138421.341 228166.689)	85	1609	0	964	false	1034	None
LINESTRING (3138421.341 228166.689, 3138387.313 228136.808)	85	1609	0	965	false	1034	None
LINESTRING (3138387.313 228136.808, 3138376.33 228127.186)	85	1609	0	966	false	1034	None
LINESTRING (3138376.33 228127.186, 3138346.58 228101.705)	85	1609	0	967	false	1034	None
LINESTRING (3138346.58 228101.705, 3138321.193 228080.657)	85	1609	0	968	false	1034	None
LINESTRING (3138321.193 228080.657, 3138291.652 228059.187)	85	1609	0	969	false	1034	None
LINESTRING (3138291.652 228059.187, 3138281.129 228053.435)	85	1609	0	970	false	1034	None
LINESTRING (3138281.129 228053.435, 3138268.338 228046.445)	85	1609	0	971	false	1034	None
LINESTRING (3138268.338 228046.445, 3138241.543 228033.067)	85	1609	0	972	false	1034	None
LINESTRING (3138241.543 228033.067, 3138225.442 228025.507)	85	1609	0	973	false	1034	None
LINESTRING (3138225.442 228025.507, 3138224.675 228025.21)	85	1609	0	974	false	1034	None
LINESTRING (3138224.675 228025.21, 3138171.925 228006.401)	85	1609	0	975	false	1034	None
LINESTRING (3138171.925 228006.401, 3138166.557 228004.556)	85	1609	0	976	false	1034	None
LINESTRING (3138166.557 228004.556, 3138160.463 228002.309)	85	1609	0	977	false	1034	None
LINESTRING (3138160.463 228002.309, 3138154.328 228000.166)	85	1609	0	978	false	1034	None
LINESTRING (3138154.328 228000.166, 3138147.767 227997.857)	85	1609	0	979	false	1034	None
LINESTRING (3138147.767 227997.857, 3138141.206 227995.549)	85	1609	0	980	false	1034	None
LINESTRING (3138141.206 227995.549, 3138082.361 227974.494)	85	1609	0	981	false	1034	None
LINESTRING (3138082.361 227974.494, 3137885.846 227904.412)	85	1609	0	982	false	1034	W:3137981.717 227938.60191640342
LINESTRING (3137969.941 228272.971, 3137991.528 228244.911)	85	1612	0	597	false	1573	W:3137981.717 228257.66389109162
LINESTRING (3137991.528 228244.911, 3138008.13 228208.964)	85	1612	0	598	false	1573	None
LINESTRING (3138008.13 228208.964, 3138010.004 228201.356)	85	1612	0	599	false	1573	None
LINESTRING (3138010.004 228201.356, 3138012.31 228177.72)	85	1612	0	600	false	1573	None
LINESTRING (3138012.31 228177.72, 3138012.698 228169.893)	85	1612	0	601	false	1573	None
LINESTRING (3138012.698 228169.893, 3138013.765 228162.09)	85	1612	0	602	false	1573	None
LINESTRING (3138013.765 228162.09, 3138014.699 228158.166)	85	1612	0	603	false	1573	None
LINESTRING (3138014.699 228158.166, 3138017.892 228150.951)	85	1612	0	604	false	1573	None
LINESTRING (3138017.892 228150.951, 3138024.543 228141.148)	85	1612	0	605	false	1573	None
LINESTRING (3138024.543 228141.148, 3138029.531 228134.868)	85	1612	0	606	false	1573	None
LINESTRING (3138029.531 228134.868, 3138053.565 228108.593)	85	1612	0	607	false	1573	None
LINESTRING (3138053.565 228108.593, 3138062.106 228100.238)	85	1612	0	608	false	1573	None
LINESTRING (3138062.106 228100.238, 3138085.823 228079.079)	85	1612	0	609	false	1573	None
LINESTRING (3138085.823 228079.079, 3138088.241 228077.398)	85	1612	0	610	false	1573	None
LINESTRING (3138088.241 228077.398, 3138121.51 228053.873)	85	1612	0	611	false	1573	None
LINESTRING (3138121.51 228053.873, 3138139.114 228037.843)	85	1612	0	612	false	1573	None
LINESTRING (3138139.114 228037.843, 3138141.804 228034.958)	85	1612	0	613	false	1573	None
LINESTRING (3138141.804 228034.958, 3138144.148 228031.7)	85	1612	0	614	false	1573	None
LINESTRING (3138144.148 228031.7, 3138149.685 228021.227)	85	1612	0	615	false	1573	None
LINESTRING (3138149.685 228021.227, 3138152.623 228013.913)	85	1612	0	616	false	1573	None
LINESTRING (3138152.623 228013.913, 3138153.642 228010.021)	85	1612	0	617	false	1573	None
LINESTRING (3138153.642 228010.021, 3138154.328 228000.166)	85	1612	0	618	false	1573	None
LINESTRING (3138154.328 228000.166, 3138160.463 228002.309)	85	1612	0	619	false	1573	None
LINESTRING (3138160.463 228002.309, 3138166.557 228004.556)	85	1612	0	620	false	1573	None
LINESTRING (3138166.557 228004.556, 3138171.925 228006.401)	85	1612	0	621	false	1573	None
LINESTRING (3138171.925 228006.401, 3138224.675 228025.21)	85	1612	0	622	false	1573	None
LINESTRING (3138224.675 228025.21, 3138225.442 228025.507)	85	1612	0	623	false	1573	None
LINESTRING (3138225.442 228025.507, 3138241.543 228033.067)	85	1612	0	624	false	1573	None
LINESTRING (3138241.543 228033.067, 3138268.338 228046.445)	85	1612	0	625	false	1573	None
LINESTRING (3138268.338 228046.445, 3138281.129 228053.435)	85	1612	0	626	false	1573	None
LINESTRING (3138281.129 228053.435, 3138291.652 228059.187)	85	1612	0	627	false	1573	None
LINESTRING (3138291.652 228059.187, 3138321.193 228080.657)	85	1612	0	628	false	1573	None
LINESTRING (3138321.193 228080.657, 3138346.58 228101.705)	85	1612	0	629	false	1573	None
LINESTRING (3138346.58 228101.705, 3138376.33 228127.186)	85	1612	0	630	false	1573	None
LINESTRING (3138376.33 228127.186, 3138387.313 228136.808)	85	1612	0	631	false	1573	None
LINESTRING (3138387.313 228136.808, 3138421.341 228166.689)	85	1612	0	632	false	1573	None
LINESTRING (3138421.341 228166.689, 3138432.795 228176.613)	85	1612	0	633	false	1573	None
LINESTRING (3138432.795 228176.613, 3138466.822 228206.494)	85	1612	0	634	false	1573	None
LINESTRING (3138466.822 228206.494, 3138478.151 228216.489)	85	1612	0	635	false	1573	None
LINESTRING (3138478.151 228216.489, 3138629.327 228349.009)	85	1612	0	636	false	1573	None
LINESTRING (3138629.327 228349.009, 3138692.229 228403.082)	85	1612	0	637	false	1573	None
LINESTRING (3138692.229 228403.082, 3139007.554 228676.63)	85	1612	0	638	false	1573	None
LINESTRING (3139007.554 228676.63, 3139140.142 228792.302)	85	1612	0	639	false	1573	None
LINESTRING (3139140.142 228792.302, 3139203.685 228836.627)	85	1612	0	640	false	1573	None
LINESTRING (3139203.685 228836.627, 3139274.943 228871.444)	85	1612	0	641	false	1573	None
LINESTRING (3139274.943 228871.444, 3139435.608 228939.316)	85	1612	0	642	false	1573	None
LINESTRING (3139435.608 228939.316, 3139448.192 228944.561)	85	1612	0	643	false	1573	None
LINESTRING (3139448.192 228944.561, 3139591.11 229007.093)	85	1612	0	644	false	1573	N:3139505.1219632505 228969.47
LINESTRING (3139903.214 229005.416, 3139852.466 228959.981)	85	185	0	406	false	1188	N:3139863.064608386 228969.47
LINESTRING (3139852.466 228959.981, 3139831.161 228941.822)	85	185	0	407	false	1188	None
LINESTRING (3139831.161 228941.822, 3139803.17 228913.086)	85	185	0	408	false	1188	None
LINESTRING (3139803.17 228913.086, 3139787.613 228894.778)	85	185	0	409	false	1188	None
LINESTRING (3139787.613 228894.778, 3139767.804 228864.933)	85	185	0	410	false	1188	None
LINESTRING (3139767.804 228864.933, 3139755.083 228844.63)	85	185	0	411	false	1188	None
LINESTRING (3139755.083 228844.63, 3139724.459 228784.267)	85	185	0	412	false	1188	None
LINESTRING (3139724.459 228784.267, 3139719.459 228773.393)	85	185	0	413	false	1188	None
LINESTRING (3139719.459 228773.393, 3139706.89 228739.811)	85	185	0	414	false	1188	None
LINESTRING (3139706.89 228739.811, 3139692.432 228702.757)	85	185	0	415	false	1188	None
LINESTRING (3139692.432 228702.757, 3139677.004 228657.585)	85	185	0	416	false	1188	None
LINESTRING (3139677.004 228657.585, 3139669.983 228634.733)	85	185	0	417	false	1188	None
LINESTRING (3139669.983 228634.733, 3139668.176 228627.005)	85	185	0	418	false	1188	None
LINESTRING (3139668.176 228627.005, 3139666.669 228611.176)	85	185	0	419	false	1188	None
LINESTRING (3139666.669 228611.176, 3139664.95 228599.433)	85	185	0	420	false	1188	None
LINESTRING (3139664.95 228599.433, 3139665.001 228587.425)	85	185	0	421	false	1188	None
LINESTRING (3139665.001 228587.425, 3139667.273 228559.846)	85	185	0	422	false	1188	None
LINESTRING (3139667.273 228559.846, 3139669.276 228548.12)	85	185	0	423	false	1188	None
LINESTRING (3139669.276 228548.12, 3139669.668 228546.605)	85	185	0	424	false	1188	None
LINESTRING (3139669.668 228546.605, 3139675.11 228520.971)	85	185	0	425	false	1188	None
LINESTRING (3139675.11 228520.971, 3139685.372 228486.967)	85	185	0	426	false	1188	None
LINESTRING (3139685.372 228486.967, 3139686.989 228483.308)	85	185	0	427	false	1188	None
LINESTRING (3139686.989 228483.308, 3139693.929 228460.638)	85	185	0	428	false	1188	None
LINESTRING (3139693.929 228460.638, 3139700.742 228442.086)	85	185	0	429	false	1188	None
LINESTRING (3139700.742 228442.086, 3139705.724 228431.279)	85	185	0	430	false	1188	None
LINESTRING (3139705.724 228431.279, 3139711.178 228420.774)	85	185	0	431	false	1188	None
LINESTRING (3139711.178 228420.774, 3139719.061 228407.044)	85	185	0	432	false	1188	None
LINESTRING (3139719.061 228407.044, 3139732.452 228387.475)	85	185	0	433	false	1188	None
LINESTRING (3139732.452 228387.475, 3139744.911 228372.069)	85	185	0	434	false	1188	None
LINESTRING (3139744.911 228372.069, 3139756.922 228361.61)	85	185	0	435	false	1188	None
LINESTRING (3139756.922 228361.61, 3139766.182 228355.202)	85	185	0	436	false	1188	None
LINESTRING (3139766.182 228355.202, 3139766.724 228354.818)	85	185	0	437	false	1188	None
LINESTRING (3139766.724 228354.818, 3139777.137 228348.977)	85	185	0	438	false	1188	None
LINESTRING (3139777.137 228348.977, 3139784.388 228345.72)	85	185	0	439	false	1188	None
LINESTRING (3139784.388 228345.72, 3139799.286 228339.955)	85	185	0	440	false	1188	None
LINESTRING (3139799.286 228339.955, 3139810.14 228335.001)	85	185	0	441	false	1188	None
LINESTRING (3139810.14 228335.001, 3139824.417 228327.803)	85	185	0	442	false	1188	None
LINESTRING (3139824.417 228327.803, 3139840.1 228319.008)	85	185	0	443	false	1188	None
LINESTRING (3139840.1 228319.008, 3139863.801 228307.254)	85	185	0	444	false	1188	None
LINESTRING (3139863.801 228307.254, 3139888.491 228294.217)	85	185	0	445	false	1188	None
LINESTRING (3139888.491 228294.217, 3139912.83 228280.567)	85	185	0	446	false	1188	None
LINESTRING (3139912.83 228280.567, 3139929.663 228270.075)	85	185	0	447	false	1188	None
LINESTRING (3139929.663 228270.075, 3139939.159 228262.807)	85	185	0	448	false	1188	None
LINESTRING (3139939.159 228262.807, 3139954.382 228250.142)	85	185	0	449	false	1188	None
LINESTRING (3139954.382 228250.142, 3139971.082 228233.168)	85	185	0	450	false	1188	None
LINESTRING (3139971.082 228233.168, 3139981.068 228220.85)	85	185	0	451	false	1188	None
LINESTRING (3139981.068 228220.85, 3139987.891 228211.115)	85	185	0	452	false	1188	None
LINESTRING (3139987.891 228211.115, 3139994.243 228201.078)	85	185	0	453	false	1188	None
LINESTRING (3139994.243 228201.078, 3140012.987 228161.914)	85	185	0	454	false	1188	None
LINESTRING (3140012.987 228161.914, 3140035.133 228111.21)	85	185	0	455	false	1188	None
LINESTRING (3140035.133 228111.21, 3140046.127 228090.233)	85	185	0	456	false	1188	None
LINESTRING (3140046.127 228090.233, 3140059.635 228066.065)	85	185	0	457	false	1188	None
LINESTRING (3140059.635 228066.065, 3140069.949 228049.112)	85	185	0	458	false	1188	None
LINESTRING (3140069.949 228049.112, 3140081.336 228032.932)	85	185	0	459	false	1188	None
LINESTRING (3140081.336 228032.932, 3140093.581 228017.324)	85	185	0	460	false	1188	None
LINESTRING (3140093.581 228017.324, 3140106.859 228002.594)	85	185	0	461	false	1188	None
LINESTRING (3140106.859 228002.594, 3140114.073 227995.392)	85	185	0	462	false	1188	None
LINESTRING (3140114.073 227995.392, 3140115.232 227994.175)	85	185	0	463	false	1188	None
LINESTRING (3140115.232 227994.175, 3140132.58 227977.81)	85	185	0	464	false	1188	None
LINESTRING (3140132.58 227977.81, 3140153.526 227959.508)	85	185	0	465	false	1188	None
LINESTRING (3140153.526 227959.508, 3140180.287 227942.155)	85	185	0	466	false	1188	None
LINESTRING (3140180.287 227942.155, 3140197.335 227931.866)	85	185	0	467	false	1188	None
LINESTRING (3140197.335 227931.866, 3140208.145 227926.776)	85	185	0	468	false	1188	None
LINESTRING (3140208.145 227926.776, 3140270.247 227900.046)	85	185	0	469	false	1188	None
LINESTRING (3140270.247 227900.046, 3140306.369 227883.352)	85	185	0	470	false	1188	None
LINESTRING (3140306.369 227883.352, 3140331.943 227872.088)	85	185	0	471	false	1188	None
LINESTRING (3140331.943 227872.088, 3140353.608 227862.044)	85	185	0	472	false	1188	None
LINESTRING (3140353.608 227862.044, 3140389.205 227844.432)	85	185	0	473	false	1188	None
LINESTRING (3140389.205 227844.432, 3140440.007 227821.531)	85	185	0	474	false	1188	None
LINESTRING (3140440.007 227821.531, 3140454.375 227814.608)	85	185	0	475	false	1188	None
LINESTRING (3140454.375 227814.608, 3140487.471 227800.907)	85	185	0	476	false	1188	None
LINESTRING (3140487.471 227800.907, 3140565.577 227770.63)	85	185	0	477	false	1188	None
LINESTRING (3140565.577 227770.63, 3140603.61 227758.371)	85	185	0	478	false	1188	None
LINESTRING (3140603.61 227758.371, 3140661.453 227742.612)	85	185	0	479	false	1188	None
LINESTRING (3140661.453 227742.612, 3140673.03 227739.845)	85	185	0	480	false	1188	None
LINESTRING (3140673.03 227739.845, 3140676.994 227739.241)	85	185	0	481	false	1188	None
LINESTRING (3140676.994 227739.241, 3140684.737 227737.247)	85	185	0	482	false	1188	None
LINESTRING (3140684.737 227737.247, 3140732.135 227729.936)	85	185	0	483	false	1188	None
LINESTRING (3140732.135 227729.936, 3140759.948 227726.807)	85	185	0	484	false	1188	None
LINESTRING (3140759.948 227726.807, 3140796.792 227724.686)	85	185	0	485	false	1188	None
LINESTRING (3140796.792 227724.686, 3140840.585 227721.096)	85	185	0	486	false	1188	None
LINESTRING (3140840.585 227721.096, 3140912.707 227718.865)	85	185	0	487	false	1188	None
LINESTRING (3140912.707 227718.865, 3140976.934 227719.522)	85	185	0	488	false	1188	None
LINESTRING (3140976.934 227719.522, 3141065.083 227723.281)	85	185	0	489	false	1188	None
LINESTRING (3141065.083 227723.281, 3141085.123 227722.73)	85	185	0	490	false	1188	None
LINESTRING (3141085.123 227722.73, 3141097.12 227721.913)	85	185	0	491	false	1188	None
LINESTRING (3141097.12 227721.913, 3141112.922 227718.882)	85	185	0	492	false	1188	None
LINESTRING (3141112.922 227718.882, 3141122.476 227716.52)	85	185	0	493	false	1188	None
LINESTRING (3141122.476 227716.52, 3141133.818 227712.59)	85	185	0	494	false	1188	None
LINESTRING (3141133.818 227712.59, 3141144.629 227707.501)	85	185	0	495	false	1188	None
LINESTRING (3141144.629 227707.501, 3141154.868 227701.356)	85	185	0	496	false	1188	None
LINESTRING (3141154.868 227701.356, 3141161.158 227696.535)	85	185	0	497	false	1188	None
LINESTRING (3141161.158 227696.535, 3141169.833 227688.354)	85	185	0	498	false	1188	None
LINESTRING (3141169.833 227688.354, 3141177.344 227679.125)	85	185	0	499	false	1188	None
LINESTRING (3141177.344 227679.125, 3141181.523 227672.412)	85	185	0	500	false	1188	None
LINESTRING (3141181.523 227672.412, 3141189.193 227658.481)	85	185	0	501	false	1188	None
LINESTRING (3141189.193 227658.481, 3141203.121 227625.664)	85	185	0	502	false	1188	None
LINESTRING (3141203.121 227625.664, 3141211.809 227603.554)	85	185	0	503	false	1188	None
LINESTRING (3141211.809 227603.554, 3141231.147 227551.759)	85	185	0	504	false	1188	None
LINESTRING (3141231.147 227551.759, 3141251.634 227500.292)	85	185	0	505	false	1188	None
LINESTRING (3141251.634 227500.292, 3141276.133 227450.622)	85	185	0	506	false	1188	None
LINESTRING (3141276.133 227450.622, 3141286.32 227431.476)	85	185	0	507	false	1188	None
LINESTRING (3141286.32 227431.476, 3141296.25 227414.255)	85	185	0	508	false	1188	None
LINESTRING (3141296.25 227414.255, 3141311.294 227386.397)	85	185	0	509	false	1188	None
LINESTRING (3141311.294 227386.397, 3141317.097 227374.241)	85	185	0	510	false	1188	None
LINESTRING (3141317.097 227374.241, 3141370.605 227261.529)	85	185	0	511	false	1188	None
LINESTRING (3141370.605 227261.529, 3141376.695 227246.865)	85	185	0	512	false	1188	None
LINESTRING (3141376.695 227246.865, 3141400.676 227184.131)	85	185	0	513	false	1188	None
LINESTRING (3141400.676 227184.131, 3141403.104 227176.619)	85	185	0	514	false	1188	None
LINESTRING (3141403.104 227176.619, 3141404.764 227168.809)	85	185	0	515	false	1188	None
LINESTRING (3141404.764 227168.809, 3141405.536 227161.011)	85	185	0	516	false	1188	None
LINESTRING (3141405.536 227161.011, 3141404.956 227149.114)	85	185	0	517	false	1188	None
LINESTRING (3141404.956 227149.114, 3141403.61 227141.208)	85	185	0	518	false	1188	None
LINESTRING (3141403.61 227141.208, 3141398.902 227126.04)	85	185	0	519	false	1188	None
LINESTRING (3141398.902 227126.04, 3141393.816 227115.132)	85	185	0	520	false	1188	None
LINESTRING (3141393.816 227115.132, 3141387.685 227104.89)	85	185	0	521	false	1188	None
LINESTRING (3141387.685 227104.89, 3141378.158 227092.019)	85	185	0	522	false	1188	None
LINESTRING (3141378.158 227092.019, 3141362.473 227073.778)	85	185	0	523	false	1188	None
LINESTRING (3141362.473 227073.778, 3141355.007 227064.446)	85	185	0	524	false	1188	None
LINESTRING (3141355.007 227064.446, 3141345.48 227051.575)	85	185	0	525	false	1188	None
LINESTRING (3141345.48 227051.575, 3141335.371 227039.192)	85	185	0	526	false	1188	None
LINESTRING (3141335.371 227039.192, 3141333.27 227035.756)	85	185	0	527	false	1188	None
LINESTRING (3141333.27 227035.756, 3141327.706 227026.33)	85	185	0	528	false	1188	None
LINESTRING (3141327.706 227026.33, 3141324.089 227014.921)	85	185	0	529	false	1188	None
LINESTRING (3141324.089 227014.921, 3141323.634 227002.954)	85	185	0	530	false	1188	None
LINESTRING (3141323.634 227002.954, 3141325.896 226987.279)	85	185	0	531	false	1188	None
LINESTRING (3141325.896 226987.279, 3141329.176 226971.762)	85	185	0	532	false	1188	None
LINESTRING (3141329.176 226971.762, 3141332.584 226960.463)	85	185	0	533	false	1188	None
LINESTRING (3141332.584 226960.463, 3141338.975 226946.034)	85	185	0	534	false	1188	None
LINESTRING (3141338.975 226946.034, 3141348.097 226928.618)	85	185	0	535	false	1188	None
LINESTRING (3141348.097 226928.618, 3141353.349 226922.68)	85	185	0	536	false	1188	None
LINESTRING (3141353.349 226922.68, 3141362.716 226915.244)	85	185	0	537	false	1188	None
LINESTRING (3141362.716 226915.244, 3141367.033 226913.229)	85	185	0	538	false	1188	None
LINESTRING (3141367.033 226913.229, 3141371.977 226910.862)	85	185	0	539	false	1188	None
LINESTRING (3141371.977 226910.862, 3141380.69 226906.626)	85	185	0	540	false	1188	None
LINESTRING (3141380.69 226906.626, 3141395.862 226901.683)	85	185	0	541	false	1188	None
LINESTRING (3141395.862 226901.683, 3141430.891 226893.379)	85	185	0	542	false	1188	None
LINESTRING (3141430.891 226893.379, 3141446.288 226889.12)	85	185	0	543	false	1188	None
LINESTRING (3141446.288 226889.12, 3141468.928 226881.124)	85	185	0	544	false	1188	None
LINESTRING (3141468.928 226881.124, 3141479.92 226876.581)	85	185	0	545	false	1188	None
LINESTRING (3141479.92 226876.581, 3141494.025 226869.08)	85	185	0	546	false	1188	None
LINESTRING (3141494.025 226869.08, 3141507.171 226860.255)	85	185	0	547	false	1188	None
LINESTRING (3141507.171 226860.255, 3141516.278 226852.479)	85	185	0	548	false	1188	None
LINESTRING (3141516.278 226852.479, 3141524.352 226843.826)	85	185	0	549	false	1188	None
LINESTRING (3141524.352 226843.826, 3141529.343 226837.548)	85	185	0	550	false	1188	None
LINESTRING (3141529.343 226837.548, 3141537.871 226824.188)	85	185	0	551	false	1188	None
LINESTRING (3141537.871 226824.188, 3141543.071 226813.585)	85	185	0	552	false	1188	None
LINESTRING (3141543.071 226813.585, 3141547.202 226802.447)	85	185	0	553	false	1188	None
LINESTRING (3141547.202 226802.447, 3141549.374 226794.835)	85	185	0	554	false	1188	None
LINESTRING (3141549.374 226794.835, 3141551.759 226783.138)	85	185	0	555	false	1188	None
LINESTRING (3141551.759 226783.138, 3141552.36 226775.274)	85	185	0	556	false	1188	None
LINESTRING (3141552.36 226775.274, 3141552.286 226763.336)	85	185	0	557	false	1188	None
LINESTRING (3141552.286 226763.336, 3141551.322 226755.459)	85	185	0	558	false	1188	None
LINESTRING (3141551.322 226755.459, 3141549.811 226747.726)	85	185	0	559	false	1188	None
LINESTRING (3141549.811 226747.726, 3141531.184 226674.394)	85	185	0	560	false	1188	None
LINESTRING (3141531.184 226674.394, 3141524.793 226653.452)	85	185	0	561	false	1188	None
LINESTRING (3141524.793 226653.452, 3141520.63 226640.164)	85	185	0	562	false	1188	None
LINESTRING (3141520.63 226640.164, 3141518.193 226628.499)	85	185	0	563	false	1188	None
LINESTRING (3141518.193 226628.499, 3141516.598 226616.685)	85	185	0	564	false	1188	None
LINESTRING (3141516.598 226616.685, 3141516.067 226596.829)	85	185	0	565	false	1188	None
LINESTRING (3141516.067 226596.829, 3141516.89 226577.022)	85	185	0	566	false	1188	None
LINESTRING (3141516.89 226577.022, 3141519.327 226553.317)	85	185	0	567	false	1188	None
LINESTRING (3141519.327 226553.317, 3141520.307 226549.53)	85	185	0	568	false	1188	None
LINESTRING (3141520.307 226549.53, 3141523.375 226538.098)	85	185	0	569	false	1188	None
LINESTRING (3141523.375 226538.098, 3141526.354 226530.681)	85	185	0	570	false	1188	None
LINESTRING (3141526.354 226530.681, 3141530.618 226524.001)	85	185	0	571	false	1188	None
LINESTRING (3141530.618 226524.001, 3141535.785 226518.03)	85	185	0	572	false	1188	None
LINESTRING (3141535.785 226518.03, 3141541.9 226512.903)	85	185	0	573	false	1188	None
LINESTRING (3141541.9 226512.903, 3141548.405 226508.285)	85	185	0	574	false	1188	None
LINESTRING (3141548.405 226508.285, 3141555.658 226505.029)	85	185	0	575	false	1188	None
LINESTRING (3141555.658 226505.029, 3141570.871 226499.983)	85	185	0	576	false	1188	None
LINESTRING (3141570.871 226499.983, 3141590.138 226494.607)	85	185	0	577	false	1188	None
LINESTRING (3141590.138 226494.607, 3141605.631 226490.86)	85	185	0	578	false	1188	None
LINESTRING (3141605.631 226490.86, 3141621.44 226488.07)	85	185	0	579	false	1188	None
LINESTRING (3141621.44 226488.07, 3141633.478 226487.151)	85	185	0	580	false	1188	None
LINESTRING (3141633.478 226487.151, 3141645.461 226487.638)	85	185	0	581	false	1188	None
LINESTRING (3141645.461 226487.638, 3141653.475 226488.489)	85	185	0	582	false	1188	None
LINESTRING (3141653.475 226488.489, 3141666.004 226490.855)	85	185	0	583	false	1188	None
LINESTRING (3141666.004 226490.855, 3141673.791 226493.047)	85	185	0	584	false	1188	None
LINESTRING (3141673.791 226493.047, 3141685.17 226497.111)	85	185	0	585	false	1188	None
LINESTRING (3141685.17 226497.111, 3141699.693 226503.945)	85	185	0	586	false	1188	None
LINESTRING (3141699.693 226503.945, 3141709.565 226510.877)	85	185	0	587	false	1188	None
LINESTRING (3141709.565 226510.877, 3141715.639 226516.214)	85	185	0	588	false	1188	None
LINESTRING (3141715.639 226516.214, 3141721.131 226522.039)	85	185	0	589	false	1188	None
LINESTRING (3141721.131 226522.039, 3141770.725 226584.896)	85	185	0	590	false	1188	None
LINESTRING (3141770.725 226584.896, 3141781.309 226601.87)	85	185	0	591	false	1188	None
LINESTRING (3141781.309 226601.87, 3141787.149 226612.356)	85	185	0	592	false	1188	None
LINESTRING (3141787.149 226612.356, 3141804.38 226648.348)	85	185	0	593	false	1188	None
LINESTRING (3141804.38 226648.348, 3141810.346 226658.764)	85	185	0	594	false	1188	None
LINESTRING (3141810.346 226658.764, 3141819.331 226672.021)	85	185	0	595	false	1188	None
LINESTRING (3141819.331 226672.021, 3141826.883 226681.386)	85	185	0	596	false	1188	None
LINESTRING (3141826.883 226681.386, 3141837.534 226693.385)	85	185	0	597	false	1188	None
LINESTRING (3141837.534 226693.385, 3141848.642 226704.965)	85	185	0	598	false	1188	None
LINESTRING (3141848.642 226704.965, 3141869.461 226723.892)	85	185	0	599	false	1188	None
LINESTRING (3141869.461 226723.892, 3141911.424 226754.846)	85	185	0	600	false	1188	None
LINESTRING (3141911.424 226754.846, 3141923.321 226765.661)	85	185	0	601	false	1188	None
LINESTRING (3141923.321 226765.661, 3141942.32 226780.427)	85	185	0	602	false	1188	None
LINESTRING (3141942.32 226780.427, 3141969.206 226798.139)	85	185	0	603	false	1188	None
LINESTRING (3141969.206 226798.139, 3141982.423 226807.324)	85	185	0	604	false	1188	None
LINESTRING (3141982.423 226807.324, 3142005.964 226822.783)	85	185	0	605	false	1188	None
LINESTRING (3142005.964 226822.783, 3142040.319 226843.755)	85	185	0	606	false	1188	None
LINESTRING (3142040.319 226843.755, 3142061.619 226855.128)	85	185	0	607	false	1188	None
LINESTRING (3142061.619 226855.128, 3142072.51 226860.194)	85	185	0	608	false	1188	None
LINESTRING (3142072.51 226860.194, 3142087.4 226866.337)	85	185	0	609	false	1188	None
LINESTRING (3142087.4 226866.337, 3142098.738 226870.505)	85	185	0	610	false	1188	None
LINESTRING (3142098.738 226870.505, 3142114.185 226874.96)	85	185	0	611	false	1188	None
LINESTRING (3142114.185 226874.96, 3142126.041 226877.542)	85	185	0	612	false	1188	None
LINESTRING (3142126.041 226877.542, 3142141.872 226880.002)	85	185	0	613	false	1188	None
LINESTRING (3142141.872 226880.002, 3142157.929 226881.121)	85	185	0	614	false	1188	None
LINESTRING (3142157.929 226881.121, 3142182.005 226881.307)	85	185	0	615	false	1188	None
LINESTRING (3142182.005 226881.307, 3142230.069 226879.381)	85	185	0	616	false	1188	None
LINESTRING (3142230.069 226879.381, 3142250.052 226877.977)	85	185	0	617	false	1188	None
LINESTRING (3142250.052 226877.977, 3142269.88 226875.202)	85	185	0	618	false	1188	E:3142259.551 226876.6475807444
LINESTRING (3137885.846 227904.412, 3138082.361 227974.494)	85	1624	0	247	false	829	W:3137981.717 227938.60191640342
LINESTRING (3138082.361 227974.494, 3138141.206 227995.549)	85	1624	0	248	false	829	None
LINESTRING (3138141.206 227995.549, 3138147.767 227997.857)	85	1624	0	249	false	829	None
LINESTRING (3138147.767 227997.857, 3138154.328 228000.166)	85	1624	0	250	false	829	None
LINESTRING (3138154.328 228000.166, 3138153.642 228010.021)	85	1624	0	251	false	829	None
LINESTRING (3138153.642 228010.021, 3138152.623 228013.913)	85	1624	0	252	false	829	None
LINESTRING (3138152.623 228013.913, 3138149.685 228021.227)	85	1624	0	253	false	829	None
LINESTRING (3138149.685 228021.227, 3138144.148 228031.7)	85	1624	0	254	false	829	None
LINESTRING (3138144.148 228031.7, 3138141.804 228034.958)	85	1624	0	255	false	829	None
LINESTRING (3138141.804 228034.958, 3138139.114 228037.843)	85	1624	0	256	false	829	None
LINESTRING (3138139.114 228037.843, 3138121.51 228053.873)	85	1624	0	257	false	829	None
LINESTRING (3138121.51 228053.873, 3138088.241 228077.398)	85	1624	0	258	false	829	None
LINESTRING (3138088.241 228077.398, 3138085.823 228079.079)	85	1624	0	259	false	829	None
LINESTRING (3138085.823 228079.079, 3138062.106 228100.238)	85	1624	0	260	false	829	None
LINESTRING (3138062.106 228100.238, 3138053.565 228108.593)	85	1624	0	261	false	829	None
LINESTRING (3138053.565 228108.593, 3138029.531 228134.868)	85	1624	0	262	false	829	None
LINESTRING (3138029.531 228134.868, 3138024.543 228141.148)	85	1624	0	263	false	829	None
LINESTRING (3138024.543 228141.148, 3138017.892 228150.951)	85	1624	0	264	false	829	None
LINESTRING (3138017.892 228150.951, 3138014.699 228158.166)	85	1624	0	265	false	829	None
LINESTRING (3138014.699 228158.166, 3138013.765 228162.09)	85	1624	0	266	false	829	None
LINESTRING (3138013.765 228162.09, 3138012.698 228169.893)	85	1624	0	267	false	829	None
LINESTRING (3138012.698 228169.893, 3138012.31 228177.72)	85	1624	0	268	false	829	None
LINESTRING (3138012.31 228177.72, 3138010.004 228201.356)	85	1624	0	269	false	829	None
LINESTRING (3138010.004 228201.356, 3138008.13 228208.964)	85	1624	0	270	false	829	None
LINESTRING (3138008.13 228208.964, 3137991.528 228244.911)	85	1624	0	271	false	829	None
LINESTRING (3137991.528 228244.911, 3137969.941 228272.971)	85	1624	0	272	false	829	W:3137981.717 228257.66389109162
