LINESTRING (3188106.312 256442.61, 3188093.18 256427.862)	15	591	0	207	false	2171	N:3188094.713313263 256429.584
LINESTRING (3188093.18 256427.862, 3188081.909 256416.358)	15	591	0	208	false	2171	None
LINESTRING (3188081.909 256416.358, 3188047.049 256382.505)	15	591	0	209	false	2171	None
LINESTRING (3188047.049 256382.505, 3188003.177 256335.415)	15	591	0	210	false	2171	None
LINESTRING (3188003.177 256335.415, 3187955.684 256286.296)	15	591	0	211	false	2171	None
LINESTRING (3187955.684 256286.296, 3187890.095 256221.063)	15	591	0	212	false	2171	None
LINESTRING (3187890.095 256221.063, 3187839.738 256172.722)	15	591	0	213	false	2171	None
LINESTRING (3187839.738 256172.722, 3187784.987 256053.516)	15	591	0	214	false	2171	None
LINESTRING (3187784.987 256053.516, 3187797.313 256027.829)	15	591	0	215	false	2171	None
LINESTRING (3187797.313 256027.829, 3187802.958 256017.288)	15	591	0	216	false	2171	None
LINESTRING (3187802.958 256017.288, 3187811.78 256004.183)	15	591	0	217	false	2171	None
LINESTRING (3187811.78 256004.183, 3187821.325 255991.484)	15	591	0	218	false	2171	None
LINESTRING (3187821.325 255991.484, 3187851.499 255954.472)	15	591	0	219	false	2171	None
LINESTRING (3187851.499 255954.472, 3187881.996 255928.812)	15	591	0	220	false	2171	None
LINESTRING (3187881.996 255928.812, 3188042.538 255937.894)	15	591	0	221	false	2171	None
LINESTRING (3188042.538 255937.894, 3188062.661 255938.455)	15	591	0	222	false	2171	None
LINESTRING (3188062.661 255938.455, 3188147.194 255939.43)	15	591	0	223	false	2171	None
LINESTRING (3188147.194 255939.43, 3188227.574 255942.703)	15	591	0	224	false	2171	None
LINESTRING (3188227.574 255942.703, 3188243.717 255942.644)	15	591	0	225	false	2171	None
LINESTRING (3188243.717 255942.644, 3188303.959 255941.172)	15	591	0	226	false	2171	None
LINESTRING (3188303.959 255941.172, 3188316.036 255940.459)	15	591	0	227	false	2171	None
LINESTRING (3188316.036 255940.459, 3188335.994 255938.209)	15	591	0	228	false	2171	None
LINESTRING (3188335.994 255938.209, 3188360.371 255965.526)	15	591	0	229	false	2171	None
LINESTRING (3188360.371 255965.526, 3188408.635 256024.623)	15	591	0	230	false	2171	None
LINESTRING (3188408.635 256024.623, 3188416.661 256033.649)	15	591	0	231	false	2171	None
LINESTRING (3188416.661 256033.649, 3188433.297 256051.218)	15	591	0	232	false	2171	None
LINESTRING (3188433.297 256051.218, 3188439.908 256055.624)	15	591	0	233	false	2171	None
LINESTRING (3188439.908 256055.624, 3188450.345 256061.785)	15	591	0	234	false	2171	None
LINESTRING (3188450.345 256061.785, 3188485.727 256081.16)	15	591	0	235	false	2171	None
LINESTRING (3188485.727 256081.16, 3188500.234 256088.215)	15	591	0	236	false	2171	None
LINESTRING (3188500.234 256088.215, 3188518.806 256095.923)	15	591	0	237	false	2171	None
LINESTRING (3188518.806 256095.923, 3188522.341 256097.919)	15	591	0	238	false	2171	None
LINESTRING (3188522.341 256097.919, 3188554.657 256121.813)	15	591	0	239	false	2171	None
LINESTRING (3188554.657 256121.813, 3188565.874 256126.252)	15	591	0	240	false	2171	None
LINESTRING (3188565.874 256126.252, 3188596.362 256136.885)	15	591	0	241	false	2171	None
LINESTRING (3188596.362 256136.885, 3188607.946 256140.396)	15	591	0	242	false	2171	None
LINESTRING (3188607.946 256140.396, 3188671.599 256131.8)	15	591	0	243	false	2171	None
LINESTRING (3188671.599 256131.8, 3188687.508 256130.097)	15	591	0	244	false	2171	None
LINESTRING (3188687.508 256130.097, 3188707.327 256126.956)	15	591	0	245	false	2171	None
LINESTRING (3188707.327 256126.956, 3188719.427 256127.925)	15	591	0	246	false	2171	None
LINESTRING (3188719.427 256127.925, 3188795.436 256136.04)	15	591	0	247	false	2171	None
LINESTRING (3188795.436 256136.04, 3188819.4 256139.316)	15	591	0	248	false	2171	None
LINESTRING (3188819.4 256139.316, 3188823.415 256139.353)	15	591	0	249	false	2171	None
LINESTRING (3188823.415 256139.353, 3188847.477 256137.415)	15	591	0	250	false	2171	None
LINESTRING (3188847.477 256137.415, 3188875.534 256134.074)	15	591	0	251	false	2171	None
LINESTRING (3188875.534 256134.074, 3188883.331 256132.503)	15	591	0	252	false	2171	None
LINESTRING (3188883.331 256132.503, 3188886.603 256130.694)	15	591	0	253	false	2171	None
LINESTRING (3188886.603 256130.694, 3188906.15 256110.612)	15	591	0	254	false	2171	None
LINESTRING (3188906.15 256110.612, 3188938.833 256074.476)	15	591	0	255	false	2171	None
LINESTRING (3188938.833 256074.476, 3188959.483 256051.607)	15	591	0	256	false	2171	None
LINESTRING (3188959.483 256051.607, 3188962.707 256015.154)	15	591	0	257	false	2171	None
LINESTRING (3188962.707 256015.154, 3189064.358 255925.964)	15	591	0	258	false	2171	None
LINESTRING (3189064.358 255925.964, 3189122.095 255898.552)	15	591	0	259	false	2171	None
LINESTRING (3189122.095 255898.552, 3189143.198 255887.205)	15	591	0	260	false	2171	None
LINESTRING (3189143.198 255887.205, 3189163.782 255874.936)	15	591	0	261	false	2171	None
LINESTRING (3189163.782 255874.936, 3189200.692 255851.22)	15	591	0	262	false	2171	None
LINESTRING (3189200.692 255851.22, 3189217.752 255840.899)	15	591	0	263	false	2171	None
LINESTRING (3189217.752 255840.899, 3189305.022 255784.822)	15	591	0	264	false	2171	None
LINESTRING (3189305.022 255784.822, 3189296.991 255697.587)	15	591	0	265	false	2171	None
LINESTRING (3189296.991 255697.587, 3189293.542 255652.165)	15	591	0	266	false	2171	None
LINESTRING (3189293.542 255652.165, 3189277.843 255635.205)	15	591	0	267	false	2171	None
LINESTRING (3189277.843 255635.205, 3189251.357 255605.02)	15	591	0	268	false	2171	None
LINESTRING (3189251.357 255605.02, 3189230.766 255585.766)	15	591	0	269	false	2171	None
LINESTRING (3189230.766 255585.766, 3189206.349 255564.759)	15	591	0	270	false	2171	None
LINESTRING (3189206.349 255564.759, 3189158.554 255527.812)	15	591	0	271	false	2171	None
LINESTRING (3189158.554 255527.812, 3189155.852 255524.951)	15	591	0	272	false	2171	None
LINESTRING (3189155.852 255524.951, 3189140.804 255506.1)	15	591	0	273	false	2171	None
LINESTRING (3189140.804 255506.1, 3189091.189 255437.988)	15	591	0	274	false	2171	None
LINESTRING (3189091.189 255437.988, 3189084.418 255428.025)	15	591	0	275	false	2171	None
LINESTRING (3189084.418 255428.025, 3189081.593 255425.474)	15	591	0	276	false	2171	None
LINESTRING (3189081.593 255425.474, 3189072.538 255421.532)	15	591	0	277	false	2171	None
LINESTRING (3189072.538 255421.532, 3189066.84 255419.038)	15	591	0	278	false	2171	None
LINESTRING (3189066.84 255419.038, 3189052.704 255411.293)	15	591	0	279	false	2171	None
LINESTRING (3189052.704 255411.293, 3189031.993 255398.798)	15	591	0	280	false	2171	None
LINESTRING (3189031.993 255398.798, 3189015.148 255387.713)	15	591	0	281	false	2171	None
LINESTRING (3189015.148 255387.713, 3188998.885 255375.904)	15	591	0	282	false	2171	None
LINESTRING (3188998.885 255375.904, 3188986.197 255365.987)	15	591	0	283	false	2171	None
LINESTRING (3188986.197 255365.987, 3188964.565 255347.874)	15	591	0	284	false	2171	None
LINESTRING (3188964.565 255347.874, 3188952.752 255336.99)	15	591	0	285	false	2171	None
LINESTRING (3188952.752 255336.99, 3188944.392 255328.308)	15	591	0	286	false	2171	None
LINESTRING (3188944.392 255328.308, 3188936.491 255319.212)	15	591	0	287	false	2171	None
LINESTRING (3188936.491 255319.212, 3188929.05 255309.7)	15	591	0	288	false	2171	None
LINESTRING (3188929.05 255309.7, 3188917.375 255293.498)	15	591	0	289	false	2171	None
LINESTRING (3188917.375 255293.498, 3188915.425 255289.98)	15	591	0	290	false	2171	None
LINESTRING (3188915.425 255289.98, 3188907.467 255267.37)	15	591	0	291	false	2171	None
LINESTRING (3188907.467 255267.37, 3188904.492 255259.984)	15	591	0	292	false	2171	None
LINESTRING (3188904.492 255259.984, 3188870.338 255231.781)	15	591	0	293	false	2171	None
LINESTRING (3188870.338 255231.781, 3188850.788 255217.597)	15	591	0	294	false	2171	None
LINESTRING (3188850.788 255217.597, 3188773.093 255136.226)	15	591	0	295	false	2171	None
LINESTRING (3188773.093 255136.226, 3188772.663 255132.593)	15	591	0	296	false	2171	None
LINESTRING (3188772.663 255132.593, 3188777.174 255113.246)	15	591	0	297	false	2171	None
LINESTRING (3188777.174 255113.246, 3188783.794 255078.138)	15	591	0	298	false	2171	None
LINESTRING (3188783.794 255078.138, 3188791.021 255047.21)	15	591	0	299	false	2171	None
LINESTRING (3188791.021 255047.21, 3188793.1 255035.497)	15	591	0	300	false	2171	None
LINESTRING (3188793.1 255035.497, 3188795.874 255015.82)	15	591	0	301	false	2171	None
LINESTRING (3188795.874 255015.82, 3188798.873 255000.292)	15	591	0	302	false	2171	None
LINESTRING (3188798.873 255000.292, 3188801.05 254992.557)	15	591	0	303	false	2171	None
LINESTRING (3188801.05 254992.557, 3188818.22 254943.954)	15	591	0	304	false	2171	None
LINESTRING (3188818.22 254943.954, 3188819.99 254940.476)	15	591	0	305	false	2171	None
LINESTRING (3188819.99 254940.476, 3188839.638 254915.418)	15	591	0	306	false	2171	None
LINESTRING (3188839.638 254915.418, 3188854.856 254897.085)	15	591	0	307	false	2171	None
LINESTRING (3188854.856 254897.085, 3188862.611 254883.2)	15	591	0	308	false	2171	None
LINESTRING (3188862.611 254883.2, 3188874.439 254858.033)	15	591	0	309	false	2171	None
LINESTRING (3188874.439 254858.033, 3188883.879 254840.637)	15	591	0	310	false	2171	None
LINESTRING (3188883.879 254840.637, 3188892.444 254827.192)	15	591	0	311	false	2171	None
LINESTRING (3188892.444 254827.192, 3188899.412 254817.533)	15	591	0	312	false	2171	None
LINESTRING (3188899.412 254817.533, 3188908.513 254800.002)	15	591	0	313	false	2171	None
LINESTRING (3188908.513 254800.002, 3188916.694 254786.286)	15	591	0	314	false	2171	None
LINESTRING (3188916.694 254786.286, 3188957.924 254723.087)	15	591	0	315	false	2171	None
LINESTRING (3188957.924 254723.087, 3188968.965 254702.145)	15	591	0	316	false	2171	None
LINESTRING (3188968.965 254702.145, 3188989.461 254689.602)	15	591	0	317	false	2171	None
LINESTRING (3188989.461 254689.602, 3189009.4 254676.48)	15	591	0	318	false	2171	None
LINESTRING (3189009.4 254676.48, 3189040.168 254657.853)	15	591	0	319	false	2171	None
LINESTRING (3189040.168 254657.853, 3189043.263 254655.496)	15	591	0	320	false	2171	None
LINESTRING (3189043.263 254655.496, 3189062.77 254635.517)	15	591	0	321	false	2171	None
LINESTRING (3189062.77 254635.517, 3189066.141 254631.718)	15	591	0	322	false	2171	None
LINESTRING (3189066.141 254631.718, 3189075.923 254620.665)	15	591	0	323	false	2171	None
LINESTRING (3189075.923 254620.665, 3189088.348 254605.166)	15	591	0	324	false	2171	None
LINESTRING (3189088.348 254605.166, 3189095.486 254595.574)	15	591	0	325	false	2171	None
LINESTRING (3189095.486 254595.574, 3189108.869 254575.918)	15	591	0	326	false	2171	None
LINESTRING (3189108.869 254575.918, 3189119.16 254558.858)	15	591	0	327	false	2171	None
LINESTRING (3189119.16 254558.858, 3189124.85 254548.454)	15	591	0	328	false	2171	None
LINESTRING (3189124.85 254548.454, 3189135.122 254526.97)	15	591	0	329	false	2171	None
LINESTRING (3189135.122 254526.97, 3189141.134 254512.276)	15	591	0	330	false	2171	None
LINESTRING (3189141.134 254512.276, 3189171.767 254486.79)	15	591	0	331	false	2171	None
LINESTRING (3189171.767 254486.79, 3189183.238 254475.69)	15	591	0	332	false	2171	None
LINESTRING (3189183.238 254475.69, 3189193.897 254463.91)	15	591	0	333	false	2171	None
LINESTRING (3189193.897 254463.91, 3189201.294 254454.659)	15	591	0	334	false	2171	None
LINESTRING (3189201.294 254454.659, 3189208.262 254445)	15	591	0	335	false	2171	None
LINESTRING (3189208.262 254445, 3189222.858 254421.287)	15	591	0	336	false	2171	None
LINESTRING (3189222.858 254421.287, 3189231.807 254408.114)	15	591	0	337	false	2171	None
LINESTRING (3189231.807 254408.114, 3189244.148 254392.582)	15	591	0	338	false	2171	None
LINESTRING (3189244.148 254392.582, 3189261.99 254371.347)	15	591	0	339	false	2171	None
LINESTRING (3189261.99 254371.347, 3189291.64 254301.894)	15	591	0	340	false	2171	None
LINESTRING (3189291.64 254301.894, 3189310.691 254245.559)	15	591	0	341	false	2171	None
LINESTRING (3189310.691 254245.559, 3189317.734 254222.797)	15	591	0	342	false	2171	E:3189315.719 254229.30920076708
LINESTRING (3189319.997 251344.402, 3189296.224 251346.577)	15	591	0	866	false	2171	E:3189315.719 251344.793395701
LINESTRING (3189296.224 251346.577, 3189281.776 251341.338)	15	591	0	867	false	2171	None
LINESTRING (3189281.776 251341.338, 3189253.399 251337.752)	15	591	0	868	false	2171	None
LINESTRING (3189253.399 251337.752, 3189228.008 251339.048)	15	591	0	869	false	2171	None
LINESTRING (3189228.008 251339.048, 3189196.6 251351.574)	15	591	0	870	false	2171	None
LINESTRING (3189196.6 251351.574, 3189172.363 251362.877)	15	591	0	871	false	2171	None
LINESTRING (3189172.363 251362.877, 3189142.046 251365.687)	15	591	0	872	false	2171	None
LINESTRING (3189142.046 251365.687, 3189137.654 251366.099)	15	591	0	873	false	2171	None
LINESTRING (3189137.654 251366.099, 3189109.842 251363.572)	15	591	0	874	false	2171	None
LINESTRING (3189109.842 251363.572, 3189053.589 251368.06)	15	591	0	875	false	2171	None
LINESTRING (3189053.589 251368.06, 3189016.207 251373.567)	15	591	0	876	false	2171	None
LINESTRING (3189016.207 251373.567, 3189015.493 251373.882)	15	591	0	877	false	2171	None
LINESTRING (3189015.493 251373.882, 3188994.521 251382.896)	15	591	0	878	false	2171	None
LINESTRING (3188994.521 251382.896, 3188973.749 251384.946)	15	591	0	879	false	2171	None
LINESTRING (3188973.749 251384.946, 3188956.141 251380.487)	15	591	0	880	false	2171	None
LINESTRING (3188956.141 251380.487, 3188933.538 251384.678)	15	591	0	881	false	2171	None
LINESTRING (3188933.538 251384.678, 3188917.474 251399.931)	15	591	0	882	false	2171	None
LINESTRING (3188917.474 251399.931, 3188891.058 251427.684)	15	591	0	883	false	2171	None
LINESTRING (3188891.058 251427.684, 3188864.01 251446.591)	15	591	0	884	false	2171	None
LINESTRING (3188864.01 251446.591, 3188838.162 251454.512)	15	591	0	885	false	2171	None
LINESTRING (3188838.162 251454.512, 3188810.22 251454.801)	15	591	0	886	false	2171	None
LINESTRING (3188810.22 251454.801, 3188732.682 251430.576)	15	591	0	887	false	2171	None
LINESTRING (3188732.682 251430.576, 3188726.558 251415.976)	15	591	0	888	false	2171	None
LINESTRING (3188726.558 251415.976, 3188700.38 251406.338)	15	591	0	889	false	2171	None
LINESTRING (3188700.38 251406.338, 3188679.23 251393.435)	15	591	0	890	false	2171	None
LINESTRING (3188679.23 251393.435, 3188673.36 251387.89)	15	591	0	891	false	2171	None
LINESTRING (3188673.36 251387.89, 3188663.426 251378.947)	15	591	0	892	false	2171	None
LINESTRING (3188663.426 251378.947, 3188655.123 251359.665)	15	591	0	893	false	2171	None
LINESTRING (3188655.123 251359.665, 3188645.339 251331.203)	15	591	0	894	false	2171	None
LINESTRING (3188645.339 251331.203, 3188634.221 251322.269)	15	591	0	895	false	2171	None
LINESTRING (3188634.221 251322.269, 3188612.97 251320.309)	15	591	0	896	false	2171	None
LINESTRING (3188612.97 251320.309, 3188584.359 251315.081)	15	591	0	897	false	2171	None
LINESTRING (3188584.359 251315.081, 3188570.71 251312.547)	15	591	0	898	false	2171	None
LINESTRING (3188570.71 251312.547, 3188525.92 251296.264)	15	591	0	899	false	2171	None
LINESTRING (3188525.92 251296.264, 3188500.529 251276.432)	15	591	0	900	false	2171	None
LINESTRING (3188500.529 251276.432, 3188470.339 251249.091)	15	591	0	901	false	2171	None
LINESTRING (3188470.339 251249.091, 3188450.647 251234.737)	15	591	0	902	false	2171	None
LINESTRING (3188450.647 251234.737, 3188415.905 251214.43)	15	591	0	903	false	2171	None
LINESTRING (3188415.905 251214.43, 3188392.299 251192.32)	15	591	0	904	false	2171	None
LINESTRING (3188392.299 251192.32, 3188373.969 251166.566)	15	591	0	905	false	2171	None
LINESTRING (3188373.969 251166.566, 3188340.381 251135.137)	15	591	0	906	false	2171	None
LINESTRING (3188340.381 251135.137, 3188311.52 251109.158)	15	591	0	907	false	2171	None
LINESTRING (3188311.52 251109.158, 3188277.256 251092.861)	15	591	0	908	false	2171	None
LINESTRING (3188277.256 251092.861, 3188262.655 251082.789)	15	591	0	909	false	2171	None
LINESTRING (3188262.655 251082.789, 3188221.095 251007.619)	15	591	0	910	false	2171	None
LINESTRING (3188221.095 251007.619, 3188197.706 250979.985)	15	591	0	911	false	2171	None
LINESTRING (3188197.706 250979.985, 3188143.824 250951.633)	15	591	0	912	false	2171	None
LINESTRING (3188143.824 250951.633, 3188122.723 250933.38)	15	591	0	913	false	2171	None
LINESTRING (3188122.723 250933.38, 3188103.085 250910.93)	15	591	0	914	false	2171	None
LINESTRING (3188103.085 250910.93, 3188061.583 250888.072)	15	591	0	915	false	2171	None
LINESTRING (3188061.583 250888.072, 3188021.41 250869.559)	15	591	0	916	false	2171	None
LINESTRING (3188021.41 250869.559, 3187992.574 250851.471)	15	591	0	917	false	2171	None
LINESTRING (3187992.574 250851.471, 3187977.973 250838.415)	15	591	0	918	false	2171	None
LINESTRING (3187977.973 250838.415, 3187961.175 250810.523)	15	591	0	919	false	2171	None
LINESTRING (3187961.175 250810.523, 3187926.794 250720.169)	15	591	0	920	false	2171	None
LINESTRING (3187926.794 250720.169, 3187908.624 250699.973)	15	591	0	921	false	2171	None
LINESTRING (3187908.624 250699.973, 3187885.005 250689.081)	15	591	0	922	false	2171	None
LINESTRING (3187885.005 250689.081, 3187815.49 250694.541)	15	591	0	923	false	2171	None
LINESTRING (3187815.49 250694.541, 3187791.643 250688.454)	15	591	0	924	false	2171	None
LINESTRING (3187791.643 250688.454, 3187768.058 250653.105)	15	591	0	925	false	2171	None
LINESTRING (3187768.058 250653.105, 3187773.423 250610.938)	15	591	0	926	false	2171	None
LINESTRING (3187773.423 250610.938, 3187746.138 250556.1)	15	591	0	927	false	2171	None
LINESTRING (3187746.138 250556.1, 3187721.076 250479.222)	15	591	0	928	false	2171	None
LINESTRING (3187721.076 250479.222, 3187688.33 250441.923)	15	591	0	929	false	2171	None
LINESTRING (3187688.33 250441.923, 3187650.845 250371.593)	15	591	0	930	false	2171	None
LINESTRING (3187650.845 250371.593, 3187613.285 250325.825)	15	591	0	931	false	2171	None
LINESTRING (3187613.285 250325.825, 3187573.564 250252.941)	15	591	0	932	false	2171	None
LINESTRING (3187573.564 250252.941, 3187545.66 250232.24)	15	591	0	933	false	2171	None
LINESTRING (3187545.66 250232.24, 3187505.647 250213.317)	15	591	0	934	false	2171	None
LINESTRING (3187505.647 250213.317, 3187497.153 250201.722)	15	591	0	935	false	2171	None
LINESTRING (3187497.153 250201.722, 3187470.642 250124.273)	15	591	0	936	false	2171	None
LINESTRING (3187470.642 250124.273, 3187459.528 250106.868)	15	591	0	937	false	2171	None
LINESTRING (3187459.528 250106.868, 3187433.757 250093.457)	15	591	0	938	false	2171	None
LINESTRING (3187433.757 250093.457, 3187393.649 250082.733)	15	591	0	939	false	2171	None
LINESTRING (3187393.649 250082.733, 3187371.738 250064.283)	15	591	0	940	false	2171	None
LINESTRING (3187371.738 250064.283, 3187342.187 250043.767)	15	591	0	941	false	2171	None
LINESTRING (3187342.187 250043.767, 3187304.428 250010.935)	15	591	0	942	false	2171	None
LINESTRING (3187304.428 250010.935, 3187255.781 249955.893)	15	591	0	943	false	2171	None
LINESTRING (3187255.781 249955.893, 3187199.525 249915.869)	15	591	0	944	false	2171	None
LINESTRING (3187199.525 249915.869, 3187130.803 249849.669)	15	591	0	945	false	2171	None
LINESTRING (3187130.803 249849.669, 3187120.587 249838.947)	15	591	0	946	false	2171	None
LINESTRING (3187120.587 249838.947, 3187150.563 249815.104)	15	591	0	947	false	2171	None
LINESTRING (3187150.563 249815.104, 3187988.797 249147.703)	15	591	0	948	false	2171	None
LINESTRING (3187988.797 249147.703, 3188697.648 248594.396)	15	591	0	949	false	2171	None
LINESTRING (3188697.648 248594.396, 3188793.052 248520.029)	15	591	0	950	false	2171	S:3188711.193938871 248583.837
LINESTRING (3180362.047 252118.039, 3180779.806 251805.854)	15	941	0	1099	false	2266	W:3180760.052 251820.61586626718
LINESTRING (3180779.806 251805.854, 3180969.567 251664.123)	15	941	0	1100	false	2266	None
LINESTRING (3180969.567 251664.123, 3181120.618 251551.275)	15	941	0	1101	false	2266	None
LINESTRING (3181120.618 251551.275, 3181172.002 251512.953)	15	941	0	1102	false	2266	None
LINESTRING (3181172.002 251512.953, 3181205.03 251488.274)	15	941	0	1103	false	2266	None
LINESTRING (3181205.03 251488.274, 3181212.681 251482.581)	15	941	0	1104	false	2266	None
LINESTRING (3181212.681 251482.581, 3181291.911 251423.502)	15	941	0	1105	false	2266	None
LINESTRING (3181291.911 251423.502, 3181309.219 251410.521)	15	941	0	1106	false	2266	None
LINESTRING (3181309.219 251410.521, 3181326.612 251397.574)	15	941	0	1107	false	2266	None
LINESTRING (3181326.612 251397.574, 3181334.556 251391.638)	15	941	0	1108	false	2266	None
LINESTRING (3181334.556 251391.638, 3181375.111 251361.336)	15	941	0	1109	false	2266	None
LINESTRING (3181375.111 251361.336, 3181503.174 251265.677)	15	941	0	1110	false	2266	None
LINESTRING (3181503.174 251265.677, 3181639.602 251163.771)	15	941	0	1111	false	2266	None
LINESTRING (3181639.602 251163.771, 3181889.781 250984.073)	15	941	0	1112	false	2266	None
LINESTRING (3181889.781 250984.073, 3182019.078 250891.292)	15	941	0	1113	false	2266	None
LINESTRING (3182019.078 250891.292, 3182026.945 250885.804)	15	941	0	1114	false	2266	None
LINESTRING (3182026.945 250885.804, 3182050.207 250869.445)	15	941	0	1115	false	2266	None
LINESTRING (3182050.207 250869.445, 3182057.782 250864.199)	15	941	0	1116	false	2266	None
LINESTRING (3182057.782 250864.199, 3182124.626 250816.11)	15	941	0	1117	false	2266	None
LINESTRING (3182124.626 250816.11, 3182139.349 250805.451)	15	941	0	1118	false	2266	None
LINESTRING (3182139.349 250805.451, 3182166.269 250784.808)	15	941	0	1119	false	2266	None
LINESTRING (3182166.269 250784.808, 3182173.389 250788.931)	15	941	0	1120	false	2266	None
LINESTRING (3182173.389 250788.931, 3182232.733 250756.858)	15	941	0	1121	false	2266	None
LINESTRING (3182232.733 250756.858, 3182261.962 250836.186)	15	941	0	1122	false	2266	None
LINESTRING (3182261.962 250836.186, 3182266.326 250845.547)	15	941	0	1123	false	2266	None
LINESTRING (3182266.326 250845.547, 3182279.292 250873.699)	15	941	0	1124	false	2266	None
LINESTRING (3182279.292 250873.699, 3182283.531 250883.13)	15	941	0	1125	false	2266	None
LINESTRING (3182283.531 250883.13, 3182284.143 250884.565)	15	941	0	1126	false	2266	None
LINESTRING (3182284.143 250884.565, 3182380.836 250955.317)	15	941	0	1127	false	2266	None
LINESTRING (3182380.836 250955.317, 3182487.146 251004.445)	15	941	0	1128	false	2266	None
LINESTRING (3182487.146 251004.445, 3182491.061 251006.229)	15	941	0	1129	false	2266	None
LINESTRING (3182491.061 251006.229, 3182498.976 251009.831)	15	941	0	1130	false	2266	None
LINESTRING (3182498.976 251009.831, 3182607.057 251052.976)	15	941	0	1131	false	2266	None
LINESTRING (3182607.057 251052.976, 3182725.903 251083.544)	15	941	0	1132	false	2266	None
LINESTRING (3182725.903 251083.544, 3182967.442 251124.483)	15	941	0	1133	false	2266	None
LINESTRING (3182967.442 251124.483, 3183150.083 251149.81)	15	941	0	1134	false	2266	None
LINESTRING (3183150.083 251149.81, 3183287.637 251144.209)	15	941	0	1135	false	2266	None
LINESTRING (3183287.637 251144.209, 3183396.897 251128.87)	15	941	0	1136	false	2266	None
LINESTRING (3183396.897 251128.87, 3183423.642 251125.108)	15	941	0	1137	false	2266	None
LINESTRING (3183423.642 251125.108, 3183491.988 251086.691)	15	941	0	1138	false	2266	None
LINESTRING (3183491.988 251086.691, 3183516.548 251075.024)	15	941	0	1139	false	2266	None
LINESTRING (3183516.548 251075.024, 3183529.364 251069.701)	15	941	0	1140	false	2266	None
LINESTRING (3183529.364 251069.701, 3183588.614 251045.357)	15	941	0	1141	false	2266	None
LINESTRING (3183588.614 251045.357, 3183852.446 250970.156)	15	941	0	1142	false	2266	None
LINESTRING (3183852.446 250970.156, 3183861.835 250967.538)	15	941	0	1143	false	2266	None
LINESTRING (3183861.835 250967.538, 3183864.699 250966.759)	15	941	0	1144	false	2266	None
LINESTRING (3183864.699 250966.759, 3183958.38 250937.872)	15	941	0	1145	false	2266	None
LINESTRING (3183958.38 250937.872, 3183973.464 250931.536)	15	941	0	1146	false	2266	None
LINESTRING (3183973.464 250931.536, 3183989.522 250925.226)	15	941	0	1147	false	2266	None
LINESTRING (3183989.522 250925.226, 3183995.615 250922.739)	15	941	0	1148	false	2266	None
LINESTRING (3183995.615 250922.739, 3184019.864 250912.861)	15	941	0	1149	false	2266	None
LINESTRING (3184019.864 250912.861, 3184040.135 250908.573)	15	941	0	1150	false	2266	None
LINESTRING (3184040.135 250908.573, 3184091.846 250897.605)	15	941	0	1151	false	2266	None
LINESTRING (3184091.846 250897.605, 3184149.442 250890.156)	15	941	0	1152	false	2266	None
LINESTRING (3184149.442 250890.156, 3184176.799 250878.88)	15	941	0	1153	false	2266	None
LINESTRING (3184176.799 250878.88, 3184197.348 250870.405)	15	941	0	1154	false	2266	None
LINESTRING (3184197.348 250870.405, 3184251.128 250850.468)	15	941	0	1155	false	2266	None
LINESTRING (3184251.128 250850.468, 3184254.702 250849.134)	15	941	0	1156	false	2266	None
LINESTRING (3184254.702 250849.134, 3184265.635 250845.098)	15	941	0	1157	false	2266	None
LINESTRING (3184265.635 250845.098, 3184318.989 250833.706)	15	941	0	1158	false	2266	None
LINESTRING (3184318.989 250833.706, 3184319.958 250833.492)	15	941	0	1159	false	2266	None
LINESTRING (3184319.958 250833.492, 3184324.655 250833.795)	15	941	0	1160	false	2266	None
LINESTRING (3184324.655 250833.795, 3184359.91 250836.62)	15	941	0	1161	false	2266	None
LINESTRING (3184359.91 250836.62, 3184400.497 250848.594)	15	941	0	1162	false	2266	None
LINESTRING (3184400.497 250848.594, 3184451.91 250863.769)	15	941	0	1163	false	2266	None
LINESTRING (3184451.91 250863.769, 3184484.696 250868.365)	15	941	0	1164	false	2266	None
LINESTRING (3184484.696 250868.365, 3184502.147 250870.722)	15	941	0	1165	false	2266	None
LINESTRING (3184502.147 250870.722, 3184505.579 250871.242)	15	941	0	1166	false	2266	None
LINESTRING (3184505.579 250871.242, 3184555.508 250868.525)	15	941	0	1167	false	2266	None
LINESTRING (3184555.508 250868.525, 3184577.681 250864.154)	15	941	0	1168	false	2266	None
LINESTRING (3184577.681 250864.154, 3184611.448 250857.56)	15	941	0	1169	false	2266	None
LINESTRING (3184611.448 250857.56, 3184711.144 250829.146)	15	941	0	1170	false	2266	None
LINESTRING (3184711.144 250829.146, 3184712.787 250828.72)	15	941	0	1171	false	2266	None
LINESTRING (3184712.787 250828.72, 3184714.341 250828.021)	15	941	0	1172	false	2266	None
LINESTRING (3184714.341 250828.021, 3184714.929 250827.776)	15	941	0	1173	false	2266	None
LINESTRING (3184714.929 250827.776, 3184716.398 250827.044)	15	941	0	1174	false	2266	None
LINESTRING (3184716.398 250827.044, 3184716.861 250826.868)	15	941	0	1175	false	2266	None
LINESTRING (3184716.861 250826.868, 3184750.67 250811.458)	15	941	0	1176	false	2266	None
LINESTRING (3184750.67 250811.458, 3184790.423 250762.587)	15	941	0	1177	false	2266	None
LINESTRING (3184790.423 250762.587, 3184809.616 250683.394)	15	941	0	1178	false	2266	None
LINESTRING (3184809.616 250683.394, 3184807.944 250593.81)	15	941	0	1179	false	2266	None
LINESTRING (3184807.944 250593.81, 3184803.362 250513.58)	15	941	0	1180	false	2266	None
LINESTRING (3184803.362 250513.58, 3184800.325 250461.294)	15	941	0	1181	false	2266	None
LINESTRING (3184800.325 250461.294, 3184761.313 250371.164)	15	941	0	1182	false	2266	None
LINESTRING (3184761.313 250371.164, 3184731.67 250303.355)	15	941	0	1183	false	2266	None
LINESTRING (3184731.67 250303.355, 3184698.632 250261.062)	15	941	0	1184	false	2266	None
LINESTRING (3184698.632 250261.062, 3184666.178 250212.315)	15	941	0	1185	false	2266	None
LINESTRING (3184666.178 250212.315, 3184681.411 250154.833)	15	941	0	1186	false	2266	None
LINESTRING (3184681.411 250154.833, 3184715.763 250097.981)	15	941	0	1187	false	2266	None
LINESTRING (3184715.763 250097.981, 3184749.522 250035.164)	15	941	0	1188	false	2266	None
LINESTRING (3184749.522 250035.164, 3184841.723 249999.61)	15	941	0	1189	false	2266	None
LINESTRING (3184841.723 249999.61, 3184909.996 249961.17)	15	941	0	1190	false	2266	None
LINESTRING (3184909.996 249961.17, 3184980.823 249909.297)	15	941	0	1191	false	2266	None
LINESTRING (3184980.823 249909.297, 3185045.595 249877.232)	15	941	0	1192	false	2266	None
LINESTRING (3185045.595 249877.232, 3185122.325 249908.976)	15	941	0	1193	false	2266	None
LINESTRING (3185122.325 249908.976, 3185162.234 249900.034)	15	941	0	1194	false	2266	None
LINESTRING (3185162.234 249900.034, 3185201.554 249891.337)	15	941	0	1195	false	2266	None
LINESTRING (3185201.554 249891.337, 3185268.681 249858.295)	15	941	0	1196	false	2266	None
LINESTRING (3185268.681 249858.295, 3185358.137 249819.751)	15	941	0	1197	false	2266	None
LINESTRING (3185358.137 249819.751, 3185412.055 249776.597)	15	941	0	1198	false	2266	None
LINESTRING (3185412.055 249776.597, 3185456.173 249757.502)	15	941	0	1199	false	2266	None
LINESTRING (3185456.173 249757.502, 3185500.223 249815.727)	15	941	0	1200	false	2266	None
LINESTRING (3185500.223 249815.727, 3185533.996 249870.847)	15	941	0	1201	false	2266	None
LINESTRING (3185533.996 249870.847, 3185539.198 249876.841)	15	941	0	1202	false	2266	None
LINESTRING (3185539.198 249876.841, 3185569.513 249912.094)	15	941	0	1203	false	2266	None
LINESTRING (3185569.513 249912.094, 3185600.189 249919.558)	15	941	0	1204	false	2266	None
LINESTRING (3185600.189 249919.558, 3185693.855 249882.561)	15	941	0	1205	false	2266	None
LINESTRING (3185693.855 249882.561, 3185721.552 249897.563)	15	941	0	1206	false	2266	None
LINESTRING (3185721.552 249897.563, 3185789.437 249922.834)	15	941	0	1207	false	2266	None
LINESTRING (3185789.437 249922.834, 3185863.289 249942.705)	15	941	0	1208	false	2266	None
LINESTRING (3185863.289 249942.705, 3185930.299 249936.597)	15	941	0	1209	false	2266	None
LINESTRING (3185930.299 249936.597, 3185936.211 249936.068)	15	941	0	1210	false	2266	None
LINESTRING (3185936.211 249936.068, 3185988.281 249925.967)	15	941	0	1211	false	2266	None
LINESTRING (3185988.281 249925.967, 3186032.953 249912.942)	15	941	0	1212	false	2266	None
LINESTRING (3186032.953 249912.942, 3186067.663 249886.313)	15	941	0	1213	false	2266	None
LINESTRING (3186067.663 249886.313, 3186116.647 249885.019)	15	941	0	1214	false	2266	None
LINESTRING (3186116.647 249885.019, 3186180.897 249936.907)	15	941	0	1215	false	2266	None
LINESTRING (3186180.897 249936.907, 3186183.336 249938.946)	15	941	0	1216	false	2266	None
LINESTRING (3186183.336 249938.946, 3186261.945 250001.523)	15	941	0	1217	false	2266	None
LINESTRING (3186261.945 250001.523, 3186361.129 250074.978)	15	941	0	1218	false	2266	None
LINESTRING (3186361.129 250074.978, 3186408.311 250125.018)	15	941	0	1219	false	2266	None
LINESTRING (3186408.311 250125.018, 3186475.567 250198.152)	15	941	0	1220	false	2266	None
LINESTRING (3186475.567 250198.152, 3186500.65 250225.493)	15	941	0	1221	false	2266	None
LINESTRING (3186500.65 250225.493, 3186559.014 250303.708)	15	941	0	1222	false	2266	None
LINESTRING (3186559.014 250303.708, 3187025.184 249914.875)	15	941	0	1223	false	2266	None
LINESTRING (3187025.184 249914.875, 3187120.587 249838.947)	15	941	0	1224	false	2266	None
LINESTRING (3187120.587 249838.947, 3187130.803 249849.669)	15	941	0	1225	false	2266	None
LINESTRING (3187130.803 249849.669, 3187199.525 249915.869)	15	941	0	1226	false	2266	None
LINESTRING (3187199.525 249915.869, 3187255.781 249955.893)	15	941	0	1227	false	2266	None
LINESTRING (3187255.781 249955.893, 3187304.428 250010.935)	15	941	0	1228	false	2266	None
LINESTRING (3187304.428 250010.935, 3187342.187 250043.767)	15	941	0	1229	false	2266	None
LINESTRING (3187342.187 250043.767, 3187371.738 250064.283)	15	941	0	1230	false	2266	None
LINESTRING (3187371.738 250064.283, 3187393.649 250082.733)	15	941	0	1231	false	2266	None
LINESTRING (3187393.649 250082.733, 3187433.757 250093.457)	15	941	0	1232	false	2266	None
LINESTRING (3187433.757 250093.457, 3187459.528 250106.868)	15	941	0	1233	false	2266	None
LINESTRING (3187459.528 250106.868, 3187470.642 250124.273)	15	941	0	1234	false	2266	None
LINESTRING (3187470.642 250124.273, 3187497.153 250201.722)	15	941	0	1235	false	2266	None
LINESTRING (3187497.153 250201.722, 3187505.647 250213.317)	15	941	0	1236	false	2266	None
LINESTRING (3187505.647 250213.317, 3187545.66 250232.24)	15	941	0	1237	false	2266	None
LINESTRING (3187545.66 250232.24, 3187573.564 250252.941)	15	941	0	1238	false	2266	None
LINESTRING (3187573.564 250252.941, 3187613.285 250325.825)	15	941	0	1239	false	2266	None
LINESTRING (3187613.285 250325.825, 3187650.845 250371.593)	15	941	0	1240	false	2266	None
LINESTRING (3187650.845 250371.593, 3187688.33 250441.923)	15	941	0	1241	false	2266	None
LINESTRING (3187688.33 250441.923, 3187721.076 250479.222)	15	941	0	1242	false	2266	None
LINESTRING (3187721.076 250479.222, 3187746.138 250556.1)	15	941	0	1243	false	2266	None
LINESTRING (3187746.138 250556.1, 3187773.423 250610.938)	15	941	0	1244	false	2266	None
LINESTRING (3187773.423 250610.938, 3187768.058 250653.105)	15	941	0	1245	false	2266	None
LINESTRING (3187768.058 250653.105, 3187791.643 250688.454)	15	941	0	1246	false	2266	None
LINESTRING (3187791.643 250688.454, 3187815.49 250694.541)	15	941	0	1247	false	2266	None
LINESTRING (3187815.49 250694.541, 3187885.005 250689.081)	15	941	0	1248	false	2266	None
LINESTRING (3187885.005 250689.081, 3187908.624 250699.973)	15	941	0	1249	false	2266	None
LINESTRING (3187908.624 250699.973, 3187926.794 250720.169)	15	941	0	1250	false	2266	None
LINESTRING (3187926.794 250720.169, 3187961.175 250810.523)	15	941	0	1251	false	2266	None
LINESTRING (3187961.175 250810.523, 3187977.973 250838.415)	15	941	0	1252	false	2266	None
LINESTRING (3187977.973 250838.415, 3187992.574 250851.471)	15	941	0	1253	false	2266	None
LINESTRING (3187992.574 250851.471, 3188021.41 250869.559)	15	941	0	1254	false	2266	None
LINESTRING (3188021.41 250869.559, 3188061.583 250888.072)	15	941	0	1255	false	2266	None
LINESTRING (3188061.583 250888.072, 3188103.085 250910.93)	15	941	0	1256	false	2266	None
LINESTRING (3188103.085 250910.93, 3188122.723 250933.38)	15	941	0	1257	false	2266	None
LINESTRING (3188122.723 250933.38, 3188143.824 250951.633)	15	941	0	1258	false	2266	None
LINESTRING (3188143.824 250951.633, 3188197.706 250979.985)	15	941	0	1259	false	2266	None
LINESTRING (3188197.706 250979.985, 3188221.095 251007.619)	15	941	0	1260	false	2266	None
LINESTRING (3188221.095 251007.619, 3188262.655 251082.789)	15	941	0	1261	false	2266	None
LINESTRING (3188262.655 251082.789, 3188277.256 251092.861)	15	941	0	1262	false	2266	None
LINESTRING (3188277.256 251092.861, 3188311.52 251109.158)	15	941	0	1263	false	2266	None
LINESTRING (3188311.52 251109.158, 3188340.381 251135.137)	15	941	0	1264	false	2266	None
LINESTRING (3188340.381 251135.137, 3188373.969 251166.566)	15	941	0	1265	false	2266	None
LINESTRING (3188373.969 251166.566, 3188392.299 251192.32)	15	941	0	1266	false	2266	None
LINESTRING (3188392.299 251192.32, 3188415.905 251214.43)	15	941	0	1267	false	2266	None
LINESTRING (3188415.905 251214.43, 3188450.647 251234.737)	15	941	0	1268	false	2266	None
LINESTRING (3188450.647 251234.737, 3188470.339 251249.091)	15	941	0	1269	false	2266	None
LINESTRING (3188470.339 251249.091, 3188500.529 251276.432)	15	941	0	1270	false	2266	None
LINESTRING (3188500.529 251276.432, 3188525.92 251296.264)	15	941	0	1271	false	2266	None
LINESTRING (3188525.92 251296.264, 3188570.71 251312.547)	15	941	0	1272	false	2266	None
LINESTRING (3188570.71 251312.547, 3188584.359 251315.081)	15	941	0	1273	false	2266	None
LINESTRING (3188584.359 251315.081, 3188612.97 251320.309)	15	941	0	1274	false	2266	None
LINESTRING (3188612.97 251320.309, 3188634.221 251322.269)	15	941	0	1275	false	2266	None
LINESTRING (3188634.221 251322.269, 3188645.339 251331.203)	15	941	0	1276	false	2266	None
LINESTRING (3188645.339 251331.203, 3188655.123 251359.665)	15	941	0	1277	false	2266	None
LINESTRING (3188655.123 251359.665, 3188663.426 251378.947)	15	941	0	1278	false	2266	None
LINESTRING (3188663.426 251378.947, 3188673.36 251387.89)	15	941	0	1279	false	2266	None
LINESTRING (3188673.36 251387.89, 3188679.23 251393.435)	15	941	0	1280	false	2266	None
LINESTRING (3188679.23 251393.435, 3188700.38 251406.338)	15	941	0	1281	false	2266	None
LINESTRING (3188700.38 251406.338, 3188726.558 251415.976)	15	941	0	1282	false	2266	None
LINESTRING (3188726.558 251415.976, 3188732.682 251430.576)	15	941	0	1283	false	2266	None
LINESTRING (3188732.682 251430.576, 3188810.22 251454.801)	15	941	0	1284	false	2266	None
LINESTRING (3188810.22 251454.801, 3188838.162 251454.512)	15	941	0	1285	false	2266	None
LINESTRING (3188838.162 251454.512, 3188864.01 251446.591)	15	941	0	1286	false	2266	None
LINESTRING (3188864.01 251446.591, 3188891.058 251427.684)	15	941	0	1287	false	2266	None
LINESTRING (3188891.058 251427.684, 3188917.474 251399.931)	15	941	0	1288	false	2266	None
LINESTRING (3188917.474 251399.931, 3188933.538 251384.678)	15	941	0	1289	false	2266	None
LINESTRING (3188933.538 251384.678, 3188956.141 251380.487)	15	941	0	1290	false	2266	None
LINESTRING (3188956.141 251380.487, 3188973.749 251384.946)	15	941	0	1291	false	2266	None
LINESTRING (3188973.749 251384.946, 3188994.521 251382.896)	15	941	0	1292	false	2266	None
LINESTRING (3188994.521 251382.896, 3189015.493 251373.882)	15	941	0	1293	false	2266	None
LINESTRING (3189015.493 251373.882, 3189016.207 251373.567)	15	941	0	1294	false	2266	None
LINESTRING (3189016.207 251373.567, 3189053.589 251368.06)	15	941	0	1295	false	2266	None
LINESTRING (3189053.589 251368.06, 3189109.842 251363.572)	15	941	0	1296	false	2266	None
LINESTRING (3189109.842 251363.572, 3189137.654 251366.099)	15	941	0	1297	false	2266	None
LINESTRING (3189137.654 251366.099, 3189142.046 251365.687)	15	941	0	1298	false	2266	None
LINESTRING (3189142.046 251365.687, 3189172.363 251362.877)	15	941	0	1299	false	2266	None
LINESTRING (3189172.363 251362.877, 3189196.6 251351.574)	15	941	0	1300	false	2266	None
LINESTRING (3189196.6 251351.574, 3189228.008 251339.048)	15	941	0	1301	false	2266	None
LINESTRING (3189228.008 251339.048, 3189253.399 251337.752)	15	941	0	1302	false	2266	None
LINESTRING (3189253.399 251337.752, 3189281.776 251341.338)	15	941	0	1303	false	2266	None
LINESTRING (3189281.776 251341.338, 3189296.224 251346.577)	15	941	0	1304	false	2266	None
LINESTRING (3189296.224 251346.577, 3189319.997 251344.402)	15	941	0	1305	false	2266	E:3189315.719 251344.793395701
LINESTRING (3189317.734 254222.797, 3189310.691 254245.559)	15	941	0	1829	false	2266	E:3189315.719 254229.30920076708
LINESTRING (3189310.691 254245.559, 3189291.64 254301.894)	15	941	0	1830	false	2266	None
LINESTRING (3189291.64 254301.894, 3189261.99 254371.347)	15	941	0	1831	false	2266	None
LINESTRING (3189261.99 254371.347, 3189244.148 254392.582)	15	941	0	1832	false	2266	None
LINESTRING (3189244.148 254392.582, 3189231.807 254408.114)	15	941	0	1833	false	2266	None
LINESTRING (3189231.807 254408.114, 3189222.858 254421.287)	15	941	0	1834	false	2266	None
LINESTRING (3189222.858 254421.287, 3189208.262 254445)	15	941	0	1835	false	2266	None
LINESTRING (3189208.262 254445, 3189201.294 254454.659)	15	941	0	1836	false	2266	None
LINESTRING (3189201.294 254454.659, 3189193.897 254463.91)	15	941	0	1837	false	2266	None
LINESTRING (3189193.897 254463.91, 3189183.238 254475.69)	15	941	0	1838	false	2266	None
LINESTRING (3189183.238 254475.69, 3189171.767 254486.79)	15	941	0	1839	false	2266	None
LINESTRING (3189171.767 254486.79, 3189141.134 254512.276)	15	941	0	1840	false	2266	None
LINESTRING (3189141.134 254512.276, 3189135.122 254526.97)	15	941	0	1841	false	2266	None
LINESTRING (3189135.122 254526.97, 3189124.85 254548.454)	15	941	0	1842	false	2266	None
LINESTRING (3189124.85 254548.454, 3189119.16 254558.858)	15	941	0	1843	false	2266	None
LINESTRING (3189119.16 254558.858, 3189108.869 254575.918)	15	941	0	1844	false	2266	None
LINESTRING (3189108.869 254575.918, 3189095.486 254595.574)	15	941	0	1845	false	2266	None
LINESTRING (3189095.486 254595.574, 3189088.348 254605.166)	15	941	0	1846	false	2266	None
LINESTRING (3189088.348 254605.166, 3189075.923 254620.665)	15	941	0	1847	false	2266	None
LINESTRING (3189075.923 254620.665, 3189066.141 254631.718)	15	941	0	1848	false	2266	None
LINESTRING (3189066.141 254631.718, 3189062.77 254635.517)	15	941	0	1849	false	2266	None
LINESTRING (3189062.77 254635.517, 3189043.263 254655.496)	15	941	0	1850	false	2266	None
LINESTRING (3189043.263 254655.496, 3189040.168 254657.853)	15	941	0	1851	false	2266	None
LINESTRING (3189040.168 254657.853, 3189009.4 254676.48)	15	941	0	1852	false	2266	None
LINESTRING (3189009.4 254676.48, 3188989.461 254689.602)	15	941	0	1853	false	2266	None
LINESTRING (3188989.461 254689.602, 3188968.965 254702.145)	15	941	0	1854	false	2266	None
LINESTRING (3188968.965 254702.145, 3188957.924 254723.087)	15	941	0	1855	false	2266	None
LINESTRING (3188957.924 254723.087, 3188916.694 254786.286)	15	941	0	1856	false	2266	None
LINESTRING (3188916.694 254786.286, 3188908.513 254800.002)	15	941	0	1857	false	2266	None
LINESTRING (3188908.513 254800.002, 3188899.412 254817.533)	15	941	0	1858	false	2266	None
LINESTRING (3188899.412 254817.533, 3188892.444 254827.192)	15	941	0	1859	false	2266	None
LINESTRING (3188892.444 254827.192, 3188883.879 254840.637)	15	941	0	1860	false	2266	None
LINESTRING (3188883.879 254840.637, 3188874.439 254858.033)	15	941	0	1861	false	2266	None
LINESTRING (3188874.439 254858.033, 3188862.611 254883.2)	15	941	0	1862	false	2266	None
LINESTRING (3188862.611 254883.2, 3188854.856 254897.085)	15	941	0	1863	false	2266	None
LINESTRING (3188854.856 254897.085, 3188839.638 254915.418)	15	941	0	1864	false	2266	None
LINESTRING (3188839.638 254915.418, 3188819.99 254940.476)	15	941	0	1865	false	2266	None
LINESTRING (3188819.99 254940.476, 3188818.22 254943.954)	15	941	0	1866	false	2266	None
LINESTRING (3188818.22 254943.954, 3188801.05 254992.557)	15	941	0	1867	false	2266	None
LINESTRING (3188801.05 254992.557, 3188798.873 255000.292)	15	941	0	1868	false	2266	None
LINESTRING (3188798.873 255000.292, 3188795.874 255015.82)	15	941	0	1869	false	2266	None
LINESTRING (3188795.874 255015.82, 3188793.1 255035.497)	15	941	0	1870	false	2266	None
LINESTRING (3188793.1 255035.497, 3188791.021 255047.21)	15	941	0	1871	false	2266	None
LINESTRING (3188791.021 255047.21, 3188783.794 255078.138)	15	941	0	1872	false	2266	None
LINESTRING (3188783.794 255078.138, 3188777.174 255113.246)	15	941	0	1873	false	2266	None
LINESTRING (3188777.174 255113.246, 3188772.663 255132.593)	15	941	0	1874	false	2266	None
LINESTRING (3188772.663 255132.593, 3188773.093 255136.226)	15	941	0	1875	false	2266	None
LINESTRING (3188773.093 255136.226, 3188850.788 255217.597)	15	941	0	1876	false	2266	None
LINESTRING (3188850.788 255217.597, 3188870.338 255231.781)	15	941	0	1877	false	2266	None
LINESTRING (3188870.338 255231.781, 3188904.492 255259.984)	15	941	0	1878	false	2266	None
LINESTRING (3188904.492 255259.984, 3188907.467 255267.37)	15	941	0	1879	false	2266	None
LINESTRING (3188907.467 255267.37, 3188915.425 255289.98)	15	941	0	1880	false	2266	None
LINESTRING (3188915.425 255289.98, 3188917.375 255293.498)	15	941	0	1881	false	2266	None
LINESTRING (3188917.375 255293.498, 3188929.05 255309.7)	15	941	0	1882	false	2266	None
LINESTRING (3188929.05 255309.7, 3188936.491 255319.212)	15	941	0	1883	false	2266	None
LINESTRING (3188936.491 255319.212, 3188944.392 255328.308)	15	941	0	1884	false	2266	None
LINESTRING (3188944.392 255328.308, 3188952.752 255336.99)	15	941	0	1885	false	2266	None
LINESTRING (3188952.752 255336.99, 3188964.565 255347.874)	15	941	0	1886	false	2266	None
LINESTRING (3188964.565 255347.874, 3188986.197 255365.987)	15	941	0	1887	false	2266	None
LINESTRING (3188986.197 255365.987, 3188998.885 255375.904)	15	941	0	1888	false	2266	None
LINESTRING (3188998.885 255375.904, 3189015.148 255387.713)	15	941	0	1889	false	2266	None
LINESTRING (3189015.148 255387.713, 3189031.993 255398.798)	15	941	0	1890	false	2266	None
LINESTRING (3189031.993 255398.798, 3189052.704 255411.293)	15	941	0	1891	false	2266	None
LINESTRING (3189052.704 255411.293, 3189066.84 255419.038)	15	941	0	1892	false	2266	None
LINESTRING (3189066.84 255419.038, 3189072.538 255421.532)	15	941	0	1893	false	2266	None
LINESTRING (3189072.538 255421.532, 3189081.593 255425.474)	15	941	0	1894	false	2266	None
LINESTRING (3189081.593 255425.474, 3189084.418 255428.025)	15	941	0	1895	false	2266	None
LINESTRING (3189084.418 255428.025, 3189091.189 255437.988)	15	941	0	1896	false	2266	None
LINESTRING (3189091.189 255437.988, 3189140.804 255506.1)	15	941	0	1897	false	2266	None
LINESTRING (3189140.804 255506.1, 3189155.852 255524.951)	15	941	0	1898	false	2266	None
LINESTRING (3189155.852 255524.951, 3189158.554 255527.812)	15	941	0	1899	false	2266	None
LINESTRING (3189158.554 255527.812, 3189206.349 255564.759)	15	941	0	1900	false	2266	None
LINESTRING (3189206.349 255564.759, 3189230.766 255585.766)	15	941	0	1901	false	2266	None
LINESTRING (3189230.766 255585.766, 3189251.357 255605.02)	15	941	0	1902	false	2266	None
LINESTRING (3189251.357 255605.02, 3189277.843 255635.205)	15	941	0	1903	false	2266	None
LINESTRING (3189277.843 255635.205, 3189293.542 255652.165)	15	941	0	1904	false	2266	None
LINESTRING (3189293.542 255652.165, 3189296.991 255697.587)	15	941	0	1905	false	2266	None
LINESTRING (3189296.991 255697.587, 3189305.022 255784.822)	15	941	0	1906	false	2266	None
LINESTRING (3189305.022 255784.822, 3189217.752 255840.899)	15	941	0	1907	false	2266	None
LINESTRING (3189217.752 255840.899, 3189200.692 255851.22)	15	941	0	1908	false	2266	None
LINESTRING (3189200.692 255851.22, 3189163.782 255874.936)	15	941	0	1909	false	2266	None
LINESTRING (3189163.782 255874.936, 3189143.198 255887.205)	15	941	0	1910	false	2266	None
LINESTRING (3189143.198 255887.205, 3189122.095 255898.552)	15	941	0	1911	false	2266	None
LINESTRING (3189122.095 255898.552, 3189064.358 255925.964)	15	941	0	1912	false	2266	None
LINESTRING (3189064.358 255925.964, 3188962.707 256015.154)	15	941	0	1913	false	2266	None
LINESTRING (3188962.707 256015.154, 3188959.483 256051.607)	15	941	0	1914	false	2266	None
LINESTRING (3188959.483 256051.607, 3188938.833 256074.476)	15	941	0	1915	false	2266	None
LINESTRING (3188938.833 256074.476, 3188906.15 256110.612)	15	941	0	1916	false	2266	None
LINESTRING (3188906.15 256110.612, 3188886.603 256130.694)	15	941	0	1917	false	2266	None
LINESTRING (3188886.603 256130.694, 3188883.331 256132.503)	15	941	0	1918	false	2266	None
LINESTRING (3188883.331 256132.503, 3188875.534 256134.074)	15	941	0	1919	false	2266	None
LINESTRING (3188875.534 256134.074, 3188847.477 256137.415)	15	941	0	1920	false	2266	None
LINESTRING (3188847.477 256137.415, 3188823.415 256139.353)	15	941	0	1921	false	2266	None
LINESTRING (3188823.415 256139.353, 3188819.4 256139.316)	15	941	0	1922	false	2266	None
LINESTRING (3188819.4 256139.316, 3188795.436 256136.04)	15	941	0	1923	false	2266	None
LINESTRING (3188795.436 256136.04, 3188719.427 256127.925)	15	941	0	1924	false	2266	None
LINESTRING (3188719.427 256127.925, 3188707.327 256126.956)	15	941	0	1925	false	2266	None
LINESTRING (3188707.327 256126.956, 3188687.508 256130.097)	15	941	0	1926	false	2266	None
LINESTRING (3188687.508 256130.097, 3188671.599 256131.8)	15	941	0	1927	false	2266	None
LINESTRING (3188671.599 256131.8, 3188607.946 256140.396)	15	941	0	1928	false	2266	None
LINESTRING (3188607.946 256140.396, 3188596.362 256136.885)	15	941	0	1929	false	2266	None
LINESTRING (3188596.362 256136.885, 3188565.874 256126.252)	15	941	0	1930	false	2266	None
LINESTRING (3188565.874 256126.252, 3188554.657 256121.813)	15	941	0	1931	false	2266	None
LINESTRING (3188554.657 256121.813, 3188522.341 256097.919)	15	941	0	1932	false	2266	None
LINESTRING (3188522.341 256097.919, 3188518.806 256095.923)	15	941	0	1933	false	2266	None
LINESTRING (3188518.806 256095.923, 3188500.234 256088.215)	15	941	0	1934	false	2266	None
LINESTRING (3188500.234 256088.215, 3188485.727 256081.16)	15	941	0	1935	false	2266	None
LINESTRING (3188485.727 256081.16, 3188450.345 256061.785)	15	941	0	1936	false	2266	None
LINESTRING (3188450.345 256061.785, 3188439.908 256055.624)	15	941	0	1937	false	2266	None
LINESTRING (3188439.908 256055.624, 3188433.297 256051.218)	15	941	0	1938	false	2266	None
LINESTRING (3188433.297 256051.218, 3188416.661 256033.649)	15	941	0	1939	false	2266	None
LINESTRING (3188416.661 256033.649, 3188408.635 256024.623)	15	941	0	1940	false	2266	None
LINESTRING (3188408.635 256024.623, 3188360.371 255965.526)	15	941	0	1941	false	2266	None
LINESTRING (3188360.371 255965.526, 3188335.994 255938.209)	15	941	0	1942	false	2266	None
LINESTRING (3188335.994 255938.209, 3188316.036 255940.459)	15	941	0	1943	false	2266	None
LINESTRING (3188316.036 255940.459, 3188303.959 255941.172)	15	941	0	1944	false	2266	None
LINESTRING (3188303.959 255941.172, 3188243.717 255942.644)	15	941	0	1945	false	2266	None
LINESTRING (3188243.717 255942.644, 3188227.574 255942.703)	15	941	0	1946	false	2266	None
LINESTRING (3188227.574 255942.703, 3188147.194 255939.43)	15	941	0	1947	false	2266	None
LINESTRING (3188147.194 255939.43, 3188062.661 255938.455)	15	941	0	1948	false	2266	None
LINESTRING (3188062.661 255938.455, 3188042.538 255937.894)	15	941	0	1949	false	2266	None
LINESTRING (3188042.538 255937.894, 3187881.996 255928.812)	15	941	0	1950	false	2266	None
LINESTRING (3187881.996 255928.812, 3187851.499 255954.472)	15	941	0	1951	false	2266	None
LINESTRING (3187851.499 255954.472, 3187821.325 255991.484)	15	941	0	1952	false	2266	None
LINESTRING (3187821.325 255991.484, 3187811.78 256004.183)	15	941	0	1953	false	2266	None
LINESTRING (3187811.78 256004.183, 3187802.958 256017.288)	15	941	0	1954	false	2266	None
LINESTRING (3187802.958 256017.288, 3187797.313 256027.829)	15	941	0	1955	false	2266	None
LINESTRING (3187797.313 256027.829, 3187784.987 256053.516)	15	941	0	1956	false	2266	None
LINESTRING (3187784.987 256053.516, 3187839.738 256172.722)	15	941	0	1957	false	2266	None
LINESTRING (3187839.738 256172.722, 3187890.095 256221.063)	15	941	0	1958	false	2266	None
LINESTRING (3187890.095 256221.063, 3187955.684 256286.296)	15	941	0	1959	false	2266	None
LINESTRING (3187955.684 256286.296, 3188003.177 256335.415)	15	941	0	1960	false	2266	None
LINESTRING (3188003.177 256335.415, 3188047.049 256382.505)	15	941	0	1961	false	2266	None
LINESTRING (3188047.049 256382.505, 3188081.909 256416.358)	15	941	0	1962	false	2266	None
LINESTRING (3188081.909 256416.358, 3188093.18 256427.862)	15	941	0	1963	false	2266	None
LINESTRING (3188093.18 256427.862, 3188106.312 256442.61)	15	941	0	1964	false	2266	N:3188094.713313263 256429.584
LINESTRING (3181691.863 248579.473, 3181693.88 248612.73)	15	335	0	1337	false	2348	S:3181692.127671738 248583.837
LINESTRING (3181693.88 248612.73, 3181699.633 248712.501)	15	335	0	1338	false	2348	None
LINESTRING (3181699.633 248712.501, 3181701.523 248745.827)	15	335	0	1339	false	2348	None
LINESTRING (3181701.523 248745.827, 3181702.844 248766.397)	15	335	0	1340	false	2348	None
LINESTRING (3181702.844 248766.397, 3181702.982 248770.032)	15	335	0	1341	false	2348	None
LINESTRING (3181702.982 248770.032, 3181705.374 248780.165)	15	335	0	1342	false	2348	None
LINESTRING (3181705.374 248780.165, 3181715.72 248824.942)	15	335	0	1343	false	2348	None
LINESTRING (3181715.72 248824.942, 3181720.111 248844.457)	15	335	0	1344	false	2348	None
LINESTRING (3181720.111 248844.457, 3181723.221 248851.77)	15	335	0	1345	false	2348	None
LINESTRING (3181723.221 248851.77, 3181741.21 248895.864)	15	335	0	1346	false	2348	None
LINESTRING (3181741.21 248895.864, 3181755.515 248931.105)	15	335	0	1347	false	2348	None
LINESTRING (3181755.515 248931.105, 3181779.331 248977.617)	15	335	0	1348	false	2348	None
LINESTRING (3181779.331 248977.617, 3181793.467 249010.047)	15	335	0	1349	false	2348	None
LINESTRING (3181793.467 249010.047, 3181808.814 249047.132)	15	335	0	1350	false	2348	None
LINESTRING (3181808.814 249047.132, 3181812.718 249056.668)	15	335	0	1351	false	2348	None
LINESTRING (3181812.718 249056.668, 3181827.691 249099.931)	15	335	0	1352	false	2348	None
LINESTRING (3181827.691 249099.931, 3181833.455 249129.415)	15	335	0	1353	false	2348	None
LINESTRING (3181833.455 249129.415, 3181849.89 249214.308)	15	335	0	1354	false	2348	None
LINESTRING (3181849.89 249214.308, 3181850.62 249217.938)	15	335	0	1355	false	2348	None
LINESTRING (3181850.62 249217.938, 3181856.006 249247.632)	15	335	0	1356	false	2348	None
LINESTRING (3181856.006 249247.632, 3181863.862 249289.996)	15	335	0	1357	false	2348	None
LINESTRING (3181863.862 249289.996, 3181871.784 249333.937)	15	335	0	1358	false	2348	None
LINESTRING (3181871.784 249333.937, 3181889.109 249416.318)	15	335	0	1359	false	2348	None
LINESTRING (3181889.109 249416.318, 3181897.889 249458.331)	15	335	0	1360	false	2348	None
LINESTRING (3181897.889 249458.331, 3181902.383 249482.064)	15	335	0	1361	false	2348	None
LINESTRING (3181902.383 249482.064, 3181915.612 249553.401)	15	335	0	1362	false	2348	None
LINESTRING (3181915.612 249553.401, 3181919.98 249577.203)	15	335	0	1363	false	2348	None
LINESTRING (3181919.98 249577.203, 3181924.886 249603.128)	15	335	0	1364	false	2348	None
LINESTRING (3181924.886 249603.128, 3181939.268 249681.007)	15	335	0	1365	false	2348	None
LINESTRING (3181939.268 249681.007, 3181944.048 249707.001)	15	335	0	1366	false	2348	None
LINESTRING (3181944.048 249707.001, 3181957.143 249783.656)	15	335	0	1367	false	2348	None
LINESTRING (3181957.143 249783.656, 3181990.288 249978.858)	15	335	0	1368	false	2348	None
LINESTRING (3181990.288 249978.858, 3181995.875 250013.763)	15	335	0	1369	false	2348	None
LINESTRING (3181995.875 250013.763, 3182007.957 250090.736)	15	335	0	1370	false	2348	None
LINESTRING (3182007.957 250090.736, 3182016.427 250143.488)	15	335	0	1371	false	2348	None
LINESTRING (3182016.427 250143.488, 3182041.543 250301.987)	15	335	0	1372	false	2348	None
LINESTRING (3182041.543 250301.987, 3182049.801 250354.776)	15	335	0	1373	false	2348	None
LINESTRING (3182049.801 250354.776, 3182074.263 250440.216)	15	335	0	1374	false	2348	None
LINESTRING (3182074.263 250440.216, 3182131.079 250639.157)	15	335	0	1375	false	2348	None
LINESTRING (3182131.079 250639.157, 3182138.921 250666.599)	15	335	0	1376	false	2348	None
LINESTRING (3182138.921 250666.599, 3182147.101 250696.92)	15	335	0	1377	false	2348	None
LINESTRING (3182147.101 250696.92, 3182161.141 250749.246)	15	335	0	1378	false	2348	None
LINESTRING (3182161.141 250749.246, 3182166.691 250770.294)	15	335	0	1379	false	2348	None
LINESTRING (3182166.691 250770.294, 3182166.269 250784.808)	15	335	0	1380	false	2348	None
LINESTRING (3182166.269 250784.808, 3182139.349 250805.451)	15	335	0	1381	false	2348	None
LINESTRING (3182139.349 250805.451, 3182124.626 250816.11)	15	335	0	1382	false	2348	None
LINESTRING (3182124.626 250816.11, 3182057.782 250864.199)	15	335	0	1383	false	2348	None
LINESTRING (3182057.782 250864.199, 3182050.207 250869.445)	15	335	0	1384	false	2348	None
LINESTRING (3182050.207 250869.445, 3182026.945 250885.804)	15	335	0	1385	false	2348	None
LINESTRING (3182026.945 250885.804, 3182019.078 250891.292)	15	335	0	1386	false	2348	None
LINESTRING (3182019.078 250891.292, 3181889.781 250984.073)	15	335	0	1387	false	2348	None
LINESTRING (3181889.781 250984.073, 3181639.602 251163.771)	15	335	0	1388	false	2348	None
LINESTRING (3181639.602 251163.771, 3181503.174 251265.677)	15	335	0	1389	false	2348	None
LINESTRING (3181503.174 251265.677, 3181375.111 251361.336)	15	335	0	1390	false	2348	None
LINESTRING (3181375.111 251361.336, 3181334.556 251391.638)	15	335	0	1391	false	2348	None
LINESTRING (3181334.556 251391.638, 3181326.612 251397.574)	15	335	0	1392	false	2348	None
LINESTRING (3181326.612 251397.574, 3181309.219 251410.521)	15	335	0	1393	false	2348	None
LINESTRING (3181309.219 251410.521, 3181291.911 251423.502)	15	335	0	1394	false	2348	None
LINESTRING (3181291.911 251423.502, 3181212.681 251482.581)	15	335	0	1395	false	2348	None
LINESTRING (3181212.681 251482.581, 3181205.03 251488.274)	15	335	0	1396	false	2348	None
LINESTRING (3181205.03 251488.274, 3181172.002 251512.953)	15	335	0	1397	false	2348	None
LINESTRING (3181172.002 251512.953, 3181120.618 251551.275)	15	335	0	1398	false	2348	None
LINESTRING (3181120.618 251551.275, 3180969.567 251664.123)	15	335	0	1399	false	2348	None
LINESTRING (3180969.567 251664.123, 3180779.806 251805.854)	15	335	0	1400	false	2348	None
LINESTRING (3180779.806 251805.854, 3180362.047 252118.039)	15	335	0	1401	false	2348	W:3180760.052 251820.61586626718
LINESTRING (3188793.052 248520.029, 3188697.648 248594.396)	15	336	0	796	false	1543	S:3188711.193938871 248583.837
LINESTRING (3188697.648 248594.396, 3187988.797 249147.703)	15	336	0	797	false	1543	None
LINESTRING (3187988.797 249147.703, 3187150.563 249815.104)	15	336	0	798	false	1543	None
LINESTRING (3187150.563 249815.104, 3187120.587 249838.947)	15	336	0	799	false	1543	None
LINESTRING (3187120.587 249838.947, 3187025.184 249914.875)	15	336	0	800	false	1543	None
LINESTRING (3187025.184 249914.875, 3186559.014 250303.708)	15	336	0	801	false	1543	None
LINESTRING (3186559.014 250303.708, 3186500.65 250225.493)	15	336	0	802	false	1543	None
LINESTRING (3186500.65 250225.493, 3186475.567 250198.152)	15	336	0	803	false	1543	None
LINESTRING (3186475.567 250198.152, 3186408.311 250125.018)	15	336	0	804	false	1543	None
LINESTRING (3186408.311 250125.018, 3186361.129 250074.978)	15	336	0	805	false	1543	None
LINESTRING (3186361.129 250074.978, 3186261.945 250001.523)	15	336	0	806	false	1543	None
LINESTRING (3186261.945 250001.523, 3186183.336 249938.946)	15	336	0	807	false	1543	None
LINESTRING (3186183.336 249938.946, 3186180.897 249936.907)	15	336	0	808	false	1543	None
LINESTRING (3186180.897 249936.907, 3186116.647 249885.019)	15	336	0	809	false	1543	None
LINESTRING (3186116.647 249885.019, 3186067.663 249886.313)	15	336	0	810	false	1543	None
LINESTRING (3186067.663 249886.313, 3186032.953 249912.942)	15	336	0	811	false	1543	None
LINESTRING (3186032.953 249912.942, 3185988.281 249925.967)	15	336	0	812	false	1543	None
LINESTRING (3185988.281 249925.967, 3185936.211 249936.068)	15	336	0	813	false	1543	None
LINESTRING (3185936.211 249936.068, 3185930.299 249936.597)	15	336	0	814	false	1543	None
LINESTRING (3185930.299 249936.597, 3185863.289 249942.705)	15	336	0	815	false	1543	None
LINESTRING (3185863.289 249942.705, 3185789.437 249922.834)	15	336	0	816	false	1543	None
LINESTRING (3185789.437 249922.834, 3185721.552 249897.563)	15	336	0	817	false	1543	None
LINESTRING (3185721.552 249897.563, 3185693.855 249882.561)	15	336	0	818	false	1543	None
LINESTRING (3185693.855 249882.561, 3185600.189 249919.558)	15	336	0	819	false	1543	None
LINESTRING (3185600.189 249919.558, 3185569.513 249912.094)	15	336	0	820	false	1543	None
LINESTRING (3185569.513 249912.094, 3185539.198 249876.841)	15	336	0	821	false	1543	None
LINESTRING (3185539.198 249876.841, 3185533.996 249870.847)	15	336	0	822	false	1543	None
LINESTRING (3185533.996 249870.847, 3185500.223 249815.727)	15	336	0	823	false	1543	None
LINESTRING (3185500.223 249815.727, 3185456.173 249757.502)	15	336	0	824	false	1543	None
LINESTRING (3185456.173 249757.502, 3185412.055 249776.597)	15	336	0	825	false	1543	None
LINESTRING (3185412.055 249776.597, 3185358.137 249819.751)	15	336	0	826	false	1543	None
LINESTRING (3185358.137 249819.751, 3185268.681 249858.295)	15	336	0	827	false	1543	None
LINESTRING (3185268.681 249858.295, 3185201.554 249891.337)	15	336	0	828	false	1543	None
LINESTRING (3185201.554 249891.337, 3185162.234 249900.034)	15	336	0	829	false	1543	None
LINESTRING (3185162.234 249900.034, 3185122.325 249908.976)	15	336	0	830	false	1543	None
LINESTRING (3185122.325 249908.976, 3185045.595 249877.232)	15	336	0	831	false	1543	None
LINESTRING (3185045.595 249877.232, 3184980.823 249909.297)	15	336	0	832	false	1543	None
LINESTRING (3184980.823 249909.297, 3184909.996 249961.17)	15	336	0	833	false	1543	None
LINESTRING (3184909.996 249961.17, 3184841.723 249999.61)	15	336	0	834	false	1543	None
LINESTRING (3184841.723 249999.61, 3184749.522 250035.164)	15	336	0	835	false	1543	None
LINESTRING (3184749.522 250035.164, 3184715.763 250097.981)	15	336	0	836	false	1543	None
LINESTRING (3184715.763 250097.981, 3184681.411 250154.833)	15	336	0	837	false	1543	None
LINESTRING (3184681.411 250154.833, 3184666.178 250212.315)	15	336	0	838	false	1543	None
LINESTRING (3184666.178 250212.315, 3184698.632 250261.062)	15	336	0	839	false	1543	None
LINESTRING (3184698.632 250261.062, 3184731.67 250303.355)	15	336	0	840	false	1543	None
LINESTRING (3184731.67 250303.355, 3184761.313 250371.164)	15	336	0	841	false	1543	None
LINESTRING (3184761.313 250371.164, 3184800.325 250461.294)	15	336	0	842	false	1543	None
LINESTRING (3184800.325 250461.294, 3184803.362 250513.58)	15	336	0	843	false	1543	None
LINESTRING (3184803.362 250513.58, 3184807.944 250593.81)	15	336	0	844	false	1543	None
LINESTRING (3184807.944 250593.81, 3184809.616 250683.394)	15	336	0	845	false	1543	None
LINESTRING (3184809.616 250683.394, 3184790.423 250762.587)	15	336	0	846	false	1543	None
LINESTRING (3184790.423 250762.587, 3184750.67 250811.458)	15	336	0	847	false	1543	None
LINESTRING (3184750.67 250811.458, 3184716.861 250826.868)	15	336	0	848	false	1543	None
LINESTRING (3184716.861 250826.868, 3184716.398 250827.044)	15	336	0	849	false	1543	None
LINESTRING (3184716.398 250827.044, 3184714.929 250827.776)	15	336	0	850	false	1543	None
LINESTRING (3184714.929 250827.776, 3184714.341 250828.021)	15	336	0	851	false	1543	None
LINESTRING (3184714.341 250828.021, 3184712.787 250828.72)	15	336	0	852	false	1543	None
LINESTRING (3184712.787 250828.72, 3184711.144 250829.146)	15	336	0	853	false	1543	None
LINESTRING (3184711.144 250829.146, 3184611.448 250857.56)	15	336	0	854	false	1543	None
LINESTRING (3184611.448 250857.56, 3184577.681 250864.154)	15	336	0	855	false	1543	None
LINESTRING (3184577.681 250864.154, 3184555.508 250868.525)	15	336	0	856	false	1543	None
LINESTRING (3184555.508 250868.525, 3184505.579 250871.242)	15	336	0	857	false	1543	None
LINESTRING (3184505.579 250871.242, 3184502.147 250870.722)	15	336	0	858	false	1543	None
LINESTRING (3184502.147 250870.722, 3184484.696 250868.365)	15	336	0	859	false	1543	None
LINESTRING (3184484.696 250868.365, 3184451.91 250863.769)	15	336	0	860	false	1543	None
LINESTRING (3184451.91 250863.769, 3184400.497 250848.594)	15	336	0	861	false	1543	None
LINESTRING (3184400.497 250848.594, 3184359.91 250836.62)	15	336	0	862	false	1543	None
LINESTRING (3184359.91 250836.62, 3184324.655 250833.795)	15	336	0	863	false	1543	None
LINESTRING (3184324.655 250833.795, 3184319.958 250833.492)	15	336	0	864	false	1543	None
LINESTRING (3184319.958 250833.492, 3184318.989 250833.706)	15	336	0	865	false	1543	None
LINESTRING (3184318.989 250833.706, 3184265.635 250845.098)	15	336	0	866	false	1543	None
LINESTRING (3184265.635 250845.098, 3184254.702 250849.134)	15	336	0	867	false	1543	None
LINESTRING (3184254.702 250849.134, 3184251.128 250850.468)	15	336	0	868	false	1543	None
LINESTRING (3184251.128 250850.468, 3184197.348 250870.405)	15	336	0	869	false	1543	None
LINESTRING (3184197.348 250870.405, 3184176.799 250878.88)	15	336	0	870	false	1543	None
LINESTRING (3184176.799 250878.88, 3184149.442 250890.156)	15	336	0	871	false	1543	None
LINESTRING (3184149.442 250890.156, 3184091.846 250897.605)	15	336	0	872	false	1543	None
LINESTRING (3184091.846 250897.605, 3184040.135 250908.573)	15	336	0	873	false	1543	None
LINESTRING (3184040.135 250908.573, 3184019.864 250912.861)	15	336	0	874	false	1543	None
LINESTRING (3184019.864 250912.861, 3183995.615 250922.739)	15	336	0	875	false	1543	None
LINESTRING (3183995.615 250922.739, 3183989.522 250925.226)	15	336	0	876	false	1543	None
LINESTRING (3183989.522 250925.226, 3183973.464 250931.536)	15	336	0	877	false	1543	None
LINESTRING (3183973.464 250931.536, 3183958.38 250937.872)	15	336	0	878	false	1543	None
LINESTRING (3183958.38 250937.872, 3183864.699 250966.759)	15	336	0	879	false	1543	None
LINESTRING (3183864.699 250966.759, 3183861.835 250967.538)	15	336	0	880	false	1543	None
LINESTRING (3183861.835 250967.538, 3183852.446 250970.156)	15	336	0	881	false	1543	None
LINESTRING (3183852.446 250970.156, 3183588.614 251045.357)	15	336	0	882	false	1543	None
LINESTRING (3183588.614 251045.357, 3183529.364 251069.701)	15	336	0	883	false	1543	None
LINESTRING (3183529.364 251069.701, 3183516.548 251075.024)	15	336	0	884	false	1543	None
LINESTRING (3183516.548 251075.024, 3183491.988 251086.691)	15	336	0	885	false	1543	None
LINESTRING (3183491.988 251086.691, 3183423.642 251125.108)	15	336	0	886	false	1543	None
LINESTRING (3183423.642 251125.108, 3183396.897 251128.87)	15	336	0	887	false	1543	None
LINESTRING (3183396.897 251128.87, 3183287.637 251144.209)	15	336	0	888	false	1543	None
LINESTRING (3183287.637 251144.209, 3183150.083 251149.81)	15	336	0	889	false	1543	None
LINESTRING (3183150.083 251149.81, 3182967.442 251124.483)	15	336	0	890	false	1543	None
LINESTRING (3182967.442 251124.483, 3182725.903 251083.544)	15	336	0	891	false	1543	None
LINESTRING (3182725.903 251083.544, 3182607.057 251052.976)	15	336	0	892	false	1543	None
LINESTRING (3182607.057 251052.976, 3182498.976 251009.831)	15	336	0	893	false	1543	None
LINESTRING (3182498.976 251009.831, 3182491.061 251006.229)	15	336	0	894	false	1543	None
LINESTRING (3182491.061 251006.229, 3182487.146 251004.445)	15	336	0	895	false	1543	None
LINESTRING (3182487.146 251004.445, 3182380.836 250955.317)	15	336	0	896	false	1543	None
LINESTRING (3182380.836 250955.317, 3182284.143 250884.565)	15	336	0	897	false	1543	None
LINESTRING (3182284.143 250884.565, 3182283.531 250883.13)	15	336	0	898	false	1543	None
LINESTRING (3182283.531 250883.13, 3182279.292 250873.699)	15	336	0	899	false	1543	None
LINESTRING (3182279.292 250873.699, 3182266.326 250845.547)	15	336	0	900	false	1543	None
LINESTRING (3182266.326 250845.547, 3182261.962 250836.186)	15	336	0	901	false	1543	None
LINESTRING (3182261.962 250836.186, 3182232.733 250756.858)	15	336	0	902	false	1543	None
LINESTRING (3182232.733 250756.858, 3182173.389 250788.931)	15	336	0	903	false	1543	None
LINESTRING (3182173.389 250788.931, 3182166.269 250784.808)	15	336	0	904	false	1543	None
LINESTRING (3182166.269 250784.808, 3182166.691 250770.294)	15	336	0	905	false	1543	None
LINESTRING (3182166.691 250770.294, 3182161.141 250749.246)	15	336	0	906	false	1543	None
LINESTRING (3182161.141 250749.246, 3182147.101 250696.92)	15	336	0	907	false	1543	None
LINESTRING (3182147.101 250696.92, 3182138.921 250666.599)	15	336	0	908	false	1543	None
LINESTRING (3182138.921 250666.599, 3182131.079 250639.157)	15	336	0	909	false	1543	None
LINESTRING (3182131.079 250639.157, 3182074.263 250440.216)	15	336	0	910	false	1543	None
LINESTRING (3182074.263 250440.216, 3182049.801 250354.776)	15	336	0	911	false	1543	None
LINESTRING (3182049.801 250354.776, 3182041.543 250301.987)	15	336	0	912	false	1543	None
LINESTRING (3182041.543 250301.987, 3182016.427 250143.488)	15	336	0	913	false	1543	None
LINESTRING (3182016.427 250143.488, 3182007.957 250090.736)	15	336	0	914	false	1543	None
LINESTRING (3182007.957 250090.736, 3181995.875 250013.763)	15	336	0	915	false	1543	None
LINESTRING (3181995.875 250013.763, 3181990.288 249978.858)	15	336	0	916	false	1543	None
LINESTRING (3181990.288 249978.858, 3181957.143 249783.656)	15	336	0	917	false	1543	None
LINESTRING (3181957.143 249783.656, 3181944.048 249707.001)	15	336	0	918	false	1543	None
LINESTRING (3181944.048 249707.001, 3181939.268 249681.007)	15	336	0	919	false	1543	None
LINESTRING (3181939.268 249681.007, 3181924.886 249603.128)	15	336	0	920	false	1543	None
LINESTRING (3181924.886 249603.128, 3181919.98 249577.203)	15	336	0	921	false	1543	None
LINESTRING (3181919.98 249577.203, 3181915.612 249553.401)	15	336	0	922	false	1543	None
LINESTRING (3181915.612 249553.401, 3181902.383 249482.064)	15	336	0	923	false	1543	None
LINESTRING (3181902.383 249482.064, 3181897.889 249458.331)	15	336	0	924	false	1543	None
LINESTRING (3181897.889 249458.331, 3181889.109 249416.318)	15	336	0	925	false	1543	None
LINESTRING (3181889.109 249416.318, 3181871.784 249333.937)	15	336	0	926	false	1543	None
LINESTRING (3181871.784 249333.937, 3181863.862 249289.996)	15	336	0	927	false	1543	None
LINESTRING (3181863.862 249289.996, 3181856.006 249247.632)	15	336	0	928	false	1543	None
LINESTRING (3181856.006 249247.632, 3181850.62 249217.938)	15	336	0	929	false	1543	None
LINESTRING (3181850.62 249217.938, 3181849.89 249214.308)	15	336	0	930	false	1543	None
LINESTRING (3181849.89 249214.308, 3181833.455 249129.415)	15	336	0	931	false	1543	None
LINESTRING (3181833.455 249129.415, 3181827.691 249099.931)	15	336	0	932	false	1543	None
LINESTRING (3181827.691 249099.931, 3181812.718 249056.668)	15	336	0	933	false	1543	None
LINESTRING (3181812.718 249056.668, 3181808.814 249047.132)	15	336	0	934	false	1543	None
LINESTRING (3181808.814 249047.132, 3181793.467 249010.047)	15	336	0	935	false	1543	None
LINESTRING (3181793.467 249010.047, 3181779.331 248977.617)	15	336	0	936	false	1543	None
LINESTRING (3181779.331 248977.617, 3181755.515 248931.105)	15	336	0	937	false	1543	None
LINESTRING (3181755.515 248931.105, 3181741.21 248895.864)	15	336	0	938	false	1543	None
LINESTRING (3181741.21 248895.864, 3181723.221 248851.77)	15	336	0	939	false	1543	None
LINESTRING (3181723.221 248851.77, 3181720.111 248844.457)	15	336	0	940	false	1543	None
LINESTRING (3181720.111 248844.457, 3181715.72 248824.942)	15	336	0	941	false	1543	None
LINESTRING (3181715.72 248824.942, 3181705.374 248780.165)	15	336	0	942	false	1543	None
LINESTRING (3181705.374 248780.165, 3181702.982 248770.032)	15	336	0	943	false	1543	None
LINESTRING (3181702.982 248770.032, 3181702.844 248766.397)	15	336	0	944	false	1543	None
LINESTRING (3181702.844 248766.397, 3181701.523 248745.827)	15	336	0	945	false	1543	None
LINESTRING (3181701.523 248745.827, 3181699.633 248712.501)	15	336	0	946	false	1543	None
LINESTRING (3181699.633 248712.501, 3181693.88 248612.73)	15	336	0	947	false	1543	None
LINESTRING (3181693.88 248612.73, 3181691.863 248579.473)	15	336	0	948	false	1543	S:3181692.127671738 248583.837
