LINESTRING (3166201.706 217036.724, 3165980.241 217604.75)	93	184	0	329	false	1125	S:3166137.716071502 217200.849
LINESTRING (3165980.241 217604.75, 3165924.821 217746.706)	93	184	0	330	false	1125	None
LINESTRING (3165924.821 217746.706, 3165906.989 217794.315)	93	184	0	331	false	1125	None
LINESTRING (3165906.989 217794.315, 3165899.447 217814.605)	93	184	0	332	false	1125	None
LINESTRING (3165899.447 217814.605, 3165876.525 217875.479)	93	184	0	333	false	1125	None
LINESTRING (3165876.525 217875.479, 3165875.434 217878.27)	93	184	0	334	false	1125	None
LINESTRING (3165875.434 217878.27, 3165873.902 217882.438)	93	184	0	335	false	1125	None
LINESTRING (3165873.902 217882.438, 3165868.858 217895.839)	93	184	0	336	false	1125	None
LINESTRING (3165868.858 217895.839, 3165860.508 217918.196)	93	184	0	337	false	1125	None
LINESTRING (3165860.508 217918.196, 3165835.371 217985.235)	93	184	0	338	false	1125	None
LINESTRING (3165835.371 217985.235, 3165831.859 217994.468)	93	184	0	339	false	1125	None
LINESTRING (3165831.859 217994.468, 3165826.725 218007.596)	93	184	0	340	false	1125	None
LINESTRING (3165826.725 218007.596, 3165826.684 218007.699)	93	184	0	341	false	1125	None
LINESTRING (3165826.684 218007.699, 3165804.975 218063.207)	93	184	0	342	false	1125	None
LINESTRING (3165804.975 218063.207, 3165739.726 218230.042)	93	184	0	343	false	1125	None
LINESTRING (3165739.726 218230.042, 3165717.936 218285.757)	93	184	0	344	false	1125	None
LINESTRING (3165717.936 218285.757, 3165715.227 218292.683)	93	184	0	345	false	1125	None
LINESTRING (3165715.227 218292.683, 3165707.061 218313.563)	93	184	0	346	false	1125	None
LINESTRING (3165707.061 218313.563, 3165704.312 218320.592)	93	184	0	347	false	1125	None
LINESTRING (3165704.312 218320.592, 3165698.531 218335.374)	93	184	0	348	false	1125	None
LINESTRING (3165698.531 218335.374, 3165681.067 218380.028)	93	184	0	349	false	1125	None
LINESTRING (3165681.067 218380.028, 3165677.63 218388.815)	93	184	0	350	false	1125	None
LINESTRING (3165677.63 218388.815, 3165675.245 218394.913)	93	184	0	351	false	1125	None
LINESTRING (3165675.245 218394.913, 3165609.551 218562.885)	93	184	0	352	false	1125	None
LINESTRING (3165609.551 218562.885, 3165412.344 219066.874)	93	184	0	353	false	1125	None
LINESTRING (3165412.344 219066.874, 3165369.769 219175.48)	93	184	0	354	false	1125	None
LINESTRING (3165369.769 219175.48, 3165346.524 219234.917)	93	184	0	355	false	1125	None
LINESTRING (3165346.524 219234.917, 3165348.514 219237.126)	93	184	0	356	false	1125	None
LINESTRING (3165348.514 219237.126, 3165350.199 219238.857)	93	184	0	357	false	1125	None
LINESTRING (3165350.199 219238.857, 3165361.176 219250.301)	93	184	0	358	false	1125	None
LINESTRING (3165361.176 219250.301, 3165364.726 219254.311)	93	184	0	359	false	1125	None
LINESTRING (3165364.726 219254.311, 3165347.104 219301.884)	93	184	0	360	false	1125	None
LINESTRING (3165347.104 219301.884, 3165329.442 219349.561)	93	184	0	361	false	1125	None
LINESTRING (3165329.442 219349.561, 3165278.382 219486.909)	93	184	0	362	false	1125	None
LINESTRING (3165278.382 219486.909, 3165271.527 219505.442)	93	184	0	363	false	1125	None
LINESTRING (3165271.527 219505.442, 3165227.196 219624.326)	93	184	0	364	false	1125	None
LINESTRING (3165227.196 219624.326, 3165193.727 219714.685)	93	184	0	365	false	1125	None
LINESTRING (3165193.727 219714.685, 3165160.123 219804.633)	93	184	0	366	false	1125	None
LINESTRING (3165160.123 219804.633, 3165051.588 220096.485)	93	184	0	367	false	1125	None
LINESTRING (3165051.588 220096.485, 3164991.129 220236.474)	93	184	0	368	false	1125	None
LINESTRING (3164991.129 220236.474, 3164982.976 220255.811)	93	184	0	369	false	1125	None
LINESTRING (3164982.976 220255.811, 3164933.798 220369.225)	93	184	0	370	false	1125	None
LINESTRING (3164933.798 220369.225, 3164876.381 220501.942)	93	184	0	371	false	1125	None
LINESTRING (3164876.381 220501.942, 3164874.759 220505.837)	93	184	0	372	false	1125	None
LINESTRING (3164874.759 220505.837, 3164873.744 220508.181)	93	184	0	373	false	1125	None
LINESTRING (3164873.744 220508.181, 3164869.773 220517.831)	93	184	0	374	false	1125	None
LINESTRING (3164869.773 220517.831, 3164868.07 220521.932)	93	184	0	375	false	1125	None
LINESTRING (3164868.07 220521.932, 3164814.072 220656.225)	93	184	0	376	false	1125	None
LINESTRING (3164814.072 220656.225, 3164651.866 221059.142)	93	184	0	377	false	1125	None
LINESTRING (3164651.866 221059.142, 3164597.741 221193.506)	93	184	0	378	false	1125	None
LINESTRING (3164597.741 221193.506, 3164591.87 221208.014)	93	184	0	379	false	1125	None
LINESTRING (3164591.87 221208.014, 3164525.483 221372.979)	93	184	0	380	false	1125	None
LINESTRING (3164525.483 221372.979, 3164308.667 221911.504)	93	184	0	381	false	1125	None
LINESTRING (3164308.667 221911.504, 3164236.367 222091.082)	93	184	0	382	false	1125	None
LINESTRING (3164236.367 222091.082, 3164235.981 222097.605)	93	184	0	383	false	1125	None
LINESTRING (3164235.981 222097.605, 3164233.972 222117.08)	93	184	0	384	false	1125	None
LINESTRING (3164233.972 222117.08, 3164232.993 222123.609)	93	184	0	385	false	1125	None
LINESTRING (3164232.993 222123.609, 3164229.126 222122.931)	93	184	0	386	false	1125	None
LINESTRING (3164229.126 222122.931, 3164208.447 222117.943)	93	184	0	387	false	1125	None
LINESTRING (3164208.447 222117.943, 3164213.356 222126.775)	93	184	0	388	false	1125	None
LINESTRING (3164213.356 222126.775, 3164226.115 222150)	93	184	0	389	false	1125	None
LINESTRING (3164226.115 222150, 3164228.54 222159.649)	93	184	0	390	false	1125	None
LINESTRING (3164228.54 222159.649, 3164229.446 222169.657)	93	184	0	391	false	1125	None
LINESTRING (3164229.446 222169.657, 3164228.911 222179.578)	93	184	0	392	false	1125	None
LINESTRING (3164228.911 222179.578, 3164226.935 222189.413)	93	184	0	393	false	1125	None
LINESTRING (3164226.935 222189.413, 3164223.637 222198.849)	93	184	0	394	false	1125	None
LINESTRING (3164223.637 222198.849, 3164218.889 222207.719)	93	184	0	395	false	1125	None
LINESTRING (3164218.889 222207.719, 3164212.983 222215.778)	93	184	0	396	false	1125	None
LINESTRING (3164212.983 222215.778, 3164194.778 222232.137)	93	184	0	397	false	1125	None
LINESTRING (3164194.778 222232.137, 3164175.823 222249.156)	93	184	0	398	false	1125	None
LINESTRING (3164175.823 222249.156, 3164168.668 222256.131)	93	184	0	399	false	1125	None
LINESTRING (3164168.668 222256.131, 3164164.226 222258.684)	93	184	0	400	false	1125	None
LINESTRING (3164164.226 222258.684, 3164143.239 222309.829)	93	184	0	401	false	1125	None
LINESTRING (3164143.239 222309.829, 3164130.999 222339.366)	93	184	0	402	false	1125	None
LINESTRING (3164130.999 222339.366, 3164097.56 222420.085)	93	184	0	403	false	1125	None
LINESTRING (3164097.56 222420.085, 3164079.772 222463.304)	93	184	0	404	false	1125	None
LINESTRING (3164079.772 222463.304, 3164078.11 222467.302)	93	184	0	405	false	1125	None
LINESTRING (3164078.11 222467.302, 3164058.323 222514.626)	93	184	0	406	false	1125	None
LINESTRING (3164058.323 222514.626, 3164058.071 222514.766)	93	184	0	407	false	1125	None
LINESTRING (3164058.071 222514.766, 3164057.82 222514.906)	93	184	0	408	false	1125	None
LINESTRING (3164057.82 222514.906, 3164057.065 222515.326)	93	184	0	409	false	1125	None
LINESTRING (3164057.065 222515.326, 3164056.773 222515.57)	93	184	0	410	false	1125	None
LINESTRING (3164056.773 222515.57, 3164033.442 222568.181)	93	184	0	411	false	1125	None
LINESTRING (3164033.442 222568.181, 3164014.616 222610.28)	93	184	0	412	false	1125	None
LINESTRING (3164014.616 222610.28, 3164010.632 222619.21)	93	184	0	413	false	1125	None
LINESTRING (3164010.632 222619.21, 3163968.618 222728.397)	93	184	0	414	false	1125	None
LINESTRING (3163968.618 222728.397, 3163947.851 222782.25)	93	184	0	415	false	1125	None
LINESTRING (3163947.851 222782.25, 3163937.213 222815.99)	93	184	0	416	false	1125	None
LINESTRING (3163937.213 222815.99, 3163904.923 222917.42)	93	184	0	417	false	1125	None
LINESTRING (3163904.923 222917.42, 3163894.159 222951.229)	93	184	0	418	false	1125	None
LINESTRING (3163894.159 222951.229, 3163797.663 223177.839)	93	184	0	419	false	1125	None
LINESTRING (3163797.663 223177.839, 3163649.989 223524.236)	93	184	0	420	false	1125	None
LINESTRING (3163649.989 223524.236, 3163507.918 223857.57)	93	184	0	421	false	1125	W:3163648.718 223527.21808300118
LINESTRING (3163633.894 224363.916, 3163664.523 224364.574)	93	335	0	2024	false	2348	W:3163648.718 224364.23446263344
LINESTRING (3163664.523 224364.574, 3163679.077 224366.095)	93	335	0	2025	false	2348	None
LINESTRING (3163679.077 224366.095, 3163715.273 224370.122)	93	335	0	2026	false	2348	None
LINESTRING (3163715.273 224370.122, 3163808.413 224398.568)	93	335	0	2027	false	2348	None
LINESTRING (3163808.413 224398.568, 3163820.68 224402.413)	93	335	0	2028	false	2348	None
LINESTRING (3163820.68 224402.413, 3163848.689 224417.064)	93	335	0	2029	false	2348	None
LINESTRING (3163848.689 224417.064, 3163875.198 224430.77)	93	335	0	2030	false	2348	None
LINESTRING (3163875.198 224430.77, 3163884.905 224435.879)	93	335	0	2031	false	2348	None
LINESTRING (3163884.905 224435.879, 3163929.156 224467.849)	93	335	0	2032	false	2348	None
LINESTRING (3163929.156 224467.849, 3163947.586 224484.355)	93	335	0	2033	false	2348	None
LINESTRING (3163947.586 224484.355, 3163948.879 224485.576)	93	335	0	2034	false	2348	None
LINESTRING (3163948.879 224485.576, 3163969.117 224506.007)	93	335	0	2035	false	2348	None
LINESTRING (3163969.117 224506.007, 3163994.661 224536.262)	93	335	0	2036	false	2348	None
LINESTRING (3163994.661 224536.262, 3164019.665 224569.404)	93	335	0	2037	false	2348	None
LINESTRING (3164019.665 224569.404, 3164052.084 224616.531)	93	335	0	2038	false	2348	None
LINESTRING (3164052.084 224616.531, 3164088.115 224669.006)	93	335	0	2039	false	2348	None
LINESTRING (3164088.115 224669.006, 3164140.323 224749.025)	93	335	0	2040	false	2348	None
LINESTRING (3164140.323 224749.025, 3164292.116 224957.161)	93	335	0	2041	false	2348	None
LINESTRING (3164292.116 224957.161, 3164293.422 224959.102)	93	335	0	2042	false	2348	None
LINESTRING (3164293.422 224959.102, 3164310.473 224983.652)	93	335	0	2043	false	2348	None
LINESTRING (3164310.473 224983.652, 3164327.664 225006.588)	93	335	0	2044	false	2348	None
LINESTRING (3164327.664 225006.588, 3164358.623 225043.612)	93	335	0	2045	false	2348	None
LINESTRING (3164358.623 225043.612, 3164363.474 225051.827)	93	335	0	2046	false	2348	N:3164360.385067438 225046.596
LINESTRING (3164363.474 225051.827, 3164358.623 225043.612)	93	337	0	299	false	1368	N:3164360.385067438 225046.596
LINESTRING (3164358.623 225043.612, 3164327.664 225006.588)	93	337	0	300	false	1368	None
LINESTRING (3164327.664 225006.588, 3164310.473 224983.652)	93	337	0	301	false	1368	None
LINESTRING (3164310.473 224983.652, 3164293.422 224959.102)	93	337	0	302	false	1368	None
LINESTRING (3164293.422 224959.102, 3164292.116 224957.161)	93	337	0	303	false	1368	None
LINESTRING (3164292.116 224957.161, 3164140.323 224749.025)	93	337	0	304	false	1368	None
LINESTRING (3164140.323 224749.025, 3164088.115 224669.006)	93	337	0	305	false	1368	None
LINESTRING (3164088.115 224669.006, 3164052.084 224616.531)	93	337	0	306	false	1368	None
LINESTRING (3164052.084 224616.531, 3164019.665 224569.404)	93	337	0	307	false	1368	None
LINESTRING (3164019.665 224569.404, 3163994.661 224536.262)	93	337	0	308	false	1368	None
LINESTRING (3163994.661 224536.262, 3163969.117 224506.007)	93	337	0	309	false	1368	None
LINESTRING (3163969.117 224506.007, 3163948.879 224485.576)	93	337	0	310	false	1368	None
LINESTRING (3163948.879 224485.576, 3163947.586 224484.355)	93	337	0	311	false	1368	None
LINESTRING (3163947.586 224484.355, 3163929.156 224467.849)	93	337	0	312	false	1368	None
LINESTRING (3163929.156 224467.849, 3163884.905 224435.879)	93	337	0	313	false	1368	None
LINESTRING (3163884.905 224435.879, 3163875.198 224430.77)	93	337	0	314	false	1368	None
LINESTRING (3163875.198 224430.77, 3163848.689 224417.064)	93	337	0	315	false	1368	None
LINESTRING (3163848.689 224417.064, 3163820.68 224402.413)	93	337	0	316	false	1368	None
LINESTRING (3163820.68 224402.413, 3163808.413 224398.568)	93	337	0	317	false	1368	None
LINESTRING (3163808.413 224398.568, 3163715.273 224370.122)	93	337	0	318	false	1368	None
LINESTRING (3163715.273 224370.122, 3163679.077 224366.095)	93	337	0	319	false	1368	None
LINESTRING (3163679.077 224366.095, 3163664.523 224364.574)	93	337	0	320	false	1368	None
LINESTRING (3163664.523 224364.574, 3163633.894 224363.916)	93	337	0	321	false	1368	W:3163648.718 224364.23446263344
LINESTRING (3163507.918 223857.57, 3163649.989 223524.236)	93	337	0	339	false	1368	W:3163648.718 223527.21808300118
LINESTRING (3163649.989 223524.236, 3163797.663 223177.839)	93	337	0	340	false	1368	None
LINESTRING (3163797.663 223177.839, 3163894.159 222951.229)	93	337	0	341	false	1368	None
LINESTRING (3163894.159 222951.229, 3163904.923 222917.42)	93	337	0	342	false	1368	None
LINESTRING (3163904.923 222917.42, 3163937.213 222815.99)	93	337	0	343	false	1368	None
LINESTRING (3163937.213 222815.99, 3163947.851 222782.25)	93	337	0	344	false	1368	None
LINESTRING (3163947.851 222782.25, 3163968.618 222728.397)	93	337	0	345	false	1368	None
LINESTRING (3163968.618 222728.397, 3164010.632 222619.21)	93	337	0	346	false	1368	None
LINESTRING (3164010.632 222619.21, 3164014.616 222610.28)	93	337	0	347	false	1368	None
LINESTRING (3164014.616 222610.28, 3164033.442 222568.181)	93	337	0	348	false	1368	None
LINESTRING (3164033.442 222568.181, 3164056.773 222515.57)	93	337	0	349	false	1368	None
LINESTRING (3164056.773 222515.57, 3164057.065 222515.326)	93	337	0	350	false	1368	None
LINESTRING (3164057.065 222515.326, 3164057.82 222514.906)	93	337	0	351	false	1368	None
LINESTRING (3164057.82 222514.906, 3164058.071 222514.766)	93	337	0	352	false	1368	None
LINESTRING (3164058.071 222514.766, 3164058.323 222514.626)	93	337	0	353	false	1368	None
LINESTRING (3164058.323 222514.626, 3164078.11 222467.302)	93	337	0	354	false	1368	None
LINESTRING (3164078.11 222467.302, 3164079.772 222463.304)	93	337	0	355	false	1368	None
LINESTRING (3164079.772 222463.304, 3164097.56 222420.085)	93	337	0	356	false	1368	None
LINESTRING (3164097.56 222420.085, 3164130.999 222339.366)	93	337	0	357	false	1368	None
LINESTRING (3164130.999 222339.366, 3164143.239 222309.829)	93	337	0	358	false	1368	None
LINESTRING (3164143.239 222309.829, 3164164.226 222258.684)	93	337	0	359	false	1368	None
LINESTRING (3164164.226 222258.684, 3164168.668 222256.131)	93	337	0	360	false	1368	None
LINESTRING (3164168.668 222256.131, 3164175.823 222249.156)	93	337	0	361	false	1368	None
LINESTRING (3164175.823 222249.156, 3164194.778 222232.137)	93	337	0	362	false	1368	None
LINESTRING (3164194.778 222232.137, 3164212.983 222215.778)	93	337	0	363	false	1368	None
LINESTRING (3164212.983 222215.778, 3164218.889 222207.719)	93	337	0	364	false	1368	None
LINESTRING (3164218.889 222207.719, 3164223.637 222198.849)	93	337	0	365	false	1368	None
LINESTRING (3164223.637 222198.849, 3164226.935 222189.413)	93	337	0	366	false	1368	None
LINESTRING (3164226.935 222189.413, 3164228.911 222179.578)	93	337	0	367	false	1368	None
LINESTRING (3164228.911 222179.578, 3164229.446 222169.657)	93	337	0	368	false	1368	None
LINESTRING (3164229.446 222169.657, 3164228.54 222159.649)	93	337	0	369	false	1368	None
LINESTRING (3164228.54 222159.649, 3164226.115 222150)	93	337	0	370	false	1368	None
LINESTRING (3164226.115 222150, 3164213.356 222126.775)	93	337	0	371	false	1368	None
LINESTRING (3164213.356 222126.775, 3164208.447 222117.943)	93	337	0	372	false	1368	None
LINESTRING (3164208.447 222117.943, 3164229.126 222122.931)	93	337	0	373	false	1368	None
LINESTRING (3164229.126 222122.931, 3164232.993 222123.609)	93	337	0	374	false	1368	None
LINESTRING (3164232.993 222123.609, 3164233.972 222117.08)	93	337	0	375	false	1368	None
LINESTRING (3164233.972 222117.08, 3164235.981 222097.605)	93	337	0	376	false	1368	None
LINESTRING (3164235.981 222097.605, 3164236.367 222091.082)	93	337	0	377	false	1368	None
LINESTRING (3164236.367 222091.082, 3164308.667 221911.504)	93	337	0	378	false	1368	None
LINESTRING (3164308.667 221911.504, 3164525.483 221372.979)	93	337	0	379	false	1368	None
LINESTRING (3164525.483 221372.979, 3164591.87 221208.014)	93	337	0	380	false	1368	None
LINESTRING (3164591.87 221208.014, 3164597.741 221193.506)	93	337	0	381	false	1368	None
LINESTRING (3164597.741 221193.506, 3164651.866 221059.142)	93	337	0	382	false	1368	None
LINESTRING (3164651.866 221059.142, 3164814.072 220656.225)	93	337	0	383	false	1368	None
LINESTRING (3164814.072 220656.225, 3164868.07 220521.932)	93	337	0	384	false	1368	None
LINESTRING (3164868.07 220521.932, 3164869.773 220517.831)	93	337	0	385	false	1368	None
LINESTRING (3164869.773 220517.831, 3164873.744 220508.181)	93	337	0	386	false	1368	None
LINESTRING (3164873.744 220508.181, 3164874.759 220505.837)	93	337	0	387	false	1368	None
LINESTRING (3164874.759 220505.837, 3164876.381 220501.942)	93	337	0	388	false	1368	None
LINESTRING (3164876.381 220501.942, 3164933.798 220369.225)	93	337	0	389	false	1368	None
LINESTRING (3164933.798 220369.225, 3164982.976 220255.811)	93	337	0	390	false	1368	None
LINESTRING (3164982.976 220255.811, 3164991.129 220236.474)	93	337	0	391	false	1368	None
LINESTRING (3164991.129 220236.474, 3165051.588 220096.485)	93	337	0	392	false	1368	None
LINESTRING (3165051.588 220096.485, 3165160.123 219804.633)	93	337	0	393	false	1368	None
LINESTRING (3165160.123 219804.633, 3165193.727 219714.685)	93	337	0	394	false	1368	None
LINESTRING (3165193.727 219714.685, 3165227.196 219624.326)	93	337	0	395	false	1368	None
LINESTRING (3165227.196 219624.326, 3165271.527 219505.442)	93	337	0	396	false	1368	None
LINESTRING (3165271.527 219505.442, 3165278.382 219486.909)	93	337	0	397	false	1368	None
LINESTRING (3165278.382 219486.909, 3165329.442 219349.561)	93	337	0	398	false	1368	None
LINESTRING (3165329.442 219349.561, 3165347.104 219301.884)	93	337	0	399	false	1368	None
LINESTRING (3165347.104 219301.884, 3165364.726 219254.311)	93	337	0	400	false	1368	None
LINESTRING (3165364.726 219254.311, 3165361.176 219250.301)	93	337	0	401	false	1368	None
LINESTRING (3165361.176 219250.301, 3165350.199 219238.857)	93	337	0	402	false	1368	None
LINESTRING (3165350.199 219238.857, 3165348.514 219237.126)	93	337	0	403	false	1368	None
LINESTRING (3165348.514 219237.126, 3165346.524 219234.917)	93	337	0	404	false	1368	None
LINESTRING (3165346.524 219234.917, 3165369.769 219175.48)	93	337	0	405	false	1368	None
LINESTRING (3165369.769 219175.48, 3165412.344 219066.874)	93	337	0	406	false	1368	None
LINESTRING (3165412.344 219066.874, 3165609.551 218562.885)	93	337	0	407	false	1368	None
LINESTRING (3165609.551 218562.885, 3165675.245 218394.913)	93	337	0	408	false	1368	None
LINESTRING (3165675.245 218394.913, 3165677.63 218388.815)	93	337	0	409	false	1368	None
LINESTRING (3165677.63 218388.815, 3165681.067 218380.028)	93	337	0	410	false	1368	None
LINESTRING (3165681.067 218380.028, 3165698.531 218335.374)	93	337	0	411	false	1368	None
LINESTRING (3165698.531 218335.374, 3165704.312 218320.592)	93	337	0	412	false	1368	None
LINESTRING (3165704.312 218320.592, 3165707.061 218313.563)	93	337	0	413	false	1368	None
LINESTRING (3165707.061 218313.563, 3165715.227 218292.683)	93	337	0	414	false	1368	None
LINESTRING (3165715.227 218292.683, 3165717.936 218285.757)	93	337	0	415	false	1368	None
LINESTRING (3165717.936 218285.757, 3165739.726 218230.042)	93	337	0	416	false	1368	None
LINESTRING (3165739.726 218230.042, 3165804.975 218063.207)	93	337	0	417	false	1368	None
LINESTRING (3165804.975 218063.207, 3165826.684 218007.699)	93	337	0	418	false	1368	None
LINESTRING (3165826.684 218007.699, 3165826.725 218007.596)	93	337	0	419	false	1368	None
LINESTRING (3165826.725 218007.596, 3165831.859 217994.468)	93	337	0	420	false	1368	None
LINESTRING (3165831.859 217994.468, 3165835.371 217985.235)	93	337	0	421	false	1368	None
LINESTRING (3165835.371 217985.235, 3165860.508 217918.196)	93	337	0	422	false	1368	None
LINESTRING (3165860.508 217918.196, 3165868.858 217895.839)	93	337	0	423	false	1368	None
LINESTRING (3165868.858 217895.839, 3165873.902 217882.438)	93	337	0	424	false	1368	None
LINESTRING (3165873.902 217882.438, 3165875.434 217878.27)	93	337	0	425	false	1368	None
LINESTRING (3165875.434 217878.27, 3165876.525 217875.479)	93	337	0	426	false	1368	None
LINESTRING (3165876.525 217875.479, 3165899.447 217814.605)	93	337	0	427	false	1368	None
LINESTRING (3165899.447 217814.605, 3165906.989 217794.315)	93	337	0	428	false	1368	None
LINESTRING (3165906.989 217794.315, 3165924.821 217746.706)	93	337	0	429	false	1368	None
LINESTRING (3165924.821 217746.706, 3165980.241 217604.75)	93	337	0	430	false	1368	None
LINESTRING (3165980.241 217604.75, 3166201.706 217036.724)	93	337	0	431	false	1368	S:3166137.716071502 217200.849
