LINESTRING (3096038.01 233592.292, 3096154.43 233637.621)	23	312	0	0	false	316	None
LINESTRING (3096154.43 233637.621, 3096172.093 233645.341)	23	312	0	1	false	316	None
LINESTRING (3096172.093 233645.341, 3096271.681 233687.669)	23	312	0	2	false	316	None
LINESTRING (3096271.681 233687.669, 3096348.97 233719.074)	23	312	0	3	false	316	None
LINESTRING (3096348.97 233719.074, 3096357.901 233723.566)	23	312	0	4	false	316	None
LINESTRING (3096357.901 233723.566, 3096366.224 233729.134)	23	312	0	5	false	316	None
LINESTRING (3096366.224 233729.134, 3096373.889 233735.401)	23	312	0	6	false	316	None
LINESTRING (3096373.889 233735.401, 3096380.9 233742.607)	23	312	0	7	false	316	None
LINESTRING (3096380.9 233742.607, 3096387.082 233750.446)	23	312	0	8	false	316	None
LINESTRING (3096387.082 233750.446, 3096394.658 233763.575)	23	312	0	9	false	316	None
LINESTRING (3096394.658 233763.575, 3096406.845 233796.544)	23	312	0	10	false	316	None
LINESTRING (3096406.845 233796.544, 3096427.51 233864.511)	23	312	0	11	false	316	None
LINESTRING (3096427.51 233864.511, 3096429.022 233869.49)	23	312	0	12	false	316	None
LINESTRING (3096429.022 233869.49, 3096433.166 233878.569)	23	312	0	13	false	316	None
LINESTRING (3096433.166 233878.569, 3096438.433 233887.008)	23	312	0	14	false	316	None
LINESTRING (3096438.433 233887.008, 3096444.615 233894.847)	23	312	0	15	false	316	None
LINESTRING (3096444.615 233894.847, 3096451.666 233901.949)	23	312	0	16	false	316	None
LINESTRING (3096451.666 233901.949, 3096463.745 233910.978)	23	312	0	17	false	316	None
LINESTRING (3096463.745 233910.978, 3096490.803 233923.251)	23	312	0	18	false	316	None
LINESTRING (3096490.803 233923.251, 3096500.256 233926.637)	23	312	0	19	false	316	None
LINESTRING (3096500.256 233926.637, 3096509.861 233929.367)	23	312	0	20	false	316	None
LINESTRING (3096509.861 233929.367, 3096519.581 233931.547)	23	312	0	21	false	316	None
LINESTRING (3096519.581 233931.547, 3096529.453 233933.072)	23	312	0	22	false	316	None
LINESTRING (3096529.453 233933.072, 3096584.382 233936.885)	23	312	0	23	false	316	None
LINESTRING (3096584.382 233936.885, 3096635.114 233943.489)	23	312	0	24	false	316	None
LINESTRING (3096635.114 233943.489, 3096616.454 234065.347)	23	312	0	25	false	316	None
LINESTRING (3096616.454 234065.347, 3096739.995 234078.577)	23	312	0	26	false	316	None
LINESTRING (3096739.995 234078.577, 3096758.228 234078.432)	23	312	0	27	false	316	None
LINESTRING (3096758.228 234078.432, 3096832.396 234085.341)	23	312	0	28	false	316	None
LINESTRING (3096832.396 234085.341, 3096844.109 234087.929)	23	312	0	29	false	316	None
LINESTRING (3096844.109 234087.929, 3096855.953 234087.118)	23	312	0	30	false	316	None
LINESTRING (3096855.953 234087.118, 3096872.772 234087.858)	23	312	0	31	false	316	None
LINESTRING (3096872.772 234087.858, 3096894.737 234088.431)	23	312	0	32	false	316	None
LINESTRING (3096894.737 234088.431, 3096904.337 234089.138)	23	312	0	33	false	316	None
LINESTRING (3096904.337 234089.138, 3096905 234053.245)	23	312	0	34	false	316	None
LINESTRING (3096905 234053.245, 3096903.222 234021.172)	23	312	0	35	false	316	None
LINESTRING (3096903.222 234021.172, 3096898.839 234003.797)	23	312	0	36	false	316	None
LINESTRING (3096898.839 234003.797, 3096895.337 233989.731)	23	312	0	37	false	316	None
LINESTRING (3096895.337 233989.731, 3096883.408 233928.559)	23	312	0	38	false	316	None
LINESTRING (3096883.408 233928.559, 3096875.219 233914.481)	23	312	0	39	false	316	None
LINESTRING (3096875.219 233914.481, 3096874.31 233911.755)	23	312	0	40	false	316	None
LINESTRING (3096874.31 233911.755, 3096865.434 233895.391)	23	312	0	41	false	316	None
LINESTRING (3096865.434 233895.391, 3096814.137 233801.532)	23	312	0	42	false	316	None
LINESTRING (3096814.137 233801.532, 3096788.888 233751.901)	23	312	0	43	false	316	None
LINESTRING (3096788.888 233751.901, 3096787.12 233745.04)	23	312	0	44	false	316	None
LINESTRING (3096787.12 233745.04, 3096778.012 233711.942)	23	312	0	45	false	316	None
LINESTRING (3096778.012 233711.942, 3096768.968 233683.268)	23	312	0	46	false	316	None
LINESTRING (3096768.968 233683.268, 3096766.624 233670.004)	23	312	0	47	false	316	None
LINESTRING (3096766.624 233670.004, 3096763.638 233652.807)	23	312	0	48	false	316	None
LINESTRING (3096763.638 233652.807, 3096767.019 233610.584)	23	312	0	49	false	316	None
LINESTRING (3096767.019 233610.584, 3096770.73 233571.579)	23	312	0	50	false	316	None
LINESTRING (3096770.73 233571.579, 3096779.881 233546.431)	23	312	0	51	false	316	None
LINESTRING (3096779.881 233546.431, 3096790.288 233526.164)	23	312	0	52	false	316	None
LINESTRING (3096790.288 233526.164, 3096848.451 233432.052)	23	312	0	53	false	316	None
LINESTRING (3096848.451 233432.052, 3096870.195 233384.502)	23	312	0	54	false	316	None
LINESTRING (3096870.195 233384.502, 3096882.018 233343.969)	23	312	0	55	false	316	None
LINESTRING (3096882.018 233343.969, 3096890.93 233294.711)	23	312	0	56	false	316	None
LINESTRING (3096890.93 233294.711, 3096884.566 233266.945)	23	312	0	57	false	316	None
LINESTRING (3096884.566 233266.945, 3096864.358 233195.23)	23	312	0	58	false	316	None
LINESTRING (3096864.358 233195.23, 3096858.825 233152.801)	23	312	0	59	false	316	None
LINESTRING (3096858.825 233152.801, 3096857.956 233132.373)	23	312	0	60	false	316	None
LINESTRING (3096857.956 233132.373, 3096856.282 233118.89)	23	312	0	61	false	316	None
LINESTRING (3096856.282 233118.89, 3096858.999 233082.477)	23	312	0	62	false	316	None
LINESTRING (3096858.999 233082.477, 3096873.263 233018.743)	23	312	0	63	false	316	None
LINESTRING (3096873.263 233018.743, 3096877.246 233003.504)	23	312	0	64	false	316	None
LINESTRING (3096877.246 233003.504, 3097413.247 233211.11)	23	312	0	65	false	316	None
LINESTRING (3097413.247 233211.11, 3097636.555 233301.716)	23	312	0	66	false	316	None
LINESTRING (3097636.555 233301.716, 3097632.527 233396.605)	23	312	0	67	false	316	None
LINESTRING (3097632.527 233396.605, 3097628.629 233486.313)	23	312	0	68	false	316	None
LINESTRING (3097628.629 233486.313, 3097626.076 233542.172)	23	312	0	69	false	316	None
LINESTRING (3097626.076 233542.172, 3097625.553 233573.363)	23	312	0	70	false	316	None
LINESTRING (3097625.553 233573.363, 3097623.883 233609.584)	23	312	0	71	false	316	None
LINESTRING (3097623.883 233609.584, 3097622.864 233662.463)	23	312	0	72	false	316	None
LINESTRING (3097622.864 233662.463, 3097621.865 233707.385)	23	312	0	73	false	316	None
LINESTRING (3097621.865 233707.385, 3097624.476 233728.362)	23	312	0	74	false	316	None
LINESTRING (3097624.476 233728.362, 3097628.222 233747.397)	23	312	0	75	false	316	None
LINESTRING (3097628.222 233747.397, 3097630.234 233752.092)	23	312	0	76	false	316	None
LINESTRING (3097630.234 233752.092, 3097638.617 233779.682)	23	312	0	77	false	316	None
LINESTRING (3097638.617 233779.682, 3097641.18 233786.254)	23	312	0	78	false	316	None
LINESTRING (3097641.18 233786.254, 3097645.124 233799.419)	23	312	0	79	false	316	None
LINESTRING (3097645.124 233799.419, 3097645.494 233806.101)	23	312	0	80	false	316	None
LINESTRING (3097645.494 233806.101, 3097639.809 233895.362)	23	312	0	81	false	316	None
LINESTRING (3097639.809 233895.362, 3097637.721 233908.711)	23	312	0	82	false	316	None
LINESTRING (3097637.721 233908.711, 3097629.305 233931.169)	23	312	0	83	false	316	None
LINESTRING (3097629.305 233931.169, 3097626.069 233940.629)	23	312	0	84	false	316	None
LINESTRING (3097626.069 233940.629, 3097621.515 233958.622)	23	312	0	85	false	316	None
LINESTRING (3097621.515 233958.622, 3097618.172 233976.009)	23	312	0	86	false	316	None
LINESTRING (3097618.172 233976.009, 3097615.154 234007.076)	23	312	0	87	false	316	None
LINESTRING (3097615.154 234007.076, 3097613.885 234033.582)	23	312	0	88	false	316	None
LINESTRING (3097613.885 234033.582, 3097616.535 234054.456)	23	312	0	89	false	316	None
LINESTRING (3097616.535 234054.456, 3097618.831 234062.233)	23	312	0	90	false	316	None
LINESTRING (3097618.831 234062.233, 3097624.507 234073.684)	23	312	0	91	false	316	None
LINESTRING (3097624.507 234073.684, 3097629.37 234081.137)	23	312	0	92	false	316	None
LINESTRING (3097629.37 234081.137, 3097634.688 234088.171)	23	312	0	93	false	316	None
LINESTRING (3097634.688 234088.171, 3097649.277 234099.829)	23	312	0	94	false	316	None
LINESTRING (3097649.277 234099.829, 3097658.872 234109.216)	23	312	0	95	false	316	None
LINESTRING (3097658.872 234109.216, 3097663.065 234115.104)	23	312	0	96	false	316	None
LINESTRING (3097663.065 234115.104, 3097666.826 234122.373)	23	312	0	97	false	316	None
LINESTRING (3097666.826 234122.373, 3097668.298 234129.239)	23	312	0	98	false	316	None
LINESTRING (3097668.298 234129.239, 3097668.573 234144.327)	23	312	0	99	false	316	None
LINESTRING (3097668.573 234144.327, 3097665.26 234184.318)	23	312	0	100	false	316	None
LINESTRING (3097665.26 234184.318, 3097660.35 234215.73)	23	312	0	101	false	316	None
LINESTRING (3097660.35 234215.73, 3097659.789 234227.644)	23	312	0	102	false	316	None
LINESTRING (3097659.789 234227.644, 3097659.211 234244.189)	23	312	0	103	false	316	None
LINESTRING (3097659.211 234244.189, 3097664.048 234271.847)	23	312	0	104	false	316	None
LINESTRING (3097664.048 234271.847, 3097677.309 234304.043)	23	312	0	105	false	316	None
LINESTRING (3097677.309 234304.043, 3097707.16 234368.167)	23	312	0	106	false	316	None
LINESTRING (3097707.16 234368.167, 3097713.738 234380.321)	23	312	0	107	false	316	None
LINESTRING (3097713.738 234380.321, 3097749.581 234446.148)	23	312	0	108	false	316	None
LINESTRING (3097749.581 234446.148, 3097752.692 234500.732)	23	312	0	109	false	316	None
LINESTRING (3097752.692 234500.732, 3097752.57 234531.126)	23	312	0	110	false	316	None
LINESTRING (3097752.57 234531.126, 3097750.555 234552.947)	23	312	0	111	false	316	None
LINESTRING (3097750.555 234552.947, 3097752.358 234579.085)	23	312	0	112	false	316	None
LINESTRING (3097752.358 234579.085, 3097756.45 234614.544)	23	312	0	113	false	316	None
LINESTRING (3097756.45 234614.544, 3097765.212 234665.349)	23	312	0	114	false	316	None
LINESTRING (3097765.212 234665.349, 3097765.384 234685.035)	23	312	0	115	false	316	None
LINESTRING (3097765.384 234685.035, 3097762.977 234708.132)	23	312	0	116	false	316	None
LINESTRING (3097762.977 234708.132, 3097757.401 234736.435)	23	312	0	117	false	316	None
LINESTRING (3097757.401 234736.435, 3097754.369 234756.32)	23	312	0	118	false	316	None
LINESTRING (3097754.369 234756.32, 3097754.052 234782.121)	23	312	0	119	false	316	None
LINESTRING (3097754.052 234782.121, 3097756.093 234807.637)	23	312	0	120	false	316	None
LINESTRING (3097756.093 234807.637, 3097762.296 234825.356)	23	312	0	121	false	316	None
LINESTRING (3097762.296 234825.356, 3097777.133 234844.007)	23	312	0	122	false	316	None
LINESTRING (3097777.133 234844.007, 3097789.954 234857.723)	23	312	0	123	false	316	None
LINESTRING (3097789.954 234857.723, 3097741.144 234940.912)	23	312	0	124	false	316	None
LINESTRING (3097741.144 234940.912, 3097715.887 234979.505)	23	312	0	125	false	316	None
LINESTRING (3097715.887 234979.505, 3097704.369 235001.129)	23	312	0	126	false	316	None
LINESTRING (3097704.369 235001.129, 3097703.199 235005.199)	23	312	0	127	false	316	None
LINESTRING (3097703.199 235005.199, 3097688.677 235035.423)	23	312	0	128	false	316	None
LINESTRING (3097688.677 235035.423, 3097683.811 235068.755)	23	312	0	129	false	316	None
LINESTRING (3097683.811 235068.755, 3097678.672 235108.403)	23	312	0	130	false	316	None
LINESTRING (3097678.672 235108.403, 3097679.104 235115.941)	23	312	0	131	false	316	None
LINESTRING (3097679.104 235115.941, 3097678.048 235142.648)	23	312	0	132	false	316	None
LINESTRING (3097678.048 235142.648, 3097658.079 235179.939)	23	312	0	133	false	316	None
LINESTRING (3097658.079 235179.939, 3097655.603 235182.319)	23	312	0	134	false	316	None
LINESTRING (3097655.603 235182.319, 3097576.918 235258.808)	23	312	0	135	false	316	None
LINESTRING (3097576.918 235258.808, 3097545.999 235289.997)	23	312	0	136	false	316	None
LINESTRING (3097545.999 235289.997, 3097517.829 235324.976)	23	312	0	137	false	316	None
LINESTRING (3097517.829 235324.976, 3097499.302 235351.88)	23	312	0	138	false	316	None
LINESTRING (3097499.302 235351.88, 3097490.437 235367.863)	23	312	0	139	false	316	None
LINESTRING (3097490.437 235367.863, 3097483.452 235391.939)	23	312	0	140	false	316	None
LINESTRING (3097483.452 235391.939, 3097479.448 235411.808)	23	312	0	141	false	316	None
LINESTRING (3097479.448 235411.808, 3097477.802 235427.825)	23	312	0	142	false	316	None
LINESTRING (3097477.802 235427.825, 3097478.336 235441.466)	23	312	0	143	false	316	None
LINESTRING (3097478.336 235441.466, 3097480.881 235456.236)	23	312	0	144	false	316	None
LINESTRING (3097480.881 235456.236, 3097481.125 235461.205)	23	312	0	145	false	316	None
LINESTRING (3097481.125 235461.205, 3097493.457 235502.44)	23	312	0	146	false	316	None
LINESTRING (3097493.457 235502.44, 3097494.968 235505.636)	23	312	0	147	false	316	None
LINESTRING (3097494.968 235505.636, 3097509.258 235535.136)	23	312	0	148	false	316	None
LINESTRING (3097509.258 235535.136, 3097516.897 235547.579)	23	312	0	149	false	316	None
LINESTRING (3097516.897 235547.579, 3097531.347 235571.314)	23	312	0	150	false	316	None
LINESTRING (3097531.347 235571.314, 3097537.782 235600.656)	23	312	0	151	false	316	None
LINESTRING (3097537.782 235600.656, 3097550.732 235660.916)	23	312	0	152	false	316	None
LINESTRING (3097550.732 235660.916, 3097578.158 235740.761)	23	312	0	153	false	316	None
LINESTRING (3097578.158 235740.761, 3097582.367 235779.476)	23	312	0	154	false	316	None
LINESTRING (3097582.367 235779.476, 3097582.276 235814.877)	23	312	0	155	false	316	None
LINESTRING (3097582.276 235814.877, 3097579.685 235849.914)	23	312	0	156	false	316	None
LINESTRING (3097579.685 235849.914, 3097606.378 235882.745)	23	312	0	157	false	316	None
LINESTRING (3097606.378 235882.745, 3097762.521 235940.371)	23	312	0	158	false	316	None
LINESTRING (3097762.521 235940.371, 3097918.811 235995.322)	23	312	0	159	false	316	None
LINESTRING (3097918.811 235995.322, 3097950.928 235986.236)	23	312	0	160	false	316	None
LINESTRING (3097950.928 235986.236, 3098030.391 235964.036)	23	312	0	161	false	316	None
LINESTRING (3098030.391 235964.036, 3098122.054 235938.311)	23	312	0	162	false	316	None
LINESTRING (3098122.054 235938.311, 3098183.665 235944.82)	23	312	0	163	false	316	None
LINESTRING (3098183.665 235944.82, 3098255.906 235976.099)	23	312	0	164	false	316	None
LINESTRING (3098255.906 235976.099, 3098283.335 236004.459)	23	312	0	165	false	316	None
LINESTRING (3098283.335 236004.459, 3098298.152 236018.824)	23	312	0	166	false	316	None
LINESTRING (3098298.152 236018.824, 3098261.831 236026.89)	23	312	0	167	false	316	None
LINESTRING (3098261.831 236026.89, 3098238.005 236033.21)	23	312	0	168	false	316	None
LINESTRING (3098238.005 236033.21, 3098211.856 236102.14)	23	312	0	169	false	316	None
LINESTRING (3098211.856 236102.14, 3098195.11 236138.407)	23	312	0	170	false	316	None
LINESTRING (3098195.11 236138.407, 3098186.123 236152.916)	23	312	0	171	false	316	None
LINESTRING (3098186.123 236152.916, 3098159.172 236185.982)	23	312	0	172	false	316	None
LINESTRING (3098159.172 236185.982, 3098153.906 236191.811)	23	312	0	173	false	316	None
LINESTRING (3098153.906 236191.811, 3098136.423 236211.148)	23	312	0	174	false	316	None
LINESTRING (3098136.423 236211.148, 3098091.717 236257.381)	23	312	0	175	false	316	None
LINESTRING (3098091.717 236257.381, 3098053.537 236301.124)	23	312	0	176	false	316	None
LINESTRING (3098053.537 236301.124, 3098036.889 236320.067)	23	312	0	177	false	316	None
LINESTRING (3098036.889 236320.067, 3098009.512 236351.186)	23	312	0	178	false	316	None
LINESTRING (3098009.512 236351.186, 3098003.662 236360.834)	23	312	0	179	false	316	None
LINESTRING (3098003.662 236360.834, 3097983.799 236383.063)	23	312	0	180	false	316	None
LINESTRING (3097983.799 236383.063, 3097974.455 236402.073)	23	312	0	181	false	316	None
LINESTRING (3097974.455 236402.073, 3097967.28 236421.796)	23	312	0	182	false	316	None
LINESTRING (3097967.28 236421.796, 3097958.571 236458.768)	23	312	0	183	false	316	None
LINESTRING (3097958.571 236458.768, 3097955.137 236493.958)	23	312	0	184	false	316	None
LINESTRING (3097955.137 236493.958, 3097949.694 236515.535)	23	312	0	185	false	316	None
LINESTRING (3097949.694 236515.535, 3097941.77 236533.9)	23	312	0	186	false	316	None
LINESTRING (3097941.77 236533.9, 3097930.403 236567.355)	23	312	0	187	false	316	None
LINESTRING (3097930.403 236567.355, 3097918.207 236588.958)	23	312	0	188	false	316	None
LINESTRING (3097918.207 236588.958, 3097902.654 236622.116)	23	312	0	189	false	316	None
LINESTRING (3097902.654 236622.116, 3097894.083 236641.66)	23	312	0	190	false	316	None
LINESTRING (3097894.083 236641.66, 3097875.025 236685.484)	23	312	0	191	false	316	None
LINESTRING (3097875.025 236685.484, 3097865.788 236710.838)	23	312	0	192	false	316	None
LINESTRING (3097865.788 236710.838, 3097849.199 236764.528)	23	312	0	193	false	316	None
LINESTRING (3097849.199 236764.528, 3097845.977 236788.978)	23	312	0	194	false	316	None
LINESTRING (3097845.977 236788.978, 3097849.19 236843.01)	23	312	0	195	false	316	N:3097847.5372958803 236815.217
LINESTRING (3097565.893 236815.564, 3097480.797 236782.925)	23	312	0	213	false	316	N:3097564.988305861 236815.217
LINESTRING (3097480.797 236782.925, 3097452.432 236772.046)	23	312	0	214	false	316	None
LINESTRING (3097452.432 236772.046, 3097391.772 236746.521)	23	312	0	215	false	316	None
LINESTRING (3097391.772 236746.521, 3097209.709 236670.156)	23	312	0	216	false	316	None
LINESTRING (3097209.709 236670.156, 3097149.86 236645.063)	23	312	0	217	false	316	None
LINESTRING (3097149.86 236645.063, 3097149.048 236644.633)	23	312	0	218	false	316	None
LINESTRING (3097149.048 236644.633, 3097090.635 236619.616)	23	312	0	219	false	316	None
LINESTRING (3097090.635 236619.616, 3096914.982 236544.884)	23	312	0	220	false	316	None
LINESTRING (3096914.982 236544.884, 3096860.964 236521.911)	23	312	0	221	false	316	None
LINESTRING (3096860.964 236521.911, 3096856.364 236520.147)	23	312	0	222	false	316	None
LINESTRING (3096856.364 236520.147, 3096836.595 236512.329)	23	312	0	223	false	316	None
LINESTRING (3096836.595 236512.329, 3096776.875 236489.192)	23	312	0	224	false	316	None
LINESTRING (3096776.875 236489.192, 3096760.094 236482.757)	23	312	0	225	false	316	None
LINESTRING (3096760.094 236482.757, 3096756.942 236481.549)	23	312	0	226	false	316	None
LINESTRING (3096756.942 236481.549, 3096750.258 236479.105)	23	312	0	227	false	316	None
LINESTRING (3096750.258 236479.105, 3096737.134 236475.618)	23	312	0	228	false	316	None
LINESTRING (3096737.134 236475.618, 3096676.994 236459.693)	23	312	0	229	false	316	None
LINESTRING (3096676.994 236459.693, 3096661.025 236455.473)	23	312	0	230	false	316	None
LINESTRING (3096661.025 236455.473, 3096656.907 236454.488)	23	312	0	231	false	316	None
LINESTRING (3096656.907 236454.488, 3096652.534 236453.406)	23	312	0	232	false	316	None
LINESTRING (3096652.534 236453.406, 3096647.747 236450.857)	23	312	0	233	false	316	None
LINESTRING (3096647.747 236450.857, 3096581.41 236415.672)	23	312	0	234	false	316	None
LINESTRING (3096581.41 236415.672, 3096577.997 236414.125)	23	312	0	235	false	316	None
LINESTRING (3096577.997 236414.125, 3096441.292 236360.641)	23	312	0	236	false	316	None
LINESTRING (3096441.292 236360.641, 3096434.306 236357.963)	23	312	0	237	false	316	None
LINESTRING (3096434.306 236357.963, 3096409.517 236348.459)	23	312	0	238	false	316	None
LINESTRING (3096409.517 236348.459, 3096019.088 236183.8)	23	312	0	239	false	316	None
LINESTRING (3096019.088 236183.8, 3096010.444 236177.038)	23	312	0	240	false	316	None
LINESTRING (3096010.444 236177.038, 3096008.036 236175.164)	23	312	0	241	false	316	None
LINESTRING (3096008.036 236175.164, 3096089.4 236133.939)	23	312	0	242	false	316	None
LINESTRING (3096089.4 236133.939, 3095978.689 236089.359)	23	312	0	243	false	316	None
LINESTRING (3095978.689 236089.359, 3096003.697 236028.196)	23	312	0	244	false	316	None
LINESTRING (3096003.697 236028.196, 3096011.589 236008.629)	23	312	0	245	false	316	None
LINESTRING (3096011.589 236008.629, 3096025.044 235970.98)	23	312	0	246	false	316	None
LINESTRING (3096025.044 235970.98, 3096025.837 235959.988)	23	312	0	247	false	316	None
LINESTRING (3096025.837 235959.988, 3096025.137 235950.089)	23	312	0	248	false	316	None
LINESTRING (3096025.137 235950.089, 3096022.443 235930.863)	23	312	0	249	false	316	None
LINESTRING (3096022.443 235930.863, 3096021.162 235903.618)	23	312	0	250	false	316	None
LINESTRING (3096021.162 235903.618, 3096021.348 235897.269)	23	312	0	251	false	316	None
LINESTRING (3096021.348 235897.269, 3096021.49 235890.783)	23	312	0	252	false	316	None
LINESTRING (3096021.49 235890.783, 3096023.374 235881.279)	23	312	0	253	false	316	None
LINESTRING (3096023.374 235881.279, 3096026.621 235872.298)	23	312	0	254	false	316	None
LINESTRING (3096026.621 235872.298, 3096035.949 235851.022)	23	312	0	255	false	316	None
LINESTRING (3096035.949 235851.022, 3096052.158 235812.051)	23	312	0	256	false	316	None
LINESTRING (3096052.158 235812.051, 3096057.779 235799.937)	23	312	0	257	false	316	None
LINESTRING (3096057.779 235799.937, 3096010.986 235782.833)	23	312	0	258	false	316	None
LINESTRING (3096010.986 235782.833, 3095976.602 235767.512)	23	312	0	259	false	316	None
LINESTRING (3095976.602 235767.512, 3095967.361 235764.089)	23	312	0	260	false	316	None
LINESTRING (3095967.361 235764.089, 3095993.55 235695.769)	23	312	0	261	false	316	None
LINESTRING (3095993.55 235695.769, 3096026.21 235615.66)	23	312	0	262	false	316	None
LINESTRING (3096026.21 235615.66, 3096100.37 235431.364)	23	312	0	263	false	316	None
LINESTRING (3096100.37 235431.364, 3096007.563 235392.818)	23	312	0	264	false	316	None
LINESTRING (3096007.563 235392.818, 3095913.978 235357.067)	23	312	0	265	false	316	None
LINESTRING (3095913.978 235357.067, 3095818.388 235322.213)	23	312	0	266	false	316	None
LINESTRING (3095818.388 235322.213, 3095757.662 235313.921)	23	312	0	267	false	316	None
LINESTRING (3095757.662 235313.921, 3095744.526 235311.74)	23	312	0	268	false	316	None
LINESTRING (3095744.526 235311.74, 3095628.118 235292.453)	23	312	0	269	false	316	None
LINESTRING (3095628.118 235292.453, 3095594.432 235283.466)	23	312	0	270	false	316	None
LINESTRING (3095594.432 235283.466, 3095557.031 235270.916)	23	312	0	271	false	316	None
LINESTRING (3095557.031 235270.916, 3095535.123 235262.045)	23	312	0	272	false	316	None
LINESTRING (3095535.123 235262.045, 3095551.356 235241.87)	23	312	0	273	false	316	None
LINESTRING (3095551.356 235241.87, 3095569.615 235214.623)	23	312	0	274	false	316	None
LINESTRING (3095569.615 235214.623, 3095581.058 235184.765)	23	312	0	275	false	316	None
LINESTRING (3095581.058 235184.765, 3095596.223 235141.113)	23	312	0	276	false	316	None
LINESTRING (3095596.223 235141.113, 3095617.47 235069.353)	23	312	0	277	false	316	None
LINESTRING (3095617.47 235069.353, 3095645.081 235009.544)	23	312	0	278	false	316	None
LINESTRING (3095645.081 235009.544, 3095659.886 234979.072)	23	312	0	279	false	316	None
LINESTRING (3095659.886 234979.072, 3095673.236 234944.237)	23	312	0	280	false	316	None
LINESTRING (3095673.236 234944.237, 3095681.952 234913.333)	23	312	0	281	false	316	None
LINESTRING (3095681.952 234913.333, 3095698.481 234870.204)	23	312	0	282	false	316	None
LINESTRING (3095698.481 234870.204, 3095711.464 234820.009)	23	312	0	283	false	316	None
LINESTRING (3095711.464 234820.009, 3095728.359 234767.509)	23	312	0	284	false	316	None
LINESTRING (3095728.359 234767.509, 3095747.522 234721.585)	23	312	0	285	false	316	None
LINESTRING (3095747.522 234721.585, 3095774.045 234672.774)	23	312	0	286	false	316	None
LINESTRING (3095774.045 234672.774, 3095785.128 234656.094)	23	312	0	287	false	316	None
LINESTRING (3095785.128 234656.094, 3095807.385 234626.575)	23	312	0	288	false	316	None
LINESTRING (3095807.385 234626.575, 3095840.725 234580.377)	23	312	0	289	false	316	None
LINESTRING (3095840.725 234580.377, 3095863.526 234545.359)	23	312	0	290	false	316	None
LINESTRING (3095863.526 234545.359, 3095880.33 234513.751)	23	312	0	291	false	316	None
LINESTRING (3095880.33 234513.751, 3095885.14 234488.96)	23	312	0	292	false	316	None
LINESTRING (3095885.14 234488.96, 3095900.949 234472.189)	23	312	0	293	false	316	None
LINESTRING (3095900.949 234472.189, 3095914.666 234452.715)	23	312	0	294	false	316	None
LINESTRING (3095914.666 234452.715, 3095924.025 234422.176)	23	312	0	295	false	316	None
LINESTRING (3095924.025 234422.176, 3095936.549 234379.296)	23	312	0	296	false	316	None
LINESTRING (3095936.549 234379.296, 3095942.539 234347.348)	23	312	0	297	false	316	None
LINESTRING (3095942.539 234347.348, 3095944.714 234325.353)	23	312	0	298	false	316	None
LINESTRING (3095944.714 234325.353, 3095941.436 234301.267)	23	312	0	299	false	316	None
LINESTRING (3095941.436 234301.267, 3095936.336 234282.191)	23	312	0	300	false	316	None
LINESTRING (3095936.336 234282.191, 3095939.055 234254.697)	23	312	0	301	false	316	None
LINESTRING (3095939.055 234254.697, 3095938.779 234243.176)	23	312	0	302	false	316	None
LINESTRING (3095938.779 234243.176, 3095944.769 234211.228)	23	312	0	303	false	316	None
LINESTRING (3095944.769 234211.228, 3095946.76 234181.552)	23	312	0	304	false	316	None
LINESTRING (3095946.76 234181.552, 3095946.386 234162.385)	23	312	0	305	false	316	None
LINESTRING (3095946.386 234162.385, 3095946.117 234154.672)	23	312	0	306	false	316	None
LINESTRING (3095946.117 234154.672, 3095938.113 234130.678)	23	312	0	307	false	316	None
LINESTRING (3095938.113 234130.678, 3095947.431 233980.391)	23	312	0	308	false	316	None
LINESTRING (3095947.431 233980.391, 3095949.194 233950.033)	23	312	0	309	false	316	None
LINESTRING (3095949.194 233950.033, 3095964.108 233883.576)	23	312	0	310	false	316	None
LINESTRING (3095964.108 233883.576, 3095965.653 233865.263)	23	312	0	311	false	316	None
LINESTRING (3095965.653 233865.263, 3095967.19 233818.41)	23	312	0	312	false	316	None
LINESTRING (3095967.19 233818.41, 3095949.441 233750.732)	23	312	0	313	false	316	None
LINESTRING (3095949.441 233750.732, 3095943.408 233639.983)	23	312	0	314	false	316	None
LINESTRING (3095943.408 233639.983, 3095960.924 233562.395)	23	312	0	315	false	316	None
LINESTRING (3095960.924 233562.395, 3096038.01 233592.292)	23	312	0	316	false	316	None
LINESTRING (3098053.537 236301.124, 3098091.717 236257.381)	23	318	0	0	false	595	None
LINESTRING (3098091.717 236257.381, 3098136.423 236211.148)	23	318	0	1	false	595	None
LINESTRING (3098136.423 236211.148, 3098153.906 236191.811)	23	318	0	2	false	595	None
LINESTRING (3098153.906 236191.811, 3098159.172 236185.982)	23	318	0	3	false	595	None
LINESTRING (3098159.172 236185.982, 3098186.123 236152.916)	23	318	0	4	false	595	None
LINESTRING (3098186.123 236152.916, 3098195.11 236138.407)	23	318	0	5	false	595	None
LINESTRING (3098195.11 236138.407, 3098211.856 236102.14)	23	318	0	6	false	595	None
LINESTRING (3098211.856 236102.14, 3098238.005 236033.21)	23	318	0	7	false	595	None
LINESTRING (3098238.005 236033.21, 3098261.831 236026.89)	23	318	0	8	false	595	None
LINESTRING (3098261.831 236026.89, 3098298.152 236018.824)	23	318	0	9	false	595	None
LINESTRING (3098298.152 236018.824, 3098283.335 236004.459)	23	318	0	10	false	595	None
LINESTRING (3098283.335 236004.459, 3098255.906 235976.099)	23	318	0	11	false	595	None
LINESTRING (3098255.906 235976.099, 3098183.665 235944.82)	23	318	0	12	false	595	None
LINESTRING (3098183.665 235944.82, 3098122.054 235938.311)	23	318	0	13	false	595	None
LINESTRING (3098122.054 235938.311, 3098030.391 235964.036)	23	318	0	14	false	595	None
LINESTRING (3098030.391 235964.036, 3097950.928 235986.236)	23	318	0	15	false	595	None
LINESTRING (3097950.928 235986.236, 3097918.811 235995.322)	23	318	0	16	false	595	None
LINESTRING (3097918.811 235995.322, 3097762.521 235940.371)	23	318	0	17	false	595	None
LINESTRING (3097762.521 235940.371, 3097606.378 235882.745)	23	318	0	18	false	595	None
LINESTRING (3097606.378 235882.745, 3097579.685 235849.914)	23	318	0	19	false	595	None
LINESTRING (3097579.685 235849.914, 3097582.276 235814.877)	23	318	0	20	false	595	None
LINESTRING (3097582.276 235814.877, 3097582.367 235779.476)	23	318	0	21	false	595	None
LINESTRING (3097582.367 235779.476, 3097578.158 235740.761)	23	318	0	22	false	595	None
LINESTRING (3097578.158 235740.761, 3097550.732 235660.916)	23	318	0	23	false	595	None
LINESTRING (3097550.732 235660.916, 3097537.782 235600.656)	23	318	0	24	false	595	None
LINESTRING (3097537.782 235600.656, 3097531.347 235571.314)	23	318	0	25	false	595	None
LINESTRING (3097531.347 235571.314, 3097516.897 235547.579)	23	318	0	26	false	595	None
LINESTRING (3097516.897 235547.579, 3097509.258 235535.136)	23	318	0	27	false	595	None
LINESTRING (3097509.258 235535.136, 3097494.968 235505.636)	23	318	0	28	false	595	None
LINESTRING (3097494.968 235505.636, 3097493.457 235502.44)	23	318	0	29	false	595	None
LINESTRING (3097493.457 235502.44, 3097481.125 235461.205)	23	318	0	30	false	595	None
LINESTRING (3097481.125 235461.205, 3097480.881 235456.236)	23	318	0	31	false	595	None
LINESTRING (3097480.881 235456.236, 3097478.336 235441.466)	23	318	0	32	false	595	None
LINESTRING (3097478.336 235441.466, 3097477.802 235427.825)	23	318	0	33	false	595	None
LINESTRING (3097477.802 235427.825, 3097479.448 235411.808)	23	318	0	34	false	595	None
LINESTRING (3097479.448 235411.808, 3097483.452 235391.939)	23	318	0	35	false	595	None
LINESTRING (3097483.452 235391.939, 3097490.437 235367.863)	23	318	0	36	false	595	None
LINESTRING (3097490.437 235367.863, 3097499.302 235351.88)	23	318	0	37	false	595	None
LINESTRING (3097499.302 235351.88, 3097517.829 235324.976)	23	318	0	38	false	595	None
LINESTRING (3097517.829 235324.976, 3097545.999 235289.997)	23	318	0	39	false	595	None
LINESTRING (3097545.999 235289.997, 3097576.918 235258.808)	23	318	0	40	false	595	None
LINESTRING (3097576.918 235258.808, 3097655.603 235182.319)	23	318	0	41	false	595	None
LINESTRING (3097655.603 235182.319, 3097658.079 235179.939)	23	318	0	42	false	595	None
LINESTRING (3097658.079 235179.939, 3097678.048 235142.648)	23	318	0	43	false	595	None
LINESTRING (3097678.048 235142.648, 3097679.104 235115.941)	23	318	0	44	false	595	None
LINESTRING (3097679.104 235115.941, 3097678.672 235108.403)	23	318	0	45	false	595	None
LINESTRING (3097678.672 235108.403, 3097683.811 235068.755)	23	318	0	46	false	595	None
LINESTRING (3097683.811 235068.755, 3097688.677 235035.423)	23	318	0	47	false	595	None
LINESTRING (3097688.677 235035.423, 3097703.199 235005.199)	23	318	0	48	false	595	None
LINESTRING (3097703.199 235005.199, 3097704.369 235001.129)	23	318	0	49	false	595	None
LINESTRING (3097704.369 235001.129, 3097715.887 234979.505)	23	318	0	50	false	595	None
LINESTRING (3097715.887 234979.505, 3097741.144 234940.912)	23	318	0	51	false	595	None
LINESTRING (3097741.144 234940.912, 3097789.954 234857.723)	23	318	0	52	false	595	None
LINESTRING (3097789.954 234857.723, 3097777.133 234844.007)	23	318	0	53	false	595	None
LINESTRING (3097777.133 234844.007, 3097762.296 234825.356)	23	318	0	54	false	595	None
LINESTRING (3097762.296 234825.356, 3097756.093 234807.637)	23	318	0	55	false	595	None
LINESTRING (3097756.093 234807.637, 3097754.052 234782.121)	23	318	0	56	false	595	None
LINESTRING (3097754.052 234782.121, 3097754.369 234756.32)	23	318	0	57	false	595	None
LINESTRING (3097754.369 234756.32, 3097757.401 234736.435)	23	318	0	58	false	595	None
LINESTRING (3097757.401 234736.435, 3097762.977 234708.132)	23	318	0	59	false	595	None
LINESTRING (3097762.977 234708.132, 3097765.384 234685.035)	23	318	0	60	false	595	None
LINESTRING (3097765.384 234685.035, 3097765.212 234665.349)	23	318	0	61	false	595	None
LINESTRING (3097765.212 234665.349, 3097756.45 234614.544)	23	318	0	62	false	595	None
LINESTRING (3097756.45 234614.544, 3097752.358 234579.085)	23	318	0	63	false	595	None
LINESTRING (3097752.358 234579.085, 3097750.555 234552.947)	23	318	0	64	false	595	None
LINESTRING (3097750.555 234552.947, 3097752.57 234531.126)	23	318	0	65	false	595	None
LINESTRING (3097752.57 234531.126, 3097752.692 234500.732)	23	318	0	66	false	595	None
LINESTRING (3097752.692 234500.732, 3097749.581 234446.148)	23	318	0	67	false	595	None
LINESTRING (3097749.581 234446.148, 3097713.738 234380.321)	23	318	0	68	false	595	None
LINESTRING (3097713.738 234380.321, 3097707.16 234368.167)	23	318	0	69	false	595	None
LINESTRING (3097707.16 234368.167, 3097677.309 234304.043)	23	318	0	70	false	595	None
LINESTRING (3097677.309 234304.043, 3097664.048 234271.847)	23	318	0	71	false	595	None
LINESTRING (3097664.048 234271.847, 3097659.211 234244.189)	23	318	0	72	false	595	None
LINESTRING (3097659.211 234244.189, 3097659.789 234227.644)	23	318	0	73	false	595	None
LINESTRING (3097659.789 234227.644, 3097660.35 234215.73)	23	318	0	74	false	595	None
LINESTRING (3097660.35 234215.73, 3097665.26 234184.318)	23	318	0	75	false	595	None
LINESTRING (3097665.26 234184.318, 3097668.573 234144.327)	23	318	0	76	false	595	None
LINESTRING (3097668.573 234144.327, 3097668.298 234129.239)	23	318	0	77	false	595	None
LINESTRING (3097668.298 234129.239, 3097666.826 234122.373)	23	318	0	78	false	595	None
LINESTRING (3097666.826 234122.373, 3097663.065 234115.104)	23	318	0	79	false	595	None
LINESTRING (3097663.065 234115.104, 3097658.872 234109.216)	23	318	0	80	false	595	None
LINESTRING (3097658.872 234109.216, 3097649.277 234099.829)	23	318	0	81	false	595	None
LINESTRING (3097649.277 234099.829, 3097634.688 234088.171)	23	318	0	82	false	595	None
LINESTRING (3097634.688 234088.171, 3097629.37 234081.137)	23	318	0	83	false	595	None
LINESTRING (3097629.37 234081.137, 3097624.507 234073.684)	23	318	0	84	false	595	None
LINESTRING (3097624.507 234073.684, 3097618.831 234062.233)	23	318	0	85	false	595	None
LINESTRING (3097618.831 234062.233, 3097616.535 234054.456)	23	318	0	86	false	595	None
LINESTRING (3097616.535 234054.456, 3097613.885 234033.582)	23	318	0	87	false	595	None
LINESTRING (3097613.885 234033.582, 3097615.154 234007.076)	23	318	0	88	false	595	None
LINESTRING (3097615.154 234007.076, 3097618.172 233976.009)	23	318	0	89	false	595	None
LINESTRING (3097618.172 233976.009, 3097621.515 233958.622)	23	318	0	90	false	595	None
LINESTRING (3097621.515 233958.622, 3097626.069 233940.629)	23	318	0	91	false	595	None
LINESTRING (3097626.069 233940.629, 3097629.305 233931.169)	23	318	0	92	false	595	None
LINESTRING (3097629.305 233931.169, 3097637.721 233908.711)	23	318	0	93	false	595	None
LINESTRING (3097637.721 233908.711, 3097639.809 233895.362)	23	318	0	94	false	595	None
LINESTRING (3097639.809 233895.362, 3097645.494 233806.101)	23	318	0	95	false	595	None
LINESTRING (3097645.494 233806.101, 3097645.124 233799.419)	23	318	0	96	false	595	None
LINESTRING (3097645.124 233799.419, 3097641.18 233786.254)	23	318	0	97	false	595	None
LINESTRING (3097641.18 233786.254, 3097638.617 233779.682)	23	318	0	98	false	595	None
LINESTRING (3097638.617 233779.682, 3097630.234 233752.092)	23	318	0	99	false	595	None
LINESTRING (3097630.234 233752.092, 3097628.222 233747.397)	23	318	0	100	false	595	None
LINESTRING (3097628.222 233747.397, 3097624.476 233728.362)	23	318	0	101	false	595	None
LINESTRING (3097624.476 233728.362, 3097621.865 233707.385)	23	318	0	102	false	595	None
LINESTRING (3097621.865 233707.385, 3097622.864 233662.463)	23	318	0	103	false	595	None
LINESTRING (3097622.864 233662.463, 3097623.883 233609.584)	23	318	0	104	false	595	None
LINESTRING (3097623.883 233609.584, 3097625.553 233573.363)	23	318	0	105	false	595	None
LINESTRING (3097625.553 233573.363, 3097626.076 233542.172)	23	318	0	106	false	595	None
LINESTRING (3097626.076 233542.172, 3097628.629 233486.313)	23	318	0	107	false	595	None
LINESTRING (3097628.629 233486.313, 3097632.527 233396.605)	23	318	0	108	false	595	None
LINESTRING (3097632.527 233396.605, 3097636.555 233301.716)	23	318	0	109	false	595	None
LINESTRING (3097636.555 233301.716, 3097413.247 233211.11)	23	318	0	110	false	595	None
LINESTRING (3097413.247 233211.11, 3096877.246 233003.504)	23	318	0	111	false	595	None
LINESTRING (3096877.246 233003.504, 3096900.064 232916.177)	23	318	0	112	false	595	None
LINESTRING (3096900.064 232916.177, 3096928.522 232805.21)	23	318	0	113	false	595	S:3096906.176339452 232892.343
LINESTRING (3099492.232 234670.33, 3099471.68 234724.402)	23	318	0	447	false	595	E:3099481.216 234699.31292876607
LINESTRING (3099471.68 234724.402, 3099467.589 234735.318)	23	318	0	448	false	595	None
LINESTRING (3099467.589 234735.318, 3099459.362 234757.016)	23	318	0	449	false	595	None
LINESTRING (3099459.362 234757.016, 3099426.35 234841.268)	23	318	0	450	false	595	None
LINESTRING (3099426.35 234841.268, 3099327.191 235094.098)	23	318	0	451	false	595	None
LINESTRING (3099327.191 235094.098, 3099294.054 235178.422)	23	318	0	452	false	595	None
LINESTRING (3099294.054 235178.422, 3099293.815 235179.044)	23	318	0	453	false	595	None
LINESTRING (3099293.815 235179.044, 3099293.06 235181.014)	23	318	0	454	false	595	None
LINESTRING (3099293.06 235181.014, 3099292.781 235181.739)	23	318	0	455	false	595	None
LINESTRING (3099292.781 235181.739, 3099292.304 235182.983)	23	318	0	456	false	595	None
LINESTRING (3099292.304 235182.983, 3099283.782 235202.903)	23	318	0	457	false	595	None
LINESTRING (3099283.782 235202.903, 3099277.98 235216.493)	23	318	0	458	false	595	None
LINESTRING (3099277.98 235216.493, 3099277.912 235220.748)	23	318	0	459	false	595	None
LINESTRING (3099277.912 235220.748, 3099276.53 235230.207)	23	318	0	460	false	595	None
LINESTRING (3099276.53 235230.207, 3099274.127 235239.274)	23	318	0	461	false	595	None
LINESTRING (3099274.127 235239.274, 3099269.308 235251.577)	23	318	0	462	false	595	None
LINESTRING (3099269.308 235251.577, 3099267.831 235253.388)	23	318	0	463	false	595	None
LINESTRING (3099267.831 235253.388, 3099261.786 235269.144)	23	318	0	464	false	595	None
LINESTRING (3099261.786 235269.144, 3099250.735 235294.634)	23	318	0	465	false	595	None
LINESTRING (3099250.735 235294.634, 3099209.622 235395.163)	23	318	0	466	false	595	None
LINESTRING (3099209.622 235395.163, 3099207.031 235401.661)	23	318	0	467	false	595	None
LINESTRING (3099207.031 235401.661, 3099199.002 235421.056)	23	318	0	468	false	595	None
LINESTRING (3099199.002 235421.056, 3099196.286 235427.625)	23	318	0	469	false	595	None
LINESTRING (3099196.286 235427.625, 3099191.423 235439.791)	23	318	0	470	false	595	None
LINESTRING (3099191.423 235439.791, 3099183.037 235460.12)	23	318	0	471	false	595	None
LINESTRING (3099183.037 235460.12, 3099177.343 235476.486)	23	318	0	472	false	595	None
LINESTRING (3099177.343 235476.486, 3099172.866 235488.92)	23	318	0	473	false	595	None
LINESTRING (3099172.866 235488.92, 3099160.842 235523.312)	23	318	0	474	false	595	None
LINESTRING (3099160.842 235523.312, 3099157.848 235532.391)	23	318	0	475	false	595	None
LINESTRING (3099157.848 235532.391, 3099156.279 235537.497)	23	318	0	476	false	595	None
LINESTRING (3099156.279 235537.497, 3099151.154 235552.893)	23	318	0	477	false	595	None
LINESTRING (3099151.154 235552.893, 3099149.461 235558.07)	23	318	0	478	false	595	None
LINESTRING (3099149.461 235558.07, 3099148.404 235561.589)	23	318	0	479	false	595	None
LINESTRING (3099148.404 235561.589, 3099144.773 235572.326)	23	318	0	480	false	595	None
LINESTRING (3099144.773 235572.326, 3099143.591 235575.915)	23	318	0	481	false	595	None
LINESTRING (3099143.591 235575.915, 3099138.307 235589.942)	23	318	0	482	false	595	None
LINESTRING (3099138.307 235589.942, 3099122.244 235632.06)	23	318	0	483	false	595	None
LINESTRING (3099122.244 235632.06, 3099116.835 235646.158)	23	318	0	484	false	595	None
LINESTRING (3099116.835 235646.158, 3099110.517 235661.096)	23	318	0	485	false	595	None
LINESTRING (3099110.517 235661.096, 3099103.487 235687.059)	23	318	0	486	false	595	None
LINESTRING (3099103.487 235687.059, 3099085.539 235727.978)	23	318	0	487	false	595	None
LINESTRING (3099085.539 235727.978, 3099080.409 235734.215)	23	318	0	488	false	595	None
LINESTRING (3099080.409 235734.215, 3099074.041 235738.075)	23	318	0	489	false	595	None
LINESTRING (3099074.041 235738.075, 3099067.6 235738.814)	23	318	0	490	false	595	None
LINESTRING (3099067.6 235738.814, 3099063.943 235737.648)	23	318	0	491	false	595	None
LINESTRING (3099063.943 235737.648, 3099023.737 235846.256)	23	318	0	492	false	595	None
LINESTRING (3099023.737 235846.256, 3099013.368 235870.223)	23	318	0	493	false	595	None
LINESTRING (3099013.368 235870.223, 3099009.049 235884.026)	23	318	0	494	false	595	None
LINESTRING (3099009.049 235884.026, 3099003.548 235904.986)	23	318	0	495	false	595	None
LINESTRING (3099003.548 235904.986, 3098980.392 235984.696)	23	318	0	496	false	595	None
LINESTRING (3098980.392 235984.696, 3098972.125 236004.714)	23	318	0	497	false	595	None
LINESTRING (3098972.125 236004.714, 3098968.971 236012.423)	23	318	0	498	false	595	None
LINESTRING (3098968.971 236012.423, 3098959.261 236035.692)	23	318	0	499	false	595	None
LINESTRING (3098959.261 236035.692, 3098955.983 236043.472)	23	318	0	500	false	595	None
LINESTRING (3098955.983 236043.472, 3098949.824 236057.996)	23	318	0	501	false	595	None
LINESTRING (3098949.824 236057.996, 3098931.307 236101.67)	23	318	0	502	false	595	None
LINESTRING (3098931.307 236101.67, 3098925.023 236116.264)	23	318	0	503	false	595	None
LINESTRING (3098925.023 236116.264, 3098884.348 236215.654)	23	318	0	504	false	595	None
LINESTRING (3098884.348 236215.654, 3098880.727 236232.221)	23	318	0	505	false	595	None
LINESTRING (3098880.727 236232.221, 3098880.056 236234.224)	23	318	0	506	false	595	None
LINESTRING (3098880.056 236234.224, 3098872.448 236255.326)	23	318	0	507	false	595	None
LINESTRING (3098872.448 236255.326, 3098865.431 236274.634)	23	318	0	508	false	595	None
LINESTRING (3098865.431 236274.634, 3098861.345 236285.791)	23	318	0	509	false	595	None
LINESTRING (3098861.345 236285.791, 3098856.721 236291.984)	23	318	0	510	false	595	None
LINESTRING (3098856.721 236291.984, 3098849.633 236295.686)	23	318	0	511	false	595	None
LINESTRING (3098849.633 236295.686, 3098847.48 236295.693)	23	318	0	512	false	595	None
LINESTRING (3098847.48 236295.693, 3098839.355 236319.927)	23	318	0	513	false	595	None
LINESTRING (3098839.355 236319.927, 3098838.644 236322.033)	23	318	0	514	false	595	None
LINESTRING (3098838.644 236322.033, 3098836.303 236328.389)	23	318	0	515	false	595	None
LINESTRING (3098836.303 236328.389, 3098835.468 236330.566)	23	318	0	516	false	595	None
LINESTRING (3098835.468 236330.566, 3098834.917 236332.257)	23	318	0	517	false	595	None
LINESTRING (3098834.917 236332.257, 3098832.974 236337.576)	23	318	0	518	false	595	None
LINESTRING (3098832.974 236337.576, 3098832.297 236339.338)	23	318	0	519	false	595	None
LINESTRING (3098832.297 236339.338, 3098825.041 236359.268)	23	318	0	520	false	595	None
LINESTRING (3098825.041 236359.268, 3098803.188 236419.025)	23	318	0	521	false	595	None
LINESTRING (3098803.188 236419.025, 3098795.807 236439.026)	23	318	0	522	false	595	None
LINESTRING (3098795.807 236439.026, 3098793.62 236444.727)	23	318	0	523	false	595	None
LINESTRING (3098793.62 236444.727, 3098786.972 236461.798)	23	318	0	524	false	595	None
LINESTRING (3098786.972 236461.798, 3098785.256 236466.015)	23	318	0	525	false	595	None
LINESTRING (3098785.256 236466.015, 3098784.745 236467.603)	23	318	0	526	false	595	None
LINESTRING (3098784.745 236467.603, 3098774.857 236497.702)	23	318	0	527	false	595	None
LINESTRING (3098774.857 236497.702, 3098744.775 236588.075)	23	318	0	528	false	595	None
LINESTRING (3098744.775 236588.075, 3098734.763 236618.244)	23	318	0	529	false	595	None
LINESTRING (3098734.763 236618.244, 3098731.768 236625.539)	23	318	0	530	false	595	None
LINESTRING (3098731.768 236625.539, 3098725.939 236639.713)	23	318	0	531	false	595	None
LINESTRING (3098725.939 236639.713, 3098722.7 236647.39)	23	318	0	532	false	595	None
LINESTRING (3098722.7 236647.39, 3098719.621 236654.651)	23	318	0	533	false	595	None
LINESTRING (3098719.621 236654.651, 3098708.518 236683.333)	23	318	0	534	false	595	None
LINESTRING (3098708.518 236683.333, 3098674.836 236769.589)	23	318	0	535	false	595	None
LINESTRING (3098674.836 236769.589, 3098663.609 236798.341)	23	318	0	536	false	595	None
LINESTRING (3098663.609 236798.341, 3098657.398 236814.272)	23	318	0	537	false	595	None
LINESTRING (3098657.398 236814.272, 3098638.767 236862.065)	23	318	0	538	false	595	N:3098657.029613521 236815.217
LINESTRING (3097849.19 236843.01, 3097845.977 236788.978)	23	318	0	577	false	595	N:3097847.5372958803 236815.217
LINESTRING (3097845.977 236788.978, 3097849.199 236764.528)	23	318	0	578	false	595	None
LINESTRING (3097849.199 236764.528, 3097865.788 236710.838)	23	318	0	579	false	595	None
LINESTRING (3097865.788 236710.838, 3097875.025 236685.484)	23	318	0	580	false	595	None
LINESTRING (3097875.025 236685.484, 3097894.083 236641.66)	23	318	0	581	false	595	None
LINESTRING (3097894.083 236641.66, 3097902.654 236622.116)	23	318	0	582	false	595	None
LINESTRING (3097902.654 236622.116, 3097918.207 236588.958)	23	318	0	583	false	595	None
LINESTRING (3097918.207 236588.958, 3097930.403 236567.355)	23	318	0	584	false	595	None
LINESTRING (3097930.403 236567.355, 3097941.77 236533.9)	23	318	0	585	false	595	None
LINESTRING (3097941.77 236533.9, 3097949.694 236515.535)	23	318	0	586	false	595	None
LINESTRING (3097949.694 236515.535, 3097955.137 236493.958)	23	318	0	587	false	595	None
LINESTRING (3097955.137 236493.958, 3097958.571 236458.768)	23	318	0	588	false	595	None
LINESTRING (3097958.571 236458.768, 3097967.28 236421.796)	23	318	0	589	false	595	None
LINESTRING (3097967.28 236421.796, 3097974.455 236402.073)	23	318	0	590	false	595	None
LINESTRING (3097974.455 236402.073, 3097983.799 236383.063)	23	318	0	591	false	595	None
LINESTRING (3097983.799 236383.063, 3098003.662 236360.834)	23	318	0	592	false	595	None
LINESTRING (3098003.662 236360.834, 3098009.512 236351.186)	23	318	0	593	false	595	None
LINESTRING (3098009.512 236351.186, 3098036.889 236320.067)	23	318	0	594	false	595	None
LINESTRING (3098036.889 236320.067, 3098053.537 236301.124)	23	318	0	595	false	595	None
LINESTRING (3096928.522 232805.21, 3096900.064 232916.177)	23	321	0	87	false	528	S:3096906.176339452 232892.343
LINESTRING (3096900.064 232916.177, 3096877.246 233003.504)	23	321	0	88	false	528	None
LINESTRING (3096877.246 233003.504, 3096873.263 233018.743)	23	321	0	89	false	528	None
LINESTRING (3096873.263 233018.743, 3096858.999 233082.477)	23	321	0	90	false	528	None
LINESTRING (3096858.999 233082.477, 3096856.282 233118.89)	23	321	0	91	false	528	None
LINESTRING (3096856.282 233118.89, 3096857.956 233132.373)	23	321	0	92	false	528	None
LINESTRING (3096857.956 233132.373, 3096858.825 233152.801)	23	321	0	93	false	528	None
LINESTRING (3096858.825 233152.801, 3096864.358 233195.23)	23	321	0	94	false	528	None
LINESTRING (3096864.358 233195.23, 3096884.566 233266.945)	23	321	0	95	false	528	None
LINESTRING (3096884.566 233266.945, 3096890.93 233294.711)	23	321	0	96	false	528	None
LINESTRING (3096890.93 233294.711, 3096882.018 233343.969)	23	321	0	97	false	528	None
LINESTRING (3096882.018 233343.969, 3096870.195 233384.502)	23	321	0	98	false	528	None
LINESTRING (3096870.195 233384.502, 3096848.451 233432.052)	23	321	0	99	false	528	None
LINESTRING (3096848.451 233432.052, 3096790.288 233526.164)	23	321	0	100	false	528	None
LINESTRING (3096790.288 233526.164, 3096779.881 233546.431)	23	321	0	101	false	528	None
LINESTRING (3096779.881 233546.431, 3096770.73 233571.579)	23	321	0	102	false	528	None
LINESTRING (3096770.73 233571.579, 3096767.019 233610.584)	23	321	0	103	false	528	None
LINESTRING (3096767.019 233610.584, 3096763.638 233652.807)	23	321	0	104	false	528	None
LINESTRING (3096763.638 233652.807, 3096766.624 233670.004)	23	321	0	105	false	528	None
LINESTRING (3096766.624 233670.004, 3096768.968 233683.268)	23	321	0	106	false	528	None
LINESTRING (3096768.968 233683.268, 3096778.012 233711.942)	23	321	0	107	false	528	None
LINESTRING (3096778.012 233711.942, 3096787.12 233745.04)	23	321	0	108	false	528	None
LINESTRING (3096787.12 233745.04, 3096788.888 233751.901)	23	321	0	109	false	528	None
LINESTRING (3096788.888 233751.901, 3096814.137 233801.532)	23	321	0	110	false	528	None
LINESTRING (3096814.137 233801.532, 3096865.434 233895.391)	23	321	0	111	false	528	None
LINESTRING (3096865.434 233895.391, 3096874.31 233911.755)	23	321	0	112	false	528	None
LINESTRING (3096874.31 233911.755, 3096875.219 233914.481)	23	321	0	113	false	528	None
LINESTRING (3096875.219 233914.481, 3096883.408 233928.559)	23	321	0	114	false	528	None
LINESTRING (3096883.408 233928.559, 3096895.337 233989.731)	23	321	0	115	false	528	None
LINESTRING (3096895.337 233989.731, 3096898.839 234003.797)	23	321	0	116	false	528	None
LINESTRING (3096898.839 234003.797, 3096903.222 234021.172)	23	321	0	117	false	528	None
LINESTRING (3096903.222 234021.172, 3096905 234053.245)	23	321	0	118	false	528	None
LINESTRING (3096905 234053.245, 3096904.337 234089.138)	23	321	0	119	false	528	None
LINESTRING (3096904.337 234089.138, 3096894.737 234088.431)	23	321	0	120	false	528	None
LINESTRING (3096894.737 234088.431, 3096872.772 234087.858)	23	321	0	121	false	528	None
LINESTRING (3096872.772 234087.858, 3096855.953 234087.118)	23	321	0	122	false	528	None
LINESTRING (3096855.953 234087.118, 3096844.109 234087.929)	23	321	0	123	false	528	None
LINESTRING (3096844.109 234087.929, 3096832.396 234085.341)	23	321	0	124	false	528	None
LINESTRING (3096832.396 234085.341, 3096758.228 234078.432)	23	321	0	125	false	528	None
LINESTRING (3096758.228 234078.432, 3096739.995 234078.577)	23	321	0	126	false	528	None
LINESTRING (3096739.995 234078.577, 3096616.454 234065.347)	23	321	0	127	false	528	None
LINESTRING (3096616.454 234065.347, 3096635.114 233943.489)	23	321	0	128	false	528	None
LINESTRING (3096635.114 233943.489, 3096584.382 233936.885)	23	321	0	129	false	528	None
LINESTRING (3096584.382 233936.885, 3096529.453 233933.072)	23	321	0	130	false	528	None
LINESTRING (3096529.453 233933.072, 3096519.581 233931.547)	23	321	0	131	false	528	None
LINESTRING (3096519.581 233931.547, 3096509.861 233929.367)	23	321	0	132	false	528	None
LINESTRING (3096509.861 233929.367, 3096500.256 233926.637)	23	321	0	133	false	528	None
LINESTRING (3096500.256 233926.637, 3096490.803 233923.251)	23	321	0	134	false	528	None
LINESTRING (3096490.803 233923.251, 3096463.745 233910.978)	23	321	0	135	false	528	None
LINESTRING (3096463.745 233910.978, 3096451.666 233901.949)	23	321	0	136	false	528	None
LINESTRING (3096451.666 233901.949, 3096444.615 233894.847)	23	321	0	137	false	528	None
LINESTRING (3096444.615 233894.847, 3096438.433 233887.008)	23	321	0	138	false	528	None
LINESTRING (3096438.433 233887.008, 3096433.166 233878.569)	23	321	0	139	false	528	None
LINESTRING (3096433.166 233878.569, 3096429.022 233869.49)	23	321	0	140	false	528	None
LINESTRING (3096429.022 233869.49, 3096427.51 233864.511)	23	321	0	141	false	528	None
LINESTRING (3096427.51 233864.511, 3096406.845 233796.544)	23	321	0	142	false	528	None
LINESTRING (3096406.845 233796.544, 3096394.658 233763.575)	23	321	0	143	false	528	None
LINESTRING (3096394.658 233763.575, 3096387.082 233750.446)	23	321	0	144	false	528	None
LINESTRING (3096387.082 233750.446, 3096380.9 233742.607)	23	321	0	145	false	528	None
LINESTRING (3096380.9 233742.607, 3096373.889 233735.401)	23	321	0	146	false	528	None
LINESTRING (3096373.889 233735.401, 3096366.224 233729.134)	23	321	0	147	false	528	None
LINESTRING (3096366.224 233729.134, 3096357.901 233723.566)	23	321	0	148	false	528	None
LINESTRING (3096357.901 233723.566, 3096348.97 233719.074)	23	321	0	149	false	528	None
LINESTRING (3096348.97 233719.074, 3096271.681 233687.669)	23	321	0	150	false	528	None
LINESTRING (3096271.681 233687.669, 3096172.093 233645.341)	23	321	0	151	false	528	None
LINESTRING (3096172.093 233645.341, 3096154.43 233637.621)	23	321	0	152	false	528	None
LINESTRING (3096154.43 233637.621, 3096038.01 233592.292)	23	321	0	153	false	528	None
LINESTRING (3096038.01 233592.292, 3095960.924 233562.395)	23	321	0	154	false	528	None
LINESTRING (3095960.924 233562.395, 3095943.408 233639.983)	23	321	0	155	false	528	None
LINESTRING (3095943.408 233639.983, 3095949.441 233750.732)	23	321	0	156	false	528	None
LINESTRING (3095949.441 233750.732, 3095967.19 233818.41)	23	321	0	157	false	528	None
LINESTRING (3095967.19 233818.41, 3095965.653 233865.263)	23	321	0	158	false	528	None
LINESTRING (3095965.653 233865.263, 3095964.108 233883.576)	23	321	0	159	false	528	None
LINESTRING (3095964.108 233883.576, 3095949.194 233950.033)	23	321	0	160	false	528	None
LINESTRING (3095949.194 233950.033, 3095947.431 233980.391)	23	321	0	161	false	528	None
LINESTRING (3095947.431 233980.391, 3095938.113 234130.678)	23	321	0	162	false	528	None
LINESTRING (3095938.113 234130.678, 3095946.117 234154.672)	23	321	0	163	false	528	None
LINESTRING (3095946.117 234154.672, 3095946.386 234162.385)	23	321	0	164	false	528	None
LINESTRING (3095946.386 234162.385, 3095946.76 234181.552)	23	321	0	165	false	528	None
LINESTRING (3095946.76 234181.552, 3095944.769 234211.228)	23	321	0	166	false	528	None
LINESTRING (3095944.769 234211.228, 3095938.779 234243.176)	23	321	0	167	false	528	None
LINESTRING (3095938.779 234243.176, 3095939.055 234254.697)	23	321	0	168	false	528	None
LINESTRING (3095939.055 234254.697, 3095936.336 234282.191)	23	321	0	169	false	528	None
LINESTRING (3095936.336 234282.191, 3095941.436 234301.267)	23	321	0	170	false	528	None
LINESTRING (3095941.436 234301.267, 3095944.714 234325.353)	23	321	0	171	false	528	None
LINESTRING (3095944.714 234325.353, 3095942.539 234347.348)	23	321	0	172	false	528	None
LINESTRING (3095942.539 234347.348, 3095936.549 234379.296)	23	321	0	173	false	528	None
LINESTRING (3095936.549 234379.296, 3095924.025 234422.176)	23	321	0	174	false	528	None
LINESTRING (3095924.025 234422.176, 3095914.666 234452.715)	23	321	0	175	false	528	None
LINESTRING (3095914.666 234452.715, 3095900.949 234472.189)	23	321	0	176	false	528	None
LINESTRING (3095900.949 234472.189, 3095885.14 234488.96)	23	321	0	177	false	528	None
LINESTRING (3095885.14 234488.96, 3095880.33 234513.751)	23	321	0	178	false	528	None
LINESTRING (3095880.33 234513.751, 3095863.526 234545.359)	23	321	0	179	false	528	None
LINESTRING (3095863.526 234545.359, 3095840.725 234580.377)	23	321	0	180	false	528	None
LINESTRING (3095840.725 234580.377, 3095807.385 234626.575)	23	321	0	181	false	528	None
LINESTRING (3095807.385 234626.575, 3095785.128 234656.094)	23	321	0	182	false	528	None
LINESTRING (3095785.128 234656.094, 3095774.045 234672.774)	23	321	0	183	false	528	None
LINESTRING (3095774.045 234672.774, 3095747.522 234721.585)	23	321	0	184	false	528	None
LINESTRING (3095747.522 234721.585, 3095728.359 234767.509)	23	321	0	185	false	528	None
LINESTRING (3095728.359 234767.509, 3095711.464 234820.009)	23	321	0	186	false	528	None
LINESTRING (3095711.464 234820.009, 3095698.481 234870.204)	23	321	0	187	false	528	None
LINESTRING (3095698.481 234870.204, 3095681.952 234913.333)	23	321	0	188	false	528	None
LINESTRING (3095681.952 234913.333, 3095673.236 234944.237)	23	321	0	189	false	528	None
LINESTRING (3095673.236 234944.237, 3095659.886 234979.072)	23	321	0	190	false	528	None
LINESTRING (3095659.886 234979.072, 3095645.081 235009.544)	23	321	0	191	false	528	None
LINESTRING (3095645.081 235009.544, 3095617.47 235069.353)	23	321	0	192	false	528	None
LINESTRING (3095617.47 235069.353, 3095596.223 235141.113)	23	321	0	193	false	528	None
LINESTRING (3095596.223 235141.113, 3095581.058 235184.765)	23	321	0	194	false	528	None
LINESTRING (3095581.058 235184.765, 3095569.615 235214.623)	23	321	0	195	false	528	None
LINESTRING (3095569.615 235214.623, 3095551.356 235241.87)	23	321	0	196	false	528	None
LINESTRING (3095551.356 235241.87, 3095535.123 235262.045)	23	321	0	197	false	528	None
LINESTRING (3095535.123 235262.045, 3095557.031 235270.916)	23	321	0	198	false	528	None
LINESTRING (3095557.031 235270.916, 3095594.432 235283.466)	23	321	0	199	false	528	None
LINESTRING (3095594.432 235283.466, 3095628.118 235292.453)	23	321	0	200	false	528	None
LINESTRING (3095628.118 235292.453, 3095744.526 235311.74)	23	321	0	201	false	528	None
LINESTRING (3095744.526 235311.74, 3095757.662 235313.921)	23	321	0	202	false	528	None
LINESTRING (3095757.662 235313.921, 3095818.388 235322.213)	23	321	0	203	false	528	None
LINESTRING (3095818.388 235322.213, 3095913.978 235357.067)	23	321	0	204	false	528	None
LINESTRING (3095913.978 235357.067, 3096007.563 235392.818)	23	321	0	205	false	528	None
LINESTRING (3096007.563 235392.818, 3096100.37 235431.364)	23	321	0	206	false	528	None
LINESTRING (3096100.37 235431.364, 3096026.21 235615.66)	23	321	0	207	false	528	None
LINESTRING (3096026.21 235615.66, 3095993.55 235695.769)	23	321	0	208	false	528	None
LINESTRING (3095993.55 235695.769, 3095967.361 235764.089)	23	321	0	209	false	528	None
LINESTRING (3095967.361 235764.089, 3095976.602 235767.512)	23	321	0	210	false	528	None
LINESTRING (3095976.602 235767.512, 3096010.986 235782.833)	23	321	0	211	false	528	None
LINESTRING (3096010.986 235782.833, 3096057.779 235799.937)	23	321	0	212	false	528	None
LINESTRING (3096057.779 235799.937, 3096052.158 235812.051)	23	321	0	213	false	528	None
LINESTRING (3096052.158 235812.051, 3096035.949 235851.022)	23	321	0	214	false	528	None
LINESTRING (3096035.949 235851.022, 3096026.621 235872.298)	23	321	0	215	false	528	None
LINESTRING (3096026.621 235872.298, 3096023.374 235881.279)	23	321	0	216	false	528	None
LINESTRING (3096023.374 235881.279, 3096021.49 235890.783)	23	321	0	217	false	528	None
LINESTRING (3096021.49 235890.783, 3096021.348 235897.269)	23	321	0	218	false	528	None
LINESTRING (3096021.348 235897.269, 3096021.162 235903.618)	23	321	0	219	false	528	None
LINESTRING (3096021.162 235903.618, 3096022.443 235930.863)	23	321	0	220	false	528	None
LINESTRING (3096022.443 235930.863, 3096025.137 235950.089)	23	321	0	221	false	528	None
LINESTRING (3096025.137 235950.089, 3096025.837 235959.988)	23	321	0	222	false	528	None
LINESTRING (3096025.837 235959.988, 3096025.044 235970.98)	23	321	0	223	false	528	None
LINESTRING (3096025.044 235970.98, 3096011.589 236008.629)	23	321	0	224	false	528	None
LINESTRING (3096011.589 236008.629, 3096003.697 236028.196)	23	321	0	225	false	528	None
LINESTRING (3096003.697 236028.196, 3095978.689 236089.359)	23	321	0	226	false	528	None
LINESTRING (3095978.689 236089.359, 3096089.4 236133.939)	23	321	0	227	false	528	None
LINESTRING (3096089.4 236133.939, 3096008.036 236175.164)	23	321	0	228	false	528	None
LINESTRING (3096008.036 236175.164, 3095987.415 236167.021)	23	321	0	229	false	528	None
LINESTRING (3095987.415 236167.021, 3095969.48 236158.244)	23	321	0	230	false	528	None
LINESTRING (3095969.48 236158.244, 3095846.127 236107.393)	23	321	0	231	false	528	None
LINESTRING (3095846.127 236107.393, 3095842.015 236104.866)	23	321	0	232	false	528	None
LINESTRING (3095842.015 236104.866, 3095772.739 236077.598)	23	321	0	233	false	528	None
LINESTRING (3095772.739 236077.598, 3095609.772 236009.784)	23	321	0	234	false	528	None
LINESTRING (3095609.772 236009.784, 3095602.315 236006.807)	23	321	0	235	false	528	None
LINESTRING (3095602.315 236006.807, 3095573.753 235994.909)	23	321	0	236	false	528	None
LINESTRING (3095573.753 235994.909, 3095541.228 235981.373)	23	321	0	237	false	528	None
LINESTRING (3095541.228 235981.373, 3095494.521 235964.304)	23	321	0	238	false	528	None
LINESTRING (3095494.521 235964.304, 3095471.781 235954.043)	23	321	0	239	false	528	None
LINESTRING (3095471.781 235954.043, 3095436.478 235939.086)	23	321	0	240	false	528	None
LINESTRING (3095436.478 235939.086, 3095091.983 235807.779)	23	321	0	241	false	528	W:3095203.383 235850.23999304775
LINESTRING (3098638.767 236862.065, 3098657.398 236814.272)	23	1198	0	28	false	487	N:3098657.029613521 236815.217
LINESTRING (3098657.398 236814.272, 3098663.609 236798.341)	23	1198	0	29	false	487	None
LINESTRING (3098663.609 236798.341, 3098674.836 236769.589)	23	1198	0	30	false	487	None
LINESTRING (3098674.836 236769.589, 3098708.518 236683.333)	23	1198	0	31	false	487	None
LINESTRING (3098708.518 236683.333, 3098719.621 236654.651)	23	1198	0	32	false	487	None
LINESTRING (3098719.621 236654.651, 3098722.7 236647.39)	23	1198	0	33	false	487	None
LINESTRING (3098722.7 236647.39, 3098725.939 236639.713)	23	1198	0	34	false	487	None
LINESTRING (3098725.939 236639.713, 3098731.768 236625.539)	23	1198	0	35	false	487	None
LINESTRING (3098731.768 236625.539, 3098734.763 236618.244)	23	1198	0	36	false	487	None
LINESTRING (3098734.763 236618.244, 3098744.775 236588.075)	23	1198	0	37	false	487	None
LINESTRING (3098744.775 236588.075, 3098774.857 236497.702)	23	1198	0	38	false	487	None
LINESTRING (3098774.857 236497.702, 3098784.745 236467.603)	23	1198	0	39	false	487	None
LINESTRING (3098784.745 236467.603, 3098785.256 236466.015)	23	1198	0	40	false	487	None
LINESTRING (3098785.256 236466.015, 3098786.972 236461.798)	23	1198	0	41	false	487	None
LINESTRING (3098786.972 236461.798, 3098793.62 236444.727)	23	1198	0	42	false	487	None
LINESTRING (3098793.62 236444.727, 3098795.807 236439.026)	23	1198	0	43	false	487	None
LINESTRING (3098795.807 236439.026, 3098803.188 236419.025)	23	1198	0	44	false	487	None
LINESTRING (3098803.188 236419.025, 3098825.041 236359.268)	23	1198	0	45	false	487	None
LINESTRING (3098825.041 236359.268, 3098832.297 236339.338)	23	1198	0	46	false	487	None
LINESTRING (3098832.297 236339.338, 3098832.974 236337.576)	23	1198	0	47	false	487	None
LINESTRING (3098832.974 236337.576, 3098834.917 236332.257)	23	1198	0	48	false	487	None
LINESTRING (3098834.917 236332.257, 3098835.468 236330.566)	23	1198	0	49	false	487	None
LINESTRING (3098835.468 236330.566, 3098836.303 236328.389)	23	1198	0	50	false	487	None
LINESTRING (3098836.303 236328.389, 3098838.644 236322.033)	23	1198	0	51	false	487	None
LINESTRING (3098838.644 236322.033, 3098839.355 236319.927)	23	1198	0	52	false	487	None
LINESTRING (3098839.355 236319.927, 3098847.48 236295.693)	23	1198	0	53	false	487	None
LINESTRING (3098847.48 236295.693, 3098849.633 236295.686)	23	1198	0	54	false	487	None
LINESTRING (3098849.633 236295.686, 3098856.721 236291.984)	23	1198	0	55	false	487	None
LINESTRING (3098856.721 236291.984, 3098861.345 236285.791)	23	1198	0	56	false	487	None
LINESTRING (3098861.345 236285.791, 3098865.431 236274.634)	23	1198	0	57	false	487	None
LINESTRING (3098865.431 236274.634, 3098872.448 236255.326)	23	1198	0	58	false	487	None
LINESTRING (3098872.448 236255.326, 3098880.056 236234.224)	23	1198	0	59	false	487	None
LINESTRING (3098880.056 236234.224, 3098880.727 236232.221)	23	1198	0	60	false	487	None
LINESTRING (3098880.727 236232.221, 3098884.348 236215.654)	23	1198	0	61	false	487	None
LINESTRING (3098884.348 236215.654, 3098925.023 236116.264)	23	1198	0	62	false	487	None
LINESTRING (3098925.023 236116.264, 3098931.307 236101.67)	23	1198	0	63	false	487	None
LINESTRING (3098931.307 236101.67, 3098949.824 236057.996)	23	1198	0	64	false	487	None
LINESTRING (3098949.824 236057.996, 3098955.983 236043.472)	23	1198	0	65	false	487	None
LINESTRING (3098955.983 236043.472, 3098959.261 236035.692)	23	1198	0	66	false	487	None
LINESTRING (3098959.261 236035.692, 3098968.971 236012.423)	23	1198	0	67	false	487	None
LINESTRING (3098968.971 236012.423, 3098972.125 236004.714)	23	1198	0	68	false	487	None
LINESTRING (3098972.125 236004.714, 3098980.392 235984.696)	23	1198	0	69	false	487	None
LINESTRING (3098980.392 235984.696, 3099003.548 235904.986)	23	1198	0	70	false	487	None
LINESTRING (3099003.548 235904.986, 3099009.049 235884.026)	23	1198	0	71	false	487	None
LINESTRING (3099009.049 235884.026, 3099013.368 235870.223)	23	1198	0	72	false	487	None
LINESTRING (3099013.368 235870.223, 3099023.737 235846.256)	23	1198	0	73	false	487	None
LINESTRING (3099023.737 235846.256, 3099063.943 235737.648)	23	1198	0	74	false	487	None
LINESTRING (3099063.943 235737.648, 3099067.6 235738.814)	23	1198	0	75	false	487	None
LINESTRING (3099067.6 235738.814, 3099074.041 235738.075)	23	1198	0	76	false	487	None
LINESTRING (3099074.041 235738.075, 3099080.409 235734.215)	23	1198	0	77	false	487	None
LINESTRING (3099080.409 235734.215, 3099085.539 235727.978)	23	1198	0	78	false	487	None
LINESTRING (3099085.539 235727.978, 3099103.487 235687.059)	23	1198	0	79	false	487	None
LINESTRING (3099103.487 235687.059, 3099110.517 235661.096)	23	1198	0	80	false	487	None
LINESTRING (3099110.517 235661.096, 3099116.835 235646.158)	23	1198	0	81	false	487	None
LINESTRING (3099116.835 235646.158, 3099122.244 235632.06)	23	1198	0	82	false	487	None
LINESTRING (3099122.244 235632.06, 3099138.307 235589.942)	23	1198	0	83	false	487	None
LINESTRING (3099138.307 235589.942, 3099143.591 235575.915)	23	1198	0	84	false	487	None
LINESTRING (3099143.591 235575.915, 3099144.773 235572.326)	23	1198	0	85	false	487	None
LINESTRING (3099144.773 235572.326, 3099148.404 235561.589)	23	1198	0	86	false	487	None
LINESTRING (3099148.404 235561.589, 3099149.461 235558.07)	23	1198	0	87	false	487	None
LINESTRING (3099149.461 235558.07, 3099151.154 235552.893)	23	1198	0	88	false	487	None
LINESTRING (3099151.154 235552.893, 3099156.279 235537.497)	23	1198	0	89	false	487	None
LINESTRING (3099156.279 235537.497, 3099157.848 235532.391)	23	1198	0	90	false	487	None
LINESTRING (3099157.848 235532.391, 3099160.842 235523.312)	23	1198	0	91	false	487	None
LINESTRING (3099160.842 235523.312, 3099172.866 235488.92)	23	1198	0	92	false	487	None
LINESTRING (3099172.866 235488.92, 3099177.343 235476.486)	23	1198	0	93	false	487	None
LINESTRING (3099177.343 235476.486, 3099183.037 235460.12)	23	1198	0	94	false	487	None
LINESTRING (3099183.037 235460.12, 3099191.423 235439.791)	23	1198	0	95	false	487	None
LINESTRING (3099191.423 235439.791, 3099196.286 235427.625)	23	1198	0	96	false	487	None
LINESTRING (3099196.286 235427.625, 3099199.002 235421.056)	23	1198	0	97	false	487	None
LINESTRING (3099199.002 235421.056, 3099207.031 235401.661)	23	1198	0	98	false	487	None
LINESTRING (3099207.031 235401.661, 3099209.622 235395.163)	23	1198	0	99	false	487	None
LINESTRING (3099209.622 235395.163, 3099250.735 235294.634)	23	1198	0	100	false	487	None
LINESTRING (3099250.735 235294.634, 3099261.786 235269.144)	23	1198	0	101	false	487	None
LINESTRING (3099261.786 235269.144, 3099267.831 235253.388)	23	1198	0	102	false	487	None
LINESTRING (3099267.831 235253.388, 3099269.308 235251.577)	23	1198	0	103	false	487	None
LINESTRING (3099269.308 235251.577, 3099274.127 235239.274)	23	1198	0	104	false	487	None
LINESTRING (3099274.127 235239.274, 3099276.53 235230.207)	23	1198	0	105	false	487	None
LINESTRING (3099276.53 235230.207, 3099277.912 235220.748)	23	1198	0	106	false	487	None
LINESTRING (3099277.912 235220.748, 3099277.98 235216.493)	23	1198	0	107	false	487	None
LINESTRING (3099277.98 235216.493, 3099283.782 235202.903)	23	1198	0	108	false	487	None
LINESTRING (3099283.782 235202.903, 3099292.304 235182.983)	23	1198	0	109	false	487	None
LINESTRING (3099292.304 235182.983, 3099292.781 235181.739)	23	1198	0	110	false	487	None
LINESTRING (3099292.781 235181.739, 3099293.06 235181.014)	23	1198	0	111	false	487	None
LINESTRING (3099293.06 235181.014, 3099293.815 235179.044)	23	1198	0	112	false	487	None
LINESTRING (3099293.815 235179.044, 3099294.054 235178.422)	23	1198	0	113	false	487	None
LINESTRING (3099294.054 235178.422, 3099327.191 235094.098)	23	1198	0	114	false	487	None
LINESTRING (3099327.191 235094.098, 3099426.35 234841.268)	23	1198	0	115	false	487	None
LINESTRING (3099426.35 234841.268, 3099459.362 234757.016)	23	1198	0	116	false	487	None
LINESTRING (3099459.362 234757.016, 3099467.678 234760.563)	23	1198	0	117	false	487	None
LINESTRING (3099467.678 234760.563, 3099476.147 234765.24)	23	1198	0	118	false	487	None
LINESTRING (3099476.147 234765.24, 3099524.967 234792.891)	23	1198	0	119	false	487	E:3099481.216 234768.11101431795
LINESTRING (3099524.967 234792.891, 3099476.147 234765.24)	23	1199	0	158	false	1759	E:3099481.216 234768.11101431795
LINESTRING (3099476.147 234765.24, 3099467.678 234760.563)	23	1199	0	159	false	1759	None
LINESTRING (3099467.678 234760.563, 3099459.362 234757.016)	23	1199	0	160	false	1759	None
LINESTRING (3099459.362 234757.016, 3099467.589 234735.318)	23	1199	0	161	false	1759	None
LINESTRING (3099467.589 234735.318, 3099471.68 234724.402)	23	1199	0	162	false	1759	None
LINESTRING (3099471.68 234724.402, 3099492.232 234670.33)	23	1199	0	163	false	1759	E:3099481.216 234699.31292876607
