LINESTRING (3176468.564 257729.943, 3176499.034 257725.371)	12	940	0	1676	false	2438	W:3176482.218 257727.89422783066
LINESTRING (3176499.034 257725.371, 3176543.654 257718.024)	12	940	0	1677	false	2438	None
LINESTRING (3176543.654 257718.024, 3176591.883 257708.998)	12	940	0	1678	false	2438	None
LINESTRING (3176591.883 257708.998, 3176633.751 257701.164)	12	940	0	1679	false	2438	None
LINESTRING (3176633.751 257701.164, 3176665.926 257694.758)	12	940	0	1680	false	2438	None
LINESTRING (3176665.926 257694.758, 3176679.149 257692.096)	12	940	0	1681	false	2438	None
LINESTRING (3176679.149 257692.096, 3176696.216 257689.399)	12	940	0	1682	false	2438	None
LINESTRING (3176696.216 257689.399, 3176707.329 257686.86)	12	940	0	1683	false	2438	None
LINESTRING (3176707.329 257686.86, 3176716.2 257684.033)	12	940	0	1684	false	2438	None
LINESTRING (3176716.2 257684.033, 3176724.122 257679.877)	12	940	0	1685	false	2438	None
LINESTRING (3176724.122 257679.877, 3176731.676 257673.667)	12	940	0	1686	false	2438	None
LINESTRING (3176731.676 257673.667, 3176738.03 257666.268)	12	940	0	1687	false	2438	None
LINESTRING (3176738.03 257666.268, 3176742.326 257659.608)	12	940	0	1688	false	2438	None
LINESTRING (3176742.326 257659.608, 3176748.657 257644.8)	12	940	0	1689	false	2438	None
LINESTRING (3176748.657 257644.8, 3176754.145 257630.137)	12	940	0	1690	false	2438	None
LINESTRING (3176754.145 257630.137, 3176755.345 257622.614)	12	940	0	1691	false	2438	None
LINESTRING (3176755.345 257622.614, 3176758.891 257610.885)	12	940	0	1692	false	2438	None
LINESTRING (3176758.891 257610.885, 3176764.332 257598.829)	12	940	0	1693	false	2438	None
LINESTRING (3176764.332 257598.829, 3176768.398 257593.749)	12	940	0	1694	false	2438	None
LINESTRING (3176768.398 257593.749, 3176774.916 257588.92)	12	940	0	1695	false	2438	None
LINESTRING (3176774.916 257588.92, 3176782.546 257585.008)	12	940	0	1696	false	2438	None
LINESTRING (3176782.546 257585.008, 3176790.027 257582.468)	12	940	0	1697	false	2438	None
LINESTRING (3176790.027 257582.468, 3176838.262 257576.668)	12	940	0	1698	false	2438	None
LINESTRING (3176838.262 257576.668, 3176922.051 257567.347)	12	940	0	1699	false	2438	None
LINESTRING (3176922.051 257567.347, 3176969.51 257560.525)	12	940	0	1700	false	2438	None
LINESTRING (3176969.51 257560.525, 3176969.054 257566.909)	12	940	0	1701	false	2438	None
LINESTRING (3176969.054 257566.909, 3176969.018 257570.236)	12	940	0	1702	false	2438	None
LINESTRING (3176969.018 257570.236, 3176969.577 257573.798)	12	940	0	1703	false	2438	None
LINESTRING (3176969.577 257573.798, 3176971.558 257582.218)	12	940	0	1704	false	2438	None
LINESTRING (3176971.558 257582.218, 3176971.997 257583.346)	12	940	0	1705	false	2438	None
LINESTRING (3176971.997 257583.346, 3176973.299 257585.769)	12	940	0	1706	false	2438	None
LINESTRING (3176973.299 257585.769, 3176977.95 257591.899)	12	940	0	1707	false	2438	None
LINESTRING (3176977.95 257591.899, 3176979.426 257594.63)	12	940	0	1708	false	2438	None
LINESTRING (3176979.426 257594.63, 3176980.569 257597.706)	12	940	0	1709	false	2438	None
LINESTRING (3176980.569 257597.706, 3176981.828 257602.977)	12	940	0	1710	false	2438	None
LINESTRING (3176981.828 257602.977, 3176983.441 257609.341)	12	940	0	1711	false	2438	None
LINESTRING (3176983.441 257609.341, 3176984.009 257610.639)	12	940	0	1712	false	2438	None
LINESTRING (3176984.009 257610.639, 3176984.91 257611.591)	12	940	0	1713	false	2438	None
LINESTRING (3176984.91 257611.591, 3176985.977 257612.37)	12	940	0	1714	false	2438	None
LINESTRING (3176985.977 257612.37, 3177028.522 257619.006)	12	940	0	1715	false	2438	None
LINESTRING (3177028.522 257619.006, 3177086.669 257632.632)	12	940	0	1716	false	2438	None
LINESTRING (3177086.669 257632.632, 3177119.892 257642.99)	12	940	0	1717	false	2438	None
LINESTRING (3177119.892 257642.99, 3177138.424 257651.016)	12	940	0	1718	false	2438	None
LINESTRING (3177138.424 257651.016, 3177139.827 257651.689)	12	940	0	1719	false	2438	None
LINESTRING (3177139.827 257651.689, 3177149.072 257657.125)	12	940	0	1720	false	2438	None
LINESTRING (3177149.072 257657.125, 3177155.615 257662.69)	12	940	0	1721	false	2438	None
LINESTRING (3177155.615 257662.69, 3177164.728 257670.7)	12	940	0	1722	false	2438	None
LINESTRING (3177164.728 257670.7, 3177171.683 257678.456)	12	940	0	1723	false	2438	None
LINESTRING (3177171.683 257678.456, 3177185.358 257701.035)	12	940	0	1724	false	2438	None
LINESTRING (3177185.358 257701.035, 3177192.12 257710.028)	12	940	0	1725	false	2438	None
LINESTRING (3177192.12 257710.028, 3177195.794 257712.909)	12	940	0	1726	false	2438	None
LINESTRING (3177195.794 257712.909, 3177196.137 257713.283)	12	940	0	1727	false	2438	None
LINESTRING (3177196.137 257713.283, 3177200.817 257715.607)	12	940	0	1728	false	2438	None
LINESTRING (3177200.817 257715.607, 3177214.951 257720.346)	12	940	0	1729	false	2438	None
LINESTRING (3177214.951 257720.346, 3177224.404 257719.778)	12	940	0	1730	false	2438	None
LINESTRING (3177224.404 257719.778, 3177244.548 257713.761)	12	940	0	1731	false	2438	None
LINESTRING (3177244.548 257713.761, 3177264.394 257710.49)	12	940	0	1732	false	2438	None
LINESTRING (3177264.394 257710.49, 3177271.156 257710.77)	12	940	0	1733	false	2438	None
LINESTRING (3177271.156 257710.77, 3177277.898 257712.594)	12	940	0	1734	false	2438	None
LINESTRING (3177277.898 257712.594, 3177284.362 257715.621)	12	940	0	1735	false	2438	None
LINESTRING (3177284.362 257715.621, 3177289.746 257719.893)	12	940	0	1736	false	2438	None
LINESTRING (3177289.746 257719.893, 3177292.768 257724.427)	12	940	0	1737	false	2438	None
LINESTRING (3177292.768 257724.427, 3177297.06 257734.951)	12	940	0	1738	false	2438	None
LINESTRING (3177297.06 257734.951, 3177299.173 257743.781)	12	940	0	1739	false	2438	None
LINESTRING (3177299.173 257743.781, 3177301.548 257761.904)	12	940	0	1740	false	2438	None
LINESTRING (3177301.548 257761.904, 3177302.892 257767.208)	12	940	0	1741	false	2438	None
LINESTRING (3177302.892 257767.208, 3177308.33 257789.761)	12	940	0	1742	false	2438	None
LINESTRING (3177308.33 257789.761, 3177315.796 257809.414)	12	940	0	1743	false	2438	None
LINESTRING (3177315.796 257809.414, 3177328.862 257833.783)	12	940	0	1744	false	2438	None
LINESTRING (3177328.862 257833.783, 3177377.609 257904.093)	12	940	0	1745	false	2438	None
LINESTRING (3177377.609 257904.093, 3177452.325 258017.826)	12	940	0	1746	false	2438	None
LINESTRING (3177452.325 258017.826, 3177498.095 258083.978)	12	940	0	1747	false	2438	None
LINESTRING (3177498.095 258083.978, 3177503.687 258090.958)	12	940	0	1748	false	2438	None
LINESTRING (3177503.687 258090.958, 3177511.002 258100.289)	12	940	0	1749	false	2438	None
LINESTRING (3177511.002 258100.289, 3177532.517 258121.905)	12	940	0	1750	false	2438	None
LINESTRING (3177532.517 258121.905, 3177571.095 258163.977)	12	940	0	1751	false	2438	None
LINESTRING (3177571.095 258163.977, 3177588.236 258181.003)	12	940	0	1752	false	2438	None
LINESTRING (3177588.236 258181.003, 3177598.487 258191.85)	12	940	0	1753	false	2438	None
LINESTRING (3177598.487 258191.85, 3177608.911 258203.004)	12	940	0	1754	false	2438	None
LINESTRING (3177608.911 258203.004, 3177621.111 258220.11)	12	940	0	1755	false	2438	None
LINESTRING (3177621.111 258220.11, 3177627.409 258226.295)	12	940	0	1756	false	2438	None
LINESTRING (3177627.409 258226.295, 3177629.938 258228.844)	12	940	0	1757	false	2438	None
LINESTRING (3177629.938 258228.844, 3177635.963 258233.728)	12	940	0	1758	false	2438	None
LINESTRING (3177635.963 258233.728, 3177638.859 258235.347)	12	940	0	1759	false	2438	None
LINESTRING (3177638.859 258235.347, 3177654.145 258235.172)	12	940	0	1760	false	2438	None
LINESTRING (3177654.145 258235.172, 3177699.669 258234.753)	12	940	0	1761	false	2438	None
LINESTRING (3177699.669 258234.753, 3177714.83 258234.647)	12	940	0	1762	false	2438	None
LINESTRING (3177714.83 258234.647, 3177726.718 258230.147)	12	940	0	1763	false	2438	None
LINESTRING (3177726.718 258230.147, 3177759.626 258218.903)	12	940	0	1764	false	2438	None
LINESTRING (3177759.626 258218.903, 3177785.95 258210.909)	12	940	0	1765	false	2438	None
LINESTRING (3177785.95 258210.909, 3177835.263 258197.901)	12	940	0	1766	false	2438	None
LINESTRING (3177835.263 258197.901, 3177838.926 258197.079)	12	940	0	1767	false	2438	None
LINESTRING (3177838.926 258197.079, 3178017.874 258158.597)	12	940	0	1768	false	2438	None
LINESTRING (3178017.874 258158.597, 3178107.666 258140.796)	12	940	0	1769	false	2438	None
LINESTRING (3178107.666 258140.796, 3178214.192 258120.647)	12	940	0	1770	false	2438	None
LINESTRING (3178214.192 258120.647, 3178276.912 258108.754)	12	940	0	1771	false	2438	None
LINESTRING (3178276.912 258108.754, 3178339.172 258094.294)	12	940	0	1772	false	2438	None
LINESTRING (3178339.172 258094.294, 3178347.17 258092.437)	12	940	0	1773	false	2438	None
LINESTRING (3178347.17 258092.437, 3178369.103 258087.366)	12	940	0	1774	false	2438	None
LINESTRING (3178369.103 258087.366, 3178371.08 258086.834)	12	940	0	1775	false	2438	None
LINESTRING (3178371.08 258086.834, 3178378.953 258085.047)	12	940	0	1776	false	2438	None
LINESTRING (3178378.953 258085.047, 3178438.517 258073.939)	12	940	0	1777	false	2438	None
LINESTRING (3178438.517 258073.939, 3178457.269 258070.955)	12	940	0	1778	false	2438	None
LINESTRING (3178457.269 258070.955, 3178515.719 258061.676)	12	940	0	1779	false	2438	None
LINESTRING (3178515.719 258061.676, 3178624.995 258047.51)	12	940	0	1780	false	2438	None
LINESTRING (3178624.995 258047.51, 3178692.07 258038.771)	12	940	0	1781	false	2438	None
LINESTRING (3178692.07 258038.771, 3178748.649 258031.499)	12	940	0	1782	false	2438	None
LINESTRING (3178748.649 258031.499, 3178770.276 258028.696)	12	940	0	1783	false	2438	None
LINESTRING (3178770.276 258028.696, 3178899.045 258012.916)	12	940	0	1784	false	2438	None
LINESTRING (3178899.045 258012.916, 3178976.736 258005.146)	12	940	0	1785	false	2438	None
LINESTRING (3178976.736 258005.146, 3179026.439 257998.385)	12	940	0	1786	false	2438	None
LINESTRING (3179026.439 257998.385, 3179157.836 257983.168)	12	940	0	1787	false	2438	None
LINESTRING (3179157.836 257983.168, 3179315.98 257965.62)	12	940	0	1788	false	2438	None
LINESTRING (3179315.98 257965.62, 3179435.252 257950.037)	12	940	0	1789	false	2438	None
LINESTRING (3179435.252 257950.037, 3179440.352 257949.305)	12	940	0	1790	false	2438	None
LINESTRING (3179440.352 257949.305, 3179455.494 257947.763)	12	940	0	1791	false	2438	None
LINESTRING (3179455.494 257947.763, 3179467.846 257946.074)	12	940	0	1792	false	2438	None
LINESTRING (3179467.846 257946.074, 3179504.902 257941.007)	12	940	0	1793	false	2438	None
LINESTRING (3179504.902 257941.007, 3179517.254 257939.318)	12	940	0	1794	false	2438	None
LINESTRING (3179517.254 257939.318, 3179534.421 257937.62)	12	940	0	1795	false	2438	None
LINESTRING (3179534.421 257937.62, 3179577.658 257933.562)	12	940	0	1796	false	2438	None
LINESTRING (3179577.658 257933.562, 3179585.712 257932.563)	12	940	0	1797	false	2438	None
LINESTRING (3179585.712 257932.563, 3179602.791 257930.592)	12	940	0	1798	false	2438	None
LINESTRING (3179602.791 257930.592, 3179658.115 257924.024)	12	940	0	1799	false	2438	None
LINESTRING (3179658.115 257924.024, 3179671.313 257922.431)	12	940	0	1800	false	2438	None
LINESTRING (3179671.313 257922.431, 3179783.914 257909.828)	12	940	0	1801	false	2438	None
LINESTRING (3179783.914 257909.828, 3179823.882 257904.6)	12	940	0	1802	false	2438	None
LINESTRING (3179823.882 257904.6, 3179840.115 257902.534)	12	940	0	1803	false	2438	None
LINESTRING (3179840.115 257902.534, 3179863.253 257898.897)	12	940	0	1804	false	2438	None
LINESTRING (3179863.253 257898.897, 3179879.058 257896.423)	12	940	0	1805	false	2438	None
LINESTRING (3179879.058 257896.423, 3179900.551 257892.972)	12	940	0	1806	false	2438	None
LINESTRING (3179900.551 257892.972, 3179926.377 257888.248)	12	940	0	1807	false	2438	None
LINESTRING (3179926.377 257888.248, 3179960.756 257882.007)	12	940	0	1808	false	2438	None
LINESTRING (3179960.756 257882.007, 3180013.023 257871.25)	12	940	0	1809	false	2438	None
LINESTRING (3180013.023 257871.25, 3180067.971 257858.926)	12	940	0	1810	false	2438	None
LINESTRING (3180067.971 257858.926, 3180115.131 257848.421)	12	940	0	1811	false	2438	None
LINESTRING (3180115.131 257848.421, 3180125.997 257872.883)	12	940	0	1812	false	2438	None
LINESTRING (3180125.997 257872.883, 3180131.225 257884.018)	12	940	0	1813	false	2438	None
LINESTRING (3180131.225 257884.018, 3180159.598 257945.471)	12	940	0	1814	false	2438	None
LINESTRING (3180159.598 257945.471, 3180180.005 257990.291)	12	940	0	1815	false	2438	None
LINESTRING (3180180.005 257990.291, 3180188.858 258009.9)	12	940	0	1816	false	2438	None
LINESTRING (3180188.858 258009.9, 3180194.715 258026.655)	12	940	0	1817	false	2438	None
LINESTRING (3180194.715 258026.655, 3180202.752 258042.362)	12	940	0	1818	false	2438	None
LINESTRING (3180202.752 258042.362, 3180207.894 258050.479)	12	940	0	1819	false	2438	None
LINESTRING (3180207.894 258050.479, 3180214.202 258057.386)	12	940	0	1820	false	2438	None
LINESTRING (3180214.202 258057.386, 3180220.992 258062.573)	12	940	0	1821	false	2438	None
LINESTRING (3180220.992 258062.573, 3180225.716 258065.035)	12	940	0	1822	false	2438	None
LINESTRING (3180225.716 258065.035, 3180230.81 258066.808)	12	940	0	1823	false	2438	None
LINESTRING (3180230.81 258066.808, 3180237.157 258064.659)	12	940	0	1824	false	2438	None
LINESTRING (3180237.157 258064.659, 3180244.201 258060.995)	12	940	0	1825	false	2438	None
LINESTRING (3180244.201 258060.995, 3180251.629 258054.617)	12	940	0	1826	false	2438	None
LINESTRING (3180251.629 258054.617, 3180270.764 258036.748)	12	940	0	1827	false	2438	None
LINESTRING (3180270.764 258036.748, 3180296.497 258013.607)	12	940	0	1828	false	2438	None
LINESTRING (3180296.497 258013.607, 3180308.522 258000.809)	12	940	0	1829	false	2438	None
LINESTRING (3180308.522 258000.809, 3180320.221 257985.853)	12	940	0	1830	false	2438	None
LINESTRING (3180320.221 257985.853, 3180332.576 257963.517)	12	940	0	1831	false	2438	None
LINESTRING (3180332.576 257963.517, 3180338.257 257956.092)	12	940	0	1832	false	2438	None
LINESTRING (3180338.257 257956.092, 3180344.577 257949.039)	12	940	0	1833	false	2438	None
LINESTRING (3180344.577 257949.039, 3180357.449 257939.32)	12	940	0	1834	false	2438	None
LINESTRING (3180357.449 257939.32, 3180363.654 257936.041)	12	940	0	1835	false	2438	None
LINESTRING (3180363.654 257936.041, 3180370.172 257933.959)	12	940	0	1836	false	2438	None
LINESTRING (3180370.172 257933.959, 3180376.503 257933.594)	12	940	0	1837	false	2438	None
LINESTRING (3180376.503 257933.594, 3180382.763 257934.156)	12	940	0	1838	false	2438	None
LINESTRING (3180382.763 257934.156, 3180393.95 257936.664)	12	940	0	1839	false	2438	None
LINESTRING (3180393.95 257936.664, 3180398.884 257939.089)	12	940	0	1840	false	2438	None
LINESTRING (3180398.884 257939.089, 3180403.713 257943.025)	12	940	0	1841	false	2438	None
LINESTRING (3180403.713 257943.025, 3180411.292 257953.179)	12	940	0	1842	false	2438	None
LINESTRING (3180411.292 257953.179, 3180415.86 257962.503)	12	940	0	1843	false	2438	None
LINESTRING (3180415.86 257962.503, 3180418.837 257972.869)	12	940	0	1844	false	2438	None
LINESTRING (3180418.837 257972.869, 3180428.004 258005.613)	12	940	0	1845	false	2438	None
LINESTRING (3180428.004 258005.613, 3180432.807 258028.517)	12	940	0	1846	false	2438	None
LINESTRING (3180432.807 258028.517, 3180435.619 258068.897)	12	940	0	1847	false	2438	None
LINESTRING (3180435.619 258068.897, 3180437.173 258080.134)	12	940	0	1848	false	2438	None
LINESTRING (3180437.173 258080.134, 3180441.098 258091.83)	12	940	0	1849	false	2438	None
LINESTRING (3180441.098 258091.83, 3180446.879 258103.303)	12	940	0	1850	false	2438	None
LINESTRING (3180446.879 258103.303, 3180451.242 258110.159)	12	940	0	1851	false	2438	None
LINESTRING (3180451.242 258110.159, 3180466.008 258129.716)	12	940	0	1852	false	2438	None
LINESTRING (3180466.008 258129.716, 3180483.014 258155.29)	12	940	0	1853	false	2438	None
LINESTRING (3180483.014 258155.29, 3180499.635 258177.609)	12	940	0	1854	false	2438	None
LINESTRING (3180499.635 258177.609, 3180504.352 258182.575)	12	940	0	1855	false	2438	None
LINESTRING (3180504.352 258182.575, 3180514.38 258186.774)	12	940	0	1856	false	2438	None
LINESTRING (3180514.38 258186.774, 3180523.467 258187.139)	12	940	0	1857	false	2438	None
LINESTRING (3180523.467 258187.139, 3180532.785 258185.924)	12	940	0	1858	false	2438	None
LINESTRING (3180532.785 258185.924, 3180559.542 258178.347)	12	940	0	1859	false	2438	None
LINESTRING (3180559.542 258178.347, 3180581.796 258171.976)	12	940	0	1860	false	2438	None
LINESTRING (3180581.796 258171.976, 3180593.5 258169.197)	12	940	0	1861	false	2438	None
LINESTRING (3180593.5 258169.197, 3180607.256 258168.183)	12	940	0	1862	false	2438	None
LINESTRING (3180607.256 258168.183, 3180620.991 258168.713)	12	940	0	1863	false	2438	None
LINESTRING (3180620.991 258168.713, 3180631.872 258170.504)	12	940	0	1864	false	2438	None
LINESTRING (3180631.872 258170.504, 3180694.906 258189.188)	12	940	0	1865	false	2438	None
LINESTRING (3180694.906 258189.188, 3180736.446 258199.385)	12	940	0	1866	false	2438	None
LINESTRING (3180736.446 258199.385, 3180755.499 258202.613)	12	940	0	1867	false	2438	None
LINESTRING (3180755.499 258202.613, 3180765.558 258205.988)	12	940	0	1868	false	2438	E:3180760.052 258204.14062451542
LINESTRING (3180765.558 258205.988, 3180755.499 258202.613)	12	941	0	329	false	2266	E:3180760.052 258204.14062451542
LINESTRING (3180755.499 258202.613, 3180736.446 258199.385)	12	941	0	330	false	2266	None
LINESTRING (3180736.446 258199.385, 3180694.906 258189.188)	12	941	0	331	false	2266	None
LINESTRING (3180694.906 258189.188, 3180631.872 258170.504)	12	941	0	332	false	2266	None
LINESTRING (3180631.872 258170.504, 3180620.991 258168.713)	12	941	0	333	false	2266	None
LINESTRING (3180620.991 258168.713, 3180607.256 258168.183)	12	941	0	334	false	2266	None
LINESTRING (3180607.256 258168.183, 3180593.5 258169.197)	12	941	0	335	false	2266	None
LINESTRING (3180593.5 258169.197, 3180581.796 258171.976)	12	941	0	336	false	2266	None
LINESTRING (3180581.796 258171.976, 3180559.542 258178.347)	12	941	0	337	false	2266	None
LINESTRING (3180559.542 258178.347, 3180532.785 258185.924)	12	941	0	338	false	2266	None
LINESTRING (3180532.785 258185.924, 3180523.467 258187.139)	12	941	0	339	false	2266	None
LINESTRING (3180523.467 258187.139, 3180514.38 258186.774)	12	941	0	340	false	2266	None
LINESTRING (3180514.38 258186.774, 3180504.352 258182.575)	12	941	0	341	false	2266	None
LINESTRING (3180504.352 258182.575, 3180499.635 258177.609)	12	941	0	342	false	2266	None
LINESTRING (3180499.635 258177.609, 3180483.014 258155.29)	12	941	0	343	false	2266	None
LINESTRING (3180483.014 258155.29, 3180466.008 258129.716)	12	941	0	344	false	2266	None
LINESTRING (3180466.008 258129.716, 3180451.242 258110.159)	12	941	0	345	false	2266	None
LINESTRING (3180451.242 258110.159, 3180446.879 258103.303)	12	941	0	346	false	2266	None
LINESTRING (3180446.879 258103.303, 3180441.098 258091.83)	12	941	0	347	false	2266	None
LINESTRING (3180441.098 258091.83, 3180437.173 258080.134)	12	941	0	348	false	2266	None
LINESTRING (3180437.173 258080.134, 3180435.619 258068.897)	12	941	0	349	false	2266	None
LINESTRING (3180435.619 258068.897, 3180432.807 258028.517)	12	941	0	350	false	2266	None
LINESTRING (3180432.807 258028.517, 3180428.004 258005.613)	12	941	0	351	false	2266	None
LINESTRING (3180428.004 258005.613, 3180418.837 257972.869)	12	941	0	352	false	2266	None
LINESTRING (3180418.837 257972.869, 3180415.86 257962.503)	12	941	0	353	false	2266	None
LINESTRING (3180415.86 257962.503, 3180411.292 257953.179)	12	941	0	354	false	2266	None
LINESTRING (3180411.292 257953.179, 3180403.713 257943.025)	12	941	0	355	false	2266	None
LINESTRING (3180403.713 257943.025, 3180398.884 257939.089)	12	941	0	356	false	2266	None
LINESTRING (3180398.884 257939.089, 3180393.95 257936.664)	12	941	0	357	false	2266	None
LINESTRING (3180393.95 257936.664, 3180382.763 257934.156)	12	941	0	358	false	2266	None
LINESTRING (3180382.763 257934.156, 3180376.503 257933.594)	12	941	0	359	false	2266	None
LINESTRING (3180376.503 257933.594, 3180370.172 257933.959)	12	941	0	360	false	2266	None
LINESTRING (3180370.172 257933.959, 3180363.654 257936.041)	12	941	0	361	false	2266	None
LINESTRING (3180363.654 257936.041, 3180357.449 257939.32)	12	941	0	362	false	2266	None
LINESTRING (3180357.449 257939.32, 3180344.577 257949.039)	12	941	0	363	false	2266	None
LINESTRING (3180344.577 257949.039, 3180338.257 257956.092)	12	941	0	364	false	2266	None
LINESTRING (3180338.257 257956.092, 3180332.576 257963.517)	12	941	0	365	false	2266	None
LINESTRING (3180332.576 257963.517, 3180320.221 257985.853)	12	941	0	366	false	2266	None
LINESTRING (3180320.221 257985.853, 3180308.522 258000.809)	12	941	0	367	false	2266	None
LINESTRING (3180308.522 258000.809, 3180296.497 258013.607)	12	941	0	368	false	2266	None
LINESTRING (3180296.497 258013.607, 3180270.764 258036.748)	12	941	0	369	false	2266	None
LINESTRING (3180270.764 258036.748, 3180251.629 258054.617)	12	941	0	370	false	2266	None
LINESTRING (3180251.629 258054.617, 3180244.201 258060.995)	12	941	0	371	false	2266	None
LINESTRING (3180244.201 258060.995, 3180237.157 258064.659)	12	941	0	372	false	2266	None
LINESTRING (3180237.157 258064.659, 3180230.81 258066.808)	12	941	0	373	false	2266	None
LINESTRING (3180230.81 258066.808, 3180225.716 258065.035)	12	941	0	374	false	2266	None
LINESTRING (3180225.716 258065.035, 3180220.992 258062.573)	12	941	0	375	false	2266	None
LINESTRING (3180220.992 258062.573, 3180214.202 258057.386)	12	941	0	376	false	2266	None
LINESTRING (3180214.202 258057.386, 3180207.894 258050.479)	12	941	0	377	false	2266	None
LINESTRING (3180207.894 258050.479, 3180202.752 258042.362)	12	941	0	378	false	2266	None
LINESTRING (3180202.752 258042.362, 3180194.715 258026.655)	12	941	0	379	false	2266	None
LINESTRING (3180194.715 258026.655, 3180188.858 258009.9)	12	941	0	380	false	2266	None
LINESTRING (3180188.858 258009.9, 3180180.005 257990.291)	12	941	0	381	false	2266	None
LINESTRING (3180180.005 257990.291, 3180159.598 257945.471)	12	941	0	382	false	2266	None
LINESTRING (3180159.598 257945.471, 3180131.225 257884.018)	12	941	0	383	false	2266	None
LINESTRING (3180131.225 257884.018, 3180125.997 257872.883)	12	941	0	384	false	2266	None
LINESTRING (3180125.997 257872.883, 3180115.131 257848.421)	12	941	0	385	false	2266	None
LINESTRING (3180115.131 257848.421, 3180067.971 257858.926)	12	941	0	386	false	2266	None
LINESTRING (3180067.971 257858.926, 3180013.023 257871.25)	12	941	0	387	false	2266	None
LINESTRING (3180013.023 257871.25, 3179960.756 257882.007)	12	941	0	388	false	2266	None
LINESTRING (3179960.756 257882.007, 3179926.377 257888.248)	12	941	0	389	false	2266	None
LINESTRING (3179926.377 257888.248, 3179900.551 257892.972)	12	941	0	390	false	2266	None
LINESTRING (3179900.551 257892.972, 3179879.058 257896.423)	12	941	0	391	false	2266	None
LINESTRING (3179879.058 257896.423, 3179863.253 257898.897)	12	941	0	392	false	2266	None
LINESTRING (3179863.253 257898.897, 3179840.115 257902.534)	12	941	0	393	false	2266	None
LINESTRING (3179840.115 257902.534, 3179823.882 257904.6)	12	941	0	394	false	2266	None
LINESTRING (3179823.882 257904.6, 3179783.914 257909.828)	12	941	0	395	false	2266	None
LINESTRING (3179783.914 257909.828, 3179671.313 257922.431)	12	941	0	396	false	2266	None
LINESTRING (3179671.313 257922.431, 3179658.115 257924.024)	12	941	0	397	false	2266	None
LINESTRING (3179658.115 257924.024, 3179602.791 257930.592)	12	941	0	398	false	2266	None
LINESTRING (3179602.791 257930.592, 3179585.712 257932.563)	12	941	0	399	false	2266	None
LINESTRING (3179585.712 257932.563, 3179577.658 257933.562)	12	941	0	400	false	2266	None
LINESTRING (3179577.658 257933.562, 3179534.421 257937.62)	12	941	0	401	false	2266	None
LINESTRING (3179534.421 257937.62, 3179517.254 257939.318)	12	941	0	402	false	2266	None
LINESTRING (3179517.254 257939.318, 3179504.902 257941.007)	12	941	0	403	false	2266	None
LINESTRING (3179504.902 257941.007, 3179467.846 257946.074)	12	941	0	404	false	2266	None
LINESTRING (3179467.846 257946.074, 3179455.494 257947.763)	12	941	0	405	false	2266	None
LINESTRING (3179455.494 257947.763, 3179440.352 257949.305)	12	941	0	406	false	2266	None
LINESTRING (3179440.352 257949.305, 3179435.252 257950.037)	12	941	0	407	false	2266	None
LINESTRING (3179435.252 257950.037, 3179315.98 257965.62)	12	941	0	408	false	2266	None
LINESTRING (3179315.98 257965.62, 3179157.836 257983.168)	12	941	0	409	false	2266	None
LINESTRING (3179157.836 257983.168, 3179026.439 257998.385)	12	941	0	410	false	2266	None
LINESTRING (3179026.439 257998.385, 3178976.736 258005.146)	12	941	0	411	false	2266	None
LINESTRING (3178976.736 258005.146, 3178899.045 258012.916)	12	941	0	412	false	2266	None
LINESTRING (3178899.045 258012.916, 3178770.276 258028.696)	12	941	0	413	false	2266	None
LINESTRING (3178770.276 258028.696, 3178748.649 258031.499)	12	941	0	414	false	2266	None
LINESTRING (3178748.649 258031.499, 3178692.07 258038.771)	12	941	0	415	false	2266	None
LINESTRING (3178692.07 258038.771, 3178624.995 258047.51)	12	941	0	416	false	2266	None
LINESTRING (3178624.995 258047.51, 3178515.719 258061.676)	12	941	0	417	false	2266	None
LINESTRING (3178515.719 258061.676, 3178457.269 258070.955)	12	941	0	418	false	2266	None
LINESTRING (3178457.269 258070.955, 3178438.517 258073.939)	12	941	0	419	false	2266	None
LINESTRING (3178438.517 258073.939, 3178378.953 258085.047)	12	941	0	420	false	2266	None
LINESTRING (3178378.953 258085.047, 3178371.08 258086.834)	12	941	0	421	false	2266	None
LINESTRING (3178371.08 258086.834, 3178369.103 258087.366)	12	941	0	422	false	2266	None
LINESTRING (3178369.103 258087.366, 3178347.17 258092.437)	12	941	0	423	false	2266	None
LINESTRING (3178347.17 258092.437, 3178339.172 258094.294)	12	941	0	424	false	2266	None
LINESTRING (3178339.172 258094.294, 3178276.912 258108.754)	12	941	0	425	false	2266	None
LINESTRING (3178276.912 258108.754, 3178214.192 258120.647)	12	941	0	426	false	2266	None
LINESTRING (3178214.192 258120.647, 3178107.666 258140.796)	12	941	0	427	false	2266	None
LINESTRING (3178107.666 258140.796, 3178017.874 258158.597)	12	941	0	428	false	2266	None
LINESTRING (3178017.874 258158.597, 3177838.926 258197.079)	12	941	0	429	false	2266	None
LINESTRING (3177838.926 258197.079, 3177835.263 258197.901)	12	941	0	430	false	2266	None
LINESTRING (3177835.263 258197.901, 3177785.95 258210.909)	12	941	0	431	false	2266	None
LINESTRING (3177785.95 258210.909, 3177759.626 258218.903)	12	941	0	432	false	2266	None
LINESTRING (3177759.626 258218.903, 3177726.718 258230.147)	12	941	0	433	false	2266	None
LINESTRING (3177726.718 258230.147, 3177714.83 258234.647)	12	941	0	434	false	2266	None
LINESTRING (3177714.83 258234.647, 3177699.669 258234.753)	12	941	0	435	false	2266	None
LINESTRING (3177699.669 258234.753, 3177654.145 258235.172)	12	941	0	436	false	2266	None
LINESTRING (3177654.145 258235.172, 3177638.859 258235.347)	12	941	0	437	false	2266	None
LINESTRING (3177638.859 258235.347, 3177635.963 258233.728)	12	941	0	438	false	2266	None
LINESTRING (3177635.963 258233.728, 3177629.938 258228.844)	12	941	0	439	false	2266	None
LINESTRING (3177629.938 258228.844, 3177627.409 258226.295)	12	941	0	440	false	2266	None
LINESTRING (3177627.409 258226.295, 3177621.111 258220.11)	12	941	0	441	false	2266	None
LINESTRING (3177621.111 258220.11, 3177608.911 258203.004)	12	941	0	442	false	2266	None
LINESTRING (3177608.911 258203.004, 3177598.487 258191.85)	12	941	0	443	false	2266	None
LINESTRING (3177598.487 258191.85, 3177588.236 258181.003)	12	941	0	444	false	2266	None
LINESTRING (3177588.236 258181.003, 3177571.095 258163.977)	12	941	0	445	false	2266	None
LINESTRING (3177571.095 258163.977, 3177532.517 258121.905)	12	941	0	446	false	2266	None
LINESTRING (3177532.517 258121.905, 3177511.002 258100.289)	12	941	0	447	false	2266	None
LINESTRING (3177511.002 258100.289, 3177503.687 258090.958)	12	941	0	448	false	2266	None
LINESTRING (3177503.687 258090.958, 3177498.095 258083.978)	12	941	0	449	false	2266	None
LINESTRING (3177498.095 258083.978, 3177452.325 258017.826)	12	941	0	450	false	2266	None
LINESTRING (3177452.325 258017.826, 3177377.609 257904.093)	12	941	0	451	false	2266	None
LINESTRING (3177377.609 257904.093, 3177328.862 257833.783)	12	941	0	452	false	2266	None
LINESTRING (3177328.862 257833.783, 3177315.796 257809.414)	12	941	0	453	false	2266	None
LINESTRING (3177315.796 257809.414, 3177308.33 257789.761)	12	941	0	454	false	2266	None
LINESTRING (3177308.33 257789.761, 3177302.892 257767.208)	12	941	0	455	false	2266	None
LINESTRING (3177302.892 257767.208, 3177301.548 257761.904)	12	941	0	456	false	2266	None
LINESTRING (3177301.548 257761.904, 3177299.173 257743.781)	12	941	0	457	false	2266	None
LINESTRING (3177299.173 257743.781, 3177297.06 257734.951)	12	941	0	458	false	2266	None
LINESTRING (3177297.06 257734.951, 3177292.768 257724.427)	12	941	0	459	false	2266	None
LINESTRING (3177292.768 257724.427, 3177289.746 257719.893)	12	941	0	460	false	2266	None
LINESTRING (3177289.746 257719.893, 3177284.362 257715.621)	12	941	0	461	false	2266	None
LINESTRING (3177284.362 257715.621, 3177277.898 257712.594)	12	941	0	462	false	2266	None
LINESTRING (3177277.898 257712.594, 3177271.156 257710.77)	12	941	0	463	false	2266	None
LINESTRING (3177271.156 257710.77, 3177264.394 257710.49)	12	941	0	464	false	2266	None
LINESTRING (3177264.394 257710.49, 3177244.548 257713.761)	12	941	0	465	false	2266	None
LINESTRING (3177244.548 257713.761, 3177224.404 257719.778)	12	941	0	466	false	2266	None
LINESTRING (3177224.404 257719.778, 3177214.951 257720.346)	12	941	0	467	false	2266	None
LINESTRING (3177214.951 257720.346, 3177200.817 257715.607)	12	941	0	468	false	2266	None
LINESTRING (3177200.817 257715.607, 3177196.137 257713.283)	12	941	0	469	false	2266	None
LINESTRING (3177196.137 257713.283, 3177195.794 257712.909)	12	941	0	470	false	2266	None
LINESTRING (3177195.794 257712.909, 3177192.12 257710.028)	12	941	0	471	false	2266	None
LINESTRING (3177192.12 257710.028, 3177185.358 257701.035)	12	941	0	472	false	2266	None
LINESTRING (3177185.358 257701.035, 3177171.683 257678.456)	12	941	0	473	false	2266	None
LINESTRING (3177171.683 257678.456, 3177164.728 257670.7)	12	941	0	474	false	2266	None
LINESTRING (3177164.728 257670.7, 3177155.615 257662.69)	12	941	0	475	false	2266	None
LINESTRING (3177155.615 257662.69, 3177149.072 257657.125)	12	941	0	476	false	2266	None
LINESTRING (3177149.072 257657.125, 3177139.827 257651.689)	12	941	0	477	false	2266	None
LINESTRING (3177139.827 257651.689, 3177138.424 257651.016)	12	941	0	478	false	2266	None
LINESTRING (3177138.424 257651.016, 3177119.892 257642.99)	12	941	0	479	false	2266	None
LINESTRING (3177119.892 257642.99, 3177086.669 257632.632)	12	941	0	480	false	2266	None
LINESTRING (3177086.669 257632.632, 3177028.522 257619.006)	12	941	0	481	false	2266	None
LINESTRING (3177028.522 257619.006, 3176985.977 257612.37)	12	941	0	482	false	2266	None
LINESTRING (3176985.977 257612.37, 3176984.91 257611.591)	12	941	0	483	false	2266	None
LINESTRING (3176984.91 257611.591, 3176984.009 257610.639)	12	941	0	484	false	2266	None
LINESTRING (3176984.009 257610.639, 3176983.441 257609.341)	12	941	0	485	false	2266	None
LINESTRING (3176983.441 257609.341, 3176981.828 257602.977)	12	941	0	486	false	2266	None
LINESTRING (3176981.828 257602.977, 3176980.569 257597.706)	12	941	0	487	false	2266	None
LINESTRING (3176980.569 257597.706, 3176979.426 257594.63)	12	941	0	488	false	2266	None
LINESTRING (3176979.426 257594.63, 3176977.95 257591.899)	12	941	0	489	false	2266	None
LINESTRING (3176977.95 257591.899, 3176973.299 257585.769)	12	941	0	490	false	2266	None
LINESTRING (3176973.299 257585.769, 3176971.997 257583.346)	12	941	0	491	false	2266	None
LINESTRING (3176971.997 257583.346, 3176971.558 257582.218)	12	941	0	492	false	2266	None
LINESTRING (3176971.558 257582.218, 3176969.577 257573.798)	12	941	0	493	false	2266	None
LINESTRING (3176969.577 257573.798, 3176969.018 257570.236)	12	941	0	494	false	2266	None
LINESTRING (3176969.018 257570.236, 3176969.054 257566.909)	12	941	0	495	false	2266	None
LINESTRING (3176969.054 257566.909, 3176969.51 257560.525)	12	941	0	496	false	2266	None
LINESTRING (3176969.51 257560.525, 3176922.051 257567.347)	12	941	0	497	false	2266	None
LINESTRING (3176922.051 257567.347, 3176838.262 257576.668)	12	941	0	498	false	2266	None
LINESTRING (3176838.262 257576.668, 3176790.027 257582.468)	12	941	0	499	false	2266	None
LINESTRING (3176790.027 257582.468, 3176782.546 257585.008)	12	941	0	500	false	2266	None
LINESTRING (3176782.546 257585.008, 3176774.916 257588.92)	12	941	0	501	false	2266	None
LINESTRING (3176774.916 257588.92, 3176768.398 257593.749)	12	941	0	502	false	2266	None
LINESTRING (3176768.398 257593.749, 3176764.332 257598.829)	12	941	0	503	false	2266	None
LINESTRING (3176764.332 257598.829, 3176758.891 257610.885)	12	941	0	504	false	2266	None
LINESTRING (3176758.891 257610.885, 3176755.345 257622.614)	12	941	0	505	false	2266	None
LINESTRING (3176755.345 257622.614, 3176754.145 257630.137)	12	941	0	506	false	2266	None
LINESTRING (3176754.145 257630.137, 3176748.657 257644.8)	12	941	0	507	false	2266	None
LINESTRING (3176748.657 257644.8, 3176742.326 257659.608)	12	941	0	508	false	2266	None
LINESTRING (3176742.326 257659.608, 3176738.03 257666.268)	12	941	0	509	false	2266	None
LINESTRING (3176738.03 257666.268, 3176731.676 257673.667)	12	941	0	510	false	2266	None
LINESTRING (3176731.676 257673.667, 3176724.122 257679.877)	12	941	0	511	false	2266	None
LINESTRING (3176724.122 257679.877, 3176716.2 257684.033)	12	941	0	512	false	2266	None
LINESTRING (3176716.2 257684.033, 3176707.329 257686.86)	12	941	0	513	false	2266	None
LINESTRING (3176707.329 257686.86, 3176696.216 257689.399)	12	941	0	514	false	2266	None
LINESTRING (3176696.216 257689.399, 3176679.149 257692.096)	12	941	0	515	false	2266	None
LINESTRING (3176679.149 257692.096, 3176665.926 257694.758)	12	941	0	516	false	2266	None
LINESTRING (3176665.926 257694.758, 3176633.751 257701.164)	12	941	0	517	false	2266	None
LINESTRING (3176633.751 257701.164, 3176591.883 257708.998)	12	941	0	518	false	2266	None
LINESTRING (3176591.883 257708.998, 3176543.654 257718.024)	12	941	0	519	false	2266	None
LINESTRING (3176543.654 257718.024, 3176499.034 257725.371)	12	941	0	520	false	2266	None
LINESTRING (3176499.034 257725.371, 3176468.564 257729.943)	12	941	0	521	false	2266	W:3176482.218 257727.89422783066
