LINESTRING (3192196.935 209358.703, 3192213.755 209339.566)	129	1075	0	379	false	924	N:3192200.1000112346 209355.102
LINESTRING (3192213.755 209339.566, 3192253.875 209285.595)	129	1075	0	380	false	924	None
LINESTRING (3192253.875 209285.595, 3192276.428 209244.384)	129	1075	0	381	false	924	None
LINESTRING (3192276.428 209244.384, 3192294.538 209203.928)	129	1075	0	382	false	924	None
LINESTRING (3192294.538 209203.928, 3192320.609 209132.734)	129	1075	0	383	false	924	None
LINESTRING (3192320.609 209132.734, 3192342.736 209076.565)	129	1075	0	384	false	924	None
LINESTRING (3192342.736 209076.565, 3192347.755 209059.816)	129	1075	0	385	false	924	None
LINESTRING (3192347.755 209059.816, 3192361.805 209012.87)	129	1075	0	386	false	924	None
LINESTRING (3192361.805 209012.87, 3192364.313 208998.233)	129	1075	0	387	false	924	None
LINESTRING (3192364.313 208998.233, 3192365.784 208989.987)	129	1075	0	388	false	924	None
LINESTRING (3192365.784 208989.987, 3192369.946 208965.386)	129	1075	0	389	false	924	None
LINESTRING (3192369.946 208965.386, 3192371.291 208957.209)	129	1075	0	390	false	924	None
LINESTRING (3192371.291 208957.209, 3192372.441 208912.934)	129	1075	0	391	false	924	None
LINESTRING (3192372.441 208912.934, 3192372.163 208909.127)	129	1075	0	392	false	924	None
LINESTRING (3192372.163 208909.127, 3192365.059 208831.663)	129	1075	0	393	false	924	None
LINESTRING (3192365.059 208831.663, 3192363.476 208766.751)	129	1075	0	394	false	924	None
LINESTRING (3192363.476 208766.751, 3192362.272 208718.925)	129	1075	0	395	false	924	None
LINESTRING (3192362.272 208718.925, 3192367.644 208656.156)	129	1075	0	396	false	924	None
LINESTRING (3192367.644 208656.156, 3192367.672 208655.332)	129	1075	0	397	false	924	None
LINESTRING (3192367.672 208655.332, 3192375.462 208607.233)	129	1075	0	398	false	924	None
LINESTRING (3192375.462 208607.233, 3192385.627 208554.105)	129	1075	0	399	false	924	None
LINESTRING (3192385.627 208554.105, 3192392.327 208526.568)	129	1075	0	400	false	924	None
LINESTRING (3192392.327 208526.568, 3192401.415 208492.219)	129	1075	0	401	false	924	None
LINESTRING (3192401.415 208492.219, 3192409.781 208470.229)	129	1075	0	402	false	924	None
LINESTRING (3192409.781 208470.229, 3192415.06 208456.326)	129	1075	0	403	false	924	None
LINESTRING (3192415.06 208456.326, 3192437.23 208412.579)	129	1075	0	404	false	924	None
LINESTRING (3192437.23 208412.579, 3192419.061 208397.788)	129	1075	0	405	false	924	None
LINESTRING (3192419.061 208397.788, 3192372.823 208360.252)	129	1075	0	406	false	924	None
LINESTRING (3192372.823 208360.252, 3192363.81 208354.555)	129	1075	0	407	false	924	None
LINESTRING (3192363.81 208354.555, 3192358.661 208351.334)	129	1075	0	408	false	924	None
LINESTRING (3192358.661 208351.334, 3192347.271 208345.655)	129	1075	0	409	false	924	None
LINESTRING (3192347.271 208345.655, 3192343.046 208344.349)	129	1075	0	410	false	924	None
LINESTRING (3192343.046 208344.349, 3192324.183 208338.588)	129	1075	0	411	false	924	None
LINESTRING (3192324.183 208338.588, 3192302.261 208335.082)	129	1075	0	412	false	924	None
LINESTRING (3192302.261 208335.082, 3192286.346 208332.868)	129	1075	0	413	false	924	None
LINESTRING (3192286.346 208332.868, 3192262.176 208327.045)	129	1075	0	414	false	924	None
LINESTRING (3192262.176 208327.045, 3192228.538 208316.181)	129	1075	0	415	false	924	None
LINESTRING (3192228.538 208316.181, 3192188.188 208292.774)	129	1075	0	416	false	924	None
LINESTRING (3192188.188 208292.774, 3192186.198 208290.558)	129	1075	0	417	false	924	None
LINESTRING (3192186.198 208290.558, 3192179.752 208283.607)	129	1075	0	418	false	924	None
LINESTRING (3192179.752 208283.607, 3192166.486 208250.352)	129	1075	0	419	false	924	None
LINESTRING (3192166.486 208250.352, 3192160.093 208229.228)	129	1075	0	420	false	924	None
LINESTRING (3192160.093 208229.228, 3192148.73 208202.926)	129	1075	0	421	false	924	None
LINESTRING (3192148.73 208202.926, 3192143.308 208188.863)	129	1075	0	422	false	924	None
LINESTRING (3192143.308 208188.863, 3192139.334 208172.628)	129	1075	0	423	false	924	None
LINESTRING (3192139.334 208172.628, 3192135.944 208145.888)	129	1075	0	424	false	924	None
LINESTRING (3192135.944 208145.888, 3192133.741 208119.138)	129	1075	0	425	false	924	None
LINESTRING (3192133.741 208119.138, 3192111.422 207987.022)	129	1075	0	426	false	924	None
LINESTRING (3192111.422 207987.022, 3192077.534 207880.764)	129	1075	0	427	false	924	None
LINESTRING (3192077.534 207880.764, 3192048.723 207805.488)	129	1075	0	428	false	924	None
LINESTRING (3192048.723 207805.488, 3191976.443 207617.679)	129	1075	0	429	false	924	None
LINESTRING (3191976.443 207617.679, 3191975.239 207609.452)	129	1075	0	430	false	924	None
LINESTRING (3191975.239 207609.452, 3191984.205 207585.432)	129	1075	0	431	false	924	None
LINESTRING (3191984.205 207585.432, 3191977.19 207570.146)	129	1075	0	432	false	924	None
LINESTRING (3191977.19 207570.146, 3191955.07 207565.132)	129	1075	0	433	false	924	None
LINESTRING (3191955.07 207565.132, 3191945.191 207563.389)	129	1075	0	434	false	924	None
LINESTRING (3191945.191 207563.389, 3191921.078 207563.434)	129	1075	0	435	false	924	None
LINESTRING (3191921.078 207563.434, 3191886.979 207567.776)	129	1075	0	436	false	924	None
LINESTRING (3191886.979 207567.776, 3191855.191 207570.763)	129	1075	0	437	false	924	None
LINESTRING (3191855.191 207570.763, 3191830.183 207570.575)	129	1075	0	438	false	924	None
LINESTRING (3191830.183 207570.575, 3191784.991 207561.962)	129	1075	0	439	false	924	None
LINESTRING (3191784.991 207561.962, 3191758.77 207550.563)	129	1075	0	440	false	924	None
LINESTRING (3191758.77 207550.563, 3191739.896 207539.314)	129	1075	0	441	false	924	None
LINESTRING (3191739.896 207539.314, 3191726.96 207527.779)	129	1075	0	442	false	924	None
LINESTRING (3191726.96 207527.779, 3191656.059 207459.071)	129	1075	0	443	false	924	None
LINESTRING (3191656.059 207459.071, 3191648.126 207449.626)	129	1075	0	444	false	924	None
LINESTRING (3191648.126 207449.626, 3191642.404 207442.841)	129	1075	0	445	false	924	None
LINESTRING (3191642.404 207442.841, 3191672.344 207409.189)	129	1075	0	446	false	924	None
LINESTRING (3191672.344 207409.189, 3192022.372 207015.336)	129	1075	0	447	false	924	None
LINESTRING (3192022.372 207015.336, 3192112.345 206893.693)	129	1075	0	448	false	924	None
LINESTRING (3192112.345 206893.693, 3192116.784 206887.689)	129	1075	0	449	false	924	None
LINESTRING (3192116.784 206887.689, 3192142.833 206852.387)	129	1075	0	450	false	924	None
LINESTRING (3192142.833 206852.387, 3192189.748 206788.926)	129	1075	0	451	false	924	None
LINESTRING (3192189.748 206788.926, 3192228.306 206742.927)	129	1075	0	452	false	924	None
LINESTRING (3192228.306 206742.927, 3192343.896 206604.896)	129	1075	0	453	false	924	None
LINESTRING (3192343.896 206604.896, 3192382.328 206558.967)	129	1075	0	454	false	924	None
LINESTRING (3192382.328 206558.967, 3192386.405 206554.132)	129	1075	0	455	false	924	None
LINESTRING (3192386.405 206554.132, 3192414.023 206521.118)	129	1075	0	456	false	924	None
LINESTRING (3192414.023 206521.118, 3192524.745 206388.685)	129	1075	0	457	false	924	None
LINESTRING (3192524.745 206388.685, 3192588.759 206312.161)	129	1075	0	458	false	924	None
LINESTRING (3192588.759 206312.161, 3192616.972 206279.143)	129	1075	0	459	false	924	None
LINESTRING (3192616.972 206279.143, 3192660.623 206227.995)	129	1075	0	460	false	924	None
LINESTRING (3192660.623 206227.995, 3192667.74 206219.705)	129	1075	0	461	false	924	None
LINESTRING (3192667.74 206219.705, 3192671.361 206215.526)	129	1075	0	462	false	924	None
LINESTRING (3192671.361 206215.526, 3192691.123 206192.181)	129	1075	0	463	false	924	None
LINESTRING (3192691.123 206192.181, 3192768.737 206099.187)	129	1075	0	464	false	924	None
LINESTRING (3192768.737 206099.187, 3192988.224 205835.821)	129	1075	0	465	false	924	None
LINESTRING (3192988.224 205835.821, 3193076.687 205743.882)	129	1075	0	466	false	924	None
LINESTRING (3193076.687 205743.882, 3193091.283 205728.64)	129	1075	0	467	false	924	None
LINESTRING (3193091.283 205728.64, 3193190.513 205640.465)	129	1075	0	468	false	924	None
LINESTRING (3193190.513 205640.465, 3193210.125 205623.024)	129	1075	0	469	false	924	None
LINESTRING (3193210.125 205623.024, 3193252.675 205588.975)	129	1075	0	470	false	924	None
LINESTRING (3193252.675 205588.975, 3193285.024 205566.533)	129	1075	0	471	false	924	None
LINESTRING (3193285.024 205566.533, 3193293.164 205560.913)	129	1075	0	472	false	924	None
LINESTRING (3193293.164 205560.913, 3193395.08 205492.761)	129	1075	0	473	false	924	None
LINESTRING (3193395.08 205492.761, 3193484.896 205441.789)	129	1075	0	474	false	924	None
LINESTRING (3193484.896 205441.789, 3193586.11 205384.454)	129	1075	0	475	false	924	None
LINESTRING (3193586.11 205384.454, 3193595.529 205379.1)	129	1075	0	476	false	924	None
LINESTRING (3193595.529 205379.1, 3193688.063 205328.007)	129	1075	0	477	false	924	None
LINESTRING (3193688.063 205328.007, 3193692.858 205325.363)	129	1075	0	478	false	924	None
LINESTRING (3193692.858 205325.363, 3193707.243 205317.433)	129	1075	0	479	false	924	None
LINESTRING (3193707.243 205317.433, 3193711.912 205314.859)	129	1075	0	480	false	924	None
LINESTRING (3193711.912 205314.859, 3193805.069 205262.94)	129	1075	0	481	false	924	None
LINESTRING (3193805.069 205262.94, 3193909.499 205204.727)	129	1075	0	482	false	924	None
LINESTRING (3193909.499 205204.727, 3194084.169 205107.395)	129	1075	0	483	false	924	None
LINESTRING (3194084.169 205107.395, 3194177.204 205055.549)	129	1075	0	484	false	924	None
LINESTRING (3194177.204 205055.549, 3194212.493 205035.937)	129	1075	0	485	false	924	None
LINESTRING (3194212.493 205035.937, 3194318.19 204977.033)	129	1075	0	486	false	924	None
LINESTRING (3194318.19 204977.033, 3194353.394 204957.388)	129	1075	0	487	false	924	None
LINESTRING (3194353.394 204957.388, 3194357.982 204955.021)	129	1075	0	488	false	924	None
LINESTRING (3194357.982 204955.021, 3194362.439 204952.483)	129	1075	0	489	false	924	None
LINESTRING (3194362.439 204952.483, 3194370.85 204947.686)	129	1075	0	490	false	924	None
LINESTRING (3194370.85 204947.686, 3194375.14 204945.322)	129	1075	0	491	false	924	None
LINESTRING (3194375.14 204945.322, 3194381.829 204941.635)	129	1075	0	492	false	924	None
LINESTRING (3194381.829 204941.635, 3194401.678 204930.372)	129	1075	0	493	false	924	None
LINESTRING (3194401.678 204930.372, 3194408.199 204926.859)	129	1075	0	494	false	924	None
LINESTRING (3194408.199 204926.859, 3194745.223 204738.211)	129	1075	0	495	false	924	None
LINESTRING (3194745.223 204738.211, 3194871.928 204668.387)	129	1075	0	496	false	924	None
LINESTRING (3194871.928 204668.387, 3194998.51 204598.634)	129	1075	0	497	false	924	None
LINESTRING (3194998.51 204598.634, 3195202.119 204486.361)	129	1075	0	498	false	924	None
LINESTRING (3195202.119 204486.361, 3195366.996 204400.931)	129	1075	0	499	false	924	None
LINESTRING (3195366.996 204400.931, 3195484.639 204344.358)	129	1075	0	500	false	924	None
LINESTRING (3195484.639 204344.358, 3195611.51 204288.442)	129	1075	0	501	false	924	None
LINESTRING (3195611.51 204288.442, 3195703.526 204248.013)	129	1075	0	502	false	924	None
LINESTRING (3195703.526 204248.013, 3195759.009 204224.317)	129	1075	0	503	false	924	None
LINESTRING (3195759.009 204224.317, 3195820.563 204198.004)	129	1075	0	504	false	924	None
LINESTRING (3195820.563 204198.004, 3195864.663 204179.126)	129	1075	0	505	false	924	None
LINESTRING (3195864.663 204179.126, 3195960.665 204140.627)	129	1075	0	506	false	924	None
LINESTRING (3195960.665 204140.627, 3196006.122 204124.073)	129	1075	0	507	false	924	None
LINESTRING (3196006.122 204124.073, 3196068.293 204101.464)	129	1075	0	508	false	924	None
LINESTRING (3196068.293 204101.464, 3196183.859 204059.466)	129	1075	0	509	false	924	None
LINESTRING (3196183.859 204059.466, 3196195.973 204055.057)	129	1075	0	510	false	924	None
LINESTRING (3196195.973 204055.057, 3196221.479 204046.503)	129	1075	0	511	false	924	None
LINESTRING (3196221.479 204046.503, 3196318.695 204014.212)	129	1075	0	512	false	924	None
LINESTRING (3196318.695 204014.212, 3196461.636 203968.456)	129	1075	0	513	false	924	None
LINESTRING (3196461.636 203968.456, 3196532.432 203948.295)	129	1075	0	514	false	924	None
LINESTRING (3196532.432 203948.295, 3196615.107 203924.825)	129	1075	0	515	false	924	None
LINESTRING (3196615.107 203924.825, 3196649.186 203915.835)	129	1075	0	516	false	924	None
LINESTRING (3196649.186 203915.835, 3196692.989 203904.238)	129	1075	0	517	false	924	None
LINESTRING (3196692.989 203904.238, 3196824.108 203869.69)	129	1075	0	518	false	924	None
LINESTRING (3196824.108 203869.69, 3196867.785 203858.163)	129	1075	0	519	false	924	None
LINESTRING (3196867.785 203858.163, 3196892.744 203852.258)	129	1075	0	520	false	924	None
LINESTRING (3196892.744 203852.258, 3196967.326 203834.785)	129	1075	0	521	false	924	None
LINESTRING (3196967.326 203834.785, 3196992.159 203828.95)	129	1075	0	522	false	924	None
LINESTRING (3196992.159 203828.95, 3197044.32 203816.713)	129	1075	0	523	false	924	None
LINESTRING (3197044.32 203816.713, 3197062.172 203812.539)	129	1075	0	524	false	924	None
LINESTRING (3197062.172 203812.539, 3197135.021 203795.457)	129	1075	0	525	false	924	None
LINESTRING (3197135.021 203795.457, 3197270.837 203752.27)	129	1075	0	526	false	924	None
LINESTRING (3197270.837 203752.27, 3197340.078 203730.308)	129	1075	0	527	false	924	None
LINESTRING (3197340.078 203730.308, 3197362.129 203723.258)	129	1075	0	528	false	924	None
LINESTRING (3197362.129 203723.258, 3197427.99 203702.349)	129	1075	0	529	false	924	None
LINESTRING (3197427.99 203702.349, 3197449.915 203695.368)	129	1075	0	530	false	924	None
LINESTRING (3197449.915 203695.368, 3197462.403 203700.292)	129	1075	0	531	false	924	None
LINESTRING (3197462.403 203700.292, 3197499.486 203715.273)	129	1075	0	532	false	924	None
LINESTRING (3197499.486 203715.273, 3197511.762 203720.232)	129	1075	0	533	false	924	None
LINESTRING (3197511.762 203720.232, 3197539.604 203731.33)	129	1075	0	534	false	924	None
LINESTRING (3197539.604 203731.33, 3197622.882 203765.004)	129	1075	0	535	false	924	None
LINESTRING (3197622.882 203765.004, 3197650.426 203776.104)	129	1075	0	536	false	924	None
LINESTRING (3197650.426 203776.104, 3197853.371 203857.687)	129	1075	0	537	false	924	None
LINESTRING (3197853.371 203857.687, 3197900.334 203876.685)	129	1075	0	538	false	924	E:3197871.386 203864.97463004926
LINESTRING (3189302.771 209056.026, 3189339.417 209027.873)	129	1078	0	257	false	1188	W:3189315.719 209046.07880128804
LINESTRING (3189339.417 209027.873, 3189380.715 208998.688)	129	1078	0	258	false	1188	None
LINESTRING (3189380.715 208998.688, 3189422.491 208972.554)	129	1078	0	259	false	1188	None
LINESTRING (3189422.491 208972.554, 3189490.942 208930.562)	129	1078	0	260	false	1188	None
LINESTRING (3189490.942 208930.562, 3189495.267 208927.851)	129	1078	0	261	false	1188	None
LINESTRING (3189495.267 208927.851, 3189536.907 208906.077)	129	1078	0	262	false	1188	None
LINESTRING (3189536.907 208906.077, 3189568.327 208889.702)	129	1078	0	263	false	1188	None
LINESTRING (3189568.327 208889.702, 3189577.888 208885.474)	129	1078	0	264	false	1188	None
LINESTRING (3189577.888 208885.474, 3189622.704 208865.665)	129	1078	0	265	false	1188	None
LINESTRING (3189622.704 208865.665, 3189678.57 208841.858)	129	1078	0	266	false	1188	None
LINESTRING (3189678.57 208841.858, 3189759.423 208807.492)	129	1078	0	267	false	1188	None
LINESTRING (3189759.423 208807.492, 3189778.037 208799.076)	129	1078	0	268	false	1188	None
LINESTRING (3189778.037 208799.076, 3189876.08 208754.899)	129	1078	0	269	false	1188	None
LINESTRING (3189876.08 208754.899, 3190073.433 208656.313)	129	1078	0	270	false	1188	None
LINESTRING (3190073.433 208656.313, 3190111.719 208636.798)	129	1078	0	271	false	1188	None
LINESTRING (3190111.719 208636.798, 3190210.463 208586.34)	129	1078	0	272	false	1188	None
LINESTRING (3190210.463 208586.34, 3190220.35 208581.288)	129	1078	0	273	false	1188	None
LINESTRING (3190220.35 208581.288, 3190337.199 208519.95)	129	1078	0	274	false	1188	None
LINESTRING (3190337.199 208519.95, 3190377.875 208498.633)	129	1078	0	275	false	1188	None
LINESTRING (3190377.875 208498.633, 3190469.683 208449.502)	129	1078	0	276	false	1188	None
LINESTRING (3190469.683 208449.502, 3190476.327 208445.916)	129	1078	0	277	false	1188	None
LINESTRING (3190476.327 208445.916, 3190521.58 208421.75)	129	1078	0	278	false	1188	None
LINESTRING (3190521.58 208421.75, 3190649.689 208346.123)	129	1078	0	279	false	1188	None
LINESTRING (3190649.689 208346.123, 3190716.42 208304.772)	129	1078	0	280	false	1188	None
LINESTRING (3190716.42 208304.772, 3190805.549 208245.405)	129	1078	0	281	false	1188	None
LINESTRING (3190805.549 208245.405, 3190913.421 208167.775)	129	1078	0	282	false	1188	None
LINESTRING (3190913.421 208167.775, 3190975.358 208121.556)	129	1078	0	283	false	1188	None
LINESTRING (3190975.358 208121.556, 3191016.531 208087.199)	129	1078	0	284	false	1188	None
LINESTRING (3191016.531 208087.199, 3191100.213 208017.102)	129	1078	0	285	false	1188	None
LINESTRING (3191100.213 208017.102, 3191127.838 207992.08)	129	1078	0	286	false	1188	None
LINESTRING (3191127.838 207992.08, 3191210.713 207917.014)	129	1078	0	287	false	1188	None
LINESTRING (3191210.713 207917.014, 3191215.811 207912.343)	129	1078	0	288	false	1188	None
LINESTRING (3191215.811 207912.343, 3191237.646 207891.243)	129	1078	0	289	false	1188	None
LINESTRING (3191237.646 207891.243, 3191311.83 207819.196)	129	1078	0	290	false	1188	None
LINESTRING (3191311.83 207819.196, 3191319.124 207811.453)	129	1078	0	291	false	1188	None
LINESTRING (3191319.124 207811.453, 3191400.495 207725.42)	129	1078	0	292	false	1188	None
LINESTRING (3191400.495 207725.42, 3191459.542 207659.221)	129	1078	0	293	false	1188	None
LINESTRING (3191459.542 207659.221, 3191481.889 207633.314)	129	1078	0	294	false	1188	None
LINESTRING (3191481.889 207633.314, 3191511.31 207599.22)	129	1078	0	295	false	1188	None
LINESTRING (3191511.31 207599.22, 3191549.242 207554.046)	129	1078	0	296	false	1188	None
LINESTRING (3191549.242 207554.046, 3191623.438 207465.427)	129	1078	0	297	false	1188	None
LINESTRING (3191623.438 207465.427, 3191627.307 207460.868)	129	1078	0	298	false	1188	None
LINESTRING (3191627.307 207460.868, 3191638.662 207447.33)	129	1078	0	299	false	1188	None
LINESTRING (3191638.662 207447.33, 3191642.404 207442.841)	129	1078	0	300	false	1188	None
LINESTRING (3191642.404 207442.841, 3191648.126 207449.626)	129	1078	0	301	false	1188	None
LINESTRING (3191648.126 207449.626, 3191656.059 207459.071)	129	1078	0	302	false	1188	None
LINESTRING (3191656.059 207459.071, 3191726.96 207527.779)	129	1078	0	303	false	1188	None
LINESTRING (3191726.96 207527.779, 3191739.896 207539.314)	129	1078	0	304	false	1188	None
LINESTRING (3191739.896 207539.314, 3191758.77 207550.563)	129	1078	0	305	false	1188	None
LINESTRING (3191758.77 207550.563, 3191784.991 207561.962)	129	1078	0	306	false	1188	None
LINESTRING (3191784.991 207561.962, 3191830.183 207570.575)	129	1078	0	307	false	1188	None
LINESTRING (3191830.183 207570.575, 3191855.191 207570.763)	129	1078	0	308	false	1188	None
LINESTRING (3191855.191 207570.763, 3191886.979 207567.776)	129	1078	0	309	false	1188	None
LINESTRING (3191886.979 207567.776, 3191921.078 207563.434)	129	1078	0	310	false	1188	None
LINESTRING (3191921.078 207563.434, 3191945.191 207563.389)	129	1078	0	311	false	1188	None
LINESTRING (3191945.191 207563.389, 3191955.07 207565.132)	129	1078	0	312	false	1188	None
LINESTRING (3191955.07 207565.132, 3191977.19 207570.146)	129	1078	0	313	false	1188	None
LINESTRING (3191977.19 207570.146, 3191984.205 207585.432)	129	1078	0	314	false	1188	None
LINESTRING (3191984.205 207585.432, 3191975.239 207609.452)	129	1078	0	315	false	1188	None
LINESTRING (3191975.239 207609.452, 3191976.443 207617.679)	129	1078	0	316	false	1188	None
LINESTRING (3191976.443 207617.679, 3192048.723 207805.488)	129	1078	0	317	false	1188	None
LINESTRING (3192048.723 207805.488, 3192077.534 207880.764)	129	1078	0	318	false	1188	None
LINESTRING (3192077.534 207880.764, 3192111.422 207987.022)	129	1078	0	319	false	1188	None
LINESTRING (3192111.422 207987.022, 3192133.741 208119.138)	129	1078	0	320	false	1188	None
LINESTRING (3192133.741 208119.138, 3192135.944 208145.888)	129	1078	0	321	false	1188	None
LINESTRING (3192135.944 208145.888, 3192139.334 208172.628)	129	1078	0	322	false	1188	None
LINESTRING (3192139.334 208172.628, 3192143.308 208188.863)	129	1078	0	323	false	1188	None
LINESTRING (3192143.308 208188.863, 3192148.73 208202.926)	129	1078	0	324	false	1188	None
LINESTRING (3192148.73 208202.926, 3192160.093 208229.228)	129	1078	0	325	false	1188	None
LINESTRING (3192160.093 208229.228, 3192166.486 208250.352)	129	1078	0	326	false	1188	None
LINESTRING (3192166.486 208250.352, 3192179.752 208283.607)	129	1078	0	327	false	1188	None
LINESTRING (3192179.752 208283.607, 3192186.198 208290.558)	129	1078	0	328	false	1188	None
LINESTRING (3192186.198 208290.558, 3192188.188 208292.774)	129	1078	0	329	false	1188	None
LINESTRING (3192188.188 208292.774, 3192228.538 208316.181)	129	1078	0	330	false	1188	None
LINESTRING (3192228.538 208316.181, 3192262.176 208327.045)	129	1078	0	331	false	1188	None
LINESTRING (3192262.176 208327.045, 3192286.346 208332.868)	129	1078	0	332	false	1188	None
LINESTRING (3192286.346 208332.868, 3192302.261 208335.082)	129	1078	0	333	false	1188	None
LINESTRING (3192302.261 208335.082, 3192324.183 208338.588)	129	1078	0	334	false	1188	None
LINESTRING (3192324.183 208338.588, 3192343.046 208344.349)	129	1078	0	335	false	1188	None
LINESTRING (3192343.046 208344.349, 3192347.271 208345.655)	129	1078	0	336	false	1188	None
LINESTRING (3192347.271 208345.655, 3192358.661 208351.334)	129	1078	0	337	false	1188	None
LINESTRING (3192358.661 208351.334, 3192363.81 208354.555)	129	1078	0	338	false	1188	None
LINESTRING (3192363.81 208354.555, 3192372.823 208360.252)	129	1078	0	339	false	1188	None
LINESTRING (3192372.823 208360.252, 3192419.061 208397.788)	129	1078	0	340	false	1188	None
LINESTRING (3192419.061 208397.788, 3192437.23 208412.579)	129	1078	0	341	false	1188	None
LINESTRING (3192437.23 208412.579, 3192415.06 208456.326)	129	1078	0	342	false	1188	None
LINESTRING (3192415.06 208456.326, 3192409.781 208470.229)	129	1078	0	343	false	1188	None
LINESTRING (3192409.781 208470.229, 3192401.415 208492.219)	129	1078	0	344	false	1188	None
LINESTRING (3192401.415 208492.219, 3192392.327 208526.568)	129	1078	0	345	false	1188	None
LINESTRING (3192392.327 208526.568, 3192385.627 208554.105)	129	1078	0	346	false	1188	None
LINESTRING (3192385.627 208554.105, 3192375.462 208607.233)	129	1078	0	347	false	1188	None
LINESTRING (3192375.462 208607.233, 3192367.672 208655.332)	129	1078	0	348	false	1188	None
LINESTRING (3192367.672 208655.332, 3192367.644 208656.156)	129	1078	0	349	false	1188	None
LINESTRING (3192367.644 208656.156, 3192362.272 208718.925)	129	1078	0	350	false	1188	None
LINESTRING (3192362.272 208718.925, 3192363.476 208766.751)	129	1078	0	351	false	1188	None
LINESTRING (3192363.476 208766.751, 3192365.059 208831.663)	129	1078	0	352	false	1188	None
LINESTRING (3192365.059 208831.663, 3192372.163 208909.127)	129	1078	0	353	false	1188	None
LINESTRING (3192372.163 208909.127, 3192372.441 208912.934)	129	1078	0	354	false	1188	None
LINESTRING (3192372.441 208912.934, 3192371.291 208957.209)	129	1078	0	355	false	1188	None
LINESTRING (3192371.291 208957.209, 3192369.946 208965.386)	129	1078	0	356	false	1188	None
LINESTRING (3192369.946 208965.386, 3192365.784 208989.987)	129	1078	0	357	false	1188	None
LINESTRING (3192365.784 208989.987, 3192364.313 208998.233)	129	1078	0	358	false	1188	None
LINESTRING (3192364.313 208998.233, 3192361.805 209012.87)	129	1078	0	359	false	1188	None
LINESTRING (3192361.805 209012.87, 3192347.755 209059.816)	129	1078	0	360	false	1188	None
LINESTRING (3192347.755 209059.816, 3192342.736 209076.565)	129	1078	0	361	false	1188	None
LINESTRING (3192342.736 209076.565, 3192320.609 209132.734)	129	1078	0	362	false	1188	None
LINESTRING (3192320.609 209132.734, 3192294.538 209203.928)	129	1078	0	363	false	1188	None
LINESTRING (3192294.538 209203.928, 3192276.428 209244.384)	129	1078	0	364	false	1188	None
LINESTRING (3192276.428 209244.384, 3192253.875 209285.595)	129	1078	0	365	false	1188	None
LINESTRING (3192253.875 209285.595, 3192213.755 209339.566)	129	1078	0	366	false	1188	None
LINESTRING (3192213.755 209339.566, 3192196.935 209358.703)	129	1078	0	367	false	1188	N:3192200.1000112346 209355.102
LINESTRING (3191266.937 201238.506, 3191993.194 201518.549)	129	1079	0	694	false	1284	S:3191969.350494331 201509.355
LINESTRING (3191993.194 201518.549, 3191995.459 201519.321)	129	1079	0	695	false	1284	None
LINESTRING (3191995.459 201519.321, 3192508.781 201717.054)	129	1079	0	696	false	1284	None
LINESTRING (3192508.781 201717.054, 3193057.112 201928.011)	129	1079	0	697	false	1284	None
LINESTRING (3193057.112 201928.011, 3193051.682 201942.808)	129	1079	0	698	false	1284	None
LINESTRING (3193051.682 201942.808, 3192757.156 202740.129)	129	1079	0	699	false	1284	None
LINESTRING (3192757.156 202740.129, 3192941.656 202809.784)	129	1079	0	700	false	1284	None
LINESTRING (3192941.656 202809.784, 3193453.506 203003.332)	129	1079	0	701	false	1284	None
LINESTRING (3193453.506 203003.332, 3193457.823 203004.913)	129	1079	0	702	false	1284	None
LINESTRING (3193457.823 203004.913, 3194270.921 203312.621)	129	1079	0	703	false	1284	None
LINESTRING (3194270.921 203312.621, 3194308.328 203217.154)	129	1079	0	704	false	1284	None
LINESTRING (3194308.328 203217.154, 3194526.751 202662.136)	129	1079	0	705	false	1284	None
LINESTRING (3194526.751 202662.136, 3194528.54 202657.593)	129	1079	0	706	false	1284	None
LINESTRING (3194528.54 202657.593, 3194566.37 202562.055)	129	1079	0	707	false	1284	None
LINESTRING (3194566.37 202562.055, 3194569.623 202553.795)	129	1079	0	708	false	1284	None
LINESTRING (3194569.623 202553.795, 3194571.653 202548.393)	129	1079	0	709	false	1284	None
LINESTRING (3194571.653 202548.393, 3194580.337 202551.933)	129	1079	0	710	false	1284	None
LINESTRING (3194580.337 202551.933, 3194781.205 202629.507)	129	1079	0	711	false	1284	None
LINESTRING (3194781.205 202629.507, 3194790.611 202632.973)	129	1079	0	712	false	1284	None
LINESTRING (3194790.611 202632.973, 3194799.804 202636.476)	129	1079	0	713	false	1284	None
LINESTRING (3194799.804 202636.476, 3194800.916 202636.914)	129	1079	0	714	false	1284	None
LINESTRING (3194800.916 202636.914, 3194825.894 202646.754)	129	1079	0	715	false	1284	None
LINESTRING (3194825.894 202646.754, 3194850.701 202656.526)	129	1079	0	716	false	1284	None
LINESTRING (3194850.701 202656.526, 3195046.659 202732.77)	129	1079	0	717	false	1284	None
LINESTRING (3195046.659 202732.77, 3195054.313 202735.666)	129	1079	0	718	false	1284	None
LINESTRING (3195054.313 202735.666, 3195063.893 202739.44)	129	1079	0	719	false	1284	None
LINESTRING (3195063.893 202739.44, 3195164.183 202778.594)	129	1079	0	720	false	1284	None
LINESTRING (3195164.183 202778.594, 3195164.142 202778.697)	129	1079	0	721	false	1284	None
LINESTRING (3195164.142 202778.697, 3195174.191 202782.537)	129	1079	0	722	false	1284	None
LINESTRING (3195174.191 202782.537, 3195184.199 202786.48)	129	1079	0	723	false	1284	None
LINESTRING (3195184.199 202786.48, 3195339.334 202845.694)	129	1079	0	724	false	1284	None
LINESTRING (3195339.334 202845.694, 3195345.921 202848.289)	129	1079	0	725	false	1284	None
LINESTRING (3195345.921 202848.289, 3195352.336 202850.817)	129	1079	0	726	false	1284	None
LINESTRING (3195352.336 202850.817, 3195639.363 202964.033)	129	1079	0	727	false	1284	None
LINESTRING (3195639.363 202964.033, 3195647.489 202967.236)	129	1079	0	728	false	1284	None
LINESTRING (3195647.489 202967.236, 3195656.426 202970.638)	129	1079	0	729	false	1284	None
LINESTRING (3195656.426 202970.638, 3196233.459 203193.272)	129	1079	0	730	false	1284	None
LINESTRING (3196233.459 203193.272, 3196277.506 203210.394)	129	1079	0	731	false	1284	None
LINESTRING (3196277.506 203210.394, 3196611.743 203340.229)	129	1079	0	732	false	1284	None
LINESTRING (3196611.743 203340.229, 3196635.316 203276.166)	129	1079	0	733	false	1284	None
LINESTRING (3196635.316 203276.166, 3196675.723 203166.138)	129	1079	0	734	false	1284	None
LINESTRING (3196675.723 203166.138, 3196677.522 203162.076)	129	1079	0	735	false	1284	None
LINESTRING (3196677.522 203162.076, 3196719.194 203049.087)	129	1079	0	736	false	1284	None
LINESTRING (3196719.194 203049.087, 3196740.765 202989.602)	129	1079	0	737	false	1284	None
LINESTRING (3196740.765 202989.602, 3196743.686 202981.689)	129	1079	0	738	false	1284	None
LINESTRING (3196743.686 202981.689, 3196771.455 202907.233)	129	1079	0	739	false	1284	None
LINESTRING (3196771.455 202907.233, 3196776.041 202894.846)	129	1079	0	740	false	1284	None
LINESTRING (3196776.041 202894.846, 3196780.691 202881.293)	129	1079	0	741	false	1284	None
LINESTRING (3196780.691 202881.293, 3196783.303 202872.661)	129	1079	0	742	false	1284	None
LINESTRING (3196783.303 202872.661, 3196786.461 202863.648)	129	1079	0	743	false	1284	None
LINESTRING (3196786.461 202863.648, 3196818.665 202777.939)	129	1079	0	744	false	1284	None
LINESTRING (3196818.665 202777.939, 3196901.522 202592.563)	129	1079	0	745	false	1284	None
LINESTRING (3196901.522 202592.563, 3196955.553 202616.963)	129	1079	0	746	false	1284	None
LINESTRING (3196955.553 202616.963, 3196991.566 202631.159)	129	1079	0	747	false	1284	None
LINESTRING (3196991.566 202631.159, 3197373.896 202782.242)	129	1079	0	748	false	1284	None
LINESTRING (3197373.896 202782.242, 3197486.247 202826.18)	129	1079	0	749	false	1284	None
LINESTRING (3197486.247 202826.18, 3197585.13 202865.168)	129	1079	0	750	false	1284	None
LINESTRING (3197585.13 202865.168, 3197619.688 202878.793)	129	1079	0	751	false	1284	None
LINESTRING (3197619.688 202878.793, 3197631.834 202883.583)	129	1079	0	752	false	1284	None
LINESTRING (3197631.834 202883.583, 3197620.472 202919.419)	129	1079	0	753	false	1284	None
LINESTRING (3197620.472 202919.419, 3197617.171 202930.046)	129	1079	0	754	false	1284	None
LINESTRING (3197617.171 202930.046, 3197607.099 202961.859)	129	1079	0	755	false	1284	None
LINESTRING (3197607.099 202961.859, 3197603.672 202972.555)	129	1079	0	756	false	1284	None
LINESTRING (3197603.672 202972.555, 3197596.587 202995.287)	129	1079	0	757	false	1284	None
LINESTRING (3197596.587 202995.287, 3197575.119 203063.52)	129	1079	0	758	false	1284	None
LINESTRING (3197575.119 203063.52, 3197571.484 203074.492)	129	1079	0	759	false	1284	None
LINESTRING (3197571.484 203074.492, 3197571.605 203086.468)	129	1079	0	760	false	1284	None
LINESTRING (3197571.605 203086.468, 3197515.701 203222.234)	129	1079	0	761	false	1284	None
LINESTRING (3197515.701 203222.234, 3197515.213 203223.473)	129	1079	0	762	false	1284	None
LINESTRING (3197515.213 203223.473, 3197434.276 203420.222)	129	1079	0	763	false	1284	None
LINESTRING (3197434.276 203420.222, 3197392.924 203520.335)	129	1079	0	764	false	1284	None
LINESTRING (3197392.924 203520.335, 3197366.34 203585.001)	129	1079	0	765	false	1284	None
LINESTRING (3197366.34 203585.001, 3197339.182 203650.871)	129	1079	0	766	false	1284	None
LINESTRING (3197339.182 203650.871, 3197377.418 203666.186)	129	1079	0	767	false	1284	None
LINESTRING (3197377.418 203666.186, 3197448.205 203694.694)	129	1079	0	768	false	1284	None
LINESTRING (3197448.205 203694.694, 3197449.915 203695.368)	129	1079	0	769	false	1284	None
LINESTRING (3197449.915 203695.368, 3197427.99 203702.349)	129	1079	0	770	false	1284	None
LINESTRING (3197427.99 203702.349, 3197362.129 203723.258)	129	1079	0	771	false	1284	None
LINESTRING (3197362.129 203723.258, 3197340.078 203730.308)	129	1079	0	772	false	1284	None
LINESTRING (3197340.078 203730.308, 3197270.837 203752.27)	129	1079	0	773	false	1284	None
LINESTRING (3197270.837 203752.27, 3197135.021 203795.457)	129	1079	0	774	false	1284	None
LINESTRING (3197135.021 203795.457, 3197062.172 203812.539)	129	1079	0	775	false	1284	None
LINESTRING (3197062.172 203812.539, 3197044.32 203816.713)	129	1079	0	776	false	1284	None
LINESTRING (3197044.32 203816.713, 3196992.159 203828.95)	129	1079	0	777	false	1284	None
LINESTRING (3196992.159 203828.95, 3196967.326 203834.785)	129	1079	0	778	false	1284	None
LINESTRING (3196967.326 203834.785, 3196892.744 203852.258)	129	1079	0	779	false	1284	None
LINESTRING (3196892.744 203852.258, 3196867.785 203858.163)	129	1079	0	780	false	1284	None
LINESTRING (3196867.785 203858.163, 3196824.108 203869.69)	129	1079	0	781	false	1284	None
LINESTRING (3196824.108 203869.69, 3196692.989 203904.238)	129	1079	0	782	false	1284	None
LINESTRING (3196692.989 203904.238, 3196649.186 203915.835)	129	1079	0	783	false	1284	None
LINESTRING (3196649.186 203915.835, 3196615.107 203924.825)	129	1079	0	784	false	1284	None
LINESTRING (3196615.107 203924.825, 3196532.432 203948.295)	129	1079	0	785	false	1284	None
LINESTRING (3196532.432 203948.295, 3196461.636 203968.456)	129	1079	0	786	false	1284	None
LINESTRING (3196461.636 203968.456, 3196318.695 204014.212)	129	1079	0	787	false	1284	None
LINESTRING (3196318.695 204014.212, 3196221.479 204046.503)	129	1079	0	788	false	1284	None
LINESTRING (3196221.479 204046.503, 3196195.973 204055.057)	129	1079	0	789	false	1284	None
LINESTRING (3196195.973 204055.057, 3196183.859 204059.466)	129	1079	0	790	false	1284	None
LINESTRING (3196183.859 204059.466, 3196068.293 204101.464)	129	1079	0	791	false	1284	None
LINESTRING (3196068.293 204101.464, 3196006.122 204124.073)	129	1079	0	792	false	1284	None
LINESTRING (3196006.122 204124.073, 3195960.665 204140.627)	129	1079	0	793	false	1284	None
LINESTRING (3195960.665 204140.627, 3195864.663 204179.126)	129	1079	0	794	false	1284	None
LINESTRING (3195864.663 204179.126, 3195820.563 204198.004)	129	1079	0	795	false	1284	None
LINESTRING (3195820.563 204198.004, 3195759.009 204224.317)	129	1079	0	796	false	1284	None
LINESTRING (3195759.009 204224.317, 3195703.526 204248.013)	129	1079	0	797	false	1284	None
LINESTRING (3195703.526 204248.013, 3195611.51 204288.442)	129	1079	0	798	false	1284	None
LINESTRING (3195611.51 204288.442, 3195484.639 204344.358)	129	1079	0	799	false	1284	None
LINESTRING (3195484.639 204344.358, 3195366.996 204400.931)	129	1079	0	800	false	1284	None
LINESTRING (3195366.996 204400.931, 3195202.119 204486.361)	129	1079	0	801	false	1284	None
LINESTRING (3195202.119 204486.361, 3194998.51 204598.634)	129	1079	0	802	false	1284	None
LINESTRING (3194998.51 204598.634, 3194871.928 204668.387)	129	1079	0	803	false	1284	None
LINESTRING (3194871.928 204668.387, 3194745.223 204738.211)	129	1079	0	804	false	1284	None
LINESTRING (3194745.223 204738.211, 3194408.199 204926.859)	129	1079	0	805	false	1284	None
LINESTRING (3194408.199 204926.859, 3194401.678 204930.372)	129	1079	0	806	false	1284	None
LINESTRING (3194401.678 204930.372, 3194381.829 204941.635)	129	1079	0	807	false	1284	None
LINESTRING (3194381.829 204941.635, 3194375.14 204945.322)	129	1079	0	808	false	1284	None
LINESTRING (3194375.14 204945.322, 3194370.85 204947.686)	129	1079	0	809	false	1284	None
LINESTRING (3194370.85 204947.686, 3194362.439 204952.483)	129	1079	0	810	false	1284	None
LINESTRING (3194362.439 204952.483, 3194357.982 204955.021)	129	1079	0	811	false	1284	None
LINESTRING (3194357.982 204955.021, 3194353.394 204957.388)	129	1079	0	812	false	1284	None
LINESTRING (3194353.394 204957.388, 3194318.19 204977.033)	129	1079	0	813	false	1284	None
LINESTRING (3194318.19 204977.033, 3194212.493 205035.937)	129	1079	0	814	false	1284	None
LINESTRING (3194212.493 205035.937, 3194177.204 205055.549)	129	1079	0	815	false	1284	None
LINESTRING (3194177.204 205055.549, 3194084.169 205107.395)	129	1079	0	816	false	1284	None
LINESTRING (3194084.169 205107.395, 3193909.499 205204.727)	129	1079	0	817	false	1284	None
LINESTRING (3193909.499 205204.727, 3193805.069 205262.94)	129	1079	0	818	false	1284	None
LINESTRING (3193805.069 205262.94, 3193711.912 205314.859)	129	1079	0	819	false	1284	None
LINESTRING (3193711.912 205314.859, 3193707.243 205317.433)	129	1079	0	820	false	1284	None
LINESTRING (3193707.243 205317.433, 3193692.858 205325.363)	129	1079	0	821	false	1284	None
LINESTRING (3193692.858 205325.363, 3193688.063 205328.007)	129	1079	0	822	false	1284	None
LINESTRING (3193688.063 205328.007, 3193595.529 205379.1)	129	1079	0	823	false	1284	None
LINESTRING (3193595.529 205379.1, 3193586.11 205384.454)	129	1079	0	824	false	1284	None
LINESTRING (3193586.11 205384.454, 3193484.896 205441.789)	129	1079	0	825	false	1284	None
LINESTRING (3193484.896 205441.789, 3193395.08 205492.761)	129	1079	0	826	false	1284	None
LINESTRING (3193395.08 205492.761, 3193293.164 205560.913)	129	1079	0	827	false	1284	None
LINESTRING (3193293.164 205560.913, 3193285.024 205566.533)	129	1079	0	828	false	1284	None
LINESTRING (3193285.024 205566.533, 3193252.675 205588.975)	129	1079	0	829	false	1284	None
LINESTRING (3193252.675 205588.975, 3193210.125 205623.024)	129	1079	0	830	false	1284	None
LINESTRING (3193210.125 205623.024, 3193190.513 205640.465)	129	1079	0	831	false	1284	None
LINESTRING (3193190.513 205640.465, 3193091.283 205728.64)	129	1079	0	832	false	1284	None
LINESTRING (3193091.283 205728.64, 3193076.687 205743.882)	129	1079	0	833	false	1284	None
LINESTRING (3193076.687 205743.882, 3192988.224 205835.821)	129	1079	0	834	false	1284	None
LINESTRING (3192988.224 205835.821, 3192768.737 206099.187)	129	1079	0	835	false	1284	None
LINESTRING (3192768.737 206099.187, 3192691.123 206192.181)	129	1079	0	836	false	1284	None
LINESTRING (3192691.123 206192.181, 3192671.361 206215.526)	129	1079	0	837	false	1284	None
LINESTRING (3192671.361 206215.526, 3192667.74 206219.705)	129	1079	0	838	false	1284	None
LINESTRING (3192667.74 206219.705, 3192660.623 206227.995)	129	1079	0	839	false	1284	None
LINESTRING (3192660.623 206227.995, 3192616.972 206279.143)	129	1079	0	840	false	1284	None
LINESTRING (3192616.972 206279.143, 3192588.759 206312.161)	129	1079	0	841	false	1284	None
LINESTRING (3192588.759 206312.161, 3192524.745 206388.685)	129	1079	0	842	false	1284	None
LINESTRING (3192524.745 206388.685, 3192414.023 206521.118)	129	1079	0	843	false	1284	None
LINESTRING (3192414.023 206521.118, 3192386.405 206554.132)	129	1079	0	844	false	1284	None
LINESTRING (3192386.405 206554.132, 3192382.328 206558.967)	129	1079	0	845	false	1284	None
LINESTRING (3192382.328 206558.967, 3192343.896 206604.896)	129	1079	0	846	false	1284	None
LINESTRING (3192343.896 206604.896, 3192228.306 206742.927)	129	1079	0	847	false	1284	None
LINESTRING (3192228.306 206742.927, 3192189.748 206788.926)	129	1079	0	848	false	1284	None
LINESTRING (3192189.748 206788.926, 3192142.833 206852.387)	129	1079	0	849	false	1284	None
LINESTRING (3192142.833 206852.387, 3192116.784 206887.689)	129	1079	0	850	false	1284	None
LINESTRING (3192116.784 206887.689, 3192112.345 206893.693)	129	1079	0	851	false	1284	None
LINESTRING (3192112.345 206893.693, 3192022.372 207015.336)	129	1079	0	852	false	1284	None
LINESTRING (3192022.372 207015.336, 3191672.344 207409.189)	129	1079	0	853	false	1284	None
LINESTRING (3191672.344 207409.189, 3191642.404 207442.841)	129	1079	0	854	false	1284	None
LINESTRING (3191642.404 207442.841, 3191638.662 207447.33)	129	1079	0	855	false	1284	None
LINESTRING (3191638.662 207447.33, 3191627.307 207460.868)	129	1079	0	856	false	1284	None
LINESTRING (3191627.307 207460.868, 3191623.438 207465.427)	129	1079	0	857	false	1284	None
LINESTRING (3191623.438 207465.427, 3191549.242 207554.046)	129	1079	0	858	false	1284	None
LINESTRING (3191549.242 207554.046, 3191511.31 207599.22)	129	1079	0	859	false	1284	None
LINESTRING (3191511.31 207599.22, 3191481.889 207633.314)	129	1079	0	860	false	1284	None
LINESTRING (3191481.889 207633.314, 3191459.542 207659.221)	129	1079	0	861	false	1284	None
LINESTRING (3191459.542 207659.221, 3191400.495 207725.42)	129	1079	0	862	false	1284	None
LINESTRING (3191400.495 207725.42, 3191319.124 207811.453)	129	1079	0	863	false	1284	None
LINESTRING (3191319.124 207811.453, 3191311.83 207819.196)	129	1079	0	864	false	1284	None
LINESTRING (3191311.83 207819.196, 3191237.646 207891.243)	129	1079	0	865	false	1284	None
LINESTRING (3191237.646 207891.243, 3191215.811 207912.343)	129	1079	0	866	false	1284	None
LINESTRING (3191215.811 207912.343, 3191210.713 207917.014)	129	1079	0	867	false	1284	None
LINESTRING (3191210.713 207917.014, 3191127.838 207992.08)	129	1079	0	868	false	1284	None
LINESTRING (3191127.838 207992.08, 3191100.213 208017.102)	129	1079	0	869	false	1284	None
LINESTRING (3191100.213 208017.102, 3191016.531 208087.199)	129	1079	0	870	false	1284	None
LINESTRING (3191016.531 208087.199, 3190975.358 208121.556)	129	1079	0	871	false	1284	None
LINESTRING (3190975.358 208121.556, 3190913.421 208167.775)	129	1079	0	872	false	1284	None
LINESTRING (3190913.421 208167.775, 3190805.549 208245.405)	129	1079	0	873	false	1284	None
LINESTRING (3190805.549 208245.405, 3190716.42 208304.772)	129	1079	0	874	false	1284	None
LINESTRING (3190716.42 208304.772, 3190649.689 208346.123)	129	1079	0	875	false	1284	None
LINESTRING (3190649.689 208346.123, 3190521.58 208421.75)	129	1079	0	876	false	1284	None
LINESTRING (3190521.58 208421.75, 3190476.327 208445.916)	129	1079	0	877	false	1284	None
LINESTRING (3190476.327 208445.916, 3190469.683 208449.502)	129	1079	0	878	false	1284	None
LINESTRING (3190469.683 208449.502, 3190377.875 208498.633)	129	1079	0	879	false	1284	None
LINESTRING (3190377.875 208498.633, 3190337.199 208519.95)	129	1079	0	880	false	1284	None
LINESTRING (3190337.199 208519.95, 3190220.35 208581.288)	129	1079	0	881	false	1284	None
LINESTRING (3190220.35 208581.288, 3190210.463 208586.34)	129	1079	0	882	false	1284	None
LINESTRING (3190210.463 208586.34, 3190111.719 208636.798)	129	1079	0	883	false	1284	None
LINESTRING (3190111.719 208636.798, 3190073.433 208656.313)	129	1079	0	884	false	1284	None
LINESTRING (3190073.433 208656.313, 3189876.08 208754.899)	129	1079	0	885	false	1284	None
LINESTRING (3189876.08 208754.899, 3189778.037 208799.076)	129	1079	0	886	false	1284	None
LINESTRING (3189778.037 208799.076, 3189759.423 208807.492)	129	1079	0	887	false	1284	None
LINESTRING (3189759.423 208807.492, 3189678.57 208841.858)	129	1079	0	888	false	1284	None
LINESTRING (3189678.57 208841.858, 3189622.704 208865.665)	129	1079	0	889	false	1284	None
LINESTRING (3189622.704 208865.665, 3189577.888 208885.474)	129	1079	0	890	false	1284	None
LINESTRING (3189577.888 208885.474, 3189568.327 208889.702)	129	1079	0	891	false	1284	None
LINESTRING (3189568.327 208889.702, 3189536.907 208906.077)	129	1079	0	892	false	1284	None
LINESTRING (3189536.907 208906.077, 3189495.267 208927.851)	129	1079	0	893	false	1284	None
LINESTRING (3189495.267 208927.851, 3189490.942 208930.562)	129	1079	0	894	false	1284	None
LINESTRING (3189490.942 208930.562, 3189422.491 208972.554)	129	1079	0	895	false	1284	None
LINESTRING (3189422.491 208972.554, 3189380.715 208998.688)	129	1079	0	896	false	1284	None
LINESTRING (3189380.715 208998.688, 3189339.417 209027.873)	129	1079	0	897	false	1284	None
LINESTRING (3189339.417 209027.873, 3189302.771 209056.026)	129	1079	0	898	false	1284	W:3189315.719 209046.07880128804
LINESTRING (3197900.334 203876.685, 3197853.371 203857.687)	129	1558	0	895	false	1074	E:3197871.386 203864.97463004926
LINESTRING (3197853.371 203857.687, 3197650.426 203776.104)	129	1558	0	896	false	1074	None
LINESTRING (3197650.426 203776.104, 3197622.882 203765.004)	129	1558	0	897	false	1074	None
LINESTRING (3197622.882 203765.004, 3197539.604 203731.33)	129	1558	0	898	false	1074	None
LINESTRING (3197539.604 203731.33, 3197511.762 203720.232)	129	1558	0	899	false	1074	None
LINESTRING (3197511.762 203720.232, 3197499.486 203715.273)	129	1558	0	900	false	1074	None
LINESTRING (3197499.486 203715.273, 3197462.403 203700.292)	129	1558	0	901	false	1074	None
LINESTRING (3197462.403 203700.292, 3197449.915 203695.368)	129	1558	0	902	false	1074	None
LINESTRING (3197449.915 203695.368, 3197448.205 203694.694)	129	1558	0	903	false	1074	None
LINESTRING (3197448.205 203694.694, 3197377.418 203666.186)	129	1558	0	904	false	1074	None
LINESTRING (3197377.418 203666.186, 3197339.182 203650.871)	129	1558	0	905	false	1074	None
LINESTRING (3197339.182 203650.871, 3197366.34 203585.001)	129	1558	0	906	false	1074	None
LINESTRING (3197366.34 203585.001, 3197392.924 203520.335)	129	1558	0	907	false	1074	None
LINESTRING (3197392.924 203520.335, 3197434.276 203420.222)	129	1558	0	908	false	1074	None
LINESTRING (3197434.276 203420.222, 3197515.213 203223.473)	129	1558	0	909	false	1074	None
LINESTRING (3197515.213 203223.473, 3197515.701 203222.234)	129	1558	0	910	false	1074	None
LINESTRING (3197515.701 203222.234, 3197571.605 203086.468)	129	1558	0	911	false	1074	None
LINESTRING (3197571.605 203086.468, 3197571.484 203074.492)	129	1558	0	912	false	1074	None
LINESTRING (3197571.484 203074.492, 3197575.119 203063.52)	129	1558	0	913	false	1074	None
LINESTRING (3197575.119 203063.52, 3197596.587 202995.287)	129	1558	0	914	false	1074	None
LINESTRING (3197596.587 202995.287, 3197603.672 202972.555)	129	1558	0	915	false	1074	None
LINESTRING (3197603.672 202972.555, 3197607.099 202961.859)	129	1558	0	916	false	1074	None
LINESTRING (3197607.099 202961.859, 3197617.171 202930.046)	129	1558	0	917	false	1074	None
LINESTRING (3197617.171 202930.046, 3197620.472 202919.419)	129	1558	0	918	false	1074	None
LINESTRING (3197620.472 202919.419, 3197631.834 202883.583)	129	1558	0	919	false	1074	None
LINESTRING (3197631.834 202883.583, 3197619.688 202878.793)	129	1558	0	920	false	1074	None
LINESTRING (3197619.688 202878.793, 3197585.13 202865.168)	129	1558	0	921	false	1074	None
LINESTRING (3197585.13 202865.168, 3197486.247 202826.18)	129	1558	0	922	false	1074	None
LINESTRING (3197486.247 202826.18, 3197373.896 202782.242)	129	1558	0	923	false	1074	None
LINESTRING (3197373.896 202782.242, 3196991.566 202631.159)	129	1558	0	924	false	1074	None
LINESTRING (3196991.566 202631.159, 3196955.553 202616.963)	129	1558	0	925	false	1074	None
LINESTRING (3196955.553 202616.963, 3196901.522 202592.563)	129	1558	0	926	false	1074	None
LINESTRING (3196901.522 202592.563, 3196818.665 202777.939)	129	1558	0	927	false	1074	None
LINESTRING (3196818.665 202777.939, 3196786.461 202863.648)	129	1558	0	928	false	1074	None
LINESTRING (3196786.461 202863.648, 3196783.303 202872.661)	129	1558	0	929	false	1074	None
LINESTRING (3196783.303 202872.661, 3196780.691 202881.293)	129	1558	0	930	false	1074	None
LINESTRING (3196780.691 202881.293, 3196776.041 202894.846)	129	1558	0	931	false	1074	None
LINESTRING (3196776.041 202894.846, 3196771.455 202907.233)	129	1558	0	932	false	1074	None
LINESTRING (3196771.455 202907.233, 3196743.686 202981.689)	129	1558	0	933	false	1074	None
LINESTRING (3196743.686 202981.689, 3196740.765 202989.602)	129	1558	0	934	false	1074	None
LINESTRING (3196740.765 202989.602, 3196719.194 203049.087)	129	1558	0	935	false	1074	None
LINESTRING (3196719.194 203049.087, 3196677.522 203162.076)	129	1558	0	936	false	1074	None
LINESTRING (3196677.522 203162.076, 3196675.723 203166.138)	129	1558	0	937	false	1074	None
LINESTRING (3196675.723 203166.138, 3196635.316 203276.166)	129	1558	0	938	false	1074	None
LINESTRING (3196635.316 203276.166, 3196611.743 203340.229)	129	1558	0	939	false	1074	None
LINESTRING (3196611.743 203340.229, 3196277.506 203210.394)	129	1558	0	940	false	1074	None
LINESTRING (3196277.506 203210.394, 3196233.459 203193.272)	129	1558	0	941	false	1074	None
LINESTRING (3196233.459 203193.272, 3195656.426 202970.638)	129	1558	0	942	false	1074	None
LINESTRING (3195656.426 202970.638, 3195647.489 202967.236)	129	1558	0	943	false	1074	None
LINESTRING (3195647.489 202967.236, 3195639.363 202964.033)	129	1558	0	944	false	1074	None
LINESTRING (3195639.363 202964.033, 3195352.336 202850.817)	129	1558	0	945	false	1074	None
LINESTRING (3195352.336 202850.817, 3195345.921 202848.289)	129	1558	0	946	false	1074	None
LINESTRING (3195345.921 202848.289, 3195339.334 202845.694)	129	1558	0	947	false	1074	None
LINESTRING (3195339.334 202845.694, 3195184.199 202786.48)	129	1558	0	948	false	1074	None
LINESTRING (3195184.199 202786.48, 3195174.191 202782.537)	129	1558	0	949	false	1074	None
LINESTRING (3195174.191 202782.537, 3195164.142 202778.697)	129	1558	0	950	false	1074	None
LINESTRING (3195164.142 202778.697, 3195164.183 202778.594)	129	1558	0	951	false	1074	None
LINESTRING (3195164.183 202778.594, 3195063.893 202739.44)	129	1558	0	952	false	1074	None
LINESTRING (3195063.893 202739.44, 3195054.313 202735.666)	129	1558	0	953	false	1074	None
LINESTRING (3195054.313 202735.666, 3195046.659 202732.77)	129	1558	0	954	false	1074	None
LINESTRING (3195046.659 202732.77, 3194850.701 202656.526)	129	1558	0	955	false	1074	None
LINESTRING (3194850.701 202656.526, 3194825.894 202646.754)	129	1558	0	956	false	1074	None
LINESTRING (3194825.894 202646.754, 3194800.916 202636.914)	129	1558	0	957	false	1074	None
LINESTRING (3194800.916 202636.914, 3194799.804 202636.476)	129	1558	0	958	false	1074	None
LINESTRING (3194799.804 202636.476, 3194790.611 202632.973)	129	1558	0	959	false	1074	None
LINESTRING (3194790.611 202632.973, 3194781.205 202629.507)	129	1558	0	960	false	1074	None
LINESTRING (3194781.205 202629.507, 3194580.337 202551.933)	129	1558	0	961	false	1074	None
LINESTRING (3194580.337 202551.933, 3194571.653 202548.393)	129	1558	0	962	false	1074	None
LINESTRING (3194571.653 202548.393, 3194569.623 202553.795)	129	1558	0	963	false	1074	None
LINESTRING (3194569.623 202553.795, 3194566.37 202562.055)	129	1558	0	964	false	1074	None
LINESTRING (3194566.37 202562.055, 3194528.54 202657.593)	129	1558	0	965	false	1074	None
LINESTRING (3194528.54 202657.593, 3194526.751 202662.136)	129	1558	0	966	false	1074	None
LINESTRING (3194526.751 202662.136, 3194308.328 203217.154)	129	1558	0	967	false	1074	None
LINESTRING (3194308.328 203217.154, 3194270.921 203312.621)	129	1558	0	968	false	1074	None
LINESTRING (3194270.921 203312.621, 3193457.823 203004.913)	129	1558	0	969	false	1074	None
LINESTRING (3193457.823 203004.913, 3193453.506 203003.332)	129	1558	0	970	false	1074	None
LINESTRING (3193453.506 203003.332, 3192941.656 202809.784)	129	1558	0	971	false	1074	None
LINESTRING (3192941.656 202809.784, 3192757.156 202740.129)	129	1558	0	972	false	1074	None
LINESTRING (3192757.156 202740.129, 3193051.682 201942.808)	129	1558	0	973	false	1074	None
LINESTRING (3193051.682 201942.808, 3193057.112 201928.011)	129	1558	0	974	false	1074	None
LINESTRING (3193057.112 201928.011, 3192508.781 201717.054)	129	1558	0	975	false	1074	None
LINESTRING (3192508.781 201717.054, 3191995.459 201519.321)	129	1558	0	976	false	1074	None
LINESTRING (3191995.459 201519.321, 3191993.194 201518.549)	129	1558	0	977	false	1074	None
LINESTRING (3191993.194 201518.549, 3191266.937 201238.506)	129	1558	0	978	false	1074	S:3191969.350494331 201509.355
