LINESTRING (3169234.807 209350.679, 3169144.62 209579.008)	109	180	0	1307	false	2099	S:3169233.059972242 209355.102
LINESTRING (3169144.62 209579.008, 3169028.7 209871.873)	109	180	0	1308	false	2099	None
LINESTRING (3169028.7 209871.873, 3169025.017 209881.039)	109	180	0	1309	false	2099	None
LINESTRING (3169025.017 209881.039, 3168899.33 210201.903)	109	180	0	1310	false	2099	None
LINESTRING (3168899.33 210201.903, 3168521.51 211164.921)	109	180	0	1311	false	2099	None
LINESTRING (3168521.51 211164.921, 3168395.484 211485.895)	109	180	0	1312	false	2099	None
LINESTRING (3168395.484 211485.895, 3168340.262 211622.557)	109	180	0	1313	false	2099	None
LINESTRING (3168340.262 211622.557, 3168174.47 212032.613)	109	180	0	1314	false	2099	None
LINESTRING (3168174.47 212032.613, 3168119.122 212169.345)	109	180	0	1315	false	2099	None
LINESTRING (3168119.122 212169.345, 3168114.595 212180.922)	109	180	0	1316	false	2099	None
LINESTRING (3168114.595 212180.922, 3168109.658 212193.292)	109	180	0	1317	false	2099	None
LINESTRING (3168109.658 212193.292, 3168100.805 212215.928)	109	180	0	1318	false	2099	None
LINESTRING (3168100.805 212215.928, 3168096.152 212227.574)	109	180	0	1319	false	2099	None
LINESTRING (3168096.152 212227.574, 3168081.105 212265.545)	109	180	0	1320	false	2099	None
LINESTRING (3168081.105 212265.545, 3168058.085 212323.397)	109	180	0	1321	false	2099	None
LINESTRING (3168058.085 212323.397, 3168035.842 212379.765)	109	180	0	1322	false	2099	None
LINESTRING (3168035.842 212379.765, 3168020.714 212417.942)	109	180	0	1323	false	2099	None
LINESTRING (3168020.714 212417.942, 3168020.673 212418.046)	109	180	0	1324	false	2099	None
LINESTRING (3168020.673 212418.046, 3167921.097 212669.881)	109	180	0	1325	false	2099	None
LINESTRING (3167921.097 212669.881, 3167650.548 213353.587)	109	180	0	1326	false	2099	None
LINESTRING (3167650.548 213353.587, 3167622.034 213425.738)	109	180	0	1327	false	2099	None
LINESTRING (3167622.034 213425.738, 3167532.523 213651.838)	109	180	0	1328	false	2099	None
LINESTRING (3167532.523 213651.838, 3167528.602 213661.864)	109	180	0	1329	false	2099	None
LINESTRING (3167528.602 213661.864, 3167522.125 213677.922)	109	180	0	1330	false	2099	None
LINESTRING (3167522.125 213677.922, 3167515.131 213695.804)	109	180	0	1331	false	2099	None
LINESTRING (3167515.131 213695.804, 3167486.618 213767.954)	109	180	0	1332	false	2099	None
LINESTRING (3167486.618 213767.954, 3167379.593 214038.332)	109	180	0	1333	false	2099	None
LINESTRING (3167379.593 214038.332, 3167343.749 214128.471)	109	180	0	1334	false	2099	None
LINESTRING (3167343.749 214128.471, 3167314.871 214201.552)	109	180	0	1335	false	2099	None
LINESTRING (3167314.871 214201.552, 3167228.158 214421.002)	109	180	0	1336	false	2099	None
LINESTRING (3167228.158 214421.002, 3167199.155 214494.154)	109	180	0	1337	false	2099	None
LINESTRING (3167199.155 214494.154, 3167196.734 214500.596)	109	180	0	1338	false	2099	None
LINESTRING (3167196.734 214500.596, 3167194.147 214507.211)	109	180	0	1339	false	2099	None
LINESTRING (3167194.147 214507.211, 3167190.751 214515.893)	109	180	0	1340	false	2099	None
LINESTRING (3167190.751 214515.893, 3167180.604 214541.838)	109	180	0	1341	false	2099	None
LINESTRING (3167180.604 214541.838, 3167124.318 214685)	109	180	0	1342	false	2099	None
LINESTRING (3167124.318 214685, 3167120.392 214694.786)	109	180	0	1343	false	2099	None
LINESTRING (3167120.392 214694.786, 3167116.835 214703.882)	109	180	0	1344	false	2099	None
LINESTRING (3167116.835 214703.882, 3167113.151 214713.048)	109	180	0	1345	false	2099	None
LINESTRING (3167113.151 214713.048, 3167109.14 214722.801)	109	180	0	1346	false	2099	None
LINESTRING (3167109.14 214722.801, 3167105.219 214732.827)	109	180	0	1347	false	2099	None
LINESTRING (3167105.219 214732.827, 3167091.753 214767.007)	109	180	0	1348	false	2099	None
LINESTRING (3167091.753 214767.007, 3167050.855 214870.067)	109	180	0	1349	false	2099	None
LINESTRING (3167050.855 214870.067, 3167037.097 214904.491)	109	180	0	1350	false	2099	None
LINESTRING (3167037.097 214904.491, 3166975.294 215060.751)	109	180	0	1351	false	2099	None
LINESTRING (3166975.294 215060.751, 3166789.761 215529.601)	109	180	0	1352	false	2099	None
LINESTRING (3166789.761 215529.601, 3166759.343 215606.371)	109	180	0	1353	false	2099	None
LINESTRING (3166759.343 215606.371, 3166728.345 215686.132)	109	180	0	1354	false	2099	None
LINESTRING (3166728.345 215686.132, 3166724.873 215695.261)	109	180	0	1355	false	2099	None
LINESTRING (3166724.873 215695.261, 3166720.063 215707.562)	109	180	0	1356	false	2099	None
LINESTRING (3166720.063 215707.562, 3166714.03 215722.483)	109	180	0	1357	false	2099	None
LINESTRING (3166714.03 215722.483, 3166711.115 215729.685)	109	180	0	1358	false	2099	None
LINESTRING (3166711.115 215729.685, 3166710.347 215731.649)	109	180	0	1359	false	2099	None
LINESTRING (3166710.347 215731.649, 3166708.002 215737.644)	109	180	0	1360	false	2099	None
LINESTRING (3166708.002 215737.644, 3166700.968 215755.63)	109	180	0	1361	false	2099	None
LINESTRING (3166700.968 215755.63, 3166698.538 215761.591)	109	180	0	1362	false	2099	None
LINESTRING (3166698.538 215761.591, 3166694.439 215759.988)	109	180	0	1363	false	2099	None
LINESTRING (3166694.439 215759.988, 3166682.019 215755.489)	109	180	0	1364	false	2099	None
LINESTRING (3166682.019 215755.489, 3166677.794 215753.955)	109	180	0	1365	false	2099	None
LINESTRING (3166677.794 215753.955, 3166661.361 215747.886)	109	180	0	1366	false	2099	None
LINESTRING (3166661.361 215747.886, 3166611.805 215729.577)	109	180	0	1367	false	2099	None
LINESTRING (3166611.805 215729.577, 3166595.2 215723.441)	109	180	0	1368	false	2099	None
LINESTRING (3166595.2 215723.441, 3166594.818 215723.411)	109	180	0	1369	false	2099	None
LINESTRING (3166594.818 215723.411, 3166496.856 215687.126)	109	180	0	1370	false	2099	None
LINESTRING (3166496.856 215687.126, 3166386.821 215646.718)	109	180	0	1371	false	2099	None
LINESTRING (3166386.821 215646.718, 3166202.6 215578.97)	109	180	0	1372	false	2099	None
LINESTRING (3166202.6 215578.97, 3166148.265 215559.034)	109	180	0	1373	false	2099	None
LINESTRING (3166148.265 215559.034, 3166104.748 215541.899)	109	180	0	1374	false	2099	None
LINESTRING (3166104.748 215541.899, 3166089.888 215536.089)	109	180	0	1375	false	2099	None
LINESTRING (3166089.888 215536.089, 3166075.068 215530.175)	109	180	0	1376	false	2099	None
LINESTRING (3166075.068 215530.175, 3166061.358 215524.695)	109	180	0	1377	false	2099	None
LINESTRING (3166061.358 215524.695, 3166011.647 215505.019)	109	180	0	1378	false	2099	None
LINESTRING (3166011.647 215505.019, 3165948.101 215479.935)	109	180	0	1379	false	2099	None
LINESTRING (3165948.101 215479.935, 3165931.06 215473.153)	109	180	0	1380	false	2099	None
LINESTRING (3165931.06 215473.153, 3165917.822 215467.977)	109	180	0	1381	false	2099	None
LINESTRING (3165917.822 215467.977, 3165887.543 215456.019)	109	180	0	1382	false	2099	None
LINESTRING (3165887.543 215456.019, 3165887.498 215455.882)	109	180	0	1383	false	2099	None
LINESTRING (3165887.498 215455.882, 3165851.412 215441.654)	109	180	0	1384	false	2099	None
LINESTRING (3165851.412 215441.654, 3165649.996 215363.742)	109	180	0	1385	false	2099	None
LINESTRING (3165649.996 215363.742, 3164936.848 215087.952)	109	180	0	1386	false	2099	None
LINESTRING (3164936.848 215087.952, 3164725.133 215006.161)	109	180	0	1387	false	2099	None
LINESTRING (3164725.133 215006.161, 3164699.043 214996.083)	109	180	0	1388	false	2099	None
LINESTRING (3164699.043 214996.083, 3164644.163 214974.517)	109	180	0	1389	false	2099	None
LINESTRING (3164644.163 214974.517, 3164478.142 214910.589)	109	180	0	1390	false	2099	None
LINESTRING (3164478.142 214910.589, 3164424.467 214889.972)	109	180	0	1391	false	2099	None
LINESTRING (3164424.467 214889.972, 3164412.68 214885.366)	109	180	0	1392	false	2099	None
LINESTRING (3164412.68 214885.366, 3164349.053 214860.741)	109	180	0	1393	false	2099	None
LINESTRING (3164349.053 214860.741, 3164328.598 214912.329)	109	180	0	1394	false	2099	None
LINESTRING (3164328.598 214912.329, 3164147.602 215367.704)	109	180	0	1395	false	2099	None
LINESTRING (3164147.602 215367.704, 3164079.049 215523.234)	109	180	0	1396	false	2099	None
LINESTRING (3164079.049 215523.234, 3164078.946 215524.505)	109	180	0	1397	false	2099	None
LINESTRING (3164078.946 215524.505, 3164078.444 215527.05)	109	180	0	1398	false	2099	None
LINESTRING (3164078.444 215527.05, 3164076.956 215526.826)	109	180	0	1399	false	2099	None
LINESTRING (3164076.956 215526.826, 3164075.514 215526.739)	109	180	0	1400	false	2099	None
LINESTRING (3164075.514 215526.739, 3164075.469 215526.602)	109	180	0	1401	false	2099	None
LINESTRING (3164075.469 215526.602, 3164074.493 215526.578)	109	180	0	1402	false	2099	None
LINESTRING (3164074.493 215526.578, 3164074.071 215526.651)	109	180	0	1403	false	2099	None
LINESTRING (3164074.071 215526.651, 3164051.746 215520.549)	109	180	0	1404	false	2099	None
LINESTRING (3164051.746 215520.549, 3163780.908 215429.379)	109	180	0	1405	false	2099	None
LINESTRING (3163780.908 215429.379, 3163553.818 215354.238)	109	180	0	1406	false	2099	W:3163648.718 215385.63912246245
LINESTRING (3163553.818 215354.238, 3163780.908 215429.379)	109	184	0	281	false	1125	W:3163648.718 215385.63912246245
LINESTRING (3163780.908 215429.379, 3164051.746 215520.549)	109	184	0	282	false	1125	None
LINESTRING (3164051.746 215520.549, 3164074.071 215526.651)	109	184	0	283	false	1125	None
LINESTRING (3164074.071 215526.651, 3164074.493 215526.578)	109	184	0	284	false	1125	None
LINESTRING (3164074.493 215526.578, 3164075.469 215526.602)	109	184	0	285	false	1125	None
LINESTRING (3164075.469 215526.602, 3164075.514 215526.739)	109	184	0	286	false	1125	None
LINESTRING (3164075.514 215526.739, 3164076.956 215526.826)	109	184	0	287	false	1125	None
LINESTRING (3164076.956 215526.826, 3164078.444 215527.05)	109	184	0	288	false	1125	None
LINESTRING (3164078.444 215527.05, 3164078.946 215524.505)	109	184	0	289	false	1125	None
LINESTRING (3164078.946 215524.505, 3164079.049 215523.234)	109	184	0	290	false	1125	None
LINESTRING (3164079.049 215523.234, 3164147.602 215367.704)	109	184	0	291	false	1125	None
LINESTRING (3164147.602 215367.704, 3164328.598 214912.329)	109	184	0	292	false	1125	None
LINESTRING (3164328.598 214912.329, 3164349.053 214860.741)	109	184	0	293	false	1125	None
LINESTRING (3164349.053 214860.741, 3164412.68 214885.366)	109	184	0	294	false	1125	None
LINESTRING (3164412.68 214885.366, 3164424.467 214889.972)	109	184	0	295	false	1125	None
LINESTRING (3164424.467 214889.972, 3164478.142 214910.589)	109	184	0	296	false	1125	None
LINESTRING (3164478.142 214910.589, 3164644.163 214974.517)	109	184	0	297	false	1125	None
LINESTRING (3164644.163 214974.517, 3164699.043 214996.083)	109	184	0	298	false	1125	None
LINESTRING (3164699.043 214996.083, 3164725.133 215006.161)	109	184	0	299	false	1125	None
LINESTRING (3164725.133 215006.161, 3164936.848 215087.952)	109	184	0	300	false	1125	None
LINESTRING (3164936.848 215087.952, 3165649.996 215363.742)	109	184	0	301	false	1125	None
LINESTRING (3165649.996 215363.742, 3165851.412 215441.654)	109	184	0	302	false	1125	None
LINESTRING (3165851.412 215441.654, 3165887.498 215455.882)	109	184	0	303	false	1125	None
LINESTRING (3165887.498 215455.882, 3165887.543 215456.019)	109	184	0	304	false	1125	None
LINESTRING (3165887.543 215456.019, 3165917.822 215467.977)	109	184	0	305	false	1125	None
LINESTRING (3165917.822 215467.977, 3165931.06 215473.153)	109	184	0	306	false	1125	None
LINESTRING (3165931.06 215473.153, 3165948.101 215479.935)	109	184	0	307	false	1125	None
LINESTRING (3165948.101 215479.935, 3166011.647 215505.019)	109	184	0	308	false	1125	None
LINESTRING (3166011.647 215505.019, 3166061.358 215524.695)	109	184	0	309	false	1125	None
LINESTRING (3166061.358 215524.695, 3166075.068 215530.175)	109	184	0	310	false	1125	None
LINESTRING (3166075.068 215530.175, 3166089.888 215536.089)	109	184	0	311	false	1125	None
LINESTRING (3166089.888 215536.089, 3166104.748 215541.899)	109	184	0	312	false	1125	None
LINESTRING (3166104.748 215541.899, 3166148.265 215559.034)	109	184	0	313	false	1125	None
LINESTRING (3166148.265 215559.034, 3166202.6 215578.97)	109	184	0	314	false	1125	None
LINESTRING (3166202.6 215578.97, 3166386.821 215646.718)	109	184	0	315	false	1125	None
LINESTRING (3166386.821 215646.718, 3166496.856 215687.126)	109	184	0	316	false	1125	None
LINESTRING (3166496.856 215687.126, 3166594.818 215723.411)	109	184	0	317	false	1125	None
LINESTRING (3166594.818 215723.411, 3166595.2 215723.441)	109	184	0	318	false	1125	None
LINESTRING (3166595.2 215723.441, 3166611.805 215729.577)	109	184	0	319	false	1125	None
LINESTRING (3166611.805 215729.577, 3166661.361 215747.886)	109	184	0	320	false	1125	None
LINESTRING (3166661.361 215747.886, 3166677.794 215753.955)	109	184	0	321	false	1125	None
LINESTRING (3166677.794 215753.955, 3166682.019 215755.489)	109	184	0	322	false	1125	None
LINESTRING (3166682.019 215755.489, 3166694.439 215759.988)	109	184	0	323	false	1125	None
LINESTRING (3166694.439 215759.988, 3166698.538 215761.591)	109	184	0	324	false	1125	None
LINESTRING (3166698.538 215761.591, 3166614.025 215978.688)	109	184	0	325	false	1125	None
LINESTRING (3166614.025 215978.688, 3166360.195 216630.225)	109	184	0	326	false	1125	None
LINESTRING (3166360.195 216630.225, 3166275.471 216847.36)	109	184	0	327	false	1125	None
LINESTRING (3166275.471 216847.36, 3166201.706 217036.724)	109	184	0	328	false	1125	None
LINESTRING (3166201.706 217036.724, 3165980.241 217604.75)	109	184	0	329	false	1125	N:3166137.716071502 217200.849
LINESTRING (3172207.036 211507.892, 3172200.836 211516.429)	109	1076	0	1822	false	2191	E:3172204.385 211511.542255968
LINESTRING (3172200.836 211516.429, 3172185.408 211537.206)	109	1076	0	1823	false	2191	None
LINESTRING (3172185.408 211537.206, 3172172.763 211552.635)	109	1076	0	1824	false	2191	None
LINESTRING (3172172.763 211552.635, 3172158.998 211567.15)	109	1076	0	1825	false	2191	None
LINESTRING (3172158.998 211567.15, 3172151.664 211574.052)	109	1076	0	1826	false	2191	None
LINESTRING (3172151.664 211574.052, 3172136.429 211587.037)	109	1076	0	1827	false	2191	None
LINESTRING (3172136.429 211587.037, 3172121.927 211600.667)	109	1076	0	1828	false	2191	None
LINESTRING (3172121.927 211600.667, 3172108.077 211615.148)	109	1076	0	1829	false	2191	None
LINESTRING (3172108.077 211615.148, 3172094.96 211630.274)	109	1076	0	1830	false	2191	None
LINESTRING (3172094.96 211630.274, 3172082.833 211646.145)	109	1076	0	1831	false	2191	None
LINESTRING (3172082.833 211646.145, 3172077.779 211654.774)	109	1076	0	1832	false	2191	None
LINESTRING (3172077.779 211654.774, 3172071.479 211662.558)	109	1076	0	1833	false	2191	None
LINESTRING (3172071.479 211662.558, 3172064.748 211669.934)	109	1076	0	1834	false	2191	None
LINESTRING (3172064.748 211669.934, 3172057.67 211676.936)	109	1076	0	1835	false	2191	None
LINESTRING (3172057.67 211676.936, 3172042.349 211689.888)	109	1076	0	1836	false	2191	None
LINESTRING (3172042.349 211689.888, 3172026.201 211701.681)	109	1076	0	1837	false	2191	None
LINESTRING (3172026.201 211701.681, 3172010.877 211714.393)	109	1076	0	1838	false	2191	None
LINESTRING (3172010.877 211714.393, 3171996.379 211728.264)	109	1076	0	1839	false	2191	None
LINESTRING (3171996.379 211728.264, 3171988.348 211734.177)	109	1076	0	1840	false	2191	None
LINESTRING (3171988.348 211734.177, 3171979.399 211738.659)	109	1076	0	1841	false	2191	None
LINESTRING (3171979.399 211738.659, 3171969.781 211741.329)	109	1076	0	1842	false	2191	None
LINESTRING (3171969.781 211741.329, 3171951.038 211748.173)	109	1076	0	1843	false	2191	None
LINESTRING (3171951.038 211748.173, 3171934.094 211755.961)	109	1076	0	1844	false	2191	None
LINESTRING (3171934.094 211755.961, 3171923.661 211760.457)	109	1076	0	1845	false	2191	None
LINESTRING (3171923.661 211760.457, 3171914.843 211765.109)	109	1076	0	1846	false	2191	None
LINESTRING (3171914.843 211765.109, 3171906.421 211770.512)	109	1076	0	1847	false	2191	None
LINESTRING (3171906.421 211770.512, 3171898.479 211776.7)	109	1076	0	1848	false	2191	None
LINESTRING (3171898.479 211776.7, 3171870.389 211805.152)	109	1076	0	1849	false	2191	None
LINESTRING (3171870.389 211805.152, 3171864.261 211813.003)	109	1076	0	1850	false	2191	None
LINESTRING (3171864.261 211813.003, 3171857.66 211820.549)	109	1076	0	1851	false	2191	None
LINESTRING (3171857.66 211820.549, 3171850.542 211827.655)	109	1076	0	1852	false	2191	None
LINESTRING (3171850.542 211827.655, 3171835.392 211840.674)	109	1076	0	1853	false	2191	None
LINESTRING (3171835.392 211840.674, 3171827.447 211846.621)	109	1076	0	1854	false	2191	None
LINESTRING (3171827.447 211846.621, 3171810.647 211857.564)	109	1076	0	1855	false	2191	None
LINESTRING (3171810.647 211857.564, 3171794.504 211869.598)	109	1076	0	1856	false	2191	None
LINESTRING (3171794.504 211869.598, 3171779.481 211882.548)	109	1076	0	1857	false	2191	None
LINESTRING (3171779.481 211882.548, 3171759.072 211904.473)	109	1076	0	1858	false	2191	None
LINESTRING (3171759.072 211904.473, 3171745.87 211919.566)	109	1076	0	1859	false	2191	None
LINESTRING (3171745.87 211919.566, 3171731.589 211933.64)	109	1076	0	1860	false	2191	None
LINESTRING (3171731.589 211933.64, 3171716.44 211946.66)	109	1076	0	1861	false	2191	None
LINESTRING (3171716.44 211946.66, 3171696.201 211961.858)	109	1076	0	1862	false	2191	None
LINESTRING (3171696.201 211961.858, 3171692.438 211964.675)	109	1076	0	1863	false	2191	None
LINESTRING (3171692.438 211964.675, 3171683.926 211969.805)	109	1076	0	1864	false	2191	None
LINESTRING (3171683.926 211969.805, 3171674.757 211973.843)	109	1076	0	1865	false	2191	None
LINESTRING (3171674.757 211973.843, 3171665.183 211976.65)	109	1076	0	1866	false	2191	None
LINESTRING (3171665.183 211976.65, 3171655.376 211978.293)	109	1076	0	1867	false	2191	None
LINESTRING (3171655.376 211978.293, 3171645.375 211978.668)	109	1076	0	1868	false	2191	None
LINESTRING (3171645.375 211978.668, 3171635.392 211977.739)	109	1076	0	1869	false	2191	None
LINESTRING (3171635.392 211977.739, 3171625.683 211975.606)	109	1076	0	1870	false	2191	None
LINESTRING (3171625.683 211975.606, 3171616.289 211972.167)	109	1076	0	1871	false	2191	None
LINESTRING (3171616.289 211972.167, 3171607.834 211966.83)	109	1076	0	1872	false	2191	None
LINESTRING (3171607.834 211966.83, 3171599.092 211961.977)	109	1076	0	1873	false	2191	None
LINESTRING (3171599.092 211961.977, 3171590.021 211957.711)	109	1076	0	1874	false	2191	None
LINESTRING (3171590.021 211957.711, 3171580.749 211953.961)	109	1076	0	1875	false	2191	None
LINESTRING (3171580.749 211953.961, 3171571.278 211950.968)	109	1076	0	1876	false	2191	None
LINESTRING (3171571.278 211950.968, 3171561.965 211947.322)	109	1076	0	1877	false	2191	None
LINESTRING (3171561.965 211947.322, 3171552.854 211943.159)	109	1076	0	1878	false	2191	None
LINESTRING (3171552.854 211943.159, 3171544.071 211938.409)	109	1076	0	1879	false	2191	None
LINESTRING (3171544.071 211938.409, 3171535.616 211933.073)	109	1076	0	1880	false	2191	None
LINESTRING (3171535.616 211933.073, 3171527.449 211927.254)	109	1076	0	1881	false	2191	None
LINESTRING (3171527.449 211927.254, 3171520.114 211920.568)	109	1076	0	1882	false	2191	None
LINESTRING (3171520.114 211920.568, 3171514.56 211916.129)	109	1076	0	1883	false	2191	None
LINESTRING (3171514.56 211916.129, 3171504.28 211908.409)	109	1076	0	1884	false	2191	None
LINESTRING (3171504.28 211908.409, 3171495.906 211902.866)	109	1076	0	1885	false	2191	None
LINESTRING (3171495.906 211902.866, 3171487.33 211897.84)	109	1076	0	1886	false	2191	None
LINESTRING (3171487.33 211897.84, 3171478.259 211893.574)	109	1076	0	1887	false	2191	None
LINESTRING (3171478.259 211893.574, 3171469.517 211888.721)	109	1076	0	1888	false	2191	None
LINESTRING (3171469.517 211888.721, 3171461.062 211883.385)	109	1076	0	1889	false	2191	None
LINESTRING (3171461.062 211883.385, 3171453.062 211877.392)	109	1076	0	1890	false	2191	None
LINESTRING (3171453.062 211877.392, 3171437.807 211864.507)	109	1076	0	1891	false	2191	None
LINESTRING (3171437.807 211864.507, 3171421.639 211852.695)	109	1076	0	1892	false	2191	None
LINESTRING (3171421.639 211852.695, 3171413.31 211847.289)	109	1076	0	1893	false	2191	None
LINESTRING (3171413.31 211847.289, 3171404.28 211842.919)	109	1076	0	1894	false	2191	None
LINESTRING (3171404.28 211842.919, 3171394.845 211839.583)	109	1076	0	1895	false	2191	None
LINESTRING (3171394.845 211839.583, 3171376.727 211836.781)	109	1076	0	1896	false	2191	None
LINESTRING (3171376.727 211836.781, 3171357.216 211841.061)	109	1076	0	1897	false	2191	None
LINESTRING (3171357.216 211841.061, 3171338.069 211846.676)	109	1076	0	1898	false	2191	None
LINESTRING (3171338.069 211846.676, 3171336.216 211847.381)	109	1076	0	1899	false	2191	None
LINESTRING (3171336.216 211847.381, 3171319.372 211853.659)	109	1076	0	1900	false	2191	None
LINESTRING (3171319.372 211853.659, 3171301.125 211862.009)	109	1076	0	1901	false	2191	None
LINESTRING (3171301.125 211862.009, 3171274.982 211876.685)	109	1076	0	1902	false	2191	None
LINESTRING (3171274.982 211876.685, 3171265.769 211880.587)	109	1076	0	1903	false	2191	None
LINESTRING (3171265.769 211880.587, 3171257.909 211886.568)	109	1076	0	1904	false	2191	None
LINESTRING (3171257.909 211886.568, 3171251.911 211894.589)	109	1076	0	1905	false	2191	None
LINESTRING (3171251.911 211894.589, 3171247.501 211903.589)	109	1076	0	1906	false	2191	None
LINESTRING (3171247.501 211903.589, 3171244.926 211913.189)	109	1076	0	1907	false	2191	None
LINESTRING (3171244.926 211913.189, 3171243.798 211923.116)	109	1076	0	1908	false	2191	None
LINESTRING (3171243.798 211923.116, 3171248.007 211952.892)	109	1076	0	1909	false	2191	None
LINESTRING (3171248.007 211952.892, 3171256.587 211991.887)	109	1076	0	1910	false	2191	None
LINESTRING (3171256.587 211991.887, 3171272.013 212049.891)	109	1076	0	1911	false	2191	None
LINESTRING (3171272.013 212049.891, 3171275.329 212059.294)	109	1076	0	1912	false	2191	None
LINESTRING (3171275.329 212059.294, 3171279.318 212068.483)	109	1076	0	1913	false	2191	None
LINESTRING (3171279.318 212068.483, 3171284.149 212077.287)	109	1076	0	1914	false	2191	None
LINESTRING (3171284.149 212077.287, 3171301.779 212101.471)	109	1076	0	1915	false	2191	None
LINESTRING (3171301.779 212101.471, 3171339.174 212148.411)	109	1076	0	1916	false	2191	None
LINESTRING (3171339.174 212148.411, 3171362.807 212180.666)	109	1076	0	1917	false	2191	None
LINESTRING (3171362.807 212180.666, 3171387.61 212211.949)	109	1076	0	1918	false	2191	None
LINESTRING (3171387.61 212211.949, 3171406.745 212235.054)	109	1076	0	1919	false	2191	None
LINESTRING (3171406.745 212235.054, 3171424.168 212259.515)	109	1076	0	1920	false	2191	None
LINESTRING (3171424.168 212259.515, 3171436.297 212275.348)	109	1076	0	1921	false	2191	None
LINESTRING (3171436.297 212275.348, 3171441.923 212283.629)	109	1076	0	1922	false	2191	None
LINESTRING (3171441.923 212283.629, 3171447.045 212292.19)	109	1076	0	1923	false	2191	None
LINESTRING (3171447.045 212292.19, 3171456.242 212309.974)	109	1076	0	1924	false	2191	None
LINESTRING (3171456.242 212309.974, 3171464.387 212328.181)	109	1076	0	1925	false	2191	None
LINESTRING (3171464.387 212328.181, 3171468.965 212337.125)	109	1076	0	1926	false	2191	None
LINESTRING (3171468.965 212337.125, 3171491.384 212370.216)	109	1076	0	1927	false	2191	None
LINESTRING (3171491.384 212370.216, 3171491.82 212370.864)	109	1076	0	1928	false	2191	None
LINESTRING (3171491.82 212370.864, 3171496.254 212378.917)	109	1076	0	1929	false	2191	None
LINESTRING (3171496.254 212378.917, 3171500.495 212387.967)	109	1076	0	1930	false	2191	None
LINESTRING (3171500.495 212387.967, 3171503.895 212397.403)	109	1076	0	1931	false	2191	None
LINESTRING (3171503.895 212397.403, 3171506.747 212406.982)	109	1076	0	1932	false	2191	None
LINESTRING (3171506.747 212406.982, 3171510.525 212416.208)	109	1076	0	1933	false	2191	None
LINESTRING (3171510.525 212416.208, 3171524.551 212442.796)	109	1076	0	1934	false	2191	None
LINESTRING (3171524.551 212442.796, 3171529.548 212451.427)	109	1076	0	1935	false	2191	None
LINESTRING (3171529.548 212451.427, 3171540.84 212467.886)	109	1076	0	1936	false	2191	None
LINESTRING (3171540.84 212467.886, 3171558.553 212492.104)	109	1076	0	1937	false	2191	None
LINESTRING (3171558.553 212492.104, 3171569.301 212508.946)	109	1076	0	1938	false	2191	None
LINESTRING (3171569.301 212508.946, 3171574.005 212517.82)	109	1076	0	1939	false	2191	None
LINESTRING (3171574.005 212517.82, 3171577.908 212526.977)	109	1076	0	1940	false	2191	None
LINESTRING (3171577.908 212526.977, 3171583.948 212546.028)	109	1076	0	1941	false	2191	None
LINESTRING (3171583.948 212546.028, 3171590.199 212560.514)	109	1076	0	1942	false	2191	None
LINESTRING (3171590.199 212560.514, 3171596.837 212573.005)	109	1076	0	1943	false	2191	None
LINESTRING (3171596.837 212573.005, 3171600.911 212582.229)	109	1076	0	1944	false	2191	None
LINESTRING (3171600.911 212582.229, 3171604.225 212591.631)	109	1076	0	1945	false	2191	None
LINESTRING (3171604.225 212591.631, 3171613.899 212630.341)	109	1076	0	1946	false	2191	None
LINESTRING (3171613.899 212630.341, 3171615.527 212640.276)	109	1076	0	1947	false	2191	None
LINESTRING (3171615.527 212640.276, 3171617.174 212660.229)	109	1076	0	1948	false	2191	None
LINESTRING (3171617.174 212660.229, 3171618.619 212710.139)	109	1076	0	1949	false	2191	None
LINESTRING (3171618.619 212710.139, 3171618.448 212719.131)	109	1076	0	1950	false	2191	None
LINESTRING (3171618.448 212719.131, 3171618.34 212720.161)	109	1076	0	1951	false	2191	None
LINESTRING (3171618.34 212720.161, 3171613.508 212769.997)	109	1076	0	1952	false	2191	None
LINESTRING (3171613.508 212769.997, 3171611.912 212779.861)	109	1076	0	1953	false	2191	None
LINESTRING (3171611.912 212779.861, 3171609.763 212789.627)	109	1076	0	1954	false	2191	None
LINESTRING (3171609.763 212789.627, 3171607.101 212799.193)	109	1076	0	1955	false	2191	None
LINESTRING (3171607.101 212799.193, 3171603.203 212808.394)	109	1076	0	1956	false	2191	None
LINESTRING (3171603.203 212808.394, 3171598.406 212817.123)	109	1076	0	1957	false	2191	None
LINESTRING (3171598.406 212817.123, 3171591.328 212824.125)	109	1076	0	1958	false	2191	None
LINESTRING (3171591.328 212824.125, 3171582.336 212828.471)	109	1076	0	1959	false	2191	None
LINESTRING (3171582.336 212828.471, 3171572.902 212831.928)	109	1076	0	1960	false	2191	None
LINESTRING (3171572.902 212831.928, 3171553.387 212835.968)	109	1076	0	1961	false	2191	None
LINESTRING (3171553.387 212835.968, 3171534.017 212840.898)	109	1076	0	1962	false	2191	None
LINESTRING (3171534.017 212840.898, 3171524.673 212844.629)	109	1076	0	1963	false	2191	None
LINESTRING (3171524.673 212844.629, 3171516.031 212849.589)	109	1076	0	1964	false	2191	None
LINESTRING (3171516.031 212849.589, 3171497.915 212858.109)	109	1076	0	1965	false	2191	None
LINESTRING (3171497.915 212858.109, 3171479.309 212865.365)	109	1076	0	1966	false	2191	None
LINESTRING (3171479.309 212865.365, 3171470.271 212869.573)	109	1076	0	1967	false	2191	None
LINESTRING (3171470.271 212869.573, 3171461.589 212874.636)	109	1076	0	1968	false	2191	None
LINESTRING (3171461.589 212874.636, 3171452.461 212878.571)	109	1076	0	1969	false	2191	None
LINESTRING (3171452.461 212878.571, 3171442.848 212881.482)	109	1076	0	1970	false	2191	None
LINESTRING (3171442.848 212881.482, 3171422.96 212883.707)	109	1076	0	1971	false	2191	None
LINESTRING (3171422.96 212883.707, 3171413.046 212884.116)	109	1076	0	1972	false	2191	None
LINESTRING (3171413.046 212884.116, 3171393.104 212883.459)	109	1076	0	1973	false	2191	None
LINESTRING (3171393.104 212883.459, 3171363.23 212879.986)	109	1076	0	1974	false	2191	None
LINESTRING (3171363.23 212879.986, 3171343.657 212876.375)	109	1076	0	1975	false	2191	None
LINESTRING (3171343.657 212876.375, 3171324.349 212871.08)	109	1076	0	1976	false	2191	None
LINESTRING (3171324.349 212871.08, 3171314.875 212867.847)	109	1076	0	1977	false	2191	None
LINESTRING (3171314.875 212867.847, 3171305.643 212863.995)	109	1076	0	1978	false	2191	None
LINESTRING (3171305.643 212863.995, 3171296.214 212860.899)	109	1076	0	1979	false	2191	None
LINESTRING (3171296.214 212860.899, 3171286.502 212858.526)	109	1076	0	1980	false	2191	None
LINESTRING (3171286.502 212858.526, 3171276.677 212856.944)	109	1076	0	1981	false	2191	None
LINESTRING (3171276.677 212856.944, 3171256.677 212855.431)	109	1076	0	1982	false	2191	None
LINESTRING (3171256.677 212855.431, 3171255.229 212855.102)	109	1076	0	1983	false	2191	None
LINESTRING (3171255.229 212855.102, 3171236.982 212852.13)	109	1076	0	1984	false	2191	None
LINESTRING (3171236.982 212852.13, 3171217.598 212847.282)	109	1076	0	1985	false	2191	None
LINESTRING (3171217.598 212847.282, 3171179.387 212835.659)	109	1076	0	1986	false	2191	None
LINESTRING (3171179.387 212835.659, 3171159.809 212831.808)	109	1076	0	1987	false	2191	None
LINESTRING (3171159.809 212831.808, 3171149.823 212830.64)	109	1076	0	1988	false	2191	None
LINESTRING (3171149.823 212830.64, 3171139.85 212830.192)	109	1076	0	1989	false	2191	None
LINESTRING (3171139.85 212830.192, 3171129.809 212830.671)	109	1076	0	1990	false	2191	None
LINESTRING (3171129.809 212830.671, 3171119.908 212831.8)	109	1076	0	1991	false	2191	None
LINESTRING (3171119.908 212831.8, 3171113.573 212833.134)	109	1076	0	1992	false	2191	None
LINESTRING (3171113.573 212833.134, 3171100.533 212836.492)	109	1076	0	1993	false	2191	None
LINESTRING (3171100.533 212836.492, 3171091.141 212839.846)	109	1076	0	1994	false	2191	None
LINESTRING (3171091.141 212839.846, 3171081.928 212843.748)	109	1076	0	1995	false	2191	None
LINESTRING (3171081.928 212843.748, 3171046.754 212862.873)	109	1076	0	1996	false	2191	None
LINESTRING (3171046.754 212862.873, 3171029.43 212872.897)	109	1076	0	1997	false	2191	None
LINESTRING (3171029.43 212872.897, 3171021.009 212878.3)	109	1076	0	1998	false	2191	None
LINESTRING (3171021.009 212878.3, 3171005.079 212890.3)	109	1076	0	1999	false	2191	None
LINESTRING (3171005.079 212890.3, 3170997.571 212896.895)	109	1076	0	2000	false	2191	None
LINESTRING (3170997.571 212896.895, 3170979.047 212915.269)	109	1076	0	2001	false	2191	None
LINESTRING (3170979.047 212915.269, 3170970.887 212923.278)	109	1076	0	2002	false	2191	None
LINESTRING (3170970.887 212923.278, 3170954.296 212938.475)	109	1076	0	2003	false	2191	None
LINESTRING (3170954.296 212938.475, 3170946.442 212944.696)	109	1076	0	2004	false	2191	None
LINESTRING (3170946.442 212944.696, 3170939.064 212951.462)	109	1076	0	2005	false	2191	None
LINESTRING (3170939.064 212951.462, 3170932.288 212958.702)	109	1076	0	2006	false	2191	None
LINESTRING (3170932.288 212958.702, 3170926.035 212966.623)	109	1076	0	2007	false	2191	None
LINESTRING (3170926.035 212966.623, 3170914.768 212983.07)	109	1076	0	2008	false	2191	None
LINESTRING (3170914.768 212983.07, 3170909.8 212991.733)	109	1076	0	2009	false	2191	None
LINESTRING (3170909.8 212991.733, 3170905.39 213000.733)	109	1076	0	2010	false	2191	None
LINESTRING (3170905.39 213000.733, 3170901.493 213009.934)	109	1076	0	2011	false	2191	None
LINESTRING (3170901.493 213009.934, 3170888.55 213047.775)	109	1076	0	2012	false	2191	None
LINESTRING (3170888.55 213047.775, 3170878.099 213075.983)	109	1076	0	2013	false	2191	None
LINESTRING (3170878.099 213075.983, 3170875.608 213085.615)	109	1076	0	2014	false	2191	None
LINESTRING (3170875.608 213085.615, 3170873.716 213095.482)	109	1076	0	2015	false	2191	None
LINESTRING (3170873.716 213095.482, 3170873.946 213105.465)	109	1076	0	2016	false	2191	None
LINESTRING (3170873.946 213105.465, 3170876.375 213115.116)	109	1076	0	2017	false	2191	None
LINESTRING (3170876.375 213115.116, 3170880.026 213124.412)	109	1076	0	2018	false	2191	None
LINESTRING (3170880.026 213124.412, 3170884.77 213133.182)	109	1076	0	2019	false	2191	None
LINESTRING (3170884.77 213133.182, 3170890.814 213141.15)	109	1076	0	2020	false	2191	None
LINESTRING (3170890.814 213141.15, 3170927.699 213174.779)	109	1076	0	2021	false	2191	None
LINESTRING (3170927.699 213174.779, 3170948.792 213196.148)	109	1076	0	2022	false	2191	None
LINESTRING (3170948.792 213196.148, 3170955.419 213203.629)	109	1076	0	2023	false	2191	None
LINESTRING (3170955.419 213203.629, 3170967.254 213219.705)	109	1076	0	2024	false	2191	None
LINESTRING (3170967.254 213219.705, 3170972.628 213228.125)	109	1076	0	2025	false	2191	None
LINESTRING (3170972.628 213228.125, 3170977.372 213236.896)	109	1076	0	2026	false	2191	None
LINESTRING (3170977.372 213236.896, 3170983.123 213245.107)	109	1076	0	2027	false	2191	None
LINESTRING (3170983.123 213245.107, 3170989.75 213252.588)	109	1076	0	2028	false	2191	None
LINESTRING (3170989.75 213252.588, 3170997.17 213259.307)	109	1076	0	2029	false	2191	None
LINESTRING (3170997.17 213259.307, 3171030.155 213281.756)	109	1076	0	2030	false	2191	None
LINESTRING (3171030.155 213281.756, 3171036.818 213288.894)	109	1076	0	2031	false	2191	None
LINESTRING (3171036.818 213288.894, 3171036.949 213289.064)	109	1076	0	2032	false	2191	None
LINESTRING (3171036.949 213289.064, 3171046.396 213306.708)	109	1076	0	2033	false	2191	None
LINESTRING (3171046.396 213306.708, 3171050.762 213315.688)	109	1076	0	2034	false	2191	None
LINESTRING (3171050.762 213315.688, 3171054.161 213325.123)	109	1076	0	2035	false	2191	None
LINESTRING (3171054.161 213325.123, 3171056.464 213334.845)	109	1076	0	2036	false	2191	None
LINESTRING (3171056.464 213334.845, 3171057.539 213344.682)	109	1076	0	2037	false	2191	None
LINESTRING (3171057.539 213344.682, 3171061.258 213364.374)	109	1076	0	2038	false	2191	None
LINESTRING (3171061.258 213364.374, 3171064.109 213373.952)	109	1076	0	2039	false	2191	None
LINESTRING (3171064.109 213373.952, 3171066.159 213383.813)	109	1076	0	2040	false	2191	None
LINESTRING (3171066.159 213383.813, 3171067.616 213393.68)	109	1076	0	2041	false	2191	None
LINESTRING (3171067.616 213393.68, 3171067.972 213403.593)	109	1076	0	2042	false	2191	None
LINESTRING (3171067.972 213403.593, 3171074.37 213430.532)	109	1076	0	2043	false	2191	None
LINESTRING (3171074.37 213430.532, 3171075.315 213440.199)	109	1076	0	2044	false	2191	None
LINESTRING (3171075.315 213440.199, 3171075.108 213442.74)	109	1076	0	2045	false	2191	None
LINESTRING (3171075.108 213442.74, 3171067.757 213439.623)	109	1076	0	2046	false	2191	None
LINESTRING (3171067.757 213439.623, 3171023.995 213421.298)	109	1076	0	2047	false	2191	None
LINESTRING (3171023.995 213421.298, 3170782.26 213316.765)	109	1076	0	2048	false	2191	None
LINESTRING (3170782.26 213316.765, 3170600.412 213238.187)	109	1076	0	2049	false	2191	None
LINESTRING (3170600.412 213238.187, 3169897.447 212954.341)	109	1076	0	2050	false	2191	None
LINESTRING (3169897.447 212954.341, 3169601.78 212835.06)	109	1076	0	2051	false	2191	None
LINESTRING (3169601.78 212835.06, 3169502.95 212795.076)	109	1076	0	2052	false	2191	None
LINESTRING (3169502.95 212795.076, 3169206.081 212675.342)	109	1076	0	2053	false	2191	None
LINESTRING (3169206.081 212675.342, 3169107.038 212635.399)	109	1076	0	2054	false	2191	None
LINESTRING (3169107.038 212635.399, 3168962.915 212577.226)	109	1076	0	2055	false	2191	None
LINESTRING (3168962.915 212577.226, 3168913.348 212557.119)	109	1076	0	2056	false	2191	None
LINESTRING (3168913.348 212557.119, 3168506.78 212392.95)	109	1076	0	2057	false	2191	None
LINESTRING (3168506.78 212392.95, 3168331.931 212322.413)	109	1076	0	2058	false	2191	None
LINESTRING (3168331.931 212322.413, 3168137.941 212244.395)	109	1076	0	2059	false	2191	None
LINESTRING (3168137.941 212244.395, 3168129.609 212241.017)	109	1076	0	2060	false	2191	None
LINESTRING (3168129.609 212241.017, 3168104.525 212230.849)	109	1076	0	2061	false	2191	None
LINESTRING (3168104.525 212230.849, 3168096.152 212227.574)	109	1076	0	2062	false	2191	None
LINESTRING (3168096.152 212227.574, 3168100.805 212215.928)	109	1076	0	2063	false	2191	None
LINESTRING (3168100.805 212215.928, 3168109.658 212193.292)	109	1076	0	2064	false	2191	None
LINESTRING (3168109.658 212193.292, 3168114.595 212180.922)	109	1076	0	2065	false	2191	None
LINESTRING (3168114.595 212180.922, 3168119.122 212169.345)	109	1076	0	2066	false	2191	None
LINESTRING (3168119.122 212169.345, 3168174.47 212032.613)	109	1076	0	2067	false	2191	None
LINESTRING (3168174.47 212032.613, 3168340.262 211622.557)	109	1076	0	2068	false	2191	None
LINESTRING (3168340.262 211622.557, 3168395.484 211485.895)	109	1076	0	2069	false	2191	None
LINESTRING (3168395.484 211485.895, 3168521.51 211164.921)	109	1076	0	2070	false	2191	None
LINESTRING (3168521.51 211164.921, 3168899.33 210201.903)	109	1076	0	2071	false	2191	None
LINESTRING (3168899.33 210201.903, 3169025.017 209881.039)	109	1076	0	2072	false	2191	None
LINESTRING (3169025.017 209881.039, 3169028.7 209871.873)	109	1076	0	2073	false	2191	None
LINESTRING (3169028.7 209871.873, 3169144.62 209579.008)	109	1076	0	2074	false	2191	None
LINESTRING (3169144.62 209579.008, 3169234.807 209350.679)	109	1076	0	2075	false	2191	S:3169233.059972242 209355.102
LINESTRING (3172206.247 213902.986, 3171956.272 213808.177)	109	1077	0	162	false	1972	E:3172204.385 213902.27979194713
LINESTRING (3171956.272 213808.177, 3171872.876 213776.587)	109	1077	0	163	false	1972	None
LINESTRING (3171872.876 213776.587, 3171829.022 213760.008)	109	1077	0	164	false	1972	None
LINESTRING (3171829.022 213760.008, 3171712.908 213711.078)	109	1077	0	165	false	1972	None
LINESTRING (3171712.908 213711.078, 3171234.56 213509.82)	109	1077	0	166	false	1972	None
LINESTRING (3171234.56 213509.82, 3171086.178 213447.431)	109	1077	0	167	false	1972	None
LINESTRING (3171086.178 213447.431, 3171080.62 213445.017)	109	1077	0	168	false	1972	None
LINESTRING (3171080.62 213445.017, 3171075.108 213442.74)	109	1077	0	169	false	1972	None
LINESTRING (3171075.108 213442.74, 3171075.315 213440.199)	109	1077	0	170	false	1972	None
LINESTRING (3171075.315 213440.199, 3171074.37 213430.532)	109	1077	0	171	false	1972	None
LINESTRING (3171074.37 213430.532, 3171067.972 213403.593)	109	1077	0	172	false	1972	None
LINESTRING (3171067.972 213403.593, 3171067.616 213393.68)	109	1077	0	173	false	1972	None
LINESTRING (3171067.616 213393.68, 3171066.159 213383.813)	109	1077	0	174	false	1972	None
LINESTRING (3171066.159 213383.813, 3171064.109 213373.952)	109	1077	0	175	false	1972	None
LINESTRING (3171064.109 213373.952, 3171061.258 213364.374)	109	1077	0	176	false	1972	None
LINESTRING (3171061.258 213364.374, 3171057.539 213344.682)	109	1077	0	177	false	1972	None
LINESTRING (3171057.539 213344.682, 3171056.464 213334.845)	109	1077	0	178	false	1972	None
LINESTRING (3171056.464 213334.845, 3171054.161 213325.123)	109	1077	0	179	false	1972	None
LINESTRING (3171054.161 213325.123, 3171050.762 213315.688)	109	1077	0	180	false	1972	None
LINESTRING (3171050.762 213315.688, 3171046.396 213306.708)	109	1077	0	181	false	1972	None
LINESTRING (3171046.396 213306.708, 3171036.949 213289.064)	109	1077	0	182	false	1972	None
LINESTRING (3171036.949 213289.064, 3171036.818 213288.894)	109	1077	0	183	false	1972	None
LINESTRING (3171036.818 213288.894, 3171030.155 213281.756)	109	1077	0	184	false	1972	None
LINESTRING (3171030.155 213281.756, 3170997.17 213259.307)	109	1077	0	185	false	1972	None
LINESTRING (3170997.17 213259.307, 3170989.75 213252.588)	109	1077	0	186	false	1972	None
LINESTRING (3170989.75 213252.588, 3170983.123 213245.107)	109	1077	0	187	false	1972	None
LINESTRING (3170983.123 213245.107, 3170977.372 213236.896)	109	1077	0	188	false	1972	None
LINESTRING (3170977.372 213236.896, 3170972.628 213228.125)	109	1077	0	189	false	1972	None
LINESTRING (3170972.628 213228.125, 3170967.254 213219.705)	109	1077	0	190	false	1972	None
LINESTRING (3170967.254 213219.705, 3170955.419 213203.629)	109	1077	0	191	false	1972	None
LINESTRING (3170955.419 213203.629, 3170948.792 213196.148)	109	1077	0	192	false	1972	None
LINESTRING (3170948.792 213196.148, 3170927.699 213174.779)	109	1077	0	193	false	1972	None
LINESTRING (3170927.699 213174.779, 3170890.814 213141.15)	109	1077	0	194	false	1972	None
LINESTRING (3170890.814 213141.15, 3170884.77 213133.182)	109	1077	0	195	false	1972	None
LINESTRING (3170884.77 213133.182, 3170880.026 213124.412)	109	1077	0	196	false	1972	None
LINESTRING (3170880.026 213124.412, 3170876.375 213115.116)	109	1077	0	197	false	1972	None
LINESTRING (3170876.375 213115.116, 3170873.946 213105.465)	109	1077	0	198	false	1972	None
LINESTRING (3170873.946 213105.465, 3170873.716 213095.482)	109	1077	0	199	false	1972	None
LINESTRING (3170873.716 213095.482, 3170875.608 213085.615)	109	1077	0	200	false	1972	None
LINESTRING (3170875.608 213085.615, 3170878.099 213075.983)	109	1077	0	201	false	1972	None
LINESTRING (3170878.099 213075.983, 3170888.55 213047.775)	109	1077	0	202	false	1972	None
LINESTRING (3170888.55 213047.775, 3170901.493 213009.934)	109	1077	0	203	false	1972	None
LINESTRING (3170901.493 213009.934, 3170905.39 213000.733)	109	1077	0	204	false	1972	None
LINESTRING (3170905.39 213000.733, 3170909.8 212991.733)	109	1077	0	205	false	1972	None
LINESTRING (3170909.8 212991.733, 3170914.768 212983.07)	109	1077	0	206	false	1972	None
LINESTRING (3170914.768 212983.07, 3170926.035 212966.623)	109	1077	0	207	false	1972	None
LINESTRING (3170926.035 212966.623, 3170932.288 212958.702)	109	1077	0	208	false	1972	None
LINESTRING (3170932.288 212958.702, 3170939.064 212951.462)	109	1077	0	209	false	1972	None
LINESTRING (3170939.064 212951.462, 3170946.442 212944.696)	109	1077	0	210	false	1972	None
LINESTRING (3170946.442 212944.696, 3170954.296 212938.475)	109	1077	0	211	false	1972	None
LINESTRING (3170954.296 212938.475, 3170970.887 212923.278)	109	1077	0	212	false	1972	None
LINESTRING (3170970.887 212923.278, 3170979.047 212915.269)	109	1077	0	213	false	1972	None
LINESTRING (3170979.047 212915.269, 3170997.571 212896.895)	109	1077	0	214	false	1972	None
LINESTRING (3170997.571 212896.895, 3171005.079 212890.3)	109	1077	0	215	false	1972	None
LINESTRING (3171005.079 212890.3, 3171021.009 212878.3)	109	1077	0	216	false	1972	None
LINESTRING (3171021.009 212878.3, 3171029.43 212872.897)	109	1077	0	217	false	1972	None
LINESTRING (3171029.43 212872.897, 3171046.754 212862.873)	109	1077	0	218	false	1972	None
LINESTRING (3171046.754 212862.873, 3171081.928 212843.748)	109	1077	0	219	false	1972	None
LINESTRING (3171081.928 212843.748, 3171091.141 212839.846)	109	1077	0	220	false	1972	None
LINESTRING (3171091.141 212839.846, 3171100.533 212836.492)	109	1077	0	221	false	1972	None
LINESTRING (3171100.533 212836.492, 3171113.573 212833.134)	109	1077	0	222	false	1972	None
LINESTRING (3171113.573 212833.134, 3171119.908 212831.8)	109	1077	0	223	false	1972	None
LINESTRING (3171119.908 212831.8, 3171129.809 212830.671)	109	1077	0	224	false	1972	None
LINESTRING (3171129.809 212830.671, 3171139.85 212830.192)	109	1077	0	225	false	1972	None
LINESTRING (3171139.85 212830.192, 3171149.823 212830.64)	109	1077	0	226	false	1972	None
LINESTRING (3171149.823 212830.64, 3171159.809 212831.808)	109	1077	0	227	false	1972	None
LINESTRING (3171159.809 212831.808, 3171179.387 212835.659)	109	1077	0	228	false	1972	None
LINESTRING (3171179.387 212835.659, 3171217.598 212847.282)	109	1077	0	229	false	1972	None
LINESTRING (3171217.598 212847.282, 3171236.982 212852.13)	109	1077	0	230	false	1972	None
LINESTRING (3171236.982 212852.13, 3171255.229 212855.102)	109	1077	0	231	false	1972	None
LINESTRING (3171255.229 212855.102, 3171256.677 212855.431)	109	1077	0	232	false	1972	None
LINESTRING (3171256.677 212855.431, 3171276.677 212856.944)	109	1077	0	233	false	1972	None
LINESTRING (3171276.677 212856.944, 3171286.502 212858.526)	109	1077	0	234	false	1972	None
LINESTRING (3171286.502 212858.526, 3171296.214 212860.899)	109	1077	0	235	false	1972	None
LINESTRING (3171296.214 212860.899, 3171305.643 212863.995)	109	1077	0	236	false	1972	None
LINESTRING (3171305.643 212863.995, 3171314.875 212867.847)	109	1077	0	237	false	1972	None
LINESTRING (3171314.875 212867.847, 3171324.349 212871.08)	109	1077	0	238	false	1972	None
LINESTRING (3171324.349 212871.08, 3171343.657 212876.375)	109	1077	0	239	false	1972	None
LINESTRING (3171343.657 212876.375, 3171363.23 212879.986)	109	1077	0	240	false	1972	None
LINESTRING (3171363.23 212879.986, 3171393.104 212883.459)	109	1077	0	241	false	1972	None
LINESTRING (3171393.104 212883.459, 3171413.046 212884.116)	109	1077	0	242	false	1972	None
LINESTRING (3171413.046 212884.116, 3171422.96 212883.707)	109	1077	0	243	false	1972	None
LINESTRING (3171422.96 212883.707, 3171442.848 212881.482)	109	1077	0	244	false	1972	None
LINESTRING (3171442.848 212881.482, 3171452.461 212878.571)	109	1077	0	245	false	1972	None
LINESTRING (3171452.461 212878.571, 3171461.589 212874.636)	109	1077	0	246	false	1972	None
LINESTRING (3171461.589 212874.636, 3171470.271 212869.573)	109	1077	0	247	false	1972	None
LINESTRING (3171470.271 212869.573, 3171479.309 212865.365)	109	1077	0	248	false	1972	None
LINESTRING (3171479.309 212865.365, 3171497.915 212858.109)	109	1077	0	249	false	1972	None
LINESTRING (3171497.915 212858.109, 3171516.031 212849.589)	109	1077	0	250	false	1972	None
LINESTRING (3171516.031 212849.589, 3171524.673 212844.629)	109	1077	0	251	false	1972	None
LINESTRING (3171524.673 212844.629, 3171534.017 212840.898)	109	1077	0	252	false	1972	None
LINESTRING (3171534.017 212840.898, 3171553.387 212835.968)	109	1077	0	253	false	1972	None
LINESTRING (3171553.387 212835.968, 3171572.902 212831.928)	109	1077	0	254	false	1972	None
LINESTRING (3171572.902 212831.928, 3171582.336 212828.471)	109	1077	0	255	false	1972	None
LINESTRING (3171582.336 212828.471, 3171591.328 212824.125)	109	1077	0	256	false	1972	None
LINESTRING (3171591.328 212824.125, 3171598.406 212817.123)	109	1077	0	257	false	1972	None
LINESTRING (3171598.406 212817.123, 3171603.203 212808.394)	109	1077	0	258	false	1972	None
LINESTRING (3171603.203 212808.394, 3171607.101 212799.193)	109	1077	0	259	false	1972	None
LINESTRING (3171607.101 212799.193, 3171609.763 212789.627)	109	1077	0	260	false	1972	None
LINESTRING (3171609.763 212789.627, 3171611.912 212779.861)	109	1077	0	261	false	1972	None
LINESTRING (3171611.912 212779.861, 3171613.508 212769.997)	109	1077	0	262	false	1972	None
LINESTRING (3171613.508 212769.997, 3171618.34 212720.161)	109	1077	0	263	false	1972	None
LINESTRING (3171618.34 212720.161, 3171618.448 212719.131)	109	1077	0	264	false	1972	None
LINESTRING (3171618.448 212719.131, 3171618.619 212710.139)	109	1077	0	265	false	1972	None
LINESTRING (3171618.619 212710.139, 3171617.174 212660.229)	109	1077	0	266	false	1972	None
LINESTRING (3171617.174 212660.229, 3171615.527 212640.276)	109	1077	0	267	false	1972	None
LINESTRING (3171615.527 212640.276, 3171613.899 212630.341)	109	1077	0	268	false	1972	None
LINESTRING (3171613.899 212630.341, 3171604.225 212591.631)	109	1077	0	269	false	1972	None
LINESTRING (3171604.225 212591.631, 3171600.911 212582.229)	109	1077	0	270	false	1972	None
LINESTRING (3171600.911 212582.229, 3171596.837 212573.005)	109	1077	0	271	false	1972	None
LINESTRING (3171596.837 212573.005, 3171590.199 212560.514)	109	1077	0	272	false	1972	None
LINESTRING (3171590.199 212560.514, 3171583.948 212546.028)	109	1077	0	273	false	1972	None
LINESTRING (3171583.948 212546.028, 3171577.908 212526.977)	109	1077	0	274	false	1972	None
LINESTRING (3171577.908 212526.977, 3171574.005 212517.82)	109	1077	0	275	false	1972	None
LINESTRING (3171574.005 212517.82, 3171569.301 212508.946)	109	1077	0	276	false	1972	None
LINESTRING (3171569.301 212508.946, 3171558.553 212492.104)	109	1077	0	277	false	1972	None
LINESTRING (3171558.553 212492.104, 3171540.84 212467.886)	109	1077	0	278	false	1972	None
LINESTRING (3171540.84 212467.886, 3171529.548 212451.427)	109	1077	0	279	false	1972	None
LINESTRING (3171529.548 212451.427, 3171524.551 212442.796)	109	1077	0	280	false	1972	None
LINESTRING (3171524.551 212442.796, 3171510.525 212416.208)	109	1077	0	281	false	1972	None
LINESTRING (3171510.525 212416.208, 3171506.747 212406.982)	109	1077	0	282	false	1972	None
LINESTRING (3171506.747 212406.982, 3171503.895 212397.403)	109	1077	0	283	false	1972	None
LINESTRING (3171503.895 212397.403, 3171500.495 212387.967)	109	1077	0	284	false	1972	None
LINESTRING (3171500.495 212387.967, 3171496.254 212378.917)	109	1077	0	285	false	1972	None
LINESTRING (3171496.254 212378.917, 3171491.82 212370.864)	109	1077	0	286	false	1972	None
LINESTRING (3171491.82 212370.864, 3171491.384 212370.216)	109	1077	0	287	false	1972	None
LINESTRING (3171491.384 212370.216, 3171468.965 212337.125)	109	1077	0	288	false	1972	None
LINESTRING (3171468.965 212337.125, 3171464.387 212328.181)	109	1077	0	289	false	1972	None
LINESTRING (3171464.387 212328.181, 3171456.242 212309.974)	109	1077	0	290	false	1972	None
LINESTRING (3171456.242 212309.974, 3171447.045 212292.19)	109	1077	0	291	false	1972	None
LINESTRING (3171447.045 212292.19, 3171441.923 212283.629)	109	1077	0	292	false	1972	None
LINESTRING (3171441.923 212283.629, 3171436.297 212275.348)	109	1077	0	293	false	1972	None
LINESTRING (3171436.297 212275.348, 3171424.168 212259.515)	109	1077	0	294	false	1972	None
LINESTRING (3171424.168 212259.515, 3171406.745 212235.054)	109	1077	0	295	false	1972	None
LINESTRING (3171406.745 212235.054, 3171387.61 212211.949)	109	1077	0	296	false	1972	None
LINESTRING (3171387.61 212211.949, 3171362.807 212180.666)	109	1077	0	297	false	1972	None
LINESTRING (3171362.807 212180.666, 3171339.174 212148.411)	109	1077	0	298	false	1972	None
LINESTRING (3171339.174 212148.411, 3171301.779 212101.471)	109	1077	0	299	false	1972	None
LINESTRING (3171301.779 212101.471, 3171284.149 212077.287)	109	1077	0	300	false	1972	None
LINESTRING (3171284.149 212077.287, 3171279.318 212068.483)	109	1077	0	301	false	1972	None
LINESTRING (3171279.318 212068.483, 3171275.329 212059.294)	109	1077	0	302	false	1972	None
LINESTRING (3171275.329 212059.294, 3171272.013 212049.891)	109	1077	0	303	false	1972	None
LINESTRING (3171272.013 212049.891, 3171256.587 211991.887)	109	1077	0	304	false	1972	None
LINESTRING (3171256.587 211991.887, 3171248.007 211952.892)	109	1077	0	305	false	1972	None
LINESTRING (3171248.007 211952.892, 3171243.798 211923.116)	109	1077	0	306	false	1972	None
LINESTRING (3171243.798 211923.116, 3171244.926 211913.189)	109	1077	0	307	false	1972	None
LINESTRING (3171244.926 211913.189, 3171247.501 211903.589)	109	1077	0	308	false	1972	None
LINESTRING (3171247.501 211903.589, 3171251.911 211894.589)	109	1077	0	309	false	1972	None
LINESTRING (3171251.911 211894.589, 3171257.909 211886.568)	109	1077	0	310	false	1972	None
LINESTRING (3171257.909 211886.568, 3171265.769 211880.587)	109	1077	0	311	false	1972	None
LINESTRING (3171265.769 211880.587, 3171274.982 211876.685)	109	1077	0	312	false	1972	None
LINESTRING (3171274.982 211876.685, 3171301.125 211862.009)	109	1077	0	313	false	1972	None
LINESTRING (3171301.125 211862.009, 3171319.372 211853.659)	109	1077	0	314	false	1972	None
LINESTRING (3171319.372 211853.659, 3171336.216 211847.381)	109	1077	0	315	false	1972	None
LINESTRING (3171336.216 211847.381, 3171338.069 211846.676)	109	1077	0	316	false	1972	None
LINESTRING (3171338.069 211846.676, 3171357.216 211841.061)	109	1077	0	317	false	1972	None
LINESTRING (3171357.216 211841.061, 3171376.727 211836.781)	109	1077	0	318	false	1972	None
LINESTRING (3171376.727 211836.781, 3171394.845 211839.583)	109	1077	0	319	false	1972	None
LINESTRING (3171394.845 211839.583, 3171404.28 211842.919)	109	1077	0	320	false	1972	None
LINESTRING (3171404.28 211842.919, 3171413.31 211847.289)	109	1077	0	321	false	1972	None
LINESTRING (3171413.31 211847.289, 3171421.639 211852.695)	109	1077	0	322	false	1972	None
LINESTRING (3171421.639 211852.695, 3171437.807 211864.507)	109	1077	0	323	false	1972	None
LINESTRING (3171437.807 211864.507, 3171453.062 211877.392)	109	1077	0	324	false	1972	None
LINESTRING (3171453.062 211877.392, 3171461.062 211883.385)	109	1077	0	325	false	1972	None
LINESTRING (3171461.062 211883.385, 3171469.517 211888.721)	109	1077	0	326	false	1972	None
LINESTRING (3171469.517 211888.721, 3171478.259 211893.574)	109	1077	0	327	false	1972	None
LINESTRING (3171478.259 211893.574, 3171487.33 211897.84)	109	1077	0	328	false	1972	None
LINESTRING (3171487.33 211897.84, 3171495.906 211902.866)	109	1077	0	329	false	1972	None
LINESTRING (3171495.906 211902.866, 3171504.28 211908.409)	109	1077	0	330	false	1972	None
LINESTRING (3171504.28 211908.409, 3171514.56 211916.129)	109	1077	0	331	false	1972	None
LINESTRING (3171514.56 211916.129, 3171520.114 211920.568)	109	1077	0	332	false	1972	None
LINESTRING (3171520.114 211920.568, 3171527.449 211927.254)	109	1077	0	333	false	1972	None
LINESTRING (3171527.449 211927.254, 3171535.616 211933.073)	109	1077	0	334	false	1972	None
LINESTRING (3171535.616 211933.073, 3171544.071 211938.409)	109	1077	0	335	false	1972	None
LINESTRING (3171544.071 211938.409, 3171552.854 211943.159)	109	1077	0	336	false	1972	None
LINESTRING (3171552.854 211943.159, 3171561.965 211947.322)	109	1077	0	337	false	1972	None
LINESTRING (3171561.965 211947.322, 3171571.278 211950.968)	109	1077	0	338	false	1972	None
LINESTRING (3171571.278 211950.968, 3171580.749 211953.961)	109	1077	0	339	false	1972	None
LINESTRING (3171580.749 211953.961, 3171590.021 211957.711)	109	1077	0	340	false	1972	None
LINESTRING (3171590.021 211957.711, 3171599.092 211961.977)	109	1077	0	341	false	1972	None
LINESTRING (3171599.092 211961.977, 3171607.834 211966.83)	109	1077	0	342	false	1972	None
LINESTRING (3171607.834 211966.83, 3171616.289 211972.167)	109	1077	0	343	false	1972	None
LINESTRING (3171616.289 211972.167, 3171625.683 211975.606)	109	1077	0	344	false	1972	None
LINESTRING (3171625.683 211975.606, 3171635.392 211977.739)	109	1077	0	345	false	1972	None
LINESTRING (3171635.392 211977.739, 3171645.375 211978.668)	109	1077	0	346	false	1972	None
LINESTRING (3171645.375 211978.668, 3171655.376 211978.293)	109	1077	0	347	false	1972	None
LINESTRING (3171655.376 211978.293, 3171665.183 211976.65)	109	1077	0	348	false	1972	None
LINESTRING (3171665.183 211976.65, 3171674.757 211973.843)	109	1077	0	349	false	1972	None
LINESTRING (3171674.757 211973.843, 3171683.926 211969.805)	109	1077	0	350	false	1972	None
LINESTRING (3171683.926 211969.805, 3171692.438 211964.675)	109	1077	0	351	false	1972	None
LINESTRING (3171692.438 211964.675, 3171696.201 211961.858)	109	1077	0	352	false	1972	None
LINESTRING (3171696.201 211961.858, 3171716.44 211946.66)	109	1077	0	353	false	1972	None
LINESTRING (3171716.44 211946.66, 3171731.589 211933.64)	109	1077	0	354	false	1972	None
LINESTRING (3171731.589 211933.64, 3171745.87 211919.566)	109	1077	0	355	false	1972	None
LINESTRING (3171745.87 211919.566, 3171759.072 211904.473)	109	1077	0	356	false	1972	None
LINESTRING (3171759.072 211904.473, 3171779.481 211882.548)	109	1077	0	357	false	1972	None
LINESTRING (3171779.481 211882.548, 3171794.504 211869.598)	109	1077	0	358	false	1972	None
LINESTRING (3171794.504 211869.598, 3171810.647 211857.564)	109	1077	0	359	false	1972	None
LINESTRING (3171810.647 211857.564, 3171827.447 211846.621)	109	1077	0	360	false	1972	None
LINESTRING (3171827.447 211846.621, 3171835.392 211840.674)	109	1077	0	361	false	1972	None
LINESTRING (3171835.392 211840.674, 3171850.542 211827.655)	109	1077	0	362	false	1972	None
LINESTRING (3171850.542 211827.655, 3171857.66 211820.549)	109	1077	0	363	false	1972	None
LINESTRING (3171857.66 211820.549, 3171864.261 211813.003)	109	1077	0	364	false	1972	None
LINESTRING (3171864.261 211813.003, 3171870.389 211805.152)	109	1077	0	365	false	1972	None
LINESTRING (3171870.389 211805.152, 3171898.479 211776.7)	109	1077	0	366	false	1972	None
LINESTRING (3171898.479 211776.7, 3171906.421 211770.512)	109	1077	0	367	false	1972	None
LINESTRING (3171906.421 211770.512, 3171914.843 211765.109)	109	1077	0	368	false	1972	None
LINESTRING (3171914.843 211765.109, 3171923.661 211760.457)	109	1077	0	369	false	1972	None
LINESTRING (3171923.661 211760.457, 3171934.094 211755.961)	109	1077	0	370	false	1972	None
LINESTRING (3171934.094 211755.961, 3171951.038 211748.173)	109	1077	0	371	false	1972	None
LINESTRING (3171951.038 211748.173, 3171969.781 211741.329)	109	1077	0	372	false	1972	None
LINESTRING (3171969.781 211741.329, 3171979.399 211738.659)	109	1077	0	373	false	1972	None
LINESTRING (3171979.399 211738.659, 3171988.348 211734.177)	109	1077	0	374	false	1972	None
LINESTRING (3171988.348 211734.177, 3171996.379 211728.264)	109	1077	0	375	false	1972	None
LINESTRING (3171996.379 211728.264, 3172010.877 211714.393)	109	1077	0	376	false	1972	None
LINESTRING (3172010.877 211714.393, 3172026.201 211701.681)	109	1077	0	377	false	1972	None
LINESTRING (3172026.201 211701.681, 3172042.349 211689.888)	109	1077	0	378	false	1972	None
LINESTRING (3172042.349 211689.888, 3172057.67 211676.936)	109	1077	0	379	false	1972	None
LINESTRING (3172057.67 211676.936, 3172064.748 211669.934)	109	1077	0	380	false	1972	None
LINESTRING (3172064.748 211669.934, 3172071.479 211662.558)	109	1077	0	381	false	1972	None
LINESTRING (3172071.479 211662.558, 3172077.779 211654.774)	109	1077	0	382	false	1972	None
LINESTRING (3172077.779 211654.774, 3172082.833 211646.145)	109	1077	0	383	false	1972	None
LINESTRING (3172082.833 211646.145, 3172094.96 211630.274)	109	1077	0	384	false	1972	None
LINESTRING (3172094.96 211630.274, 3172108.077 211615.148)	109	1077	0	385	false	1972	None
LINESTRING (3172108.077 211615.148, 3172121.927 211600.667)	109	1077	0	386	false	1972	None
LINESTRING (3172121.927 211600.667, 3172136.429 211587.037)	109	1077	0	387	false	1972	None
LINESTRING (3172136.429 211587.037, 3172151.664 211574.052)	109	1077	0	388	false	1972	None
LINESTRING (3172151.664 211574.052, 3172158.998 211567.15)	109	1077	0	389	false	1972	None
LINESTRING (3172158.998 211567.15, 3172172.763 211552.635)	109	1077	0	390	false	1972	None
LINESTRING (3172172.763 211552.635, 3172185.408 211537.206)	109	1077	0	391	false	1972	None
LINESTRING (3172185.408 211537.206, 3172200.836 211516.429)	109	1077	0	392	false	1972	None
LINESTRING (3172200.836 211516.429, 3172207.036 211507.892)	109	1077	0	393	false	1972	E:3172204.385 211511.542255968
LINESTRING (3165980.241 217604.75, 3166201.706 217036.724)	109	337	0	431	false	1368	N:3166137.716071502 217200.849
LINESTRING (3166201.706 217036.724, 3166275.471 216847.36)	109	337	0	432	false	1368	None
LINESTRING (3166275.471 216847.36, 3166360.195 216630.225)	109	337	0	433	false	1368	None
LINESTRING (3166360.195 216630.225, 3166614.025 215978.688)	109	337	0	434	false	1368	None
LINESTRING (3166614.025 215978.688, 3166698.538 215761.591)	109	337	0	435	false	1368	None
LINESTRING (3166698.538 215761.591, 3166700.968 215755.63)	109	337	0	436	false	1368	None
LINESTRING (3166700.968 215755.63, 3166708.002 215737.644)	109	337	0	437	false	1368	None
LINESTRING (3166708.002 215737.644, 3166710.347 215731.649)	109	337	0	438	false	1368	None
LINESTRING (3166710.347 215731.649, 3166711.115 215729.685)	109	337	0	439	false	1368	None
LINESTRING (3166711.115 215729.685, 3166714.03 215722.483)	109	337	0	440	false	1368	None
LINESTRING (3166714.03 215722.483, 3166720.063 215707.562)	109	337	0	441	false	1368	None
LINESTRING (3166720.063 215707.562, 3166724.873 215695.261)	109	337	0	442	false	1368	None
LINESTRING (3166724.873 215695.261, 3166728.345 215686.132)	109	337	0	443	false	1368	None
LINESTRING (3166728.345 215686.132, 3166759.343 215606.371)	109	337	0	444	false	1368	None
LINESTRING (3166759.343 215606.371, 3166789.761 215529.601)	109	337	0	445	false	1368	None
LINESTRING (3166789.761 215529.601, 3166975.294 215060.751)	109	337	0	446	false	1368	None
LINESTRING (3166975.294 215060.751, 3167037.097 214904.491)	109	337	0	447	false	1368	None
LINESTRING (3167037.097 214904.491, 3167050.855 214870.067)	109	337	0	448	false	1368	None
LINESTRING (3167050.855 214870.067, 3167091.753 214767.007)	109	337	0	449	false	1368	None
LINESTRING (3167091.753 214767.007, 3167105.219 214732.827)	109	337	0	450	false	1368	None
LINESTRING (3167105.219 214732.827, 3167109.14 214722.801)	109	337	0	451	false	1368	None
LINESTRING (3167109.14 214722.801, 3167113.151 214713.048)	109	337	0	452	false	1368	None
LINESTRING (3167113.151 214713.048, 3167116.835 214703.882)	109	337	0	453	false	1368	None
LINESTRING (3167116.835 214703.882, 3167120.392 214694.786)	109	337	0	454	false	1368	None
LINESTRING (3167120.392 214694.786, 3167124.318 214685)	109	337	0	455	false	1368	None
LINESTRING (3167124.318 214685, 3167180.604 214541.838)	109	337	0	456	false	1368	None
LINESTRING (3167180.604 214541.838, 3167190.751 214515.893)	109	337	0	457	false	1368	None
LINESTRING (3167190.751 214515.893, 3167194.147 214507.211)	109	337	0	458	false	1368	None
LINESTRING (3167194.147 214507.211, 3167196.734 214500.596)	109	337	0	459	false	1368	None
LINESTRING (3167196.734 214500.596, 3167199.155 214494.154)	109	337	0	460	false	1368	None
LINESTRING (3167199.155 214494.154, 3167228.158 214421.002)	109	337	0	461	false	1368	None
LINESTRING (3167228.158 214421.002, 3167314.871 214201.552)	109	337	0	462	false	1368	None
LINESTRING (3167314.871 214201.552, 3167343.749 214128.471)	109	337	0	463	false	1368	None
LINESTRING (3167343.749 214128.471, 3167379.593 214038.332)	109	337	0	464	false	1368	None
LINESTRING (3167379.593 214038.332, 3167486.618 213767.954)	109	337	0	465	false	1368	None
LINESTRING (3167486.618 213767.954, 3167515.131 213695.804)	109	337	0	466	false	1368	None
LINESTRING (3167515.131 213695.804, 3167522.125 213677.922)	109	337	0	467	false	1368	None
LINESTRING (3167522.125 213677.922, 3167528.602 213661.864)	109	337	0	468	false	1368	None
LINESTRING (3167528.602 213661.864, 3167532.523 213651.838)	109	337	0	469	false	1368	None
LINESTRING (3167532.523 213651.838, 3167622.034 213425.738)	109	337	0	470	false	1368	None
LINESTRING (3167622.034 213425.738, 3167650.548 213353.587)	109	337	0	471	false	1368	None
LINESTRING (3167650.548 213353.587, 3167921.097 212669.881)	109	337	0	472	false	1368	None
LINESTRING (3167921.097 212669.881, 3168020.673 212418.046)	109	337	0	473	false	1368	None
LINESTRING (3168020.673 212418.046, 3168020.714 212417.942)	109	337	0	474	false	1368	None
LINESTRING (3168020.714 212417.942, 3168035.842 212379.765)	109	337	0	475	false	1368	None
LINESTRING (3168035.842 212379.765, 3168058.085 212323.397)	109	337	0	476	false	1368	None
LINESTRING (3168058.085 212323.397, 3168081.105 212265.545)	109	337	0	477	false	1368	None
LINESTRING (3168081.105 212265.545, 3168096.152 212227.574)	109	337	0	478	false	1368	None
LINESTRING (3168096.152 212227.574, 3168104.525 212230.849)	109	337	0	479	false	1368	None
LINESTRING (3168104.525 212230.849, 3168129.609 212241.017)	109	337	0	480	false	1368	None
LINESTRING (3168129.609 212241.017, 3168137.941 212244.395)	109	337	0	481	false	1368	None
LINESTRING (3168137.941 212244.395, 3168331.931 212322.413)	109	337	0	482	false	1368	None
LINESTRING (3168331.931 212322.413, 3168506.78 212392.95)	109	337	0	483	false	1368	None
LINESTRING (3168506.78 212392.95, 3168913.348 212557.119)	109	337	0	484	false	1368	None
LINESTRING (3168913.348 212557.119, 3168962.915 212577.226)	109	337	0	485	false	1368	None
LINESTRING (3168962.915 212577.226, 3169107.038 212635.399)	109	337	0	486	false	1368	None
LINESTRING (3169107.038 212635.399, 3169206.081 212675.342)	109	337	0	487	false	1368	None
LINESTRING (3169206.081 212675.342, 3169502.95 212795.076)	109	337	0	488	false	1368	None
LINESTRING (3169502.95 212795.076, 3169601.78 212835.06)	109	337	0	489	false	1368	None
LINESTRING (3169601.78 212835.06, 3169897.447 212954.341)	109	337	0	490	false	1368	None
LINESTRING (3169897.447 212954.341, 3170600.412 213238.187)	109	337	0	491	false	1368	None
LINESTRING (3170600.412 213238.187, 3170782.26 213316.765)	109	337	0	492	false	1368	None
LINESTRING (3170782.26 213316.765, 3171023.995 213421.298)	109	337	0	493	false	1368	None
LINESTRING (3171023.995 213421.298, 3171067.757 213439.623)	109	337	0	494	false	1368	None
LINESTRING (3171067.757 213439.623, 3171075.108 213442.74)	109	337	0	495	false	1368	None
LINESTRING (3171075.108 213442.74, 3171080.62 213445.017)	109	337	0	496	false	1368	None
LINESTRING (3171080.62 213445.017, 3171086.178 213447.431)	109	337	0	497	false	1368	None
LINESTRING (3171086.178 213447.431, 3171234.56 213509.82)	109	337	0	498	false	1368	None
LINESTRING (3171234.56 213509.82, 3171712.908 213711.078)	109	337	0	499	false	1368	None
LINESTRING (3171712.908 213711.078, 3171829.022 213760.008)	109	337	0	500	false	1368	None
LINESTRING (3171829.022 213760.008, 3171872.876 213776.587)	109	337	0	501	false	1368	None
LINESTRING (3171872.876 213776.587, 3171956.272 213808.177)	109	337	0	502	false	1368	None
LINESTRING (3171956.272 213808.177, 3172206.247 213902.986)	109	337	0	503	false	1368	E:3172204.385 213902.27979194713
