LINESTRING (3112379.494 216734.874, 3112284.35 216780.953)	59	313	0	159	false	686	E:3112314.717 216766.2460190763
LINESTRING (3112284.35 216780.953, 3112224.134 216813.938)	59	313	0	160	false	686	None
LINESTRING (3112224.134 216813.938, 3112076.188 216891.573)	59	313	0	161	false	686	None
LINESTRING (3112076.188 216891.573, 3112039.725 216909.429)	59	313	0	162	false	686	None
LINESTRING (3112039.725 216909.429, 3112026.918 216915.21)	59	313	0	163	false	686	None
LINESTRING (3112026.918 216915.21, 3111935.487 216948.328)	59	313	0	164	false	686	None
LINESTRING (3111935.487 216948.328, 3111912.77 216955.413)	59	313	0	165	false	686	None
LINESTRING (3111912.77 216955.413, 3111883.753 216966.142)	59	313	0	166	false	686	None
LINESTRING (3111883.753 216966.142, 3111864.241 216976.362)	59	313	0	167	false	686	None
LINESTRING (3111864.241 216976.362, 3111832.22 216999.494)	59	313	0	168	false	686	None
LINESTRING (3111832.22 216999.494, 3111781.925 217045.69)	59	313	0	169	false	686	None
LINESTRING (3111781.925 217045.69, 3111748.978 217076.078)	59	313	0	170	false	686	None
LINESTRING (3111748.978 217076.078, 3111727.061 217063.491)	59	313	0	171	false	686	None
LINESTRING (3111727.061 217063.491, 3111670.429 217033.874)	59	313	0	172	false	686	None
LINESTRING (3111670.429 217033.874, 3111627.011 217013.737)	59	313	0	173	false	686	None
LINESTRING (3111627.011 217013.737, 3111607.092 217005.13)	59	313	0	174	false	686	None
LINESTRING (3111607.092 217005.13, 3111516.18 216971.377)	59	313	0	175	false	686	None
LINESTRING (3111516.18 216971.377, 3111497.855 216963.978)	59	313	0	176	false	686	None
LINESTRING (3111497.855 216963.978, 3111389.745 216920.406)	59	313	0	177	false	686	None
LINESTRING (3111389.745 216920.406, 3111349.935 216904.393)	59	313	0	178	false	686	None
LINESTRING (3111349.935 216904.393, 3111248.086 216866.203)	59	313	0	179	false	686	None
LINESTRING (3111248.086 216866.203, 3111193.237 216845.719)	59	313	0	180	false	686	None
LINESTRING (3111193.237 216845.719, 3111159.456 216832.38)	59	313	0	181	false	686	None
LINESTRING (3111159.456 216832.38, 3111134.224 216819.235)	59	313	0	182	false	686	None
LINESTRING (3111134.224 216819.235, 3111125.183 216810.885)	59	313	0	183	false	686	None
LINESTRING (3111125.183 216810.885, 3111116.312 216800.816)	59	313	0	184	false	686	None
LINESTRING (3111116.312 216800.816, 3111098.226 216773.412)	59	313	0	185	false	686	None
LINESTRING (3111098.226 216773.412, 3111059.453 216696.553)	59	313	0	186	false	686	None
LINESTRING (3111059.453 216696.553, 3111050.466 216676.332)	59	313	0	187	false	686	None
LINESTRING (3111050.466 216676.332, 3111047.081 216663.971)	59	313	0	188	false	686	None
LINESTRING (3111047.081 216663.971, 3111044.578 216647.787)	59	313	0	189	false	686	None
LINESTRING (3111044.578 216647.787, 3111041.626 216614.663)	59	313	0	190	false	686	None
LINESTRING (3111041.626 216614.663, 3111041.087 216601.018)	59	313	0	191	false	686	None
LINESTRING (3111041.087 216601.018, 3111038.744 216589.771)	59	313	0	192	false	686	None
LINESTRING (3111038.744 216589.771, 3111036.018 216571.361)	59	313	0	193	false	686	None
LINESTRING (3111036.018 216571.361, 3111031.469 216547.494)	59	313	0	194	false	686	None
LINESTRING (3111031.469 216547.494, 3111015.989 216496.474)	59	313	0	195	false	686	None
LINESTRING (3111015.989 216496.474, 3110998.837 216456.942)	59	313	0	196	false	686	None
LINESTRING (3110998.837 216456.942, 3110937.476 216369.741)	59	313	0	197	false	686	None
LINESTRING (3110937.476 216369.741, 3110895.112 216312.674)	59	313	0	198	false	686	None
LINESTRING (3110895.112 216312.674, 3110874.189 216283.466)	59	313	0	199	false	686	None
LINESTRING (3110874.189 216283.466, 3110871.352 216276.311)	59	313	0	200	false	686	None
LINESTRING (3110871.352 216276.311, 3110864.864 216263.354)	59	313	0	201	false	686	None
LINESTRING (3110864.864 216263.354, 3110857.554 216242.588)	59	313	0	202	false	686	None
LINESTRING (3110857.554 216242.588, 3110851.684 216223.684)	59	313	0	203	false	686	None
LINESTRING (3110851.684 216223.684, 3110843.277 216208.324)	59	313	0	204	false	686	None
LINESTRING (3110843.277 216208.324, 3110834.331 216196.919)	59	313	0	205	false	686	None
LINESTRING (3110834.331 216196.919, 3110793.325 216154.169)	59	313	0	206	false	686	None
LINESTRING (3110793.325 216154.169, 3110741.543 216113.701)	59	313	0	207	false	686	None
LINESTRING (3110741.543 216113.701, 3110719.352 216093.402)	59	313	0	208	false	686	None
LINESTRING (3110719.352 216093.402, 3110692.925 216069.335)	59	313	0	209	false	686	None
LINESTRING (3110692.925 216069.335, 3110667.712 216051.8)	59	313	0	210	false	686	None
LINESTRING (3110667.712 216051.8, 3110610.37 216017.64)	59	313	0	211	false	686	None
LINESTRING (3110610.37 216017.64, 3110601.318 216015.946)	59	313	0	212	false	686	None
LINESTRING (3110601.318 216015.946, 3110589.494 216015.09)	59	313	0	213	false	686	None
LINESTRING (3110589.494 216015.09, 3110581.252 216015.372)	59	313	0	214	false	686	None
LINESTRING (3110581.252 216015.372, 3110563.772 216020.311)	59	313	0	215	false	686	None
LINESTRING (3110563.772 216020.311, 3110539.548 216031.578)	59	313	0	216	false	686	None
LINESTRING (3110539.548 216031.578, 3110497.483 216053.828)	59	313	0	217	false	686	None
LINESTRING (3110497.483 216053.828, 3110485.343 216060.937)	59	313	0	218	false	686	None
LINESTRING (3110485.343 216060.937, 3110459.413 216075.116)	59	313	0	219	false	686	None
LINESTRING (3110459.413 216075.116, 3110425.329 216096.746)	59	313	0	220	false	686	None
LINESTRING (3110425.329 216096.746, 3110366.217 216108.523)	59	313	0	221	false	686	None
LINESTRING (3110366.217 216108.523, 3110304.674 216117.703)	59	313	0	222	false	686	None
LINESTRING (3110304.674 216117.703, 3110274.662 216113.427)	59	313	0	223	false	686	None
LINESTRING (3110274.662 216113.427, 3110134.178 216083.959)	59	313	0	224	false	686	None
LINESTRING (3110134.178 216083.959, 3110134.521 216031.53)	59	313	0	225	false	686	None
LINESTRING (3110134.521 216031.53, 3110134.983 215977.006)	59	313	0	226	false	686	None
LINESTRING (3110134.983 215977.006, 3110135.379 215902.241)	59	313	0	227	false	686	None
LINESTRING (3110135.379 215902.241, 3110119.904 215762.398)	59	313	0	228	false	686	None
LINESTRING (3110119.904 215762.398, 3110072.092 215567.682)	59	313	0	229	false	686	None
LINESTRING (3110072.092 215567.682, 3110067.535 215548.927)	59	313	0	230	false	686	None
LINESTRING (3110067.535 215548.927, 3109862.626 215472.841)	59	313	0	231	false	686	None
LINESTRING (3109862.626 215472.841, 3109778.655 215441.662)	59	313	0	232	false	686	None
LINESTRING (3109778.655 215441.662, 3109673.167 215402.457)	59	313	0	233	false	686	None
LINESTRING (3109673.167 215402.457, 3109456.978 215318.485)	59	313	0	234	false	686	None
LINESTRING (3109456.978 215318.485, 3109337.652 215273.972)	59	313	0	235	false	686	None
LINESTRING (3109337.652 215273.972, 3109236.495 215235.485)	59	313	0	236	false	686	None
LINESTRING (3109236.495 215235.485, 3109189.305 215220.814)	59	313	0	237	false	686	None
LINESTRING (3109189.305 215220.814, 3109044.394 215164.58)	59	313	0	238	false	686	None
LINESTRING (3109044.394 215164.58, 3108874.588 215098.909)	59	313	0	239	false	686	None
LINESTRING (3108874.588 215098.909, 3108864.436 215095.487)	59	313	0	240	false	686	None
LINESTRING (3108864.436 215095.487, 3108807.104 215074.309)	59	313	0	241	false	686	None
LINESTRING (3108807.104 215074.309, 3108759.957 215056.208)	59	313	0	242	false	686	None
LINESTRING (3108759.957 215056.208, 3108728.327 215044.66)	59	313	0	243	false	686	None
LINESTRING (3108728.327 215044.66, 3108608.501 214998.897)	59	313	0	244	false	686	None
LINESTRING (3108608.501 214998.897, 3108503.809 214957.876)	59	313	0	245	false	686	None
LINESTRING (3108503.809 214957.876, 3108484.991 214951.246)	59	313	0	246	false	686	None
LINESTRING (3108484.991 214951.246, 3108452.643 214939.78)	59	313	0	247	false	686	None
LINESTRING (3108452.643 214939.78, 3108428.403 214929.405)	59	313	0	248	false	686	None
LINESTRING (3108428.403 214929.405, 3108285.982 214876.639)	59	313	0	249	false	686	None
LINESTRING (3108285.982 214876.639, 3108223.831 214853.972)	59	313	0	250	false	686	None
LINESTRING (3108223.831 214853.972, 3108201.074 214840.243)	59	313	0	251	false	686	None
LINESTRING (3108201.074 214840.243, 3108176.443 214817.353)	59	313	0	252	false	686	None
LINESTRING (3108176.443 214817.353, 3108162.991 214800.062)	59	313	0	253	false	686	None
LINESTRING (3108162.991 214800.062, 3108154.734 214789.402)	59	313	0	254	false	686	None
LINESTRING (3108154.734 214789.402, 3108101.465 214744.105)	59	313	0	255	false	686	None
LINESTRING (3108101.465 214744.105, 3108076.116 214736.873)	59	313	0	256	false	686	None
LINESTRING (3108076.116 214736.873, 3108061.701 214735.621)	59	313	0	257	false	686	None
LINESTRING (3108061.701 214735.621, 3108026.992 214734.903)	59	313	0	258	false	686	None
LINESTRING (3108026.992 214734.903, 3107999.908 214738.063)	59	313	0	259	false	686	None
LINESTRING (3107999.908 214738.063, 3107943.909 214738.687)	59	313	0	260	false	686	None
LINESTRING (3107943.909 214738.687, 3107920.003 214735.1)	59	313	0	261	false	686	None
LINESTRING (3107920.003 214735.1, 3107904.21 214732.844)	59	313	0	262	false	686	None
LINESTRING (3107904.21 214732.844, 3107880.863 214722.694)	59	313	0	263	false	686	None
LINESTRING (3107880.863 214722.694, 3107666.216 214640.32)	59	313	0	264	false	686	None
LINESTRING (3107666.216 214640.32, 3107654.036 214635.289)	59	313	0	265	false	686	None
LINESTRING (3107654.036 214635.289, 3107633.604 214626.735)	59	313	0	266	false	686	None
LINESTRING (3107633.604 214626.735, 3107616.936 214619.863)	59	313	0	267	false	686	None
LINESTRING (3107616.936 214619.863, 3107614.852 214619.42)	59	313	0	268	false	686	None
LINESTRING (3107614.852 214619.42, 3107063.143 214407.487)	59	313	0	269	false	686	None
LINESTRING (3107063.143 214407.487, 3106881.444 214338.847)	59	313	0	270	false	686	None
LINESTRING (3106881.444 214338.847, 3106530.966 214205.943)	59	313	0	271	false	686	None
LINESTRING (3106530.966 214205.943, 3106484.367 214187.949)	59	313	0	272	false	686	None
LINESTRING (3106484.367 214187.949, 3106384.761 214149.504)	59	313	0	273	false	686	None
LINESTRING (3106384.761 214149.504, 3106370.63 214140.874)	59	313	0	274	false	686	None
LINESTRING (3106370.63 214140.874, 3106358.375 214129.396)	59	313	0	275	false	686	None
LINESTRING (3106358.375 214129.396, 3106352.988 214121.98)	59	313	0	276	false	686	None
LINESTRING (3106352.988 214121.98, 3106347.743 214113.429)	59	313	0	277	false	686	None
LINESTRING (3106347.743 214113.429, 3106336.201 214072.501)	59	313	0	278	false	686	None
LINESTRING (3106336.201 214072.501, 3106313.516 213962.265)	59	313	0	279	false	686	None
LINESTRING (3106313.516 213962.265, 3106282.075 213876.136)	59	313	0	280	false	686	None
LINESTRING (3106282.075 213876.136, 3106278.896 213867.307)	59	313	0	281	false	686	None
LINESTRING (3106278.896 213867.307, 3106270.143 213852.061)	59	313	0	282	false	686	None
LINESTRING (3106270.143 213852.061, 3106260.065 213837.971)	59	313	0	283	false	686	None
LINESTRING (3106260.065 213837.971, 3106248.937 213827.639)	59	313	0	284	false	686	None
LINESTRING (3106248.937 213827.639, 3106236.494 213817.16)	59	313	0	285	false	686	None
LINESTRING (3106236.494 213817.16, 3106214.549 213800.54)	59	313	0	286	false	686	None
LINESTRING (3106214.549 213800.54, 3106178.081 213776.566)	59	313	0	287	false	686	None
LINESTRING (3106178.081 213776.566, 3106080.956 213699.963)	59	313	0	288	false	686	None
LINESTRING (3106080.956 213699.963, 3106110.342 213658.089)	59	313	0	289	false	686	None
LINESTRING (3106110.342 213658.089, 3106132.718 213632.192)	59	313	0	290	false	686	None
LINESTRING (3106132.718 213632.192, 3106150.759 213614.025)	59	313	0	291	false	686	None
LINESTRING (3106150.759 213614.025, 3106163.084 213602.583)	59	313	0	292	false	686	None
LINESTRING (3106163.084 213602.583, 3106186.748 213577.417)	59	313	0	293	false	686	None
LINESTRING (3106186.748 213577.417, 3106231.397 213535.096)	59	313	0	294	false	686	None
LINESTRING (3106231.397 213535.096, 3106269.419 213503.667)	59	313	0	295	false	686	None
LINESTRING (3106269.419 213503.667, 3106282.333 213493.758)	59	313	0	296	false	686	None
LINESTRING (3106282.333 213493.758, 3106299.296 213479.934)	59	313	0	297	false	686	None
LINESTRING (3106299.296 213479.934, 3106330.203 213449.938)	59	313	0	298	false	686	None
LINESTRING (3106330.203 213449.938, 3106357.296 213426.564)	59	313	0	299	false	686	None
LINESTRING (3106357.296 213426.564, 3106383.164 213406.643)	59	313	0	300	false	686	None
LINESTRING (3106383.164 213406.643, 3106407.7 213375.63)	59	313	0	301	false	686	None
LINESTRING (3106407.7 213375.63, 3106455.234 213259.87)	59	313	0	302	false	686	None
LINESTRING (3106455.234 213259.87, 3106484.659 213168.077)	59	313	0	303	false	686	None
LINESTRING (3106484.659 213168.077, 3106499.104 213117.381)	59	313	0	304	false	686	None
LINESTRING (3106499.104 213117.381, 3106513.801 213073.44)	59	313	0	305	false	686	None
LINESTRING (3106513.801 213073.44, 3106559.09 212978.101)	59	313	0	306	false	686	None
LINESTRING (3106559.09 212978.101, 3106668.953 212778.532)	59	313	0	307	false	686	None
LINESTRING (3106668.953 212778.532, 3106678.988 212758.246)	59	313	0	308	false	686	None
LINESTRING (3106678.988 212758.246, 3106693.158 212734.076)	59	313	0	309	false	686	None
LINESTRING (3106693.158 212734.076, 3106722.523 212686.131)	59	313	0	310	false	686	None
LINESTRING (3106722.523 212686.131, 3106802.612 212579.53)	59	313	0	311	false	686	None
LINESTRING (3106802.612 212579.53, 3106838.945 212524.152)	59	313	0	312	false	686	None
LINESTRING (3106838.945 212524.152, 3106870.534 212478.843)	59	313	0	313	false	686	None
LINESTRING (3106870.534 212478.843, 3106901.334 212440.96)	59	313	0	314	false	686	None
LINESTRING (3106901.334 212440.96, 3106912.196 212416.473)	59	313	0	315	false	686	None
LINESTRING (3106912.196 212416.473, 3106912.942 212388.463)	59	313	0	316	false	686	None
LINESTRING (3106912.942 212388.463, 3106912.056 212338.902)	59	313	0	317	false	686	None
LINESTRING (3106912.056 212338.902, 3106912.875 212269.308)	59	313	0	318	false	686	None
LINESTRING (3106912.875 212269.308, 3106922.483 212165.04)	59	313	0	319	false	686	None
LINESTRING (3106922.483 212165.04, 3106936.885 212032.175)	59	313	0	320	false	686	None
LINESTRING (3106936.885 212032.175, 3106941.681 211955.785)	59	313	0	321	false	686	None
LINESTRING (3106941.681 211955.785, 3106934.678 211929.321)	59	313	0	322	false	686	None
LINESTRING (3106934.678 211929.321, 3106893.766 211823.63)	59	313	0	323	false	686	None
LINESTRING (3106893.766 211823.63, 3106869.398 211750.441)	59	313	0	324	false	686	None
LINESTRING (3106869.398 211750.441, 3106864.326 211740.411)	59	313	0	325	false	686	None
LINESTRING (3106864.326 211740.411, 3106704.606 211727.783)	59	313	0	326	false	686	None
LINESTRING (3106704.606 211727.783, 3106719.234 211711.874)	59	313	0	327	false	686	None
LINESTRING (3106719.234 211711.874, 3106751.579 211671.491)	59	313	0	328	false	686	None
LINESTRING (3106751.579 211671.491, 3106791.135 211628.406)	59	313	0	329	false	686	None
LINESTRING (3106791.135 211628.406, 3106828.508 211587.693)	59	313	0	330	false	686	None
LINESTRING (3106828.508 211587.693, 3106932.267 211469.72)	59	313	0	331	false	686	None
LINESTRING (3106932.267 211469.72, 3106940.622 211460.203)	59	313	0	332	false	686	None
LINESTRING (3106940.622 211460.203, 3106953.492 211439.934)	59	313	0	333	false	686	None
LINESTRING (3106953.492 211439.934, 3106964.385 211418.432)	59	313	0	334	false	686	None
LINESTRING (3106964.385 211418.432, 3107000.23 211333.145)	59	313	0	335	false	686	None
LINESTRING (3107000.23 211333.145, 3107090.869 211090.42)	59	313	0	336	false	686	None
LINESTRING (3107090.869 211090.42, 3107132.955 210983.748)	59	313	0	337	false	686	None
LINESTRING (3107132.955 210983.748, 3107153.96 210934.857)	59	313	0	338	false	686	None
LINESTRING (3107153.96 210934.857, 3107171.968 210894.802)	59	313	0	339	false	686	None
LINESTRING (3107171.968 210894.802, 3107190.602 210859.505)	59	313	0	340	false	686	None
LINESTRING (3107190.602 210859.505, 3107223.91 210796.428)	59	313	0	341	false	686	None
LINESTRING (3107223.91 210796.428, 3107244.39 210751.972)	59	313	0	342	false	686	None
LINESTRING (3107244.39 210751.972, 3107258.32 210721.529)	59	313	0	343	false	686	None
LINESTRING (3107258.32 210721.529, 3107337.806 210575.108)	59	313	0	344	false	686	None
LINESTRING (3107337.806 210575.108, 3107368.407 210510.399)	59	313	0	345	false	686	None
LINESTRING (3107368.407 210510.399, 3107371.229 210543.937)	59	313	0	346	false	686	None
LINESTRING (3107371.229 210543.937, 3107378.697 210587.343)	59	313	0	347	false	686	None
LINESTRING (3107378.697 210587.343, 3107386.086 210658.3)	59	313	0	348	false	686	None
LINESTRING (3107386.086 210658.3, 3107391.566 210701.775)	59	313	0	349	false	686	None
LINESTRING (3107391.566 210701.775, 3107408.285 210747.896)	59	313	0	350	false	686	None
LINESTRING (3107408.285 210747.896, 3107410.736 210771.663)	59	313	0	351	false	686	None
LINESTRING (3107410.736 210771.663, 3107418.722 210805.28)	59	313	0	352	false	686	None
LINESTRING (3107418.722 210805.28, 3107429.323 210850.482)	59	313	0	353	false	686	None
LINESTRING (3107429.323 210850.482, 3107460.098 210948.124)	59	313	0	354	false	686	None
LINESTRING (3107460.098 210948.124, 3107480.439 210997.062)	59	313	0	355	false	686	None
LINESTRING (3107480.439 210997.062, 3107534.805 211083.542)	59	313	0	356	false	686	None
LINESTRING (3107534.805 211083.542, 3107544.407 211095.31)	59	313	0	357	false	686	None
LINESTRING (3107544.407 211095.31, 3107552.584 211100.824)	59	313	0	358	false	686	None
LINESTRING (3107552.584 211100.824, 3107560.909 211105.444)	59	313	0	359	false	686	None
LINESTRING (3107560.909 211105.444, 3107581.499 211114.888)	59	313	0	360	false	686	None
LINESTRING (3107581.499 211114.888, 3107583.464 211204.572)	59	313	0	361	false	686	None
LINESTRING (3107583.464 211204.572, 3107583.915 211250.162)	59	313	0	362	false	686	None
LINESTRING (3107583.915 211250.162, 3107593.993 211248.677)	59	313	0	363	false	686	None
LINESTRING (3107593.993 211248.677, 3107646.776 211221.724)	59	313	0	364	false	686	None
LINESTRING (3107646.776 211221.724, 3107679.169 211207.042)	59	313	0	365	false	686	None
LINESTRING (3107679.169 211207.042, 3107708.397 211194.476)	59	313	0	366	false	686	None
LINESTRING (3107708.397 211194.476, 3107725.831 211185.826)	59	313	0	367	false	686	None
LINESTRING (3107725.831 211185.826, 3107766.35 211166.059)	59	313	0	368	false	686	None
LINESTRING (3107766.35 211166.059, 3107854.35 211122.179)	59	313	0	369	false	686	None
LINESTRING (3107854.35 211122.179, 3107868.067 211115.552)	59	313	0	370	false	686	None
LINESTRING (3107868.067 211115.552, 3107891.364 211104.397)	59	313	0	371	false	686	None
LINESTRING (3107891.364 211104.397, 3107914.41 211093.382)	59	313	0	372	false	686	None
LINESTRING (3107914.41 211093.382, 3107938.785 211077.884)	59	313	0	373	false	686	None
LINESTRING (3107938.785 211077.884, 3107944.618 211074.178)	59	313	0	374	false	686	None
LINESTRING (3107944.618 211074.178, 3107968.369 211055.706)	59	313	0	375	false	686	None
LINESTRING (3107968.369 211055.706, 3107994.144 211033.493)	59	313	0	376	false	686	None
LINESTRING (3107994.144 211033.493, 3108018.816 211007.765)	59	313	0	377	false	686	None
LINESTRING (3108018.816 211007.765, 3108048.895 210967.943)	59	313	0	378	false	686	None
LINESTRING (3108048.895 210967.943, 3108050.289 210966.1)	59	313	0	379	false	686	None
LINESTRING (3108050.289 210966.1, 3108064.618 210944.846)	59	313	0	380	false	686	None
LINESTRING (3108064.618 210944.846, 3108074.859 210924.283)	59	313	0	381	false	686	None
LINESTRING (3108074.859 210924.283, 3108083.785 210903.572)	59	313	0	382	false	686	None
LINESTRING (3108083.785 210903.572, 3108092.566 210880.427)	59	313	0	383	false	686	None
LINESTRING (3108092.566 210880.427, 3108128.14 210776.965)	59	313	0	384	false	686	None
LINESTRING (3108128.14 210776.965, 3108138.887 210744.35)	59	313	0	385	false	686	None
LINESTRING (3108138.887 210744.35, 3108162.193 210673.633)	59	313	0	386	false	686	None
LINESTRING (3108162.193 210673.633, 3108201.701 210553.015)	59	313	0	387	false	686	None
LINESTRING (3108201.701 210553.015, 3108205.569 210543.442)	59	313	0	388	false	686	None
LINESTRING (3108205.569 210543.442, 3108268.133 210352.248)	59	313	0	389	false	686	None
LINESTRING (3108268.133 210352.248, 3108328.162 210173.279)	59	313	0	390	false	686	None
LINESTRING (3108328.162 210173.279, 3108357.696 210078.915)	59	313	0	391	false	686	None
LINESTRING (3108357.696 210078.915, 3108369.071 210042.618)	59	313	0	392	false	686	None
LINESTRING (3108369.071 210042.618, 3108458.846 209771.031)	59	313	0	393	false	686	None
LINESTRING (3108458.846 209771.031, 3108482.301 209745.669)	59	313	0	394	false	686	None
LINESTRING (3108482.301 209745.669, 3108492.795 209726.749)	59	313	0	395	false	686	None
LINESTRING (3108492.795 209726.749, 3108510.258 209695.284)	59	313	0	396	false	686	None
LINESTRING (3108510.258 209695.284, 3108723.97 209012.444)	59	313	0	397	false	686	S:3108616.7265366763 209355.102
LINESTRING (3105867.151 209348.244, 3105866.741 209416.323)	59	314	0	705	false	1296	S:3105867.109698277 209355.102
LINESTRING (3105866.741 209416.323, 3105876.627 209493.341)	59	314	0	706	false	1296	None
LINESTRING (3105876.627 209493.341, 3105888.476 209577.77)	59	314	0	707	false	1296	None
LINESTRING (3105888.476 209577.77, 3105885.987 209633.877)	59	314	0	708	false	1296	None
LINESTRING (3105885.987 209633.877, 3105844.677 209713.266)	59	314	0	709	false	1296	None
LINESTRING (3105844.677 209713.266, 3105828.833 209726.214)	59	314	0	710	false	1296	None
LINESTRING (3105828.833 209726.214, 3105811.203 209779.371)	59	314	0	711	false	1296	None
LINESTRING (3105811.203 209779.371, 3105817.029 209827.848)	59	314	0	712	false	1296	None
LINESTRING (3105817.029 209827.848, 3105787.331 209955.197)	59	314	0	713	false	1296	None
LINESTRING (3105787.331 209955.197, 3105809.217 210004.481)	59	314	0	714	false	1296	None
LINESTRING (3105809.217 210004.481, 3105808.382 210042.202)	59	314	0	715	false	1296	None
LINESTRING (3105808.382 210042.202, 3105831.616 210094.618)	59	314	0	716	false	1296	None
LINESTRING (3105831.616 210094.618, 3105861.645 210342.82)	59	314	0	717	false	1296	None
LINESTRING (3105861.645 210342.82, 3105856.2 210392.565)	59	314	0	718	false	1296	None
LINESTRING (3105856.2 210392.565, 3105890.319 210601.442)	59	314	0	719	false	1296	None
LINESTRING (3105890.319 210601.442, 3105864.192 210683.916)	59	314	0	720	false	1296	None
LINESTRING (3105864.192 210683.916, 3105865.919 210736.173)	59	314	0	721	false	1296	None
LINESTRING (3105865.919 210736.173, 3105834.214 210868.223)	59	314	0	722	false	1296	None
LINESTRING (3105834.214 210868.223, 3105837.907 210894.129)	59	314	0	723	false	1296	None
LINESTRING (3105837.907 210894.129, 3105887.934 210962.287)	59	314	0	724	false	1296	None
LINESTRING (3105887.934 210962.287, 3105890.753 210990.472)	59	314	0	725	false	1296	None
LINESTRING (3105890.753 210990.472, 3105860.713 211068.832)	59	314	0	726	false	1296	None
LINESTRING (3105860.713 211068.832, 3105845.784 211079.395)	59	314	0	727	false	1296	None
LINESTRING (3105845.784 211079.395, 3105839.642 211109.734)	59	314	0	728	false	1296	None
LINESTRING (3105839.642 211109.734, 3105877.703 211173.305)	59	314	0	729	false	1296	None
LINESTRING (3105877.703 211173.305, 3105901.382 211310.183)	59	314	0	730	false	1296	None
LINESTRING (3105901.382 211310.183, 3105932.529 211349.348)	59	314	0	731	false	1296	None
LINESTRING (3105932.529 211349.348, 3105933.349 211368.684)	59	314	0	732	false	1296	None
LINESTRING (3105933.349 211368.684, 3105965.918 211446.319)	59	314	0	733	false	1296	None
LINESTRING (3105965.918 211446.319, 3105977.65 211508.001)	59	314	0	734	false	1296	None
LINESTRING (3105977.65 211508.001, 3105942.456 211627.659)	59	314	0	735	false	1296	None
LINESTRING (3105942.456 211627.659, 3105942.136 211670.929)	59	314	0	736	false	1296	None
LINESTRING (3105942.136 211670.929, 3105920.053 211749.486)	59	314	0	737	false	1296	None
LINESTRING (3105920.053 211749.486, 3105925.346 211792.174)	59	314	0	738	false	1296	None
LINESTRING (3105925.346 211792.174, 3105907.326 211817.959)	59	314	0	739	false	1296	None
LINESTRING (3105907.326 211817.959, 3105786.603 211891.272)	59	314	0	740	false	1296	None
LINESTRING (3105786.603 211891.272, 3105772.574 211946.525)	59	314	0	741	false	1296	None
LINESTRING (3105772.574 211946.525, 3105097.223 212193.832)	59	314	0	742	false	1296	None
LINESTRING (3105097.223 212193.832, 3104918.839 212263.715)	59	314	0	743	false	1296	None
LINESTRING (3104918.839 212263.715, 3104877.528 212273.321)	59	314	0	744	false	1296	None
LINESTRING (3104877.528 212273.321, 3104823.975 212282.396)	59	314	0	745	false	1296	None
LINESTRING (3104823.975 212282.396, 3104759.616 212285.665)	59	314	0	746	false	1296	None
LINESTRING (3104759.616 212285.665, 3104714.775 212280.961)	59	314	0	747	false	1296	None
LINESTRING (3104714.775 212280.961, 3104660.374 212266.174)	59	314	0	748	false	1296	None
LINESTRING (3104660.374 212266.174, 3104591.754 212244.51)	59	314	0	749	false	1296	None
LINESTRING (3104591.754 212244.51, 3104543.334 212226.904)	59	314	0	750	false	1296	None
LINESTRING (3104543.334 212226.904, 3104491.242 212201.233)	59	314	0	751	false	1296	None
LINESTRING (3104491.242 212201.233, 3104449.227 212184.299)	59	314	0	752	false	1296	None
LINESTRING (3104449.227 212184.299, 3104401.912 212177.103)	59	314	0	753	false	1296	None
LINESTRING (3104401.912 212177.103, 3104381.393 212177.205)	59	314	0	754	false	1296	None
LINESTRING (3104381.393 212177.205, 3104352.969 212179.27)	59	314	0	755	false	1296	None
LINESTRING (3104352.969 212179.27, 3104345.761 212170.207)	59	314	0	756	false	1296	None
LINESTRING (3104345.761 212170.207, 3104336.223 212159.3)	59	314	0	757	false	1296	None
LINESTRING (3104336.223 212159.3, 3104330.666 212145.163)	59	314	0	758	false	1296	None
LINESTRING (3104330.666 212145.163, 3104327.731 212134.41)	59	314	0	759	false	1296	None
LINESTRING (3104327.731 212134.41, 3104317.762 212084.226)	59	314	0	760	false	1296	None
LINESTRING (3104317.762 212084.226, 3104316.929 212055.971)	59	314	0	761	false	1296	None
LINESTRING (3104316.929 212055.971, 3104312.865 212033.847)	59	314	0	762	false	1296	None
LINESTRING (3104312.865 212033.847, 3104306.772 212015.226)	59	314	0	763	false	1296	None
LINESTRING (3104306.772 212015.226, 3104292.716 211989.511)	59	314	0	764	false	1296	None
LINESTRING (3104292.716 211989.511, 3104272.499 211971.184)	59	314	0	765	false	1296	None
LINESTRING (3104272.499 211971.184, 3104259.397 211961.646)	59	314	0	766	false	1296	None
LINESTRING (3104259.397 211961.646, 3104242.504 211961.235)	59	314	0	767	false	1296	None
LINESTRING (3104242.504 211961.235, 3104220.152 211965.865)	59	314	0	768	false	1296	None
LINESTRING (3104220.152 211965.865, 3104205.022 211968.27)	59	314	0	769	false	1296	None
LINESTRING (3104205.022 211968.27, 3104186.969 211968.841)	59	314	0	770	false	1296	None
LINESTRING (3104186.969 211968.841, 3104151.07 211957.938)	59	314	0	771	false	1296	None
LINESTRING (3104151.07 211957.938, 3104118.636 211941.824)	59	314	0	772	false	1296	None
LINESTRING (3104118.636 211941.824, 3104098.262 211917.255)	59	314	0	773	false	1296	None
LINESTRING (3104098.262 211917.255, 3104092.687 211899.071)	59	314	0	774	false	1296	None
LINESTRING (3104092.687 211899.071, 3104098.042 211866.173)	59	314	0	775	false	1296	None
LINESTRING (3104098.042 211866.173, 3104100.418 211854.601)	59	314	0	776	false	1296	None
LINESTRING (3104100.418 211854.601, 3104099.465 211843.537)	59	314	0	777	false	1296	None
LINESTRING (3104099.465 211843.537, 3104092.491 211835.396)	59	314	0	778	false	1296	None
LINESTRING (3104092.491 211835.396, 3104082.364 211828.068)	59	314	0	779	false	1296	None
LINESTRING (3104082.364 211828.068, 3104072.526 211823.823)	59	314	0	780	false	1296	None
LINESTRING (3104072.526 211823.823, 3104036.006 211821.955)	59	314	0	781	false	1296	None
LINESTRING (3104036.006 211821.955, 3103988.945 211809.748)	59	314	0	782	false	1296	None
LINESTRING (3103988.945 211809.748, 3103915.844 211773.179)	59	314	0	783	false	1296	None
LINESTRING (3103915.844 211773.179, 3103882.456 211746.002)	59	314	0	784	false	1296	None
LINESTRING (3103882.456 211746.002, 3103864.184 211727.708)	59	314	0	785	false	1296	None
LINESTRING (3103864.184 211727.708, 3103851.847 211711.569)	59	314	0	786	false	1296	None
LINESTRING (3103851.847 211711.569, 3103845.689 211700.532)	59	314	0	787	false	1296	None
LINESTRING (3103845.689 211700.532, 3103842.38 211678.223)	59	314	0	788	false	1296	None
LINESTRING (3103842.38 211678.223, 3103835.349 211644.146)	59	314	0	789	false	1296	None
LINESTRING (3103835.349 211644.146, 3103830.495 211629.448)	59	314	0	790	false	1296	None
LINESTRING (3103830.495 211629.448, 3103824.822 211619.191)	59	314	0	791	false	1296	None
LINESTRING (3103824.822 211619.191, 3103816.601 211606.888)	59	314	0	792	false	1296	None
LINESTRING (3103816.601 211606.888, 3103808.769 211599.964)	59	314	0	793	false	1296	None
LINESTRING (3103808.769 211599.964, 3103795.824 211584.9)	59	314	0	794	false	1296	None
LINESTRING (3103795.824 211584.9, 3103787.961 211571.664)	59	314	0	795	false	1296	None
LINESTRING (3103787.961 211571.664, 3103784.082 211562.095)	59	314	0	796	false	1296	None
LINESTRING (3103784.082 211562.095, 3103783.473 211558.057)	59	314	0	797	false	1296	None
LINESTRING (3103783.473 211558.057, 3103783.798 211554.14)	59	314	0	798	false	1296	None
LINESTRING (3103783.798 211554.14, 3103784.94 211552.438)	59	314	0	799	false	1296	None
LINESTRING (3103784.94 211552.438, 3103786.869 211551.751)	59	314	0	800	false	1296	None
LINESTRING (3103786.869 211551.751, 3103798.477 211550.611)	59	314	0	801	false	1296	None
LINESTRING (3103798.477 211550.611, 3103803.088 211550.594)	59	314	0	802	false	1296	None
LINESTRING (3103803.088 211550.594, 3103807.469 211548.112)	59	314	0	803	false	1296	None
LINESTRING (3103807.469 211548.112, 3103809.759 211544.948)	59	314	0	804	false	1296	None
LINESTRING (3103809.759 211544.948, 3103815.374 211532.596)	59	314	0	805	false	1296	None
LINESTRING (3103815.374 211532.596, 3103817.317 211525.733)	59	314	0	806	false	1296	None
LINESTRING (3103817.317 211525.733, 3103818.196 211518.58)	59	314	0	807	false	1296	None
LINESTRING (3103818.196 211518.58, 3103816.554 211508.798)	59	314	0	808	false	1296	None
LINESTRING (3103816.554 211508.798, 3103812.319 211496.833)	59	314	0	809	false	1296	None
LINESTRING (3103812.319 211496.833, 3103808.784 211489.179)	59	314	0	810	false	1296	None
LINESTRING (3103808.784 211489.179, 3103807.722 211482.233)	59	314	0	811	false	1296	None
LINESTRING (3103807.722 211482.233, 3103809.11 211473.493)	59	314	0	812	false	1296	None
LINESTRING (3103809.11 211473.493, 3103811.337 211469.472)	59	314	0	813	false	1296	None
LINESTRING (3103811.337 211469.472, 3103817.801 211462.32)	59	314	0	814	false	1296	None
LINESTRING (3103817.801 211462.32, 3103851.582 211446.019)	59	314	0	815	false	1296	None
LINESTRING (3103851.582 211446.019, 3103877.335 211438.65)	59	314	0	816	false	1296	None
LINESTRING (3103877.335 211438.65, 3103897.64 211435.017)	59	314	0	817	false	1296	None
LINESTRING (3103897.64 211435.017, 3103918.972 211433.561)	59	314	0	818	false	1296	None
LINESTRING (3103918.972 211433.561, 3103935.17 211433.229)	59	314	0	819	false	1296	None
LINESTRING (3103935.17 211433.229, 3103937.822 211432.7)	59	314	0	820	false	1296	None
LINESTRING (3103937.822 211432.7, 3103947.285 211428.718)	59	314	0	821	false	1296	None
LINESTRING (3103947.285 211428.718, 3103950.128 211425.646)	59	314	0	822	false	1296	None
LINESTRING (3103950.128 211425.646, 3103951.635 211419.923)	59	314	0	823	false	1296	None
LINESTRING (3103951.635 211419.923, 3103950.622 211411.57)	59	314	0	824	false	1296	None
LINESTRING (3103950.622 211411.57, 3103947.968 211398.547)	59	314	0	825	false	1296	None
LINESTRING (3103947.968 211398.547, 3103944.566 211387.734)	59	314	0	826	false	1296	None
LINESTRING (3103944.566 211387.734, 3103943.101 211378.257)	59	314	0	827	false	1296	None
LINESTRING (3103943.101 211378.257, 3103945.918 211360.673)	59	314	0	828	false	1296	None
LINESTRING (3103945.918 211360.673, 3103957.537 211329.581)	59	314	0	829	false	1296	None
LINESTRING (3103957.537 211329.581, 3103957.424 211321.692)	59	314	0	830	false	1296	None
LINESTRING (3103957.424 211321.692, 3103954.716 211314.948)	59	314	0	831	false	1296	None
LINESTRING (3103954.716 211314.948, 3103947.48 211303.141)	59	314	0	832	false	1296	None
LINESTRING (3103947.48 211303.141, 3103939.404 211293.271)	59	314	0	833	false	1296	None
LINESTRING (3103939.404 211293.271, 3103904.101 211253.95)	59	314	0	834	false	1296	None
LINESTRING (3103904.101 211253.95, 3103879.716 211221.427)	59	314	0	835	false	1296	None
LINESTRING (3103879.716 211221.427, 3103869.954 211206.75)	59	314	0	836	false	1296	None
LINESTRING (3103869.954 211206.75, 3103857.148 211185.439)	59	314	0	837	false	1296	None
LINESTRING (3103857.148 211185.439, 3103852.184 211169.748)	59	314	0	838	false	1296	None
LINESTRING (3103852.184 211169.748, 3103852.515 211157.631)	59	314	0	839	false	1296	None
LINESTRING (3103852.515 211157.631, 3103855.363 211146.359)	59	314	0	840	false	1296	None
LINESTRING (3103855.363 211146.359, 3103861.37 211137.843)	59	314	0	841	false	1296	None
LINESTRING (3103861.37 211137.843, 3103881.744 211118.426)	59	314	0	842	false	1296	None
LINESTRING (3103881.744 211118.426, 3103890.241 211111.34)	59	314	0	843	false	1296	None
LINESTRING (3103890.241 211111.34, 3103905.722 211102.649)	59	314	0	844	false	1296	None
LINESTRING (3103905.722 211102.649, 3103911.354 211099.458)	59	314	0	845	false	1296	None
LINESTRING (3103911.354 211099.458, 3103920.033 211096.245)	59	314	0	846	false	1296	None
LINESTRING (3103920.033 211096.245, 3103945.445 211088.744)	59	314	0	847	false	1296	None
LINESTRING (3103945.445 211088.744, 3103966.78 211080.632)	59	314	0	848	false	1296	None
LINESTRING (3103966.78 211080.632, 3103987.829 211071.222)	59	314	0	849	false	1296	None
LINESTRING (3103987.829 211071.222, 3103999.259 211064.665)	59	314	0	850	false	1296	None
LINESTRING (3103999.259 211064.665, 3104030.977 211041.987)	59	314	0	851	false	1296	None
LINESTRING (3104030.977 211041.987, 3104050.278 211028.698)	59	314	0	852	false	1296	None
LINESTRING (3104050.278 211028.698, 3104068.308 211018.725)	59	314	0	853	false	1296	None
LINESTRING (3104068.308 211018.725, 3104091.324 211006.74)	59	314	0	854	false	1296	None
LINESTRING (3104091.324 211006.74, 3104111.588 210998.1)	59	314	0	855	false	1296	None
LINESTRING (3104111.588 210998.1, 3104132.276 210991.167)	59	314	0	856	false	1296	None
LINESTRING (3104132.276 210991.167, 3104156.254 210983.831)	59	314	0	857	false	1296	None
LINESTRING (3104156.254 210983.831, 3104180.749 210975.147)	59	314	0	858	false	1296	None
LINESTRING (3104180.749 210975.147, 3104193.632 210969.146)	59	314	0	859	false	1296	None
LINESTRING (3104193.632 210969.146, 3104204.281 210961.815)	59	314	0	860	false	1296	None
LINESTRING (3104204.281 210961.815, 3104214.834 210950.642)	59	314	0	861	false	1296	None
LINESTRING (3104214.834 210950.642, 3104231.366 210931.537)	59	314	0	862	false	1296	None
LINESTRING (3104231.366 210931.537, 3104248.66 210907.374)	59	314	0	863	false	1296	None
LINESTRING (3104248.66 210907.374, 3104258.312 210895.738)	59	314	0	864	false	1296	None
LINESTRING (3104258.312 210895.738, 3104265.48 210886.24)	59	314	0	865	false	1296	None
LINESTRING (3104265.48 210886.24, 3104270.445 210878.395)	59	314	0	866	false	1296	None
LINESTRING (3104270.445 210878.395, 3104275.861 210866.562)	59	314	0	867	false	1296	None
LINESTRING (3104275.861 210866.562, 3104278.547 210860.577)	59	314	0	868	false	1296	None
LINESTRING (3104278.547 210860.577, 3104279.911 210850.877)	59	314	0	869	false	1296	None
LINESTRING (3104279.911 210850.877, 3104278.009 210834.1)	59	314	0	870	false	1296	None
LINESTRING (3104278.009 210834.1, 3104266.295 210787.173)	59	314	0	871	false	1296	None
LINESTRING (3104266.295 210787.173, 3104260.229 210756.2)	59	314	0	872	false	1296	None
LINESTRING (3104260.229 210756.2, 3104260.797 210718.14)	59	314	0	873	false	1296	None
LINESTRING (3104260.797 210718.14, 3104258.378 210706.039)	59	314	0	874	false	1296	None
LINESTRING (3104258.378 210706.039, 3104254.517 210693.861)	59	314	0	875	false	1296	None
LINESTRING (3104254.517 210693.861, 3104246.054 210671.955)	59	314	0	876	false	1296	None
LINESTRING (3104246.054 210671.955, 3104236.387 210652.679)	59	314	0	877	false	1296	None
LINESTRING (3104236.387 210652.679, 3104210.493 210608.997)	59	314	0	878	false	1296	None
LINESTRING (3104210.493 210608.997, 3104201.094 210590.299)	59	314	0	879	false	1296	None
LINESTRING (3104201.094 210590.299, 3104199.671 210582.503)	59	314	0	880	false	1296	None
LINESTRING (3104199.671 210582.503, 3104198.884 210573.048)	59	314	0	881	false	1296	None
LINESTRING (3104198.884 210573.048, 3104199.556 210552.621)	59	314	0	882	false	1296	None
LINESTRING (3104199.556 210552.621, 3104202.705 210536.472)	59	314	0	883	false	1296	None
LINESTRING (3104202.705 210536.472, 3104213.62 210499.286)	59	314	0	884	false	1296	None
LINESTRING (3104213.62 210499.286, 3104220.006 210468.804)	59	314	0	885	false	1296	None
LINESTRING (3104220.006 210468.804, 3104220.264 210453.806)	59	314	0	886	false	1296	None
LINESTRING (3104220.264 210453.806, 3104218.523 210438.399)	59	314	0	887	false	1296	None
LINESTRING (3104218.523 210438.399, 3104217.286 210421.164)	59	314	0	888	false	1296	None
LINESTRING (3104217.286 210421.164, 3104216.166 210390.065)	59	314	0	889	false	1296	None
LINESTRING (3104216.166 210390.065, 3104219.523 210351.885)	59	314	0	890	false	1296	None
LINESTRING (3104219.523 210351.885, 3104220.469 210291.86)	59	314	0	891	false	1296	None
LINESTRING (3104220.469 210291.86, 3104218.633 210277.724)	59	314	0	892	false	1296	None
LINESTRING (3104218.633 210277.724, 3104213.573 210254.863)	59	314	0	893	false	1296	None
LINESTRING (3104213.573 210254.863, 3104207.871 210241.862)	59	314	0	894	false	1296	None
LINESTRING (3104207.871 210241.862, 3104200.234 210229.307)	59	314	0	895	false	1296	None
LINESTRING (3104200.234 210229.307, 3104177.128 210202.386)	59	314	0	896	false	1296	None
LINESTRING (3104177.128 210202.386, 3104165.375 210185.996)	59	314	0	897	false	1296	None
LINESTRING (3104165.375 210185.996, 3104152.761 210165.71)	59	314	0	898	false	1296	None
LINESTRING (3104152.761 210165.71, 3104140.783 210143.766)	59	314	0	899	false	1296	None
LINESTRING (3104140.783 210143.766, 3104132.12 210122.378)	59	314	0	900	false	1296	None
LINESTRING (3104132.12 210122.378, 3104124.193 210098.301)	59	314	0	901	false	1296	None
LINESTRING (3104124.193 210098.301, 3104118.581 210068.692)	59	314	0	902	false	1296	None
LINESTRING (3104118.581 210068.692, 3104115.23 210034.718)	59	314	0	903	false	1296	None
LINESTRING (3104115.23 210034.718, 3104114.997 209991.835)	59	314	0	904	false	1296	None
LINESTRING (3104114.997 209991.835, 3104115.848 209934.865)	59	314	0	905	false	1296	None
LINESTRING (3104115.848 209934.865, 3104112.304 209854.576)	59	314	0	906	false	1296	None
LINESTRING (3104112.304 209854.576, 3104112.666 209845.443)	59	314	0	907	false	1296	None
LINESTRING (3104112.666 209845.443, 3104110.691 209822.457)	59	314	0	908	false	1296	None
LINESTRING (3104110.691 209822.457, 3104105.494 209800.971)	59	314	0	909	false	1296	None
LINESTRING (3104105.494 209800.971, 3104098.647 209779.448)	59	314	0	910	false	1296	None
LINESTRING (3104098.647 209779.448, 3104085.957 209754.497)	59	314	0	911	false	1296	None
LINESTRING (3104085.957 209754.497, 3104073.168 209735.69)	59	314	0	912	false	1296	None
LINESTRING (3104073.168 209735.69, 3104063.624 209716.343)	59	314	0	913	false	1296	None
LINESTRING (3104063.624 209716.343, 3104054.87 209684.698)	59	314	0	914	false	1296	None
LINESTRING (3104054.87 209684.698, 3104052.331 209666.252)	59	314	0	915	false	1296	None
LINESTRING (3104052.331 209666.252, 3104050.935 209646.103)	59	314	0	916	false	1296	None
LINESTRING (3104050.935 209646.103, 3104052.153 209630.641)	59	314	0	917	false	1296	None
LINESTRING (3104052.153 209630.641, 3104054.8 209618.104)	59	314	0	918	false	1296	None
LINESTRING (3104054.8 209618.104, 3104063.906 209564.653)	59	314	0	919	false	1296	None
LINESTRING (3104063.906 209564.653, 3104064.883 209551.357)	59	314	0	920	false	1296	None
LINESTRING (3104064.883 209551.357, 3104054.39 209526.298)	59	314	0	921	false	1296	None
LINESTRING (3104054.39 209526.298, 3104037.589 209494.423)	59	314	0	922	false	1296	None
LINESTRING (3104037.589 209494.423, 3104025.679 209458.479)	59	314	0	923	false	1296	None
LINESTRING (3104025.679 209458.479, 3104019.228 209432.591)	59	314	0	924	false	1296	None
LINESTRING (3104019.228 209432.591, 3104018.608 209418.089)	59	314	0	925	false	1296	None
LINESTRING (3104018.608 209418.089, 3104020.303 209401.383)	59	314	0	926	false	1296	None
LINESTRING (3104020.303 209401.383, 3104019.866 209375.659)	59	314	0	927	false	1296	None
LINESTRING (3104019.866 209375.659, 3104020.108 209358.396)	59	314	0	928	false	1296	None
LINESTRING (3104020.108 209358.396, 3104017.566 209338.166)	59	314	0	929	false	1296	S:3104019.694092536 209355.102
LINESTRING (3111248.086 216866.203, 3111349.935 216904.393)	59	315	0	0	false	449	None
LINESTRING (3111349.935 216904.393, 3111389.745 216920.406)	59	315	0	1	false	449	None
LINESTRING (3111389.745 216920.406, 3111497.855 216963.978)	59	315	0	2	false	449	None
LINESTRING (3111497.855 216963.978, 3111516.18 216971.377)	59	315	0	3	false	449	None
LINESTRING (3111516.18 216971.377, 3111607.092 217005.13)	59	315	0	4	false	449	None
LINESTRING (3111607.092 217005.13, 3111627.011 217013.737)	59	315	0	5	false	449	None
LINESTRING (3111627.011 217013.737, 3111670.429 217033.874)	59	315	0	6	false	449	None
LINESTRING (3111670.429 217033.874, 3111727.061 217063.491)	59	315	0	7	false	449	None
LINESTRING (3111727.061 217063.491, 3111748.978 217076.078)	59	315	0	8	false	449	None
LINESTRING (3111748.978 217076.078, 3111781.925 217045.69)	59	315	0	9	false	449	None
LINESTRING (3111781.925 217045.69, 3111832.22 216999.494)	59	315	0	10	false	449	None
LINESTRING (3111832.22 216999.494, 3111864.241 216976.362)	59	315	0	11	false	449	None
LINESTRING (3111864.241 216976.362, 3111883.753 216966.142)	59	315	0	12	false	449	None
LINESTRING (3111883.753 216966.142, 3111912.77 216955.413)	59	315	0	13	false	449	None
LINESTRING (3111912.77 216955.413, 3111935.487 216948.328)	59	315	0	14	false	449	None
LINESTRING (3111935.487 216948.328, 3112026.918 216915.21)	59	315	0	15	false	449	None
LINESTRING (3112026.918 216915.21, 3112039.725 216909.429)	59	315	0	16	false	449	None
LINESTRING (3112039.725 216909.429, 3112076.188 216891.573)	59	315	0	17	false	449	None
LINESTRING (3112076.188 216891.573, 3112224.134 216813.938)	59	315	0	18	false	449	None
LINESTRING (3112224.134 216813.938, 3112284.35 216780.953)	59	315	0	19	false	449	None
LINESTRING (3112284.35 216780.953, 3112379.494 216734.874)	59	315	0	20	false	449	E:3112314.717 216766.2460190763
LINESTRING (3104305.112 218464.475, 3105015.56 216594.925)	59	315	0	308	false	449	N:3104785.3027220713 217200.849
LINESTRING (3105015.56 216594.925, 3105074.039 216440.913)	59	315	0	309	false	449	None
LINESTRING (3105074.039 216440.913, 3105660.159 215342.059)	59	315	0	310	false	449	None
LINESTRING (3105660.159 215342.059, 3105741.921 215188.657)	59	315	0	311	false	449	None
LINESTRING (3105741.921 215188.657, 3105798.845 215083.154)	59	315	0	312	false	449	None
LINESTRING (3105798.845 215083.154, 3105785.804 215037.967)	59	315	0	313	false	449	None
LINESTRING (3105785.804 215037.967, 3105775.658 214945.381)	59	315	0	314	false	449	None
LINESTRING (3105775.658 214945.381, 3105767.008 214903.304)	59	315	0	315	false	449	None
LINESTRING (3105767.008 214903.304, 3105763.142 214869.957)	59	315	0	316	false	449	None
LINESTRING (3105763.142 214869.957, 3105763.08 214821.069)	59	315	0	317	false	449	None
LINESTRING (3105763.08 214821.069, 3105764.161 214782.486)	59	315	0	318	false	449	None
LINESTRING (3105764.161 214782.486, 3105775.215 214650.712)	59	315	0	319	false	449	None
LINESTRING (3105775.215 214650.712, 3105775.953 214624.007)	59	315	0	320	false	449	None
LINESTRING (3105775.953 214624.007, 3105780.062 214536.651)	59	315	0	321	false	449	None
LINESTRING (3105780.062 214536.651, 3105781.071 214514.092)	59	315	0	322	false	449	None
LINESTRING (3105781.071 214514.092, 3105784.877 214462.526)	59	315	0	323	false	449	None
LINESTRING (3105784.877 214462.526, 3105796.769 214359.727)	59	315	0	324	false	449	None
LINESTRING (3105796.769 214359.727, 3105801.721 214316.923)	59	315	0	325	false	449	None
LINESTRING (3105801.721 214316.923, 3105804.369 214293.922)	59	315	0	326	false	449	None
LINESTRING (3105804.369 214293.922, 3105812.422 214249.93)	59	315	0	327	false	449	None
LINESTRING (3105812.422 214249.93, 3105821.275 214209.216)	59	315	0	328	false	449	None
LINESTRING (3105821.275 214209.216, 3105865.906 214042.764)	59	315	0	329	false	449	None
LINESTRING (3105865.906 214042.764, 3105884.265 213989.527)	59	315	0	330	false	449	None
LINESTRING (3105884.265 213989.527, 3105891.245 213967.237)	59	315	0	331	false	449	None
LINESTRING (3105891.245 213967.237, 3105896.977 213949.223)	59	315	0	332	false	449	None
LINESTRING (3105896.977 213949.223, 3105902.911 213927.364)	59	315	0	333	false	449	None
LINESTRING (3105902.911 213927.364, 3105912.719 213903.067)	59	315	0	334	false	449	None
LINESTRING (3105912.719 213903.067, 3105923.724 213881.013)	59	315	0	335	false	449	None
LINESTRING (3105923.724 213881.013, 3105961.08 213827.809)	59	315	0	336	false	449	None
LINESTRING (3105961.08 213827.809, 3105985.622 213798.819)	59	315	0	337	false	449	None
LINESTRING (3105985.622 213798.819, 3106014.421 213774.315)	59	315	0	338	false	449	None
LINESTRING (3106014.421 213774.315, 3106038.179 213752.99)	59	315	0	339	false	449	None
LINESTRING (3106038.179 213752.99, 3106080.956 213699.963)	59	315	0	340	false	449	None
LINESTRING (3106080.956 213699.963, 3106178.081 213776.566)	59	315	0	341	false	449	None
LINESTRING (3106178.081 213776.566, 3106214.549 213800.54)	59	315	0	342	false	449	None
LINESTRING (3106214.549 213800.54, 3106236.494 213817.16)	59	315	0	343	false	449	None
LINESTRING (3106236.494 213817.16, 3106248.937 213827.639)	59	315	0	344	false	449	None
LINESTRING (3106248.937 213827.639, 3106260.065 213837.971)	59	315	0	345	false	449	None
LINESTRING (3106260.065 213837.971, 3106270.143 213852.061)	59	315	0	346	false	449	None
LINESTRING (3106270.143 213852.061, 3106278.896 213867.307)	59	315	0	347	false	449	None
LINESTRING (3106278.896 213867.307, 3106282.075 213876.136)	59	315	0	348	false	449	None
LINESTRING (3106282.075 213876.136, 3106313.516 213962.265)	59	315	0	349	false	449	None
LINESTRING (3106313.516 213962.265, 3106336.201 214072.501)	59	315	0	350	false	449	None
LINESTRING (3106336.201 214072.501, 3106347.743 214113.429)	59	315	0	351	false	449	None
LINESTRING (3106347.743 214113.429, 3106352.988 214121.98)	59	315	0	352	false	449	None
LINESTRING (3106352.988 214121.98, 3106358.375 214129.396)	59	315	0	353	false	449	None
LINESTRING (3106358.375 214129.396, 3106370.63 214140.874)	59	315	0	354	false	449	None
LINESTRING (3106370.63 214140.874, 3106384.761 214149.504)	59	315	0	355	false	449	None
LINESTRING (3106384.761 214149.504, 3106484.367 214187.949)	59	315	0	356	false	449	None
LINESTRING (3106484.367 214187.949, 3106530.966 214205.943)	59	315	0	357	false	449	None
LINESTRING (3106530.966 214205.943, 3106881.444 214338.847)	59	315	0	358	false	449	None
LINESTRING (3106881.444 214338.847, 3107063.143 214407.487)	59	315	0	359	false	449	None
LINESTRING (3107063.143 214407.487, 3107614.852 214619.42)	59	315	0	360	false	449	None
LINESTRING (3107614.852 214619.42, 3107616.936 214619.863)	59	315	0	361	false	449	None
LINESTRING (3107616.936 214619.863, 3107633.604 214626.735)	59	315	0	362	false	449	None
LINESTRING (3107633.604 214626.735, 3107654.036 214635.289)	59	315	0	363	false	449	None
LINESTRING (3107654.036 214635.289, 3107666.216 214640.32)	59	315	0	364	false	449	None
LINESTRING (3107666.216 214640.32, 3107880.863 214722.694)	59	315	0	365	false	449	None
LINESTRING (3107880.863 214722.694, 3107904.21 214732.844)	59	315	0	366	false	449	None
LINESTRING (3107904.21 214732.844, 3107920.003 214735.1)	59	315	0	367	false	449	None
LINESTRING (3107920.003 214735.1, 3107943.909 214738.687)	59	315	0	368	false	449	None
LINESTRING (3107943.909 214738.687, 3107999.908 214738.063)	59	315	0	369	false	449	None
LINESTRING (3107999.908 214738.063, 3108026.992 214734.903)	59	315	0	370	false	449	None
LINESTRING (3108026.992 214734.903, 3108061.701 214735.621)	59	315	0	371	false	449	None
LINESTRING (3108061.701 214735.621, 3108076.116 214736.873)	59	315	0	372	false	449	None
LINESTRING (3108076.116 214736.873, 3108101.465 214744.105)	59	315	0	373	false	449	None
LINESTRING (3108101.465 214744.105, 3108154.734 214789.402)	59	315	0	374	false	449	None
LINESTRING (3108154.734 214789.402, 3108162.991 214800.062)	59	315	0	375	false	449	None
LINESTRING (3108162.991 214800.062, 3108176.443 214817.353)	59	315	0	376	false	449	None
LINESTRING (3108176.443 214817.353, 3108201.074 214840.243)	59	315	0	377	false	449	None
LINESTRING (3108201.074 214840.243, 3108223.831 214853.972)	59	315	0	378	false	449	None
LINESTRING (3108223.831 214853.972, 3108285.982 214876.639)	59	315	0	379	false	449	None
LINESTRING (3108285.982 214876.639, 3108428.403 214929.405)	59	315	0	380	false	449	None
LINESTRING (3108428.403 214929.405, 3108452.643 214939.78)	59	315	0	381	false	449	None
LINESTRING (3108452.643 214939.78, 3108484.991 214951.246)	59	315	0	382	false	449	None
LINESTRING (3108484.991 214951.246, 3108503.809 214957.876)	59	315	0	383	false	449	None
LINESTRING (3108503.809 214957.876, 3108608.501 214998.897)	59	315	0	384	false	449	None
LINESTRING (3108608.501 214998.897, 3108728.327 215044.66)	59	315	0	385	false	449	None
LINESTRING (3108728.327 215044.66, 3108759.957 215056.208)	59	315	0	386	false	449	None
LINESTRING (3108759.957 215056.208, 3108807.104 215074.309)	59	315	0	387	false	449	None
LINESTRING (3108807.104 215074.309, 3108864.436 215095.487)	59	315	0	388	false	449	None
LINESTRING (3108864.436 215095.487, 3108874.588 215098.909)	59	315	0	389	false	449	None
LINESTRING (3108874.588 215098.909, 3109044.394 215164.58)	59	315	0	390	false	449	None
LINESTRING (3109044.394 215164.58, 3109189.305 215220.814)	59	315	0	391	false	449	None
LINESTRING (3109189.305 215220.814, 3109236.495 215235.485)	59	315	0	392	false	449	None
LINESTRING (3109236.495 215235.485, 3109337.652 215273.972)	59	315	0	393	false	449	None
LINESTRING (3109337.652 215273.972, 3109456.978 215318.485)	59	315	0	394	false	449	None
LINESTRING (3109456.978 215318.485, 3109673.167 215402.457)	59	315	0	395	false	449	None
LINESTRING (3109673.167 215402.457, 3109778.655 215441.662)	59	315	0	396	false	449	None
LINESTRING (3109778.655 215441.662, 3109862.626 215472.841)	59	315	0	397	false	449	None
LINESTRING (3109862.626 215472.841, 3110067.535 215548.927)	59	315	0	398	false	449	None
LINESTRING (3110067.535 215548.927, 3110072.092 215567.682)	59	315	0	399	false	449	None
LINESTRING (3110072.092 215567.682, 3110119.904 215762.398)	59	315	0	400	false	449	None
LINESTRING (3110119.904 215762.398, 3110135.379 215902.241)	59	315	0	401	false	449	None
LINESTRING (3110135.379 215902.241, 3110134.983 215977.006)	59	315	0	402	false	449	None
LINESTRING (3110134.983 215977.006, 3110134.521 216031.53)	59	315	0	403	false	449	None
LINESTRING (3110134.521 216031.53, 3110134.178 216083.959)	59	315	0	404	false	449	None
LINESTRING (3110134.178 216083.959, 3110274.662 216113.427)	59	315	0	405	false	449	None
LINESTRING (3110274.662 216113.427, 3110304.674 216117.703)	59	315	0	406	false	449	None
LINESTRING (3110304.674 216117.703, 3110366.217 216108.523)	59	315	0	407	false	449	None
LINESTRING (3110366.217 216108.523, 3110425.329 216096.746)	59	315	0	408	false	449	None
LINESTRING (3110425.329 216096.746, 3110459.413 216075.116)	59	315	0	409	false	449	None
LINESTRING (3110459.413 216075.116, 3110485.343 216060.937)	59	315	0	410	false	449	None
LINESTRING (3110485.343 216060.937, 3110497.483 216053.828)	59	315	0	411	false	449	None
LINESTRING (3110497.483 216053.828, 3110539.548 216031.578)	59	315	0	412	false	449	None
LINESTRING (3110539.548 216031.578, 3110563.772 216020.311)	59	315	0	413	false	449	None
LINESTRING (3110563.772 216020.311, 3110581.252 216015.372)	59	315	0	414	false	449	None
LINESTRING (3110581.252 216015.372, 3110589.494 216015.09)	59	315	0	415	false	449	None
LINESTRING (3110589.494 216015.09, 3110601.318 216015.946)	59	315	0	416	false	449	None
LINESTRING (3110601.318 216015.946, 3110610.37 216017.64)	59	315	0	417	false	449	None
LINESTRING (3110610.37 216017.64, 3110667.712 216051.8)	59	315	0	418	false	449	None
LINESTRING (3110667.712 216051.8, 3110692.925 216069.335)	59	315	0	419	false	449	None
LINESTRING (3110692.925 216069.335, 3110719.352 216093.402)	59	315	0	420	false	449	None
LINESTRING (3110719.352 216093.402, 3110741.543 216113.701)	59	315	0	421	false	449	None
LINESTRING (3110741.543 216113.701, 3110793.325 216154.169)	59	315	0	422	false	449	None
LINESTRING (3110793.325 216154.169, 3110834.331 216196.919)	59	315	0	423	false	449	None
LINESTRING (3110834.331 216196.919, 3110843.277 216208.324)	59	315	0	424	false	449	None
LINESTRING (3110843.277 216208.324, 3110851.684 216223.684)	59	315	0	425	false	449	None
LINESTRING (3110851.684 216223.684, 3110857.554 216242.588)	59	315	0	426	false	449	None
LINESTRING (3110857.554 216242.588, 3110864.864 216263.354)	59	315	0	427	false	449	None
LINESTRING (3110864.864 216263.354, 3110871.352 216276.311)	59	315	0	428	false	449	None
LINESTRING (3110871.352 216276.311, 3110874.189 216283.466)	59	315	0	429	false	449	None
LINESTRING (3110874.189 216283.466, 3110895.112 216312.674)	59	315	0	430	false	449	None
LINESTRING (3110895.112 216312.674, 3110937.476 216369.741)	59	315	0	431	false	449	None
LINESTRING (3110937.476 216369.741, 3110998.837 216456.942)	59	315	0	432	false	449	None
LINESTRING (3110998.837 216456.942, 3111015.989 216496.474)	59	315	0	433	false	449	None
LINESTRING (3111015.989 216496.474, 3111031.469 216547.494)	59	315	0	434	false	449	None
LINESTRING (3111031.469 216547.494, 3111036.018 216571.361)	59	315	0	435	false	449	None
LINESTRING (3111036.018 216571.361, 3111038.744 216589.771)	59	315	0	436	false	449	None
LINESTRING (3111038.744 216589.771, 3111041.087 216601.018)	59	315	0	437	false	449	None
LINESTRING (3111041.087 216601.018, 3111041.626 216614.663)	59	315	0	438	false	449	None
LINESTRING (3111041.626 216614.663, 3111044.578 216647.787)	59	315	0	439	false	449	None
LINESTRING (3111044.578 216647.787, 3111047.081 216663.971)	59	315	0	440	false	449	None
LINESTRING (3111047.081 216663.971, 3111050.466 216676.332)	59	315	0	441	false	449	None
LINESTRING (3111050.466 216676.332, 3111059.453 216696.553)	59	315	0	442	false	449	None
LINESTRING (3111059.453 216696.553, 3111098.226 216773.412)	59	315	0	443	false	449	None
LINESTRING (3111098.226 216773.412, 3111116.312 216800.816)	59	315	0	444	false	449	None
LINESTRING (3111116.312 216800.816, 3111125.183 216810.885)	59	315	0	445	false	449	None
LINESTRING (3111125.183 216810.885, 3111134.224 216819.235)	59	315	0	446	false	449	None
LINESTRING (3111134.224 216819.235, 3111159.456 216832.38)	59	315	0	447	false	449	None
LINESTRING (3111159.456 216832.38, 3111193.237 216845.719)	59	315	0	448	false	449	None
LINESTRING (3111193.237 216845.719, 3111248.086 216866.203)	59	315	0	449	false	449	None
LINESTRING (3108138.887 210744.35, 3108128.14 210776.965)	59	319	0	0	false	573	None
LINESTRING (3108128.14 210776.965, 3108092.566 210880.427)	59	319	0	1	false	573	None
LINESTRING (3108092.566 210880.427, 3108083.785 210903.572)	59	319	0	2	false	573	None
LINESTRING (3108083.785 210903.572, 3108074.859 210924.283)	59	319	0	3	false	573	None
LINESTRING (3108074.859 210924.283, 3108064.618 210944.846)	59	319	0	4	false	573	None
LINESTRING (3108064.618 210944.846, 3108050.289 210966.1)	59	319	0	5	false	573	None
LINESTRING (3108050.289 210966.1, 3108048.895 210967.943)	59	319	0	6	false	573	None
LINESTRING (3108048.895 210967.943, 3108018.816 211007.765)	59	319	0	7	false	573	None
LINESTRING (3108018.816 211007.765, 3107994.144 211033.493)	59	319	0	8	false	573	None
LINESTRING (3107994.144 211033.493, 3107968.369 211055.706)	59	319	0	9	false	573	None
LINESTRING (3107968.369 211055.706, 3107944.618 211074.178)	59	319	0	10	false	573	None
LINESTRING (3107944.618 211074.178, 3107938.785 211077.884)	59	319	0	11	false	573	None
LINESTRING (3107938.785 211077.884, 3107914.41 211093.382)	59	319	0	12	false	573	None
LINESTRING (3107914.41 211093.382, 3107891.364 211104.397)	59	319	0	13	false	573	None
LINESTRING (3107891.364 211104.397, 3107868.067 211115.552)	59	319	0	14	false	573	None
LINESTRING (3107868.067 211115.552, 3107854.35 211122.179)	59	319	0	15	false	573	None
LINESTRING (3107854.35 211122.179, 3107766.35 211166.059)	59	319	0	16	false	573	None
LINESTRING (3107766.35 211166.059, 3107725.831 211185.826)	59	319	0	17	false	573	None
LINESTRING (3107725.831 211185.826, 3107708.397 211194.476)	59	319	0	18	false	573	None
LINESTRING (3107708.397 211194.476, 3107679.169 211207.042)	59	319	0	19	false	573	None
LINESTRING (3107679.169 211207.042, 3107646.776 211221.724)	59	319	0	20	false	573	None
LINESTRING (3107646.776 211221.724, 3107593.993 211248.677)	59	319	0	21	false	573	None
LINESTRING (3107593.993 211248.677, 3107583.915 211250.162)	59	319	0	22	false	573	None
LINESTRING (3107583.915 211250.162, 3107583.464 211204.572)	59	319	0	23	false	573	None
LINESTRING (3107583.464 211204.572, 3107581.499 211114.888)	59	319	0	24	false	573	None
LINESTRING (3107581.499 211114.888, 3107560.909 211105.444)	59	319	0	25	false	573	None
LINESTRING (3107560.909 211105.444, 3107552.584 211100.824)	59	319	0	26	false	573	None
LINESTRING (3107552.584 211100.824, 3107544.407 211095.31)	59	319	0	27	false	573	None
LINESTRING (3107544.407 211095.31, 3107534.805 211083.542)	59	319	0	28	false	573	None
LINESTRING (3107534.805 211083.542, 3107480.439 210997.062)	59	319	0	29	false	573	None
LINESTRING (3107480.439 210997.062, 3107460.098 210948.124)	59	319	0	30	false	573	None
LINESTRING (3107460.098 210948.124, 3107429.323 210850.482)	59	319	0	31	false	573	None
LINESTRING (3107429.323 210850.482, 3107418.722 210805.28)	59	319	0	32	false	573	None
LINESTRING (3107418.722 210805.28, 3107410.736 210771.663)	59	319	0	33	false	573	None
LINESTRING (3107410.736 210771.663, 3107408.285 210747.896)	59	319	0	34	false	573	None
LINESTRING (3107408.285 210747.896, 3107391.566 210701.775)	59	319	0	35	false	573	None
LINESTRING (3107391.566 210701.775, 3107386.086 210658.3)	59	319	0	36	false	573	None
LINESTRING (3107386.086 210658.3, 3107378.697 210587.343)	59	319	0	37	false	573	None
LINESTRING (3107378.697 210587.343, 3107371.229 210543.937)	59	319	0	38	false	573	None
LINESTRING (3107371.229 210543.937, 3107368.407 210510.399)	59	319	0	39	false	573	None
LINESTRING (3107368.407 210510.399, 3107337.806 210575.108)	59	319	0	40	false	573	None
LINESTRING (3107337.806 210575.108, 3107258.32 210721.529)	59	319	0	41	false	573	None
LINESTRING (3107258.32 210721.529, 3107244.39 210751.972)	59	319	0	42	false	573	None
LINESTRING (3107244.39 210751.972, 3107223.91 210796.428)	59	319	0	43	false	573	None
LINESTRING (3107223.91 210796.428, 3107190.602 210859.505)	59	319	0	44	false	573	None
LINESTRING (3107190.602 210859.505, 3107171.968 210894.802)	59	319	0	45	false	573	None
LINESTRING (3107171.968 210894.802, 3107153.96 210934.857)	59	319	0	46	false	573	None
LINESTRING (3107153.96 210934.857, 3107132.955 210983.748)	59	319	0	47	false	573	None
LINESTRING (3107132.955 210983.748, 3107090.869 211090.42)	59	319	0	48	false	573	None
LINESTRING (3107090.869 211090.42, 3107000.23 211333.145)	59	319	0	49	false	573	None
LINESTRING (3107000.23 211333.145, 3106964.385 211418.432)	59	319	0	50	false	573	None
LINESTRING (3106964.385 211418.432, 3106953.492 211439.934)	59	319	0	51	false	573	None
LINESTRING (3106953.492 211439.934, 3106940.622 211460.203)	59	319	0	52	false	573	None
LINESTRING (3106940.622 211460.203, 3106932.267 211469.72)	59	319	0	53	false	573	None
LINESTRING (3106932.267 211469.72, 3106828.508 211587.693)	59	319	0	54	false	573	None
LINESTRING (3106828.508 211587.693, 3106791.135 211628.406)	59	319	0	55	false	573	None
LINESTRING (3106791.135 211628.406, 3106751.579 211671.491)	59	319	0	56	false	573	None
LINESTRING (3106751.579 211671.491, 3106719.234 211711.874)	59	319	0	57	false	573	None
LINESTRING (3106719.234 211711.874, 3106704.606 211727.783)	59	319	0	58	false	573	None
LINESTRING (3106704.606 211727.783, 3106644.401 211731.682)	59	319	0	59	false	573	None
LINESTRING (3106644.401 211731.682, 3106476.589 211754.474)	59	319	0	60	false	573	None
LINESTRING (3106476.589 211754.474, 3106410.062 211761.063)	59	319	0	61	false	573	None
LINESTRING (3106410.062 211761.063, 3106365.036 211767.813)	59	319	0	62	false	573	None
LINESTRING (3106365.036 211767.813, 3106330.709 211774.266)	59	319	0	63	false	573	None
LINESTRING (3106330.709 211774.266, 3106255.946 211783.167)	59	319	0	64	false	573	None
LINESTRING (3106255.946 211783.167, 3106253.807 211785.675)	59	319	0	65	false	573	None
LINESTRING (3106253.807 211785.675, 3106176.559 211801.827)	59	319	0	66	false	573	None
LINESTRING (3106176.559 211801.827, 3106054.492 211846.684)	59	319	0	67	false	573	None
LINESTRING (3106054.492 211846.684, 3106025.586 211853.315)	59	319	0	68	false	573	None
LINESTRING (3106025.586 211853.315, 3105991.898 211865.007)	59	319	0	69	false	573	None
LINESTRING (3105991.898 211865.007, 3105939.759 211885.2)	59	319	0	70	false	573	None
LINESTRING (3105939.759 211885.2, 3105847.412 211920.293)	59	319	0	71	false	573	None
LINESTRING (3105847.412 211920.293, 3105772.574 211946.525)	59	319	0	72	false	573	None
LINESTRING (3105772.574 211946.525, 3105786.603 211891.272)	59	319	0	73	false	573	None
LINESTRING (3105786.603 211891.272, 3105907.326 211817.959)	59	319	0	74	false	573	None
LINESTRING (3105907.326 211817.959, 3105925.346 211792.174)	59	319	0	75	false	573	None
LINESTRING (3105925.346 211792.174, 3105920.053 211749.486)	59	319	0	76	false	573	None
LINESTRING (3105920.053 211749.486, 3105942.136 211670.929)	59	319	0	77	false	573	None
LINESTRING (3105942.136 211670.929, 3105942.456 211627.659)	59	319	0	78	false	573	None
LINESTRING (3105942.456 211627.659, 3105977.65 211508.001)	59	319	0	79	false	573	None
LINESTRING (3105977.65 211508.001, 3105965.918 211446.319)	59	319	0	80	false	573	None
LINESTRING (3105965.918 211446.319, 3105933.349 211368.684)	59	319	0	81	false	573	None
LINESTRING (3105933.349 211368.684, 3105932.529 211349.348)	59	319	0	82	false	573	None
LINESTRING (3105932.529 211349.348, 3105901.382 211310.183)	59	319	0	83	false	573	None
LINESTRING (3105901.382 211310.183, 3105877.703 211173.305)	59	319	0	84	false	573	None
LINESTRING (3105877.703 211173.305, 3105839.642 211109.734)	59	319	0	85	false	573	None
LINESTRING (3105839.642 211109.734, 3105845.784 211079.395)	59	319	0	86	false	573	None
LINESTRING (3105845.784 211079.395, 3105860.713 211068.832)	59	319	0	87	false	573	None
LINESTRING (3105860.713 211068.832, 3105890.753 210990.472)	59	319	0	88	false	573	None
LINESTRING (3105890.753 210990.472, 3105887.934 210962.287)	59	319	0	89	false	573	None
LINESTRING (3105887.934 210962.287, 3105837.907 210894.129)	59	319	0	90	false	573	None
LINESTRING (3105837.907 210894.129, 3105834.214 210868.223)	59	319	0	91	false	573	None
LINESTRING (3105834.214 210868.223, 3105865.919 210736.173)	59	319	0	92	false	573	None
LINESTRING (3105865.919 210736.173, 3105864.192 210683.916)	59	319	0	93	false	573	None
LINESTRING (3105864.192 210683.916, 3105890.319 210601.442)	59	319	0	94	false	573	None
LINESTRING (3105890.319 210601.442, 3105856.2 210392.565)	59	319	0	95	false	573	None
LINESTRING (3105856.2 210392.565, 3105861.645 210342.82)	59	319	0	96	false	573	None
LINESTRING (3105861.645 210342.82, 3105831.616 210094.618)	59	319	0	97	false	573	None
LINESTRING (3105831.616 210094.618, 3105808.382 210042.202)	59	319	0	98	false	573	None
LINESTRING (3105808.382 210042.202, 3105809.217 210004.481)	59	319	0	99	false	573	None
LINESTRING (3105809.217 210004.481, 3105787.331 209955.197)	59	319	0	100	false	573	None
LINESTRING (3105787.331 209955.197, 3105817.029 209827.848)	59	319	0	101	false	573	None
LINESTRING (3105817.029 209827.848, 3105811.203 209779.371)	59	319	0	102	false	573	None
LINESTRING (3105811.203 209779.371, 3105828.833 209726.214)	59	319	0	103	false	573	None
LINESTRING (3105828.833 209726.214, 3105844.677 209713.266)	59	319	0	104	false	573	None
LINESTRING (3105844.677 209713.266, 3105885.987 209633.877)	59	319	0	105	false	573	None
LINESTRING (3105885.987 209633.877, 3105888.476 209577.77)	59	319	0	106	false	573	None
LINESTRING (3105888.476 209577.77, 3105876.627 209493.341)	59	319	0	107	false	573	None
LINESTRING (3105876.627 209493.341, 3105866.741 209416.323)	59	319	0	108	false	573	None
LINESTRING (3105866.741 209416.323, 3105867.151 209348.244)	59	319	0	109	false	573	S:3105867.109698277 209355.102
LINESTRING (3108723.97 209012.444, 3108510.258 209695.284)	59	319	0	562	false	573	S:3108616.7265366763 209355.102
LINESTRING (3108510.258 209695.284, 3108492.795 209726.749)	59	319	0	563	false	573	None
LINESTRING (3108492.795 209726.749, 3108482.301 209745.669)	59	319	0	564	false	573	None
LINESTRING (3108482.301 209745.669, 3108458.846 209771.031)	59	319	0	565	false	573	None
LINESTRING (3108458.846 209771.031, 3108369.071 210042.618)	59	319	0	566	false	573	None
LINESTRING (3108369.071 210042.618, 3108357.696 210078.915)	59	319	0	567	false	573	None
LINESTRING (3108357.696 210078.915, 3108328.162 210173.279)	59	319	0	568	false	573	None
LINESTRING (3108328.162 210173.279, 3108268.133 210352.248)	59	319	0	569	false	573	None
LINESTRING (3108268.133 210352.248, 3108205.569 210543.442)	59	319	0	570	false	573	None
LINESTRING (3108205.569 210543.442, 3108201.701 210553.015)	59	319	0	571	false	573	None
LINESTRING (3108201.701 210553.015, 3108162.193 210673.633)	59	319	0	572	false	573	None
LINESTRING (3108162.193 210673.633, 3108138.887 210744.35)	59	319	0	573	false	573	None
LINESTRING (3104017.566 209338.166, 3104020.108 209358.396)	59	324	0	665	false	1221	S:3104019.694092536 209355.102
LINESTRING (3104020.108 209358.396, 3104019.866 209375.659)	59	324	0	666	false	1221	None
LINESTRING (3104019.866 209375.659, 3104020.303 209401.383)	59	324	0	667	false	1221	None
LINESTRING (3104020.303 209401.383, 3104018.608 209418.089)	59	324	0	668	false	1221	None
LINESTRING (3104018.608 209418.089, 3104019.228 209432.591)	59	324	0	669	false	1221	None
LINESTRING (3104019.228 209432.591, 3104025.679 209458.479)	59	324	0	670	false	1221	None
LINESTRING (3104025.679 209458.479, 3104037.589 209494.423)	59	324	0	671	false	1221	None
LINESTRING (3104037.589 209494.423, 3104054.39 209526.298)	59	324	0	672	false	1221	None
LINESTRING (3104054.39 209526.298, 3104064.883 209551.357)	59	324	0	673	false	1221	None
LINESTRING (3104064.883 209551.357, 3104063.906 209564.653)	59	324	0	674	false	1221	None
LINESTRING (3104063.906 209564.653, 3104054.8 209618.104)	59	324	0	675	false	1221	None
LINESTRING (3104054.8 209618.104, 3104052.153 209630.641)	59	324	0	676	false	1221	None
LINESTRING (3104052.153 209630.641, 3104050.935 209646.103)	59	324	0	677	false	1221	None
LINESTRING (3104050.935 209646.103, 3104052.331 209666.252)	59	324	0	678	false	1221	None
LINESTRING (3104052.331 209666.252, 3104054.87 209684.698)	59	324	0	679	false	1221	None
LINESTRING (3104054.87 209684.698, 3104063.624 209716.343)	59	324	0	680	false	1221	None
LINESTRING (3104063.624 209716.343, 3104073.168 209735.69)	59	324	0	681	false	1221	None
LINESTRING (3104073.168 209735.69, 3104085.957 209754.497)	59	324	0	682	false	1221	None
LINESTRING (3104085.957 209754.497, 3104098.647 209779.448)	59	324	0	683	false	1221	None
LINESTRING (3104098.647 209779.448, 3104105.494 209800.971)	59	324	0	684	false	1221	None
LINESTRING (3104105.494 209800.971, 3104110.691 209822.457)	59	324	0	685	false	1221	None
LINESTRING (3104110.691 209822.457, 3104112.666 209845.443)	59	324	0	686	false	1221	None
LINESTRING (3104112.666 209845.443, 3104112.304 209854.576)	59	324	0	687	false	1221	None
LINESTRING (3104112.304 209854.576, 3104115.848 209934.865)	59	324	0	688	false	1221	None
LINESTRING (3104115.848 209934.865, 3104114.997 209991.835)	59	324	0	689	false	1221	None
LINESTRING (3104114.997 209991.835, 3104115.23 210034.718)	59	324	0	690	false	1221	None
LINESTRING (3104115.23 210034.718, 3104118.581 210068.692)	59	324	0	691	false	1221	None
LINESTRING (3104118.581 210068.692, 3104124.193 210098.301)	59	324	0	692	false	1221	None
LINESTRING (3104124.193 210098.301, 3104132.12 210122.378)	59	324	0	693	false	1221	None
LINESTRING (3104132.12 210122.378, 3104140.783 210143.766)	59	324	0	694	false	1221	None
LINESTRING (3104140.783 210143.766, 3104152.761 210165.71)	59	324	0	695	false	1221	None
LINESTRING (3104152.761 210165.71, 3104165.375 210185.996)	59	324	0	696	false	1221	None
LINESTRING (3104165.375 210185.996, 3104177.128 210202.386)	59	324	0	697	false	1221	None
LINESTRING (3104177.128 210202.386, 3104200.234 210229.307)	59	324	0	698	false	1221	None
LINESTRING (3104200.234 210229.307, 3104207.871 210241.862)	59	324	0	699	false	1221	None
LINESTRING (3104207.871 210241.862, 3104213.573 210254.863)	59	324	0	700	false	1221	None
LINESTRING (3104213.573 210254.863, 3104218.633 210277.724)	59	324	0	701	false	1221	None
LINESTRING (3104218.633 210277.724, 3104220.469 210291.86)	59	324	0	702	false	1221	None
LINESTRING (3104220.469 210291.86, 3104219.523 210351.885)	59	324	0	703	false	1221	None
LINESTRING (3104219.523 210351.885, 3104216.166 210390.065)	59	324	0	704	false	1221	None
LINESTRING (3104216.166 210390.065, 3104217.286 210421.164)	59	324	0	705	false	1221	None
LINESTRING (3104217.286 210421.164, 3104218.523 210438.399)	59	324	0	706	false	1221	None
LINESTRING (3104218.523 210438.399, 3104220.264 210453.806)	59	324	0	707	false	1221	None
LINESTRING (3104220.264 210453.806, 3104220.006 210468.804)	59	324	0	708	false	1221	None
LINESTRING (3104220.006 210468.804, 3104213.62 210499.286)	59	324	0	709	false	1221	None
LINESTRING (3104213.62 210499.286, 3104202.705 210536.472)	59	324	0	710	false	1221	None
LINESTRING (3104202.705 210536.472, 3104199.556 210552.621)	59	324	0	711	false	1221	None
LINESTRING (3104199.556 210552.621, 3104198.884 210573.048)	59	324	0	712	false	1221	None
LINESTRING (3104198.884 210573.048, 3104199.671 210582.503)	59	324	0	713	false	1221	None
LINESTRING (3104199.671 210582.503, 3104201.094 210590.299)	59	324	0	714	false	1221	None
LINESTRING (3104201.094 210590.299, 3104210.493 210608.997)	59	324	0	715	false	1221	None
LINESTRING (3104210.493 210608.997, 3104236.387 210652.679)	59	324	0	716	false	1221	None
LINESTRING (3104236.387 210652.679, 3104246.054 210671.955)	59	324	0	717	false	1221	None
LINESTRING (3104246.054 210671.955, 3104254.517 210693.861)	59	324	0	718	false	1221	None
LINESTRING (3104254.517 210693.861, 3104258.378 210706.039)	59	324	0	719	false	1221	None
LINESTRING (3104258.378 210706.039, 3104260.797 210718.14)	59	324	0	720	false	1221	None
LINESTRING (3104260.797 210718.14, 3104260.229 210756.2)	59	324	0	721	false	1221	None
LINESTRING (3104260.229 210756.2, 3104266.295 210787.173)	59	324	0	722	false	1221	None
LINESTRING (3104266.295 210787.173, 3104278.009 210834.1)	59	324	0	723	false	1221	None
LINESTRING (3104278.009 210834.1, 3104279.911 210850.877)	59	324	0	724	false	1221	None
LINESTRING (3104279.911 210850.877, 3104278.547 210860.577)	59	324	0	725	false	1221	None
LINESTRING (3104278.547 210860.577, 3104275.861 210866.562)	59	324	0	726	false	1221	None
LINESTRING (3104275.861 210866.562, 3104270.445 210878.395)	59	324	0	727	false	1221	None
LINESTRING (3104270.445 210878.395, 3104265.48 210886.24)	59	324	0	728	false	1221	None
LINESTRING (3104265.48 210886.24, 3104258.312 210895.738)	59	324	0	729	false	1221	None
LINESTRING (3104258.312 210895.738, 3104248.66 210907.374)	59	324	0	730	false	1221	None
LINESTRING (3104248.66 210907.374, 3104231.366 210931.537)	59	324	0	731	false	1221	None
LINESTRING (3104231.366 210931.537, 3104214.834 210950.642)	59	324	0	732	false	1221	None
LINESTRING (3104214.834 210950.642, 3104204.281 210961.815)	59	324	0	733	false	1221	None
LINESTRING (3104204.281 210961.815, 3104193.632 210969.146)	59	324	0	734	false	1221	None
LINESTRING (3104193.632 210969.146, 3104180.749 210975.147)	59	324	0	735	false	1221	None
LINESTRING (3104180.749 210975.147, 3104156.254 210983.831)	59	324	0	736	false	1221	None
LINESTRING (3104156.254 210983.831, 3104132.276 210991.167)	59	324	0	737	false	1221	None
LINESTRING (3104132.276 210991.167, 3104111.588 210998.1)	59	324	0	738	false	1221	None
LINESTRING (3104111.588 210998.1, 3104091.324 211006.74)	59	324	0	739	false	1221	None
LINESTRING (3104091.324 211006.74, 3104068.308 211018.725)	59	324	0	740	false	1221	None
LINESTRING (3104068.308 211018.725, 3104050.278 211028.698)	59	324	0	741	false	1221	None
LINESTRING (3104050.278 211028.698, 3104030.977 211041.987)	59	324	0	742	false	1221	None
LINESTRING (3104030.977 211041.987, 3103999.259 211064.665)	59	324	0	743	false	1221	None
LINESTRING (3103999.259 211064.665, 3103987.829 211071.222)	59	324	0	744	false	1221	None
LINESTRING (3103987.829 211071.222, 3103966.78 211080.632)	59	324	0	745	false	1221	None
LINESTRING (3103966.78 211080.632, 3103945.445 211088.744)	59	324	0	746	false	1221	None
LINESTRING (3103945.445 211088.744, 3103920.033 211096.245)	59	324	0	747	false	1221	None
LINESTRING (3103920.033 211096.245, 3103911.354 211099.458)	59	324	0	748	false	1221	None
LINESTRING (3103911.354 211099.458, 3103905.722 211102.649)	59	324	0	749	false	1221	None
LINESTRING (3103905.722 211102.649, 3103890.241 211111.34)	59	324	0	750	false	1221	None
LINESTRING (3103890.241 211111.34, 3103881.744 211118.426)	59	324	0	751	false	1221	None
LINESTRING (3103881.744 211118.426, 3103861.37 211137.843)	59	324	0	752	false	1221	None
LINESTRING (3103861.37 211137.843, 3103855.363 211146.359)	59	324	0	753	false	1221	None
LINESTRING (3103855.363 211146.359, 3103852.515 211157.631)	59	324	0	754	false	1221	None
LINESTRING (3103852.515 211157.631, 3103852.184 211169.748)	59	324	0	755	false	1221	None
LINESTRING (3103852.184 211169.748, 3103857.148 211185.439)	59	324	0	756	false	1221	None
LINESTRING (3103857.148 211185.439, 3103869.954 211206.75)	59	324	0	757	false	1221	None
LINESTRING (3103869.954 211206.75, 3103879.716 211221.427)	59	324	0	758	false	1221	None
LINESTRING (3103879.716 211221.427, 3103904.101 211253.95)	59	324	0	759	false	1221	None
LINESTRING (3103904.101 211253.95, 3103939.404 211293.271)	59	324	0	760	false	1221	None
LINESTRING (3103939.404 211293.271, 3103947.48 211303.141)	59	324	0	761	false	1221	None
LINESTRING (3103947.48 211303.141, 3103954.716 211314.948)	59	324	0	762	false	1221	None
LINESTRING (3103954.716 211314.948, 3103957.424 211321.692)	59	324	0	763	false	1221	None
LINESTRING (3103957.424 211321.692, 3103957.537 211329.581)	59	324	0	764	false	1221	None
LINESTRING (3103957.537 211329.581, 3103945.918 211360.673)	59	324	0	765	false	1221	None
LINESTRING (3103945.918 211360.673, 3103943.101 211378.257)	59	324	0	766	false	1221	None
LINESTRING (3103943.101 211378.257, 3103944.566 211387.734)	59	324	0	767	false	1221	None
LINESTRING (3103944.566 211387.734, 3103947.968 211398.547)	59	324	0	768	false	1221	None
LINESTRING (3103947.968 211398.547, 3103950.622 211411.57)	59	324	0	769	false	1221	None
LINESTRING (3103950.622 211411.57, 3103951.635 211419.923)	59	324	0	770	false	1221	None
LINESTRING (3103951.635 211419.923, 3103950.128 211425.646)	59	324	0	771	false	1221	None
LINESTRING (3103950.128 211425.646, 3103947.285 211428.718)	59	324	0	772	false	1221	None
LINESTRING (3103947.285 211428.718, 3103937.822 211432.7)	59	324	0	773	false	1221	None
LINESTRING (3103937.822 211432.7, 3103935.17 211433.229)	59	324	0	774	false	1221	None
LINESTRING (3103935.17 211433.229, 3103918.972 211433.561)	59	324	0	775	false	1221	None
LINESTRING (3103918.972 211433.561, 3103897.64 211435.017)	59	324	0	776	false	1221	None
LINESTRING (3103897.64 211435.017, 3103877.335 211438.65)	59	324	0	777	false	1221	None
LINESTRING (3103877.335 211438.65, 3103851.582 211446.019)	59	324	0	778	false	1221	None
LINESTRING (3103851.582 211446.019, 3103817.801 211462.32)	59	324	0	779	false	1221	None
LINESTRING (3103817.801 211462.32, 3103811.337 211469.472)	59	324	0	780	false	1221	None
LINESTRING (3103811.337 211469.472, 3103809.11 211473.493)	59	324	0	781	false	1221	None
LINESTRING (3103809.11 211473.493, 3103807.722 211482.233)	59	324	0	782	false	1221	None
LINESTRING (3103807.722 211482.233, 3103808.784 211489.179)	59	324	0	783	false	1221	None
LINESTRING (3103808.784 211489.179, 3103812.319 211496.833)	59	324	0	784	false	1221	None
LINESTRING (3103812.319 211496.833, 3103816.554 211508.798)	59	324	0	785	false	1221	None
LINESTRING (3103816.554 211508.798, 3103818.196 211518.58)	59	324	0	786	false	1221	None
LINESTRING (3103818.196 211518.58, 3103817.317 211525.733)	59	324	0	787	false	1221	None
LINESTRING (3103817.317 211525.733, 3103815.374 211532.596)	59	324	0	788	false	1221	None
LINESTRING (3103815.374 211532.596, 3103809.759 211544.948)	59	324	0	789	false	1221	None
LINESTRING (3103809.759 211544.948, 3103807.469 211548.112)	59	324	0	790	false	1221	None
LINESTRING (3103807.469 211548.112, 3103803.088 211550.594)	59	324	0	791	false	1221	None
LINESTRING (3103803.088 211550.594, 3103798.477 211550.611)	59	324	0	792	false	1221	None
LINESTRING (3103798.477 211550.611, 3103786.869 211551.751)	59	324	0	793	false	1221	None
LINESTRING (3103786.869 211551.751, 3103784.94 211552.438)	59	324	0	794	false	1221	None
LINESTRING (3103784.94 211552.438, 3103783.798 211554.14)	59	324	0	795	false	1221	None
LINESTRING (3103783.798 211554.14, 3103783.473 211558.057)	59	324	0	796	false	1221	None
LINESTRING (3103783.473 211558.057, 3103784.082 211562.095)	59	324	0	797	false	1221	None
LINESTRING (3103784.082 211562.095, 3103787.961 211571.664)	59	324	0	798	false	1221	None
LINESTRING (3103787.961 211571.664, 3103795.824 211584.9)	59	324	0	799	false	1221	None
LINESTRING (3103795.824 211584.9, 3103808.769 211599.964)	59	324	0	800	false	1221	None
LINESTRING (3103808.769 211599.964, 3103816.601 211606.888)	59	324	0	801	false	1221	None
LINESTRING (3103816.601 211606.888, 3103824.822 211619.191)	59	324	0	802	false	1221	None
LINESTRING (3103824.822 211619.191, 3103830.495 211629.448)	59	324	0	803	false	1221	None
LINESTRING (3103830.495 211629.448, 3103835.349 211644.146)	59	324	0	804	false	1221	None
LINESTRING (3103835.349 211644.146, 3103842.38 211678.223)	59	324	0	805	false	1221	None
LINESTRING (3103842.38 211678.223, 3103845.689 211700.532)	59	324	0	806	false	1221	None
LINESTRING (3103845.689 211700.532, 3103851.847 211711.569)	59	324	0	807	false	1221	None
LINESTRING (3103851.847 211711.569, 3103864.184 211727.708)	59	324	0	808	false	1221	None
LINESTRING (3103864.184 211727.708, 3103882.456 211746.002)	59	324	0	809	false	1221	None
LINESTRING (3103882.456 211746.002, 3103915.844 211773.179)	59	324	0	810	false	1221	None
LINESTRING (3103915.844 211773.179, 3103988.945 211809.748)	59	324	0	811	false	1221	None
LINESTRING (3103988.945 211809.748, 3104036.006 211821.955)	59	324	0	812	false	1221	None
LINESTRING (3104036.006 211821.955, 3104072.526 211823.823)	59	324	0	813	false	1221	None
LINESTRING (3104072.526 211823.823, 3104082.364 211828.068)	59	324	0	814	false	1221	None
LINESTRING (3104082.364 211828.068, 3104092.491 211835.396)	59	324	0	815	false	1221	None
LINESTRING (3104092.491 211835.396, 3104099.465 211843.537)	59	324	0	816	false	1221	None
LINESTRING (3104099.465 211843.537, 3104100.418 211854.601)	59	324	0	817	false	1221	None
LINESTRING (3104100.418 211854.601, 3104098.042 211866.173)	59	324	0	818	false	1221	None
LINESTRING (3104098.042 211866.173, 3104092.687 211899.071)	59	324	0	819	false	1221	None
LINESTRING (3104092.687 211899.071, 3104098.262 211917.255)	59	324	0	820	false	1221	None
LINESTRING (3104098.262 211917.255, 3104118.636 211941.824)	59	324	0	821	false	1221	None
LINESTRING (3104118.636 211941.824, 3104151.07 211957.938)	59	324	0	822	false	1221	None
LINESTRING (3104151.07 211957.938, 3104186.969 211968.841)	59	324	0	823	false	1221	None
LINESTRING (3104186.969 211968.841, 3104205.022 211968.27)	59	324	0	824	false	1221	None
LINESTRING (3104205.022 211968.27, 3104220.152 211965.865)	59	324	0	825	false	1221	None
LINESTRING (3104220.152 211965.865, 3104242.504 211961.235)	59	324	0	826	false	1221	None
LINESTRING (3104242.504 211961.235, 3104259.397 211961.646)	59	324	0	827	false	1221	None
LINESTRING (3104259.397 211961.646, 3104272.499 211971.184)	59	324	0	828	false	1221	None
LINESTRING (3104272.499 211971.184, 3104292.716 211989.511)	59	324	0	829	false	1221	None
LINESTRING (3104292.716 211989.511, 3104306.772 212015.226)	59	324	0	830	false	1221	None
LINESTRING (3104306.772 212015.226, 3104312.865 212033.847)	59	324	0	831	false	1221	None
LINESTRING (3104312.865 212033.847, 3104316.929 212055.971)	59	324	0	832	false	1221	None
LINESTRING (3104316.929 212055.971, 3104317.762 212084.226)	59	324	0	833	false	1221	None
LINESTRING (3104317.762 212084.226, 3104327.731 212134.41)	59	324	0	834	false	1221	None
LINESTRING (3104327.731 212134.41, 3104330.666 212145.163)	59	324	0	835	false	1221	None
LINESTRING (3104330.666 212145.163, 3104336.223 212159.3)	59	324	0	836	false	1221	None
LINESTRING (3104336.223 212159.3, 3104345.761 212170.207)	59	324	0	837	false	1221	None
LINESTRING (3104345.761 212170.207, 3104352.969 212179.27)	59	324	0	838	false	1221	None
LINESTRING (3104352.969 212179.27, 3104381.393 212177.205)	59	324	0	839	false	1221	None
LINESTRING (3104381.393 212177.205, 3104401.912 212177.103)	59	324	0	840	false	1221	None
LINESTRING (3104401.912 212177.103, 3104449.227 212184.299)	59	324	0	841	false	1221	None
LINESTRING (3104449.227 212184.299, 3104491.242 212201.233)	59	324	0	842	false	1221	None
LINESTRING (3104491.242 212201.233, 3104543.334 212226.904)	59	324	0	843	false	1221	None
LINESTRING (3104543.334 212226.904, 3104591.754 212244.51)	59	324	0	844	false	1221	None
LINESTRING (3104591.754 212244.51, 3104660.374 212266.174)	59	324	0	845	false	1221	None
LINESTRING (3104660.374 212266.174, 3104714.775 212280.961)	59	324	0	846	false	1221	None
LINESTRING (3104714.775 212280.961, 3104759.616 212285.665)	59	324	0	847	false	1221	None
LINESTRING (3104759.616 212285.665, 3104823.975 212282.396)	59	324	0	848	false	1221	None
LINESTRING (3104823.975 212282.396, 3104877.528 212273.321)	59	324	0	849	false	1221	None
LINESTRING (3104877.528 212273.321, 3104918.839 212263.715)	59	324	0	850	false	1221	None
LINESTRING (3104918.839 212263.715, 3105097.223 212193.832)	59	324	0	851	false	1221	None
LINESTRING (3105097.223 212193.832, 3105772.574 211946.525)	59	324	0	852	false	1221	None
LINESTRING (3105772.574 211946.525, 3105847.412 211920.293)	59	324	0	853	false	1221	None
LINESTRING (3105847.412 211920.293, 3105939.759 211885.2)	59	324	0	854	false	1221	None
LINESTRING (3105939.759 211885.2, 3105991.898 211865.007)	59	324	0	855	false	1221	None
LINESTRING (3105991.898 211865.007, 3106025.586 211853.315)	59	324	0	856	false	1221	None
LINESTRING (3106025.586 211853.315, 3106054.492 211846.684)	59	324	0	857	false	1221	None
LINESTRING (3106054.492 211846.684, 3106176.559 211801.827)	59	324	0	858	false	1221	None
LINESTRING (3106176.559 211801.827, 3106253.807 211785.675)	59	324	0	859	false	1221	None
LINESTRING (3106253.807 211785.675, 3106255.946 211783.167)	59	324	0	860	false	1221	None
LINESTRING (3106255.946 211783.167, 3106330.709 211774.266)	59	324	0	861	false	1221	None
LINESTRING (3106330.709 211774.266, 3106365.036 211767.813)	59	324	0	862	false	1221	None
LINESTRING (3106365.036 211767.813, 3106410.062 211761.063)	59	324	0	863	false	1221	None
LINESTRING (3106410.062 211761.063, 3106476.589 211754.474)	59	324	0	864	false	1221	None
LINESTRING (3106476.589 211754.474, 3106644.401 211731.682)	59	324	0	865	false	1221	None
LINESTRING (3106644.401 211731.682, 3106704.606 211727.783)	59	324	0	866	false	1221	None
LINESTRING (3106704.606 211727.783, 3106864.326 211740.411)	59	324	0	867	false	1221	None
LINESTRING (3106864.326 211740.411, 3106869.398 211750.441)	59	324	0	868	false	1221	None
LINESTRING (3106869.398 211750.441, 3106893.766 211823.63)	59	324	0	869	false	1221	None
LINESTRING (3106893.766 211823.63, 3106934.678 211929.321)	59	324	0	870	false	1221	None
LINESTRING (3106934.678 211929.321, 3106941.681 211955.785)	59	324	0	871	false	1221	None
LINESTRING (3106941.681 211955.785, 3106936.885 212032.175)	59	324	0	872	false	1221	None
LINESTRING (3106936.885 212032.175, 3106922.483 212165.04)	59	324	0	873	false	1221	None
LINESTRING (3106922.483 212165.04, 3106912.875 212269.308)	59	324	0	874	false	1221	None
LINESTRING (3106912.875 212269.308, 3106912.056 212338.902)	59	324	0	875	false	1221	None
LINESTRING (3106912.056 212338.902, 3106912.942 212388.463)	59	324	0	876	false	1221	None
LINESTRING (3106912.942 212388.463, 3106912.196 212416.473)	59	324	0	877	false	1221	None
LINESTRING (3106912.196 212416.473, 3106901.334 212440.96)	59	324	0	878	false	1221	None
LINESTRING (3106901.334 212440.96, 3106870.534 212478.843)	59	324	0	879	false	1221	None
LINESTRING (3106870.534 212478.843, 3106838.945 212524.152)	59	324	0	880	false	1221	None
LINESTRING (3106838.945 212524.152, 3106802.612 212579.53)	59	324	0	881	false	1221	None
LINESTRING (3106802.612 212579.53, 3106722.523 212686.131)	59	324	0	882	false	1221	None
LINESTRING (3106722.523 212686.131, 3106693.158 212734.076)	59	324	0	883	false	1221	None
LINESTRING (3106693.158 212734.076, 3106678.988 212758.246)	59	324	0	884	false	1221	None
LINESTRING (3106678.988 212758.246, 3106668.953 212778.532)	59	324	0	885	false	1221	None
LINESTRING (3106668.953 212778.532, 3106559.09 212978.101)	59	324	0	886	false	1221	None
LINESTRING (3106559.09 212978.101, 3106513.801 213073.44)	59	324	0	887	false	1221	None
LINESTRING (3106513.801 213073.44, 3106499.104 213117.381)	59	324	0	888	false	1221	None
LINESTRING (3106499.104 213117.381, 3106484.659 213168.077)	59	324	0	889	false	1221	None
LINESTRING (3106484.659 213168.077, 3106455.234 213259.87)	59	324	0	890	false	1221	None
LINESTRING (3106455.234 213259.87, 3106407.7 213375.63)	59	324	0	891	false	1221	None
LINESTRING (3106407.7 213375.63, 3106383.164 213406.643)	59	324	0	892	false	1221	None
LINESTRING (3106383.164 213406.643, 3106357.296 213426.564)	59	324	0	893	false	1221	None
LINESTRING (3106357.296 213426.564, 3106330.203 213449.938)	59	324	0	894	false	1221	None
LINESTRING (3106330.203 213449.938, 3106299.296 213479.934)	59	324	0	895	false	1221	None
LINESTRING (3106299.296 213479.934, 3106282.333 213493.758)	59	324	0	896	false	1221	None
LINESTRING (3106282.333 213493.758, 3106269.419 213503.667)	59	324	0	897	false	1221	None
LINESTRING (3106269.419 213503.667, 3106231.397 213535.096)	59	324	0	898	false	1221	None
LINESTRING (3106231.397 213535.096, 3106186.748 213577.417)	59	324	0	899	false	1221	None
LINESTRING (3106186.748 213577.417, 3106163.084 213602.583)	59	324	0	900	false	1221	None
LINESTRING (3106163.084 213602.583, 3106150.759 213614.025)	59	324	0	901	false	1221	None
LINESTRING (3106150.759 213614.025, 3106132.718 213632.192)	59	324	0	902	false	1221	None
LINESTRING (3106132.718 213632.192, 3106110.342 213658.089)	59	324	0	903	false	1221	None
LINESTRING (3106110.342 213658.089, 3106080.956 213699.963)	59	324	0	904	false	1221	None
LINESTRING (3106080.956 213699.963, 3106038.179 213752.99)	59	324	0	905	false	1221	None
LINESTRING (3106038.179 213752.99, 3106014.421 213774.315)	59	324	0	906	false	1221	None
LINESTRING (3106014.421 213774.315, 3105985.622 213798.819)	59	324	0	907	false	1221	None
LINESTRING (3105985.622 213798.819, 3105961.08 213827.809)	59	324	0	908	false	1221	None
LINESTRING (3105961.08 213827.809, 3105923.724 213881.013)	59	324	0	909	false	1221	None
LINESTRING (3105923.724 213881.013, 3105912.719 213903.067)	59	324	0	910	false	1221	None
LINESTRING (3105912.719 213903.067, 3105902.911 213927.364)	59	324	0	911	false	1221	None
LINESTRING (3105902.911 213927.364, 3105896.977 213949.223)	59	324	0	912	false	1221	None
LINESTRING (3105896.977 213949.223, 3105891.245 213967.237)	59	324	0	913	false	1221	None
LINESTRING (3105891.245 213967.237, 3105884.265 213989.527)	59	324	0	914	false	1221	None
LINESTRING (3105884.265 213989.527, 3105865.906 214042.764)	59	324	0	915	false	1221	None
LINESTRING (3105865.906 214042.764, 3105821.275 214209.216)	59	324	0	916	false	1221	None
LINESTRING (3105821.275 214209.216, 3105812.422 214249.93)	59	324	0	917	false	1221	None
LINESTRING (3105812.422 214249.93, 3105804.369 214293.922)	59	324	0	918	false	1221	None
LINESTRING (3105804.369 214293.922, 3105801.721 214316.923)	59	324	0	919	false	1221	None
LINESTRING (3105801.721 214316.923, 3105796.769 214359.727)	59	324	0	920	false	1221	None
LINESTRING (3105796.769 214359.727, 3105784.877 214462.526)	59	324	0	921	false	1221	None
LINESTRING (3105784.877 214462.526, 3105781.071 214514.092)	59	324	0	922	false	1221	None
LINESTRING (3105781.071 214514.092, 3105780.062 214536.651)	59	324	0	923	false	1221	None
LINESTRING (3105780.062 214536.651, 3105775.953 214624.007)	59	324	0	924	false	1221	None
LINESTRING (3105775.953 214624.007, 3105775.215 214650.712)	59	324	0	925	false	1221	None
LINESTRING (3105775.215 214650.712, 3105764.161 214782.486)	59	324	0	926	false	1221	None
LINESTRING (3105764.161 214782.486, 3105763.08 214821.069)	59	324	0	927	false	1221	None
LINESTRING (3105763.08 214821.069, 3105763.142 214869.957)	59	324	0	928	false	1221	None
LINESTRING (3105763.142 214869.957, 3105767.008 214903.304)	59	324	0	929	false	1221	None
LINESTRING (3105767.008 214903.304, 3105775.658 214945.381)	59	324	0	930	false	1221	None
LINESTRING (3105775.658 214945.381, 3105785.804 215037.967)	59	324	0	931	false	1221	None
LINESTRING (3105785.804 215037.967, 3105798.845 215083.154)	59	324	0	932	false	1221	None
LINESTRING (3105798.845 215083.154, 3105741.921 215188.657)	59	324	0	933	false	1221	None
LINESTRING (3105741.921 215188.657, 3105660.159 215342.059)	59	324	0	934	false	1221	None
LINESTRING (3105660.159 215342.059, 3105074.039 216440.913)	59	324	0	935	false	1221	None
LINESTRING (3105074.039 216440.913, 3105015.56 216594.925)	59	324	0	936	false	1221	None
LINESTRING (3105015.56 216594.925, 3104305.112 218464.475)	59	324	0	937	false	1221	N:3104785.3027220713 217200.849
