LINESTRING (3138164.16 252827.154, 3137779.683 252672.581)	0	181	0	152	false	2954	E:3137981.717 252753.80562847454
LINESTRING (3137779.683 252672.581, 3137777.473 252671.721)	0	181	0	153	false	2954	None
LINESTRING (3137777.473 252671.721, 3137642.525 252617.519)	0	181	0	154	false	2954	None
LINESTRING (3137642.525 252617.519, 3137315.996 252486.602)	0	181	0	155	false	2954	None
LINESTRING (3137315.996 252486.602, 3137315.911 252486.569)	0	181	0	156	false	2954	None
LINESTRING (3137315.911 252486.569, 3137292.442 252477.196)	0	181	0	157	false	2954	None
LINESTRING (3137292.442 252477.196, 3137231.195 252451.45)	0	181	0	158	false	2954	None
LINESTRING (3137231.195 252451.45, 3137203.506 252439.839)	0	181	0	159	false	2954	None
LINESTRING (3137203.506 252439.839, 3137143.614 252418.911)	0	181	0	160	false	2954	None
LINESTRING (3137143.614 252418.911, 3137092.13 252400.78)	0	181	0	161	false	2954	None
LINESTRING (3137092.13 252400.78, 3137090.448 252394.287)	0	181	0	162	false	2954	None
LINESTRING (3137090.448 252394.287, 3137084.939 252374.987)	0	181	0	163	false	2954	None
LINESTRING (3137084.939 252374.987, 3137082.881 252368.705)	0	181	0	164	false	2954	None
LINESTRING (3137082.881 252368.705, 3137082.16 252350.434)	0	181	0	165	false	2954	None
LINESTRING (3137082.16 252350.434, 3137086.545 252329.861)	0	181	0	166	false	2954	None
LINESTRING (3137086.545 252329.861, 3137086.281 252313.436)	0	181	0	167	false	2954	None
LINESTRING (3137086.281 252313.436, 3137082.491 252288.966)	0	181	0	168	false	2954	None
LINESTRING (3137082.491 252288.966, 3137068.803 252272.32)	0	181	0	169	false	2954	None
LINESTRING (3137068.803 252272.32, 3137051.719 252263.646)	0	181	0	170	false	2954	None
LINESTRING (3137051.719 252263.646, 3137029.569 252254.906)	0	181	0	171	false	2954	None
LINESTRING (3137029.569 252254.906, 3137021.609 252253.476)	0	181	0	172	false	2954	None
LINESTRING (3137021.609 252253.476, 3137002.538 252253.679)	0	181	0	173	false	2954	None
LINESTRING (3137002.538 252253.679, 3136992.014 252252.8)	0	181	0	174	false	2954	None
LINESTRING (3136992.014 252252.8, 3136971.26 252235.192)	0	181	0	175	false	2954	None
LINESTRING (3136971.26 252235.192, 3136954.48 252222.466)	0	181	0	176	false	2954	None
LINESTRING (3136954.48 252222.466, 3136945.271 252208.398)	0	181	0	177	false	2954	None
LINESTRING (3136945.271 252208.398, 3136944.367 252196.132)	0	181	0	178	false	2954	None
LINESTRING (3136944.367 252196.132, 3136950.098 252184.423)	0	181	0	179	false	2954	None
LINESTRING (3136950.098 252184.423, 3136958.469 252167.189)	0	181	0	180	false	2954	None
LINESTRING (3136958.469 252167.189, 3136958.5 252155.287)	0	181	0	181	false	2954	None
LINESTRING (3136958.5 252155.287, 3136953.408 252142.463)	0	181	0	182	false	2954	None
LINESTRING (3136953.408 252142.463, 3136942.834 252129.889)	0	181	0	183	false	2954	None
LINESTRING (3136942.834 252129.889, 3136909.94 252110.773)	0	181	0	184	false	2954	None
LINESTRING (3136909.94 252110.773, 3136913.295 252100.641)	0	181	0	185	false	2954	None
LINESTRING (3136913.295 252100.641, 3136925.957 252066.848)	0	181	0	186	false	2954	None
LINESTRING (3136925.957 252066.848, 3136933.944 252056.136)	0	181	0	187	false	2954	None
LINESTRING (3136933.944 252056.136, 3136936.615 252050.027)	0	181	0	188	false	2954	None
LINESTRING (3136936.615 252050.027, 3136945.313 252041.26)	0	181	0	189	false	2954	None
LINESTRING (3136945.313 252041.26, 3136949.483 252034.066)	0	181	0	190	false	2954	None
LINESTRING (3136949.483 252034.066, 3136956.668 252005.29)	0	181	0	191	false	2954	None
LINESTRING (3136956.668 252005.29, 3136961.97 251993.176)	0	181	0	192	false	2954	None
LINESTRING (3136961.97 251993.176, 3136961.88 251986.111)	0	181	0	193	false	2954	None
LINESTRING (3136961.88 251986.111, 3136966.698 251957.129)	0	181	0	194	false	2954	None
LINESTRING (3136966.698 251957.129, 3136961.536 251913.54)	0	181	0	195	false	2954	None
LINESTRING (3136961.536 251913.54, 3136959.182 251832.8)	0	181	0	196	false	2954	None
LINESTRING (3136959.182 251832.8, 3136965.471 251794.502)	0	181	0	197	false	2954	None
LINESTRING (3136965.471 251794.502, 3136969.516 251787.379)	0	181	0	198	false	2954	None
LINESTRING (3136969.516 251787.379, 3136975.758 251782.659)	0	181	0	199	false	2954	None
LINESTRING (3136975.758 251782.659, 3136982.331 251782.12)	0	181	0	200	false	2954	None
LINESTRING (3136982.331 251782.12, 3136989.836 251788.495)	0	181	0	201	false	2954	None
LINESTRING (3136989.836 251788.495, 3136997.649 251791.059)	0	181	0	202	false	2954	None
LINESTRING (3136997.649 251791.059, 3137018.574 251806.47)	0	181	0	203	false	2954	None
LINESTRING (3137018.574 251806.47, 3137025.716 251809.25)	0	181	0	204	false	2954	None
LINESTRING (3137025.716 251809.25, 3137035.448 251801.6)	0	181	0	205	false	2954	None
LINESTRING (3137035.448 251801.6, 3137037.717 251796.525)	0	181	0	206	false	2954	None
LINESTRING (3137037.717 251796.525, 3137034.866 251788.506)	0	181	0	207	false	2954	None
LINESTRING (3137034.866 251788.506, 3137033.698 251782.451)	0	181	0	208	false	2954	None
LINESTRING (3137033.698 251782.451, 3137028.438 251763.01)	0	181	0	209	false	2954	None
LINESTRING (3137028.438 251763.01, 3137028.8 251750.761)	0	181	0	210	false	2954	None
LINESTRING (3137028.8 251750.761, 3137034.415 251741.866)	0	181	0	211	false	2954	None
LINESTRING (3137034.415 251741.866, 3137036.136 251707.508)	0	181	0	212	false	2954	None
LINESTRING (3137036.136 251707.508, 3137036.945 251698.888)	0	181	0	213	false	2954	None
LINESTRING (3137036.945 251698.888, 3137040.028 251689.96)	0	181	0	214	false	2954	None
LINESTRING (3137040.028 251689.96, 3137040.117 251676.651)	0	181	0	215	false	2954	None
LINESTRING (3137040.117 251676.651, 3137041.633 251665.208)	0	181	0	216	false	2954	None
LINESTRING (3137041.633 251665.208, 3137047.391 251659.467)	0	181	0	217	false	2954	None
LINESTRING (3137047.391 251659.467, 3137057.996 251646.557)	0	181	0	218	false	2954	None
LINESTRING (3137057.996 251646.557, 3137086.684 251571.583)	0	181	0	219	false	2954	None
LINESTRING (3137086.684 251571.583, 3137098.004 251556.33)	0	181	0	220	false	2954	None
LINESTRING (3137098.004 251556.33, 3137098.223 251547.718)	0	181	0	221	false	2954	None
LINESTRING (3137098.223 251547.718, 3137109.157 251516.35)	0	181	0	222	false	2954	None
LINESTRING (3137109.157 251516.35, 3137120.056 251492.117)	0	181	0	223	false	2954	None
LINESTRING (3137120.056 251492.117, 3137122.462 251474.11)	0	181	0	224	false	2954	None
LINESTRING (3137122.462 251474.11, 3137122.399 251466.223)	0	181	0	225	false	2954	None
LINESTRING (3137122.399 251466.223, 3137118.952 251455.708)	0	181	0	226	false	2954	None
LINESTRING (3137118.952 251455.708, 3137116.097 251447.448)	0	181	0	227	false	2954	None
LINESTRING (3137116.097 251447.448, 3137114.454 251440.852)	0	181	0	228	false	2954	None
LINESTRING (3137114.454 251440.852, 3137117.68 251432.814)	0	181	0	229	false	2954	None
LINESTRING (3137117.68 251432.814, 3137117.311 251417.659)	0	181	0	230	false	2954	None
LINESTRING (3137117.311 251417.659, 3137135.96 251374.52)	0	181	0	231	false	2954	None
LINESTRING (3137135.96 251374.52, 3137144.205 251352.829)	0	181	0	232	false	2954	None
LINESTRING (3137144.205 251352.829, 3137153.404 251336.989)	0	181	0	233	false	2954	None
LINESTRING (3137153.404 251336.989, 3137170.215 251265.614)	0	181	0	234	false	2954	None
LINESTRING (3137170.215 251265.614, 3137168.308 251253.911)	0	181	0	235	false	2954	None
LINESTRING (3137168.308 251253.911, 3137159.266 251185.819)	0	181	0	236	false	2954	None
LINESTRING (3137159.266 251185.819, 3137165.7 251166.52)	0	181	0	237	false	2954	None
LINESTRING (3137165.7 251166.52, 3137168.657 251159.927)	0	181	0	238	false	2954	None
LINESTRING (3137168.657 251159.927, 3137177.588 251147.795)	0	181	0	239	false	2954	None
LINESTRING (3137177.588 251147.795, 3137182.41 251123.58)	0	181	0	240	false	2954	None
LINESTRING (3137182.41 251123.58, 3137180.029 251075.355)	0	181	0	241	false	2954	None
LINESTRING (3137180.029 251075.355, 3137178.873 251063.23)	0	181	0	242	false	2954	None
LINESTRING (3137178.873 251063.23, 3137180.828 251059.463)	0	181	0	243	false	2954	None
LINESTRING (3137180.828 251059.463, 3137182.451 251046.99)	0	181	0	244	false	2954	None
LINESTRING (3137182.451 251046.99, 3137190.805 251040.114)	0	181	0	245	false	2954	None
LINESTRING (3137190.805 251040.114, 3137195.817 251030.507)	0	181	0	246	false	2954	None
LINESTRING (3137195.817 251030.507, 3137233.462 250992.14)	0	181	0	247	false	2954	None
LINESTRING (3137233.462 250992.14, 3137262.853 250972.721)	0	181	0	248	false	2954	None
LINESTRING (3137262.853 250972.721, 3137270.786 250965.92)	0	181	0	249	false	2954	None
LINESTRING (3137270.786 250965.92, 3137283.951 250954.483)	0	181	0	250	false	2954	None
LINESTRING (3137283.951 250954.483, 3137286.671 250946.487)	0	181	0	251	false	2954	None
LINESTRING (3137286.671 250946.487, 3137292.945 250941.184)	0	181	0	252	false	2954	None
LINESTRING (3137292.945 250941.184, 3137294.502 250936.429)	0	181	0	253	false	2954	None
LINESTRING (3137294.502 250936.429, 3137295.686 250918.542)	0	181	0	254	false	2954	None
LINESTRING (3137295.686 250918.542, 3137299.945 250902.567)	0	181	0	255	false	2954	None
LINESTRING (3137299.945 250902.567, 3137300.879 250896.139)	0	181	0	256	false	2954	None
LINESTRING (3137300.879 250896.139, 3137311.401 250860.799)	0	181	0	257	false	2954	None
LINESTRING (3137311.401 250860.799, 3137311.323 250840.872)	0	181	0	258	false	2954	None
LINESTRING (3137311.323 250840.872, 3137314.325 250836.68)	0	181	0	259	false	2954	None
LINESTRING (3137314.325 250836.68, 3137318.008 250832.751)	0	181	0	260	false	2954	None
LINESTRING (3137318.008 250832.751, 3137333.486 250818.64)	0	181	0	261	false	2954	None
LINESTRING (3137333.486 250818.64, 3137344.673 250805.242)	0	181	0	262	false	2954	None
LINESTRING (3137344.673 250805.242, 3137352.49 250794.464)	0	181	0	263	false	2954	None
LINESTRING (3137352.49 250794.464, 3137392.737 250759.731)	0	181	0	264	false	2954	None
LINESTRING (3137392.737 250759.731, 3137399.547 250753.803)	0	181	0	265	false	2954	None
LINESTRING (3137399.547 250753.803, 3137404.232 250742.521)	0	181	0	266	false	2954	None
LINESTRING (3137404.232 250742.521, 3137425.509 250720.302)	0	181	0	267	false	2954	None
LINESTRING (3137425.509 250720.302, 3137440.378 250693.92)	0	181	0	268	false	2954	None
LINESTRING (3137440.378 250693.92, 3137441.674 250677.507)	0	181	0	269	false	2954	None
LINESTRING (3137441.674 250677.507, 3137447.633 250664.457)	0	181	0	270	false	2954	None
LINESTRING (3137447.633 250664.457, 3137448.437 250648.805)	0	181	0	271	false	2954	None
LINESTRING (3137448.437 250648.805, 3137447.04 250644.092)	0	181	0	272	false	2954	None
LINESTRING (3137447.04 250644.092, 3137442.668 250570.788)	0	181	0	273	false	2954	None
LINESTRING (3137442.668 250570.788, 3137440.344 250559.399)	0	181	0	274	false	2954	None
LINESTRING (3137440.344 250559.399, 3137446.31 250526.456)	0	181	0	275	false	2954	None
LINESTRING (3137446.31 250526.456, 3137447.388 250516.391)	0	181	0	276	false	2954	None
LINESTRING (3137447.388 250516.391, 3137452.327 250500.681)	0	181	0	277	false	2954	None
LINESTRING (3137452.327 250500.681, 3137449.81 250488.026)	0	181	0	278	false	2954	None
LINESTRING (3137449.81 250488.026, 3137441.967 250474.966)	0	181	0	279	false	2954	None
LINESTRING (3137441.967 250474.966, 3137437.293 250462.067)	0	181	0	280	false	2954	None
LINESTRING (3137437.293 250462.067, 3137433.702 250448.398)	0	181	0	281	false	2954	None
LINESTRING (3137433.702 250448.398, 3137433.248 250435.474)	0	181	0	282	false	2954	None
LINESTRING (3137433.248 250435.474, 3137436.142 250418.729)	0	181	0	283	false	2954	None
LINESTRING (3137436.142 250418.729, 3137432.733 250396.792)	0	181	0	284	false	2954	None
LINESTRING (3137432.733 250396.792, 3137436.333 250379.488)	0	181	0	285	false	2954	None
LINESTRING (3137436.333 250379.488, 3137430.366 250367.397)	0	181	0	286	false	2954	None
LINESTRING (3137430.366 250367.397, 3137426.993 250347.38)	0	181	0	287	false	2954	None
LINESTRING (3137426.993 250347.38, 3137424.097 250341.487)	0	181	0	288	false	2954	None
LINESTRING (3137424.097 250341.487, 3137413.109 250307.069)	0	181	0	289	false	2954	None
LINESTRING (3137413.109 250307.069, 3137412.975 250306.659)	0	181	0	290	false	2954	None
LINESTRING (3137412.975 250306.659, 3137371.832 250217.38)	0	181	0	291	false	2954	None
LINESTRING (3137371.832 250217.38, 3137369.931 250194.838)	0	181	0	292	false	2954	None
LINESTRING (3137369.931 250194.838, 3137370.628 250187.007)	0	181	0	293	false	2954	None
LINESTRING (3137370.628 250187.007, 3137374.125 250170.974)	0	181	0	294	false	2954	None
LINESTRING (3137374.125 250170.974, 3137402.252 250131.405)	0	181	0	295	false	2954	None
LINESTRING (3137402.252 250131.405, 3137405.888 250118.285)	0	181	0	296	false	2954	None
LINESTRING (3137405.888 250118.285, 3137401.648 250106.032)	0	181	0	297	false	2954	None
LINESTRING (3137401.648 250106.032, 3137392.645 250091.926)	0	181	0	298	false	2954	None
LINESTRING (3137392.645 250091.926, 3137369.026 250054.738)	0	181	0	299	false	2954	None
LINESTRING (3137369.026 250054.738, 3137366.376 250050.728)	0	181	0	300	false	2954	None
LINESTRING (3137366.376 250050.728, 3137363.098 250038.015)	0	181	0	301	false	2954	None
LINESTRING (3137363.098 250038.015, 3137363.437 250033.62)	0	181	0	302	false	2954	None
LINESTRING (3137363.437 250033.62, 3137377.7 249979.602)	0	181	0	303	false	2954	None
LINESTRING (3137377.7 249979.602, 3137393.263 249960.996)	0	181	0	304	false	2954	None
LINESTRING (3137393.263 249960.996, 3137400.484 249943.195)	0	181	0	305	false	2954	None
LINESTRING (3137400.484 249943.195, 3137403.357 249916.435)	0	181	0	306	false	2954	None
LINESTRING (3137403.357 249916.435, 3137404.282 249907.264)	0	181	0	307	false	2954	None
LINESTRING (3137404.282 249907.264, 3137403.395 249905.013)	0	181	0	308	false	2954	None
LINESTRING (3137403.395 249905.013, 3137400.261 249897.717)	0	181	0	309	false	2954	None
LINESTRING (3137400.261 249897.717, 3137392.972 249884.993)	0	181	0	310	false	2954	None
LINESTRING (3137392.972 249884.993, 3137383.188 249880.947)	0	181	0	311	false	2954	None
LINESTRING (3137383.188 249880.947, 3137356.73 249870.176)	0	181	0	312	false	2954	None
LINESTRING (3137356.73 249870.176, 3137306.462 249859.194)	0	181	0	313	false	2954	None
LINESTRING (3137306.462 249859.194, 3137278.961 249822.164)	0	181	0	314	false	2954	None
LINESTRING (3137278.961 249822.164, 3137266.997 249816.675)	0	181	0	315	false	2954	None
LINESTRING (3137266.997 249816.675, 3137239.913 249806.255)	0	181	0	316	false	2954	None
LINESTRING (3137239.913 249806.255, 3137229.649 249801.428)	0	181	0	317	false	2954	None
LINESTRING (3137229.649 249801.428, 3137213.413 249788.796)	0	181	0	318	false	2954	None
LINESTRING (3137213.413 249788.796, 3137179.42 249763.418)	0	181	0	319	false	2954	None
LINESTRING (3137179.42 249763.418, 3137155.284 249750.453)	0	181	0	320	false	2954	None
LINESTRING (3137155.284 249750.453, 3137134.816 249746.183)	0	181	0	321	false	2954	None
LINESTRING (3137134.816 249746.183, 3137124.933 249743.648)	0	181	0	322	false	2954	None
LINESTRING (3137124.933 249743.648, 3137116.191 249738.936)	0	181	0	323	false	2954	None
LINESTRING (3137116.191 249738.936, 3137107.033 249732.275)	0	181	0	324	false	2954	None
LINESTRING (3137107.033 249732.275, 3137096.203 249719.842)	0	181	0	325	false	2954	None
LINESTRING (3137096.203 249719.842, 3137061.562 249680.273)	0	181	0	326	false	2954	None
LINESTRING (3137061.562 249680.273, 3137052.387 249663.837)	0	181	0	327	false	2954	None
LINESTRING (3137052.387 249663.837, 3137047.68 249649.258)	0	181	0	328	false	2954	None
LINESTRING (3137047.68 249649.258, 3137045.177 249644.115)	0	181	0	329	false	2954	None
LINESTRING (3137045.177 249644.115, 3137042.502 249611.98)	0	181	0	330	false	2954	None
LINESTRING (3137042.502 249611.98, 3137041.292 249606.029)	0	181	0	331	false	2954	None
LINESTRING (3137041.292 249606.029, 3137042.889 249581.036)	0	181	0	332	false	2954	None
LINESTRING (3137042.889 249581.036, 3137042.112 249571.203)	0	181	0	333	false	2954	None
LINESTRING (3137042.112 249571.203, 3137061.354 249501.61)	0	181	0	334	false	2954	None
LINESTRING (3137061.354 249501.61, 3137069.487 249485.236)	0	181	0	335	false	2954	None
LINESTRING (3137069.487 249485.236, 3137075.555 249477.947)	0	181	0	336	false	2954	None
LINESTRING (3137075.555 249477.947, 3137100.198 249439.524)	0	181	0	337	false	2954	None
LINESTRING (3137100.198 249439.524, 3137106.368 249430.964)	0	181	0	338	false	2954	None
LINESTRING (3137106.368 249430.964, 3137123.955 249401.113)	0	181	0	339	false	2954	None
LINESTRING (3137123.955 249401.113, 3137131.561 249390.372)	0	181	0	340	false	2954	None
LINESTRING (3137131.561 249390.372, 3137140.806 249381.46)	0	181	0	341	false	2954	None
LINESTRING (3137140.806 249381.46, 3137157.448 249368.635)	0	181	0	342	false	2954	None
LINESTRING (3137157.448 249368.635, 3137171.458 249350.497)	0	181	0	343	false	2954	None
LINESTRING (3137171.458 249350.497, 3137187.126 249344.203)	0	181	0	344	false	2954	None
LINESTRING (3137187.126 249344.203, 3137207.108 249331.605)	0	181	0	345	false	2954	None
LINESTRING (3137207.108 249331.605, 3137213.172 249328.604)	0	181	0	346	false	2954	None
LINESTRING (3137213.172 249328.604, 3137225.242 249324.007)	0	181	0	347	false	2954	None
LINESTRING (3137225.242 249324.007, 3137231.919 249322.197)	0	181	0	348	false	2954	None
LINESTRING (3137231.919 249322.197, 3137238.57 249321.211)	0	181	0	349	false	2954	None
LINESTRING (3137238.57 249321.211, 3137247.785 249317.41)	0	181	0	350	false	2954	None
LINESTRING (3137247.785 249317.41, 3137252.842 249312.467)	0	181	0	351	false	2954	None
LINESTRING (3137252.842 249312.467, 3137258.784 249307.512)	0	181	0	352	false	2954	None
LINESTRING (3137258.784 249307.512, 3137268.016 249297.88)	0	181	0	353	false	2954	None
LINESTRING (3137268.016 249297.88, 3137268.196 249282.82)	0	181	0	354	false	2954	None
LINESTRING (3137268.196 249282.82, 3137266.672 249273.65)	0	181	0	355	false	2954	None
LINESTRING (3137266.672 249273.65, 3137272.683 249256.689)	0	181	0	356	false	2954	None
LINESTRING (3137272.683 249256.689, 3137278.062 249250.918)	0	181	0	357	false	2954	None
LINESTRING (3137278.062 249250.918, 3137279.129 249240.373)	0	181	0	358	false	2954	None
LINESTRING (3137279.129 249240.373, 3137281.794 249231.761)	0	181	0	359	false	2954	None
LINESTRING (3137281.794 249231.761, 3137278.731 249223.778)	0	181	0	360	false	2954	None
LINESTRING (3137278.731 249223.778, 3137263.351 249202.902)	0	181	0	361	false	2954	None
LINESTRING (3137263.351 249202.902, 3137258.895 249190.446)	0	181	0	362	false	2954	None
LINESTRING (3137258.895 249190.446, 3137256.134 249178.412)	0	181	0	363	false	2954	None
LINESTRING (3137256.134 249178.412, 3137255.339 249165.355)	0	181	0	364	false	2954	None
LINESTRING (3137255.339 249165.355, 3137258.66 249149.016)	0	181	0	365	false	2954	None
LINESTRING (3137258.66 249149.016, 3137262.457 249135.482)	0	181	0	366	false	2954	None
LINESTRING (3137262.457 249135.482, 3137272.681 249120.279)	0	181	0	367	false	2954	None
LINESTRING (3137272.681 249120.279, 3137275.382 249111.323)	0	181	0	368	false	2954	None
LINESTRING (3137275.382 249111.323, 3137284.202 249104.509)	0	181	0	369	false	2954	None
LINESTRING (3137284.202 249104.509, 3137316.049 249087.593)	0	181	0	370	false	2954	None
LINESTRING (3137316.049 249087.593, 3137337.888 249075.003)	0	181	0	371	false	2954	None
LINESTRING (3137337.888 249075.003, 3137345.97 249067.068)	0	181	0	372	false	2954	None
LINESTRING (3137345.97 249067.068, 3137356.544 249054.741)	0	181	0	373	false	2954	None
LINESTRING (3137356.544 249054.741, 3137357.032 249038.133)	0	181	0	374	false	2954	None
LINESTRING (3137357.032 249038.133, 3137349.188 249029.601)	0	181	0	375	false	2954	None
LINESTRING (3137349.188 249029.601, 3137330.57 249004.964)	0	181	0	376	false	2954	None
LINESTRING (3137330.57 249004.964, 3137245.172 248902.284)	0	181	0	377	false	2954	None
LINESTRING (3137245.172 248902.284, 3137241.084 248895.928)	0	181	0	378	false	2954	None
LINESTRING (3137241.084 248895.928, 3137236.086 248886.121)	0	181	0	379	false	2954	None
LINESTRING (3137236.086 248886.121, 3137230.354 248877.696)	0	181	0	380	false	2954	None
LINESTRING (3137230.354 248877.696, 3137191.614 248831.531)	0	181	0	381	false	2954	None
LINESTRING (3137191.614 248831.531, 3137187.907 248825.204)	0	181	0	382	false	2954	None
LINESTRING (3137187.907 248825.204, 3137161.001 248779.831)	0	181	0	383	false	2954	None
LINESTRING (3137161.001 248779.831, 3137143.175 248756.932)	0	181	0	384	false	2954	None
LINESTRING (3137143.175 248756.932, 3137137.49 248739.829)	0	181	0	385	false	2954	None
LINESTRING (3137137.49 248739.829, 3137131.315 248714.672)	0	181	0	386	false	2954	None
LINESTRING (3137131.315 248714.672, 3137123.758 248694.577)	0	181	0	387	false	2954	None
LINESTRING (3137123.758 248694.577, 3137110.278 248644.897)	0	181	0	388	false	2954	None
LINESTRING (3137110.278 248644.897, 3137075.75 248576.069)	0	181	0	389	false	2954	S:3137079.646866159 248583.837
LINESTRING (3137075.75 248576.069, 3137110.278 248644.897)	0	1621	0	1364	false	1871	S:3137079.646866159 248583.837
LINESTRING (3137110.278 248644.897, 3137123.758 248694.577)	0	1621	0	1365	false	1871	None
LINESTRING (3137123.758 248694.577, 3137131.315 248714.672)	0	1621	0	1366	false	1871	None
LINESTRING (3137131.315 248714.672, 3137137.49 248739.829)	0	1621	0	1367	false	1871	None
LINESTRING (3137137.49 248739.829, 3137143.175 248756.932)	0	1621	0	1368	false	1871	None
LINESTRING (3137143.175 248756.932, 3137161.001 248779.831)	0	1621	0	1369	false	1871	None
LINESTRING (3137161.001 248779.831, 3137187.907 248825.204)	0	1621	0	1370	false	1871	None
LINESTRING (3137187.907 248825.204, 3137191.614 248831.531)	0	1621	0	1371	false	1871	None
LINESTRING (3137191.614 248831.531, 3137230.354 248877.696)	0	1621	0	1372	false	1871	None
LINESTRING (3137230.354 248877.696, 3137236.086 248886.121)	0	1621	0	1373	false	1871	None
LINESTRING (3137236.086 248886.121, 3137241.084 248895.928)	0	1621	0	1374	false	1871	None
LINESTRING (3137241.084 248895.928, 3137245.172 248902.284)	0	1621	0	1375	false	1871	None
LINESTRING (3137245.172 248902.284, 3137330.57 249004.964)	0	1621	0	1376	false	1871	None
LINESTRING (3137330.57 249004.964, 3137349.188 249029.601)	0	1621	0	1377	false	1871	None
LINESTRING (3137349.188 249029.601, 3137357.032 249038.133)	0	1621	0	1378	false	1871	None
LINESTRING (3137357.032 249038.133, 3137356.544 249054.741)	0	1621	0	1379	false	1871	None
LINESTRING (3137356.544 249054.741, 3137345.97 249067.068)	0	1621	0	1380	false	1871	None
LINESTRING (3137345.97 249067.068, 3137337.888 249075.003)	0	1621	0	1381	false	1871	None
LINESTRING (3137337.888 249075.003, 3137316.049 249087.593)	0	1621	0	1382	false	1871	None
LINESTRING (3137316.049 249087.593, 3137284.202 249104.509)	0	1621	0	1383	false	1871	None
LINESTRING (3137284.202 249104.509, 3137275.382 249111.323)	0	1621	0	1384	false	1871	None
LINESTRING (3137275.382 249111.323, 3137272.681 249120.279)	0	1621	0	1385	false	1871	None
LINESTRING (3137272.681 249120.279, 3137262.457 249135.482)	0	1621	0	1386	false	1871	None
LINESTRING (3137262.457 249135.482, 3137258.66 249149.016)	0	1621	0	1387	false	1871	None
LINESTRING (3137258.66 249149.016, 3137255.339 249165.355)	0	1621	0	1388	false	1871	None
LINESTRING (3137255.339 249165.355, 3137256.134 249178.412)	0	1621	0	1389	false	1871	None
LINESTRING (3137256.134 249178.412, 3137258.895 249190.446)	0	1621	0	1390	false	1871	None
LINESTRING (3137258.895 249190.446, 3137263.351 249202.902)	0	1621	0	1391	false	1871	None
LINESTRING (3137263.351 249202.902, 3137278.731 249223.778)	0	1621	0	1392	false	1871	None
LINESTRING (3137278.731 249223.778, 3137281.794 249231.761)	0	1621	0	1393	false	1871	None
LINESTRING (3137281.794 249231.761, 3137279.129 249240.373)	0	1621	0	1394	false	1871	None
LINESTRING (3137279.129 249240.373, 3137278.062 249250.918)	0	1621	0	1395	false	1871	None
LINESTRING (3137278.062 249250.918, 3137272.683 249256.689)	0	1621	0	1396	false	1871	None
LINESTRING (3137272.683 249256.689, 3137266.672 249273.65)	0	1621	0	1397	false	1871	None
LINESTRING (3137266.672 249273.65, 3137268.196 249282.82)	0	1621	0	1398	false	1871	None
LINESTRING (3137268.196 249282.82, 3137268.016 249297.88)	0	1621	0	1399	false	1871	None
LINESTRING (3137268.016 249297.88, 3137258.784 249307.512)	0	1621	0	1400	false	1871	None
LINESTRING (3137258.784 249307.512, 3137252.842 249312.467)	0	1621	0	1401	false	1871	None
LINESTRING (3137252.842 249312.467, 3137247.785 249317.41)	0	1621	0	1402	false	1871	None
LINESTRING (3137247.785 249317.41, 3137238.57 249321.211)	0	1621	0	1403	false	1871	None
LINESTRING (3137238.57 249321.211, 3137231.919 249322.197)	0	1621	0	1404	false	1871	None
LINESTRING (3137231.919 249322.197, 3137225.242 249324.007)	0	1621	0	1405	false	1871	None
LINESTRING (3137225.242 249324.007, 3137213.172 249328.604)	0	1621	0	1406	false	1871	None
LINESTRING (3137213.172 249328.604, 3137207.108 249331.605)	0	1621	0	1407	false	1871	None
LINESTRING (3137207.108 249331.605, 3137187.126 249344.203)	0	1621	0	1408	false	1871	None
LINESTRING (3137187.126 249344.203, 3137171.458 249350.497)	0	1621	0	1409	false	1871	None
LINESTRING (3137171.458 249350.497, 3137157.448 249368.635)	0	1621	0	1410	false	1871	None
LINESTRING (3137157.448 249368.635, 3137140.806 249381.46)	0	1621	0	1411	false	1871	None
LINESTRING (3137140.806 249381.46, 3137131.561 249390.372)	0	1621	0	1412	false	1871	None
LINESTRING (3137131.561 249390.372, 3137123.955 249401.113)	0	1621	0	1413	false	1871	None
LINESTRING (3137123.955 249401.113, 3137106.368 249430.964)	0	1621	0	1414	false	1871	None
LINESTRING (3137106.368 249430.964, 3137100.198 249439.524)	0	1621	0	1415	false	1871	None
LINESTRING (3137100.198 249439.524, 3137075.555 249477.947)	0	1621	0	1416	false	1871	None
LINESTRING (3137075.555 249477.947, 3137069.487 249485.236)	0	1621	0	1417	false	1871	None
LINESTRING (3137069.487 249485.236, 3137061.354 249501.61)	0	1621	0	1418	false	1871	None
LINESTRING (3137061.354 249501.61, 3137042.112 249571.203)	0	1621	0	1419	false	1871	None
LINESTRING (3137042.112 249571.203, 3137042.889 249581.036)	0	1621	0	1420	false	1871	None
LINESTRING (3137042.889 249581.036, 3137041.292 249606.029)	0	1621	0	1421	false	1871	None
LINESTRING (3137041.292 249606.029, 3137042.502 249611.98)	0	1621	0	1422	false	1871	None
LINESTRING (3137042.502 249611.98, 3137045.177 249644.115)	0	1621	0	1423	false	1871	None
LINESTRING (3137045.177 249644.115, 3137047.68 249649.258)	0	1621	0	1424	false	1871	None
LINESTRING (3137047.68 249649.258, 3137052.387 249663.837)	0	1621	0	1425	false	1871	None
LINESTRING (3137052.387 249663.837, 3137061.562 249680.273)	0	1621	0	1426	false	1871	None
LINESTRING (3137061.562 249680.273, 3137096.203 249719.842)	0	1621	0	1427	false	1871	None
LINESTRING (3137096.203 249719.842, 3137107.033 249732.275)	0	1621	0	1428	false	1871	None
LINESTRING (3137107.033 249732.275, 3137116.191 249738.936)	0	1621	0	1429	false	1871	None
LINESTRING (3137116.191 249738.936, 3137124.933 249743.648)	0	1621	0	1430	false	1871	None
LINESTRING (3137124.933 249743.648, 3137134.816 249746.183)	0	1621	0	1431	false	1871	None
LINESTRING (3137134.816 249746.183, 3137155.284 249750.453)	0	1621	0	1432	false	1871	None
LINESTRING (3137155.284 249750.453, 3137179.42 249763.418)	0	1621	0	1433	false	1871	None
LINESTRING (3137179.42 249763.418, 3137213.413 249788.796)	0	1621	0	1434	false	1871	None
LINESTRING (3137213.413 249788.796, 3137229.649 249801.428)	0	1621	0	1435	false	1871	None
LINESTRING (3137229.649 249801.428, 3137239.913 249806.255)	0	1621	0	1436	false	1871	None
LINESTRING (3137239.913 249806.255, 3137266.997 249816.675)	0	1621	0	1437	false	1871	None
LINESTRING (3137266.997 249816.675, 3137278.961 249822.164)	0	1621	0	1438	false	1871	None
LINESTRING (3137278.961 249822.164, 3137306.462 249859.194)	0	1621	0	1439	false	1871	None
LINESTRING (3137306.462 249859.194, 3137356.73 249870.176)	0	1621	0	1440	false	1871	None
LINESTRING (3137356.73 249870.176, 3137383.188 249880.947)	0	1621	0	1441	false	1871	None
LINESTRING (3137383.188 249880.947, 3137392.972 249884.993)	0	1621	0	1442	false	1871	None
LINESTRING (3137392.972 249884.993, 3137400.261 249897.717)	0	1621	0	1443	false	1871	None
LINESTRING (3137400.261 249897.717, 3137403.395 249905.013)	0	1621	0	1444	false	1871	None
LINESTRING (3137403.395 249905.013, 3137404.282 249907.264)	0	1621	0	1445	false	1871	None
LINESTRING (3137404.282 249907.264, 3137403.357 249916.435)	0	1621	0	1446	false	1871	None
LINESTRING (3137403.357 249916.435, 3137400.484 249943.195)	0	1621	0	1447	false	1871	None
LINESTRING (3137400.484 249943.195, 3137393.263 249960.996)	0	1621	0	1448	false	1871	None
LINESTRING (3137393.263 249960.996, 3137377.7 249979.602)	0	1621	0	1449	false	1871	None
LINESTRING (3137377.7 249979.602, 3137363.437 250033.62)	0	1621	0	1450	false	1871	None
LINESTRING (3137363.437 250033.62, 3137363.098 250038.015)	0	1621	0	1451	false	1871	None
LINESTRING (3137363.098 250038.015, 3137366.376 250050.728)	0	1621	0	1452	false	1871	None
LINESTRING (3137366.376 250050.728, 3137369.026 250054.738)	0	1621	0	1453	false	1871	None
LINESTRING (3137369.026 250054.738, 3137392.645 250091.926)	0	1621	0	1454	false	1871	None
LINESTRING (3137392.645 250091.926, 3137401.648 250106.032)	0	1621	0	1455	false	1871	None
LINESTRING (3137401.648 250106.032, 3137405.888 250118.285)	0	1621	0	1456	false	1871	None
LINESTRING (3137405.888 250118.285, 3137402.252 250131.405)	0	1621	0	1457	false	1871	None
LINESTRING (3137402.252 250131.405, 3137374.125 250170.974)	0	1621	0	1458	false	1871	None
LINESTRING (3137374.125 250170.974, 3137370.628 250187.007)	0	1621	0	1459	false	1871	None
LINESTRING (3137370.628 250187.007, 3137369.931 250194.838)	0	1621	0	1460	false	1871	None
LINESTRING (3137369.931 250194.838, 3137371.832 250217.38)	0	1621	0	1461	false	1871	None
LINESTRING (3137371.832 250217.38, 3137412.975 250306.659)	0	1621	0	1462	false	1871	None
LINESTRING (3137412.975 250306.659, 3137413.109 250307.069)	0	1621	0	1463	false	1871	None
LINESTRING (3137413.109 250307.069, 3137424.097 250341.487)	0	1621	0	1464	false	1871	None
LINESTRING (3137424.097 250341.487, 3137426.993 250347.38)	0	1621	0	1465	false	1871	None
LINESTRING (3137426.993 250347.38, 3137430.366 250367.397)	0	1621	0	1466	false	1871	None
LINESTRING (3137430.366 250367.397, 3137436.333 250379.488)	0	1621	0	1467	false	1871	None
LINESTRING (3137436.333 250379.488, 3137432.733 250396.792)	0	1621	0	1468	false	1871	None
LINESTRING (3137432.733 250396.792, 3137436.142 250418.729)	0	1621	0	1469	false	1871	None
LINESTRING (3137436.142 250418.729, 3137433.248 250435.474)	0	1621	0	1470	false	1871	None
LINESTRING (3137433.248 250435.474, 3137433.702 250448.398)	0	1621	0	1471	false	1871	None
LINESTRING (3137433.702 250448.398, 3137437.293 250462.067)	0	1621	0	1472	false	1871	None
LINESTRING (3137437.293 250462.067, 3137441.967 250474.966)	0	1621	0	1473	false	1871	None
LINESTRING (3137441.967 250474.966, 3137449.81 250488.026)	0	1621	0	1474	false	1871	None
LINESTRING (3137449.81 250488.026, 3137452.327 250500.681)	0	1621	0	1475	false	1871	None
LINESTRING (3137452.327 250500.681, 3137447.388 250516.391)	0	1621	0	1476	false	1871	None
LINESTRING (3137447.388 250516.391, 3137446.31 250526.456)	0	1621	0	1477	false	1871	None
LINESTRING (3137446.31 250526.456, 3137440.344 250559.399)	0	1621	0	1478	false	1871	None
LINESTRING (3137440.344 250559.399, 3137442.668 250570.788)	0	1621	0	1479	false	1871	None
LINESTRING (3137442.668 250570.788, 3137447.04 250644.092)	0	1621	0	1480	false	1871	None
LINESTRING (3137447.04 250644.092, 3137448.437 250648.805)	0	1621	0	1481	false	1871	None
LINESTRING (3137448.437 250648.805, 3137447.633 250664.457)	0	1621	0	1482	false	1871	None
LINESTRING (3137447.633 250664.457, 3137441.674 250677.507)	0	1621	0	1483	false	1871	None
LINESTRING (3137441.674 250677.507, 3137440.378 250693.92)	0	1621	0	1484	false	1871	None
LINESTRING (3137440.378 250693.92, 3137425.509 250720.302)	0	1621	0	1485	false	1871	None
LINESTRING (3137425.509 250720.302, 3137404.232 250742.521)	0	1621	0	1486	false	1871	None
LINESTRING (3137404.232 250742.521, 3137399.547 250753.803)	0	1621	0	1487	false	1871	None
LINESTRING (3137399.547 250753.803, 3137392.737 250759.731)	0	1621	0	1488	false	1871	None
LINESTRING (3137392.737 250759.731, 3137352.49 250794.464)	0	1621	0	1489	false	1871	None
LINESTRING (3137352.49 250794.464, 3137344.673 250805.242)	0	1621	0	1490	false	1871	None
LINESTRING (3137344.673 250805.242, 3137333.486 250818.64)	0	1621	0	1491	false	1871	None
LINESTRING (3137333.486 250818.64, 3137318.008 250832.751)	0	1621	0	1492	false	1871	None
LINESTRING (3137318.008 250832.751, 3137314.325 250836.68)	0	1621	0	1493	false	1871	None
LINESTRING (3137314.325 250836.68, 3137311.323 250840.872)	0	1621	0	1494	false	1871	None
LINESTRING (3137311.323 250840.872, 3137311.401 250860.799)	0	1621	0	1495	false	1871	None
LINESTRING (3137311.401 250860.799, 3137300.879 250896.139)	0	1621	0	1496	false	1871	None
LINESTRING (3137300.879 250896.139, 3137299.945 250902.567)	0	1621	0	1497	false	1871	None
LINESTRING (3137299.945 250902.567, 3137295.686 250918.542)	0	1621	0	1498	false	1871	None
LINESTRING (3137295.686 250918.542, 3137294.502 250936.429)	0	1621	0	1499	false	1871	None
LINESTRING (3137294.502 250936.429, 3137292.945 250941.184)	0	1621	0	1500	false	1871	None
LINESTRING (3137292.945 250941.184, 3137286.671 250946.487)	0	1621	0	1501	false	1871	None
LINESTRING (3137286.671 250946.487, 3137283.951 250954.483)	0	1621	0	1502	false	1871	None
LINESTRING (3137283.951 250954.483, 3137270.786 250965.92)	0	1621	0	1503	false	1871	None
LINESTRING (3137270.786 250965.92, 3137262.853 250972.721)	0	1621	0	1504	false	1871	None
LINESTRING (3137262.853 250972.721, 3137233.462 250992.14)	0	1621	0	1505	false	1871	None
LINESTRING (3137233.462 250992.14, 3137195.817 251030.507)	0	1621	0	1506	false	1871	None
LINESTRING (3137195.817 251030.507, 3137190.805 251040.114)	0	1621	0	1507	false	1871	None
LINESTRING (3137190.805 251040.114, 3137182.451 251046.99)	0	1621	0	1508	false	1871	None
LINESTRING (3137182.451 251046.99, 3137180.828 251059.463)	0	1621	0	1509	false	1871	None
LINESTRING (3137180.828 251059.463, 3137178.873 251063.23)	0	1621	0	1510	false	1871	None
LINESTRING (3137178.873 251063.23, 3137180.029 251075.355)	0	1621	0	1511	false	1871	None
LINESTRING (3137180.029 251075.355, 3137182.41 251123.58)	0	1621	0	1512	false	1871	None
LINESTRING (3137182.41 251123.58, 3137177.588 251147.795)	0	1621	0	1513	false	1871	None
LINESTRING (3137177.588 251147.795, 3137168.657 251159.927)	0	1621	0	1514	false	1871	None
LINESTRING (3137168.657 251159.927, 3137165.7 251166.52)	0	1621	0	1515	false	1871	None
LINESTRING (3137165.7 251166.52, 3137159.266 251185.819)	0	1621	0	1516	false	1871	None
LINESTRING (3137159.266 251185.819, 3137168.308 251253.911)	0	1621	0	1517	false	1871	None
LINESTRING (3137168.308 251253.911, 3137170.215 251265.614)	0	1621	0	1518	false	1871	None
LINESTRING (3137170.215 251265.614, 3137153.404 251336.989)	0	1621	0	1519	false	1871	None
LINESTRING (3137153.404 251336.989, 3137144.205 251352.829)	0	1621	0	1520	false	1871	None
LINESTRING (3137144.205 251352.829, 3137135.96 251374.52)	0	1621	0	1521	false	1871	None
LINESTRING (3137135.96 251374.52, 3137117.311 251417.659)	0	1621	0	1522	false	1871	None
LINESTRING (3137117.311 251417.659, 3137117.68 251432.814)	0	1621	0	1523	false	1871	None
LINESTRING (3137117.68 251432.814, 3137114.454 251440.852)	0	1621	0	1524	false	1871	None
LINESTRING (3137114.454 251440.852, 3137116.097 251447.448)	0	1621	0	1525	false	1871	None
LINESTRING (3137116.097 251447.448, 3137118.952 251455.708)	0	1621	0	1526	false	1871	None
LINESTRING (3137118.952 251455.708, 3137122.399 251466.223)	0	1621	0	1527	false	1871	None
LINESTRING (3137122.399 251466.223, 3137122.462 251474.11)	0	1621	0	1528	false	1871	None
LINESTRING (3137122.462 251474.11, 3137120.056 251492.117)	0	1621	0	1529	false	1871	None
LINESTRING (3137120.056 251492.117, 3137109.157 251516.35)	0	1621	0	1530	false	1871	None
LINESTRING (3137109.157 251516.35, 3137098.223 251547.718)	0	1621	0	1531	false	1871	None
LINESTRING (3137098.223 251547.718, 3137098.004 251556.33)	0	1621	0	1532	false	1871	None
LINESTRING (3137098.004 251556.33, 3137086.684 251571.583)	0	1621	0	1533	false	1871	None
LINESTRING (3137086.684 251571.583, 3137057.996 251646.557)	0	1621	0	1534	false	1871	None
LINESTRING (3137057.996 251646.557, 3137047.391 251659.467)	0	1621	0	1535	false	1871	None
LINESTRING (3137047.391 251659.467, 3137041.633 251665.208)	0	1621	0	1536	false	1871	None
LINESTRING (3137041.633 251665.208, 3137040.117 251676.651)	0	1621	0	1537	false	1871	None
LINESTRING (3137040.117 251676.651, 3137040.028 251689.96)	0	1621	0	1538	false	1871	None
LINESTRING (3137040.028 251689.96, 3137036.945 251698.888)	0	1621	0	1539	false	1871	None
LINESTRING (3137036.945 251698.888, 3137036.136 251707.508)	0	1621	0	1540	false	1871	None
LINESTRING (3137036.136 251707.508, 3137034.415 251741.866)	0	1621	0	1541	false	1871	None
LINESTRING (3137034.415 251741.866, 3137028.8 251750.761)	0	1621	0	1542	false	1871	None
LINESTRING (3137028.8 251750.761, 3137028.438 251763.01)	0	1621	0	1543	false	1871	None
LINESTRING (3137028.438 251763.01, 3137033.698 251782.451)	0	1621	0	1544	false	1871	None
LINESTRING (3137033.698 251782.451, 3137034.866 251788.506)	0	1621	0	1545	false	1871	None
LINESTRING (3137034.866 251788.506, 3137037.717 251796.525)	0	1621	0	1546	false	1871	None
LINESTRING (3137037.717 251796.525, 3137035.448 251801.6)	0	1621	0	1547	false	1871	None
LINESTRING (3137035.448 251801.6, 3137025.716 251809.25)	0	1621	0	1548	false	1871	None
LINESTRING (3137025.716 251809.25, 3137018.574 251806.47)	0	1621	0	1549	false	1871	None
LINESTRING (3137018.574 251806.47, 3136997.649 251791.059)	0	1621	0	1550	false	1871	None
LINESTRING (3136997.649 251791.059, 3136989.836 251788.495)	0	1621	0	1551	false	1871	None
LINESTRING (3136989.836 251788.495, 3136982.331 251782.12)	0	1621	0	1552	false	1871	None
LINESTRING (3136982.331 251782.12, 3136975.758 251782.659)	0	1621	0	1553	false	1871	None
LINESTRING (3136975.758 251782.659, 3136969.516 251787.379)	0	1621	0	1554	false	1871	None
LINESTRING (3136969.516 251787.379, 3136965.471 251794.502)	0	1621	0	1555	false	1871	None
LINESTRING (3136965.471 251794.502, 3136959.182 251832.8)	0	1621	0	1556	false	1871	None
LINESTRING (3136959.182 251832.8, 3136961.536 251913.54)	0	1621	0	1557	false	1871	None
LINESTRING (3136961.536 251913.54, 3136966.698 251957.129)	0	1621	0	1558	false	1871	None
LINESTRING (3136966.698 251957.129, 3136961.88 251986.111)	0	1621	0	1559	false	1871	None
LINESTRING (3136961.88 251986.111, 3136961.97 251993.176)	0	1621	0	1560	false	1871	None
LINESTRING (3136961.97 251993.176, 3136956.668 252005.29)	0	1621	0	1561	false	1871	None
LINESTRING (3136956.668 252005.29, 3136949.483 252034.066)	0	1621	0	1562	false	1871	None
LINESTRING (3136949.483 252034.066, 3136945.313 252041.26)	0	1621	0	1563	false	1871	None
LINESTRING (3136945.313 252041.26, 3136936.615 252050.027)	0	1621	0	1564	false	1871	None
LINESTRING (3136936.615 252050.027, 3136933.944 252056.136)	0	1621	0	1565	false	1871	None
LINESTRING (3136933.944 252056.136, 3136925.957 252066.848)	0	1621	0	1566	false	1871	None
LINESTRING (3136925.957 252066.848, 3136913.295 252100.641)	0	1621	0	1567	false	1871	None
LINESTRING (3136913.295 252100.641, 3136909.94 252110.773)	0	1621	0	1568	false	1871	None
LINESTRING (3136909.94 252110.773, 3136942.834 252129.889)	0	1621	0	1569	false	1871	None
LINESTRING (3136942.834 252129.889, 3136953.408 252142.463)	0	1621	0	1570	false	1871	None
LINESTRING (3136953.408 252142.463, 3136958.5 252155.287)	0	1621	0	1571	false	1871	None
LINESTRING (3136958.5 252155.287, 3136958.469 252167.189)	0	1621	0	1572	false	1871	None
LINESTRING (3136958.469 252167.189, 3136950.098 252184.423)	0	1621	0	1573	false	1871	None
LINESTRING (3136950.098 252184.423, 3136944.367 252196.132)	0	1621	0	1574	false	1871	None
LINESTRING (3136944.367 252196.132, 3136945.271 252208.398)	0	1621	0	1575	false	1871	None
LINESTRING (3136945.271 252208.398, 3136954.48 252222.466)	0	1621	0	1576	false	1871	None
LINESTRING (3136954.48 252222.466, 3136971.26 252235.192)	0	1621	0	1577	false	1871	None
LINESTRING (3136971.26 252235.192, 3136992.014 252252.8)	0	1621	0	1578	false	1871	None
LINESTRING (3136992.014 252252.8, 3137002.538 252253.679)	0	1621	0	1579	false	1871	None
LINESTRING (3137002.538 252253.679, 3137021.609 252253.476)	0	1621	0	1580	false	1871	None
LINESTRING (3137021.609 252253.476, 3137029.569 252254.906)	0	1621	0	1581	false	1871	None
LINESTRING (3137029.569 252254.906, 3137051.719 252263.646)	0	1621	0	1582	false	1871	None
LINESTRING (3137051.719 252263.646, 3137068.803 252272.32)	0	1621	0	1583	false	1871	None
LINESTRING (3137068.803 252272.32, 3137082.491 252288.966)	0	1621	0	1584	false	1871	None
LINESTRING (3137082.491 252288.966, 3137086.281 252313.436)	0	1621	0	1585	false	1871	None
LINESTRING (3137086.281 252313.436, 3137086.545 252329.861)	0	1621	0	1586	false	1871	None
LINESTRING (3137086.545 252329.861, 3137082.16 252350.434)	0	1621	0	1587	false	1871	None
LINESTRING (3137082.16 252350.434, 3137082.881 252368.705)	0	1621	0	1588	false	1871	None
LINESTRING (3137082.881 252368.705, 3136792.941 252279.099)	0	1621	0	1589	false	1871	None
LINESTRING (3136792.941 252279.099, 3136507.88 252191.045)	0	1621	0	1590	false	1871	None
LINESTRING (3136507.88 252191.045, 3136417.572 252150.424)	0	1621	0	1591	false	1871	None
LINESTRING (3136417.572 252150.424, 3136284.714 252106.95)	0	1621	0	1592	false	1871	None
LINESTRING (3136284.714 252106.95, 3136273.148 252109.002)	0	1621	0	1593	false	1871	None
LINESTRING (3136273.148 252109.002, 3136257.295 252112.008)	0	1621	0	1594	false	1871	None
LINESTRING (3136257.295 252112.008, 3136239.15 252109.833)	0	1621	0	1595	false	1871	None
LINESTRING (3136239.15 252109.833, 3136228.071 252108.619)	0	1621	0	1596	false	1871	None
LINESTRING (3136228.071 252108.619, 3136171.716 252085.144)	0	1621	0	1597	false	1871	None
LINESTRING (3136171.716 252085.144, 3136002.073 252015.45)	0	1621	0	1598	false	1871	None
LINESTRING (3136002.073 252015.45, 3135945.302 251992.291)	0	1621	0	1599	false	1871	None
LINESTRING (3135945.302 251992.291, 3135931.75 251974.033)	0	1621	0	1600	false	1871	None
LINESTRING (3135931.75 251974.033, 3135920.729 251971.413)	0	1621	0	1601	false	1871	None
LINESTRING (3135920.729 251971.413, 3135887.451 251963.351)	0	1621	0	1602	false	1871	None
LINESTRING (3135887.451 251963.351, 3135876.304 251960.802)	0	1621	0	1603	false	1871	None
LINESTRING (3135876.304 251960.802, 3135765.028 251913.939)	0	1621	0	1604	false	1871	None
LINESTRING (3135765.028 251913.939, 3135430.405 251773.885)	0	1621	0	1605	false	1871	None
LINESTRING (3135430.405 251773.885, 3135322.196 251728.699)	0	1621	0	1606	false	1871	None
LINESTRING (3135322.196 251728.699, 3135318.277 251728.962)	0	1621	0	1607	false	1871	None
LINESTRING (3135318.277 251728.962, 3135307.623 251730.179)	0	1621	0	1608	false	1871	None
LINESTRING (3135307.623 251730.179, 3135274.83 251734.46)	0	1621	0	1609	false	1871	None
LINESTRING (3135274.83 251734.46, 3135263.966 251735.715)	0	1621	0	1610	false	1871	None
LINESTRING (3135263.966 251735.715, 3135256.574 251733.078)	0	1621	0	1611	false	1871	None
LINESTRING (3135256.574 251733.078, 3134930.101 251600.507)	0	1621	0	1612	false	1871	None
LINESTRING (3134930.101 251600.507, 3133929.303 251194.337)	0	1621	0	1613	false	1871	None
LINESTRING (3133929.303 251194.337, 3133595.54 251059.114)	0	1621	0	1614	false	1871	None
LINESTRING (3133595.54 251059.114, 3133567.256 251047.525)	0	1621	0	1615	false	1871	None
LINESTRING (3133567.256 251047.525, 3133483.161 251014.837)	0	1621	0	1616	false	1871	None
LINESTRING (3133483.161 251014.837, 3133145.239 250883.261)	0	1621	0	1617	false	1871	None
LINESTRING (3133145.239 250883.261, 3133042.945 250843.506)	0	1621	0	1618	false	1871	None
LINESTRING (3133042.945 250843.506, 3133032.405 250839.648)	0	1621	0	1619	false	1871	None
LINESTRING (3133032.405 250839.648, 3133029.304 250838.562)	0	1621	0	1620	false	1871	None
LINESTRING (3133029.304 250838.562, 3132978.307 250819.935)	0	1621	0	1621	false	1871	None
LINESTRING (3132978.307 250819.935, 3132815.716 250760.801)	0	1621	0	1622	false	1871	None
LINESTRING (3132815.716 250760.801, 3132792.3 250752.298)	0	1621	0	1623	false	1871	None
LINESTRING (3132792.3 250752.298, 3132761.487 250740.92)	0	1621	0	1624	false	1871	None
LINESTRING (3132761.487 250740.92, 3132443.373 250619.576)	0	1621	0	1625	false	1871	None
LINESTRING (3132443.373 250619.576, 3131599.55 250298.318)	0	1621	0	1626	false	1871	None
LINESTRING (3131599.55 250298.318, 3131497.709 250258.404)	0	1621	0	1627	false	1871	None
LINESTRING (3131497.709 250258.404, 3131488.99 250254.899)	0	1621	0	1628	false	1871	None
LINESTRING (3131488.99 250254.899, 3131171.697 250131.192)	0	1621	0	1629	false	1871	None
LINESTRING (3131171.697 250131.192, 3131168.125 250129.805)	0	1621	0	1630	false	1871	None
LINESTRING (3131168.125 250129.805, 3131060.419 250087.858)	0	1621	0	1631	false	1871	None
LINESTRING (3131060.419 250087.858, 3130829.827 249998.193)	0	1621	0	1632	false	1871	None
LINESTRING (3130829.827 249998.193, 3130819.877 249994.33)	0	1621	0	1633	false	1871	None
LINESTRING (3130819.877 249994.33, 3130726.326 249957.765)	0	1621	0	1634	false	1871	None
LINESTRING (3130726.326 249957.765, 3130614.92 249914.508)	0	1621	0	1635	false	1871	None
LINESTRING (3130614.92 249914.508, 3130530.002 249881.417)	0	1621	0	1636	false	1871	None
LINESTRING (3130530.002 249881.417, 3130274.996 249782.292)	0	1621	0	1637	false	1871	None
LINESTRING (3130274.996 249782.292, 3130247.867 249771.76)	0	1621	0	1638	false	1871	None
LINESTRING (3130247.867 249771.76, 3130189.827 249749.347)	0	1621	0	1639	false	1871	None
LINESTRING (3130189.827 249749.347, 3130187.189 249756.898)	0	1621	0	1640	false	1871	None
LINESTRING (3130187.189 249756.898, 3130178.783 249780.314)	0	1621	0	1641	false	1871	None
LINESTRING (3130178.783 249780.314, 3130175.774 249788.317)	0	1621	0	1642	false	1871	None
LINESTRING (3130175.774 249788.317, 3129951.119 249691.934)	0	1621	0	1643	false	1871	None
LINESTRING (3129951.119 249691.934, 3129276.633 249403.105)	0	1621	0	1644	false	1871	None
LINESTRING (3129276.633 249403.105, 3129051.63 249306.855)	0	1621	0	1645	false	1871	None
LINESTRING (3129051.63 249306.855, 3129043.721 249303.786)	0	1621	0	1646	false	1871	None
LINESTRING (3129043.721 249303.786, 3128958.456 249270.58)	0	1621	0	1647	false	1871	None
LINESTRING (3128958.456 249270.58, 3128678.18 249162.183)	0	1621	0	1648	false	1871	None
LINESTRING (3128678.18 249162.183, 3128584.669 249126.021)	0	1621	0	1649	false	1871	None
LINESTRING (3128584.669 249126.021, 3128480.446 249085.941)	0	1621	0	1650	false	1871	None
LINESTRING (3128480.446 249085.941, 3128167.567 248965.988)	0	1621	0	1651	false	1871	None
LINESTRING (3128167.567 248965.988, 3128063.177 248926.088)	0	1621	0	1652	false	1871	None
LINESTRING (3128063.177 248926.088, 3127988.509 248897.6)	0	1621	0	1653	false	1871	None
LINESTRING (3127988.509 248897.6, 3127764.215 248812.385)	0	1621	0	1654	false	1871	None
LINESTRING (3127764.215 248812.385, 3127689.421 248783.971)	0	1621	0	1655	false	1871	None
LINESTRING (3127689.421 248783.971, 3127670.924 248776.915)	0	1621	0	1656	false	1871	None
LINESTRING (3127670.924 248776.915, 3127633.93 248762.805)	0	1621	0	1657	false	1871	None
LINESTRING (3127633.93 248762.805, 3127615.83 248754.475)	0	1621	0	1658	false	1871	None
LINESTRING (3127615.83 248754.475, 3127597.689 248746.248)	0	1621	0	1659	false	1871	None
LINESTRING (3127597.689 248746.248, 3127532.027 248720.781)	0	1621	0	1660	false	1871	None
LINESTRING (3127532.027 248720.781, 3127334.917 248644.694)	0	1621	0	1661	false	1871	None
LINESTRING (3127334.917 248644.694, 3127269.128 248619.3)	0	1621	0	1662	false	1871	None
LINESTRING (3127269.128 248619.3, 3127219.966 248600.235)	0	1621	0	1663	false	1871	None
LINESTRING (3127219.966 248600.235, 3127072.356 248543.351)	0	1621	0	1664	false	1871	S:3127177.414337318 248583.837
