LINESTRING (3182947.361 230225.062, 3182937.653 230224.46)	100	333	0	0	false	1688	None
LINESTRING (3182937.653 230224.46, 3182902.462 230227.303)	100	333	0	1	false	1688	None
LINESTRING (3182902.462 230227.303, 3182867.231 230230.249)	100	333	0	2	false	1688	None
LINESTRING (3182867.231 230230.249, 3182795.484 230245.657)	100	333	0	3	false	1688	None
LINESTRING (3182795.484 230245.657, 3182767.108 230253.45)	100	333	0	4	false	1688	None
LINESTRING (3182767.108 230253.45, 3182726.76 230264.641)	100	333	0	5	false	1688	None
LINESTRING (3182726.76 230264.641, 3182722.033 230265.642)	100	333	0	6	false	1688	None
LINESTRING (3182722.033 230265.642, 3182675.107 230276.033)	100	333	0	7	false	1688	None
LINESTRING (3182675.107 230276.033, 3182534.161 230307.138)	100	333	0	8	false	1688	None
LINESTRING (3182534.161 230307.138, 3182487.11 230317.599)	100	333	0	9	false	1688	None
LINESTRING (3182487.11 230317.599, 3182468.433 230322.77)	100	333	0	10	false	1688	None
LINESTRING (3182468.433 230322.77, 3182412.316 230338.251)	100	333	0	11	false	1688	None
LINESTRING (3182412.316 230338.251, 3182393.554 230343.389)	100	333	0	12	false	1688	None
LINESTRING (3182393.554 230343.389, 3182364.673 230356.472)	100	333	0	13	false	1688	None
LINESTRING (3182364.673 230356.472, 3182334.773 230374.641)	100	333	0	14	false	1688	None
LINESTRING (3182334.773 230374.641, 3182287.359 230417.288)	100	333	0	15	false	1688	None
LINESTRING (3182287.359 230417.288, 3182255.805 230445.661)	100	333	0	16	false	1688	None
LINESTRING (3182255.805 230445.661, 3182234.834 230458.161)	100	333	0	17	false	1688	None
LINESTRING (3182234.834 230458.161, 3182208.937 230472.419)	100	333	0	18	false	1688	None
LINESTRING (3182208.937 230472.419, 3182163.364 230485.133)	100	333	0	19	false	1688	None
LINESTRING (3182163.364 230485.133, 3181961.839 230532.834)	100	333	0	20	false	1688	None
LINESTRING (3181961.839 230532.834, 3181941.024 230536.687)	100	333	0	21	false	1688	None
LINESTRING (3181941.024 230536.687, 3181919.916 230540.783)	100	333	0	22	false	1688	None
LINESTRING (3181919.916 230540.783, 3181822.637 230566.543)	100	333	0	23	false	1688	None
LINESTRING (3181822.637 230566.543, 3181758.671 230583.47)	100	333	0	24	false	1688	None
LINESTRING (3181758.671 230583.47, 3181751.755 230585.28)	100	333	0	25	false	1688	None
LINESTRING (3181751.755 230585.28, 3181660.734 230605.155)	100	333	0	26	false	1688	None
LINESTRING (3181660.734 230605.155, 3181566.175 230628.768)	100	333	0	27	false	1688	None
LINESTRING (3181566.175 230628.768, 3181542.05 230634.778)	100	333	0	28	false	1688	None
LINESTRING (3181542.05 230634.778, 3181502.371 230647.787)	100	333	0	29	false	1688	None
LINESTRING (3181502.371 230647.787, 3181481.111 230655.522)	100	333	0	30	false	1688	None
LINESTRING (3181481.111 230655.522, 3181392.033 230705.986)	100	333	0	31	false	1688	None
LINESTRING (3181392.033 230705.986, 3181374.537 230715.918)	100	333	0	32	false	1688	None
LINESTRING (3181374.537 230715.918, 3181304.663 230752.113)	100	333	0	33	false	1688	None
LINESTRING (3181304.663 230752.113, 3181204.467 230806.313)	100	333	0	34	false	1688	None
LINESTRING (3181204.467 230806.313, 3181061.788 230885.662)	100	333	0	35	false	1688	None
LINESTRING (3181061.788 230885.662, 3180999.177 230920.423)	100	333	0	36	false	1688	None
LINESTRING (3180999.177 230920.423, 3180952.1 230946.983)	100	333	0	37	false	1688	None
LINESTRING (3180952.1 230946.983, 3180916.686 230966.922)	100	333	0	38	false	1688	None
LINESTRING (3180916.686 230966.922, 3180810.366 231026.945)	100	333	0	39	false	1688	None
LINESTRING (3180810.366 231026.945, 3180774.827 231046.954)	100	333	0	40	false	1688	None
LINESTRING (3180774.827 231046.954, 3180603.013 231143.827)	100	333	0	41	false	1688	W:3180760.052 231055.2845119198
LINESTRING (3180751.609 226667.56, 3180770.538 226621.692)	100	333	0	483	false	1688	W:3180760.052 226647.10125817536
LINESTRING (3180770.538 226621.692, 3180773.837 226613.806)	100	333	0	484	false	1688	None
LINESTRING (3180773.837 226613.806, 3180778.839 226603.846)	100	333	0	485	false	1688	None
LINESTRING (3180778.839 226603.846, 3180788.345 226584.685)	100	333	0	486	false	1688	None
LINESTRING (3180788.345 226584.685, 3180801.959 226565.351)	100	333	0	487	false	1688	None
LINESTRING (3180801.959 226565.351, 3180811.257 226556.485)	100	333	0	488	false	1688	None
LINESTRING (3180811.257 226556.485, 3180824.849 226543.463)	100	333	0	489	false	1688	None
LINESTRING (3180824.849 226543.463, 3180825.434 226542.978)	100	333	0	490	false	1688	None
LINESTRING (3180825.434 226542.978, 3180842.795 226527.384)	100	333	0	491	false	1688	None
LINESTRING (3180842.795 226527.384, 3180888.367 226496.409)	100	333	0	492	false	1688	None
LINESTRING (3180888.367 226496.409, 3180906.68 226476.896)	100	333	0	493	false	1688	None
LINESTRING (3180906.68 226476.896, 3180934.003 226446.495)	100	333	0	494	false	1688	None
LINESTRING (3180934.003 226446.495, 3180963.282 226398.853)	100	333	0	495	false	1688	None
LINESTRING (3180963.282 226398.853, 3180983.961 226363.811)	100	333	0	496	false	1688	None
LINESTRING (3180983.961 226363.811, 3181081.662 226164.773)	100	333	0	497	false	1688	None
LINESTRING (3181081.662 226164.773, 3181116.771 226080.781)	100	333	0	498	false	1688	None
LINESTRING (3181116.771 226080.781, 3181079.701 226063.097)	100	333	0	499	false	1688	None
LINESTRING (3181079.701 226063.097, 3181034.564 226044.387)	100	333	0	500	false	1688	None
LINESTRING (3181034.564 226044.387, 3181014.243 226035.201)	100	333	0	501	false	1688	None
LINESTRING (3181014.243 226035.201, 3180999.85 226023.218)	100	333	0	502	false	1688	None
LINESTRING (3180999.85 226023.218, 3180981.102 226006.779)	100	333	0	503	false	1688	None
LINESTRING (3180981.102 226006.779, 3180970.12 225996.137)	100	333	0	504	false	1688	None
LINESTRING (3180970.12 225996.137, 3180959.743 225986.211)	100	333	0	505	false	1688	None
LINESTRING (3180959.743 225986.211, 3180946.559 225975.658)	100	333	0	506	false	1688	None
LINESTRING (3180946.559 225975.658, 3180928.851 225963.087)	100	333	0	507	false	1688	None
LINESTRING (3180928.851 225963.087, 3180899.449 225947.943)	100	333	0	508	false	1688	None
LINESTRING (3180899.449 225947.943, 3180868.34 225937.138)	100	333	0	509	false	1688	None
LINESTRING (3180868.34 225937.138, 3180859.563 225934.163)	100	333	0	510	false	1688	None
LINESTRING (3180859.563 225934.163, 3180845.643 225930.238)	100	333	0	511	false	1688	None
LINESTRING (3180845.643 225930.238, 3180830.729 225925.087)	100	333	0	512	false	1688	None
LINESTRING (3180830.729 225925.087, 3180810.293 225926.71)	100	333	0	513	false	1688	None
LINESTRING (3180810.293 225926.71, 3180732.67 225938.758)	100	333	0	514	false	1688	W:3180760.052 225934.50799245067
LINESTRING (3189343.448 229023.409, 3189298.425 229026.885)	100	333	0	1507	false	1688	E:3189315.719 229025.54981700465
LINESTRING (3189298.425 229026.885, 3189240.991 229033.1)	100	333	0	1508	false	1688	None
LINESTRING (3189240.991 229033.1, 3189240.06 229033.211)	100	333	0	1509	false	1688	None
LINESTRING (3189240.06 229033.211, 3189204.775 229036.233)	100	333	0	1510	false	1688	None
LINESTRING (3189204.775 229036.233, 3189157.051 229040.314)	100	333	0	1511	false	1688	None
LINESTRING (3189157.051 229040.314, 3189138.86 229041.967)	100	333	0	1512	false	1688	None
LINESTRING (3189138.86 229041.967, 3189090.165 229046.262)	100	333	0	1513	false	1688	None
LINESTRING (3189090.165 229046.262, 3189013.695 229054.276)	100	333	0	1514	false	1688	None
LINESTRING (3189013.695 229054.276, 3188965.776 229059.354)	100	333	0	1515	false	1688	None
LINESTRING (3188965.776 229059.354, 3188910.576 229062.158)	100	333	0	1516	false	1688	None
LINESTRING (3188910.576 229062.158, 3188906.554 229062.361)	100	333	0	1517	false	1688	None
LINESTRING (3188906.554 229062.361, 3188829.262 229069.217)	100	333	0	1518	false	1688	None
LINESTRING (3188829.262 229069.217, 3188744.955 229079.868)	100	333	0	1519	false	1688	None
LINESTRING (3188744.955 229079.868, 3188744.447 229079.907)	100	333	0	1520	false	1688	None
LINESTRING (3188744.447 229079.907, 3188689.019 229084.292)	100	333	0	1521	false	1688	None
LINESTRING (3188689.019 229084.292, 3188665.15 229085.853)	100	333	0	1522	false	1688	None
LINESTRING (3188665.15 229085.853, 3188628.005 229089.099)	100	333	0	1523	false	1688	None
LINESTRING (3188628.005 229089.099, 3188574.253 229094.981)	100	333	0	1524	false	1688	None
LINESTRING (3188574.253 229094.981, 3188540.412 229100.842)	100	333	0	1525	false	1688	None
LINESTRING (3188540.412 229100.842, 3188502.542 229106.427)	100	333	0	1526	false	1688	None
LINESTRING (3188502.542 229106.427, 3188454.818 229115.761)	100	333	0	1527	false	1688	None
LINESTRING (3188454.818 229115.761, 3188422.265 229125.353)	100	333	0	1528	false	1688	None
LINESTRING (3188422.265 229125.353, 3188390.016 229135.422)	100	333	0	1529	false	1688	None
LINESTRING (3188390.016 229135.422, 3188346.847 229151.445)	100	333	0	1530	false	1688	None
LINESTRING (3188346.847 229151.445, 3188271.821 229188.789)	100	333	0	1531	false	1688	None
LINESTRING (3188271.821 229188.789, 3188213.067 229221.097)	100	333	0	1532	false	1688	None
LINESTRING (3188213.067 229221.097, 3188208.783 229223.464)	100	333	0	1533	false	1688	None
LINESTRING (3188208.783 229223.464, 3188196.404 229230.871)	100	333	0	1534	false	1688	None
LINESTRING (3188196.404 229230.871, 3188112.835 229285.13)	100	333	0	1535	false	1688	None
LINESTRING (3188112.835 229285.13, 3188049.782 229321.35)	100	333	0	1536	false	1688	None
LINESTRING (3188049.782 229321.35, 3187984.194 229368.742)	100	333	0	1537	false	1688	None
LINESTRING (3187984.194 229368.742, 3187923.134 229418.397)	100	333	0	1538	false	1688	None
LINESTRING (3187923.134 229418.397, 3187837.752 229489.004)	100	333	0	1539	false	1688	None
LINESTRING (3187837.752 229489.004, 3187799.749 229520.668)	100	333	0	1540	false	1688	None
LINESTRING (3187799.749 229520.668, 3187727.38 229581.016)	100	333	0	1541	false	1688	None
LINESTRING (3187727.38 229581.016, 3187685.357 229615.629)	100	333	0	1542	false	1688	None
LINESTRING (3187685.357 229615.629, 3187647.139 229647.09)	100	333	0	1543	false	1688	None
LINESTRING (3187647.139 229647.09, 3187629.367 229661.677)	100	333	0	1544	false	1688	None
LINESTRING (3187629.367 229661.677, 3187601.937 229684.268)	100	333	0	1545	false	1688	None
LINESTRING (3187601.937 229684.268, 3187576.45 229706.431)	100	333	0	1546	false	1688	None
LINESTRING (3187576.45 229706.431, 3187558.901 229721.703)	100	333	0	1547	false	1688	None
LINESTRING (3187558.901 229721.703, 3187516.157 229758.895)	100	333	0	1548	false	1688	None
LINESTRING (3187516.157 229758.895, 3187490.038 229791.906)	100	333	0	1549	false	1688	None
LINESTRING (3187490.038 229791.906, 3187469.048 229827.894)	100	333	0	1550	false	1688	None
LINESTRING (3187469.048 229827.894, 3187453.93 229865.481)	100	333	0	1551	false	1688	None
LINESTRING (3187453.93 229865.481, 3187444.952 229900.24)	100	333	0	1552	false	1688	None
LINESTRING (3187444.952 229900.24, 3187435.468 229948.52)	100	333	0	1553	false	1688	None
LINESTRING (3187435.468 229948.52, 3187428.528 229991.6)	100	333	0	1554	false	1688	None
LINESTRING (3187428.528 229991.6, 3187420.597 230065.668)	100	333	0	1555	false	1688	None
LINESTRING (3187420.597 230065.668, 3187405.151 230157.294)	100	333	0	1556	false	1688	None
LINESTRING (3187405.151 230157.294, 3187396.233 230214.628)	100	333	0	1557	false	1688	None
LINESTRING (3187396.233 230214.628, 3187386.597 230272.036)	100	333	0	1558	false	1688	None
LINESTRING (3187386.597 230272.036, 3187379.206 230302.768)	100	333	0	1559	false	1688	None
LINESTRING (3187379.206 230302.768, 3187363.866 230342.415)	100	333	0	1560	false	1688	None
LINESTRING (3187363.866 230342.415, 3187342.51 230379.333)	100	333	0	1561	false	1688	None
LINESTRING (3187342.51 230379.333, 3187333.372 230396.012)	100	333	0	1562	false	1688	None
LINESTRING (3187333.372 230396.012, 3187311.232 230420.928)	100	333	0	1563	false	1688	None
LINESTRING (3187311.232 230420.928, 3187298.016 230434.209)	100	333	0	1564	false	1688	None
LINESTRING (3187298.016 230434.209, 3187278.781 230455.259)	100	333	0	1565	false	1688	None
LINESTRING (3187278.781 230455.259, 3187250.673 230491.065)	100	333	0	1566	false	1688	None
LINESTRING (3187250.673 230491.065, 3187229.38 230526.576)	100	333	0	1567	false	1688	None
LINESTRING (3187229.38 230526.576, 3187214.754 230563.164)	100	333	0	1568	false	1688	None
LINESTRING (3187214.754 230563.164, 3187204.534 230607.814)	100	333	0	1569	false	1688	None
LINESTRING (3187204.534 230607.814, 3187198.429 230639.53)	100	333	0	1570	false	1688	None
LINESTRING (3187198.429 230639.53, 3187188.812 230674.157)	100	333	0	1571	false	1688	None
LINESTRING (3187188.812 230674.157, 3187176.93 230696.794)	100	333	0	1572	false	1688	None
LINESTRING (3187176.93 230696.794, 3187166.058 230716.37)	100	333	0	1573	false	1688	None
LINESTRING (3187166.058 230716.37, 3187152.016 230738.99)	100	333	0	1574	false	1688	None
LINESTRING (3187152.016 230738.99, 3187131.338 230765.198)	100	333	0	1575	false	1688	None
LINESTRING (3187131.338 230765.198, 3187123.338 230776.242)	100	333	0	1576	false	1688	None
LINESTRING (3187123.338 230776.242, 3187109.657 230794.948)	100	333	0	1577	false	1688	None
LINESTRING (3187109.657 230794.948, 3187079.837 230829.602)	100	333	0	1578	false	1688	None
LINESTRING (3187079.837 230829.602, 3187035.297 230860.121)	100	333	0	1579	false	1688	None
LINESTRING (3187035.297 230860.121, 3187022.641 230865.988)	100	333	0	1580	false	1688	None
LINESTRING (3187022.641 230865.988, 3187008.514 230872.587)	100	333	0	1581	false	1688	None
LINESTRING (3187008.514 230872.587, 3186974.202 230877.67)	100	333	0	1582	false	1688	None
LINESTRING (3186974.202 230877.67, 3186886.472 230887.579)	100	333	0	1583	false	1688	None
LINESTRING (3186886.472 230887.579, 3186840.777 230901.297)	100	333	0	1584	false	1688	None
LINESTRING (3186840.777 230901.297, 3186836.698 230903.149)	100	333	0	1585	false	1688	None
LINESTRING (3186836.698 230903.149, 3186803.31 230918.38)	100	333	0	1586	false	1688	None
LINESTRING (3186803.31 230918.38, 3186777.604 230934.611)	100	333	0	1587	false	1688	None
LINESTRING (3186777.604 230934.611, 3186748.46 230953.067)	100	333	0	1588	false	1688	None
LINESTRING (3186748.46 230953.067, 3186745.115 230955.805)	100	333	0	1589	false	1688	None
LINESTRING (3186745.115 230955.805, 3186653.444 231032.17)	100	333	0	1590	false	1688	None
LINESTRING (3186653.444 231032.17, 3186635.593 231046.966)	100	333	0	1591	false	1688	None
LINESTRING (3186635.593 231046.966, 3186622.584 231057.227)	100	333	0	1592	false	1688	None
LINESTRING (3186622.584 231057.227, 3186589.746 231083.056)	100	333	0	1593	false	1688	None
LINESTRING (3186589.746 231083.056, 3186548.792 231115.229)	100	333	0	1594	false	1688	None
LINESTRING (3186548.792 231115.229, 3186491.46 231161.466)	100	333	0	1595	false	1688	None
LINESTRING (3186491.46 231161.466, 3186470.802 231178.138)	100	333	0	1596	false	1688	None
LINESTRING (3186470.802 231178.138, 3186458.756 231187.706)	100	333	0	1597	false	1688	None
LINESTRING (3186458.756 231187.706, 3186450.851 231194.015)	100	333	0	1598	false	1688	None
LINESTRING (3186450.851 231194.015, 3186427.137 231212.942)	100	333	0	1599	false	1688	None
LINESTRING (3186427.137 231212.942, 3186419.147 231219.217)	100	333	0	1600	false	1688	None
LINESTRING (3186419.147 231219.217, 3186392.67 231240.157)	100	333	0	1601	false	1688	None
LINESTRING (3186392.67 231240.157, 3186383.384 231247.472)	100	333	0	1602	false	1688	None
LINESTRING (3186383.384 231247.472, 3186359.595 231264.341)	100	333	0	1603	false	1688	None
LINESTRING (3186359.595 231264.341, 3186312.982 231297.386)	100	333	0	1604	false	1688	None
LINESTRING (3186312.982 231297.386, 3186259.096 231325.893)	100	333	0	1605	false	1688	None
LINESTRING (3186259.096 231325.893, 3186191.481 231351.254)	100	333	0	1606	false	1688	None
LINESTRING (3186191.481 231351.254, 3186166.569 231358.733)	100	333	0	1607	false	1688	None
LINESTRING (3186166.569 231358.733, 3186126.483 231370.728)	100	333	0	1608	false	1688	None
LINESTRING (3186126.483 231370.728, 3186112.19 231374.757)	100	333	0	1609	false	1688	None
LINESTRING (3186112.19 231374.757, 3186105.78 231376.525)	100	333	0	1610	false	1688	None
LINESTRING (3186105.78 231376.525, 3186099.456 231378.327)	100	333	0	1611	false	1688	None
LINESTRING (3186099.456 231378.327, 3186088.916 231381.33)	100	333	0	1612	false	1688	None
LINESTRING (3186088.916 231381.33, 3186080.821 231383.627)	100	333	0	1613	false	1688	None
LINESTRING (3186080.821 231383.627, 3186072.925 231385.167)	100	333	0	1614	false	1688	None
LINESTRING (3186072.925 231385.167, 3185998.37 231400.158)	100	333	0	1615	false	1688	None
LINESTRING (3185998.37 231400.158, 3185992.879 231401.095)	100	333	0	1616	false	1688	None
LINESTRING (3185992.879 231401.095, 3185966.058 231405.674)	100	333	0	1617	false	1688	None
LINESTRING (3185966.058 231405.674, 3185959.089 231406.863)	100	333	0	1618	false	1688	None
LINESTRING (3185959.089 231406.863, 3185918.487 231407.679)	100	333	0	1619	false	1688	None
LINESTRING (3185918.487 231407.679, 3185894.706 231406.298)	100	333	0	1620	false	1688	None
LINESTRING (3185894.706 231406.298, 3185880.547 231405.488)	100	333	0	1621	false	1688	None
LINESTRING (3185880.547 231405.488, 3185843.816 231396.735)	100	333	0	1622	false	1688	None
LINESTRING (3185843.816 231396.735, 3185803.529 231382.762)	100	333	0	1623	false	1688	None
LINESTRING (3185803.529 231382.762, 3185716.304 231333.463)	100	333	0	1624	false	1688	None
LINESTRING (3185716.304 231333.463, 3185673.45 231307.264)	100	333	0	1625	false	1688	None
LINESTRING (3185673.45 231307.264, 3185655.029 231296.781)	100	333	0	1626	false	1688	None
LINESTRING (3185655.029 231296.781, 3185590.498 231260.367)	100	333	0	1627	false	1688	None
LINESTRING (3185590.498 231260.367, 3185581.577 231256.015)	100	333	0	1628	false	1688	None
LINESTRING (3185581.577 231256.015, 3185541.708 231236.482)	100	333	0	1629	false	1688	None
LINESTRING (3185541.708 231236.482, 3185489.908 231214.99)	100	333	0	1630	false	1688	None
LINESTRING (3185489.908 231214.99, 3185484.026 231212.671)	100	333	0	1631	false	1688	None
LINESTRING (3185484.026 231212.671, 3185468.123 231206.045)	100	333	0	1632	false	1688	None
LINESTRING (3185468.123 231206.045, 3185384.577 231180.392)	100	333	0	1633	false	1688	None
LINESTRING (3185384.577 231180.392, 3185326.151 231165.715)	100	333	0	1634	false	1688	None
LINESTRING (3185326.151 231165.715, 3185196.823 231142.778)	100	333	0	1635	false	1688	None
LINESTRING (3185196.823 231142.778, 3185097.185 231125.222)	100	333	0	1636	false	1688	None
LINESTRING (3185097.185 231125.222, 3185040.229 231115.063)	100	333	0	1637	false	1688	None
LINESTRING (3185040.229 231115.063, 3185008.334 231109.533)	100	333	0	1638	false	1688	None
LINESTRING (3185008.334 231109.533, 3184925.869 231095.883)	100	333	0	1639	false	1688	None
LINESTRING (3184925.869 231095.883, 3184869.002 231085.999)	100	333	0	1640	false	1688	None
LINESTRING (3184869.002 231085.999, 3184811.883 231076.255)	100	333	0	1641	false	1688	None
LINESTRING (3184811.883 231076.255, 3184747.294 231065.476)	100	333	0	1642	false	1688	None
LINESTRING (3184747.294 231065.476, 3184693.492 231056.563)	100	333	0	1643	false	1688	None
LINESTRING (3184693.492 231056.563, 3184553.743 231030.843)	100	333	0	1644	false	1688	None
LINESTRING (3184553.743 231030.843, 3184547.117 231029.663)	100	333	0	1645	false	1688	None
LINESTRING (3184547.117 231029.663, 3184492.163 231009.679)	100	333	0	1646	false	1688	None
LINESTRING (3184492.163 231009.679, 3184469.121 230998.93)	100	333	0	1647	false	1688	None
LINESTRING (3184469.121 230998.93, 3184427.687 230974.372)	100	333	0	1648	false	1688	None
LINESTRING (3184427.687 230974.372, 3184368.214 230939.366)	100	333	0	1649	false	1688	None
LINESTRING (3184368.214 230939.366, 3184238.639 230859.083)	100	333	0	1650	false	1688	None
LINESTRING (3184238.639 230859.083, 3184234.747 230856.715)	100	333	0	1651	false	1688	None
LINESTRING (3184234.747 230856.715, 3184185.705 230825.224)	100	333	0	1652	false	1688	None
LINESTRING (3184185.705 230825.224, 3184175.964 230819.954)	100	333	0	1653	false	1688	None
LINESTRING (3184175.964 230819.954, 3184152.27 230805.608)	100	333	0	1654	false	1688	None
LINESTRING (3184152.27 230805.608, 3184133.669 230794.582)	100	333	0	1655	false	1688	None
LINESTRING (3184133.669 230794.582, 3184102.423 230779.408)	100	333	0	1656	false	1688	None
LINESTRING (3184102.423 230779.408, 3184078.39 230767.673)	100	333	0	1657	false	1688	None
LINESTRING (3184078.39 230767.673, 3184069.769 230763.561)	100	333	0	1658	false	1688	None
LINESTRING (3184069.769 230763.561, 3184052.687 230757.427)	100	333	0	1659	false	1688	None
LINESTRING (3184052.687 230757.427, 3183997.733 230734.942)	100	333	0	1660	false	1688	None
LINESTRING (3183997.733 230734.942, 3183945.377 230718.611)	100	333	0	1661	false	1688	None
LINESTRING (3183945.377 230718.611, 3183927.888 230713.51)	100	333	0	1662	false	1688	None
LINESTRING (3183927.888 230713.51, 3183852.111 230691.89)	100	333	0	1663	false	1688	None
LINESTRING (3183852.111 230691.89, 3183810.329 230679.963)	100	333	0	1664	false	1688	None
LINESTRING (3183810.329 230679.963, 3183746.579 230658.31)	100	333	0	1665	false	1688	None
LINESTRING (3183746.579 230658.31, 3183707.939 230646.906)	100	333	0	1666	false	1688	None
LINESTRING (3183707.939 230646.906, 3183560.208 230599.211)	100	333	0	1667	false	1688	None
LINESTRING (3183560.208 230599.211, 3183531.046 230587.247)	100	333	0	1668	false	1688	None
LINESTRING (3183531.046 230587.247, 3183489.919 230560.907)	100	333	0	1669	false	1688	None
LINESTRING (3183489.919 230560.907, 3183479.907 230554.577)	100	333	0	1670	false	1688	None
LINESTRING (3183479.907 230554.577, 3183425.064 230515.558)	100	333	0	1671	false	1688	None
LINESTRING (3183425.064 230515.558, 3183354.652 230461.818)	100	333	0	1672	false	1688	None
LINESTRING (3183354.652 230461.818, 3183289.961 230411.048)	100	333	0	1673	false	1688	None
LINESTRING (3183289.961 230411.048, 3183248.05 230378.198)	100	333	0	1674	false	1688	None
LINESTRING (3183248.05 230378.198, 3183188.103 230332.637)	100	333	0	1675	false	1688	None
LINESTRING (3183188.103 230332.637, 3183146.361 230299.855)	100	333	0	1676	false	1688	None
LINESTRING (3183146.361 230299.855, 3183120.679 230280.554)	100	333	0	1677	false	1688	None
LINESTRING (3183120.679 230280.554, 3183118.15 230278.723)	100	333	0	1678	false	1688	None
LINESTRING (3183118.15 230278.723, 3183110.398 230273.404)	100	333	0	1679	false	1688	None
LINESTRING (3183110.398 230273.404, 3183107.744 230271.643)	100	333	0	1680	false	1688	None
LINESTRING (3183107.744 230271.643, 3183077.278 230257.736)	100	333	0	1681	false	1688	None
LINESTRING (3183077.278 230257.736, 3183067.422 230253.258)	100	333	0	1682	false	1688	None
LINESTRING (3183067.422 230253.258, 3183051.509 230246.156)	100	333	0	1683	false	1688	None
LINESTRING (3183051.509 230246.156, 3183020.533 230237.297)	100	333	0	1684	false	1688	None
LINESTRING (3183020.533 230237.297, 3182988.979 230229.404)	100	333	0	1685	false	1688	None
LINESTRING (3182988.979 230229.404, 3182981.167 230228.236)	100	333	0	1686	false	1688	None
LINESTRING (3182981.167 230228.236, 3182965.207 230226.006)	100	333	0	1687	false	1688	None
LINESTRING (3182965.207 230226.006, 3182947.361 230225.062)	100	333	0	1688	false	1688	None
LINESTRING (3180732.67 225938.758, 3180810.293 225926.71)	100	334	0	330	false	2222	W:3180760.052 225934.50799245067
LINESTRING (3180810.293 225926.71, 3180830.729 225925.087)	100	334	0	331	false	2222	None
LINESTRING (3180830.729 225925.087, 3180845.643 225930.238)	100	334	0	332	false	2222	None
LINESTRING (3180845.643 225930.238, 3180859.563 225934.163)	100	334	0	333	false	2222	None
LINESTRING (3180859.563 225934.163, 3180868.34 225937.138)	100	334	0	334	false	2222	None
LINESTRING (3180868.34 225937.138, 3180899.449 225947.943)	100	334	0	335	false	2222	None
LINESTRING (3180899.449 225947.943, 3180928.851 225963.087)	100	334	0	336	false	2222	None
LINESTRING (3180928.851 225963.087, 3180946.559 225975.658)	100	334	0	337	false	2222	None
LINESTRING (3180946.559 225975.658, 3180959.743 225986.211)	100	334	0	338	false	2222	None
LINESTRING (3180959.743 225986.211, 3180970.12 225996.137)	100	334	0	339	false	2222	None
LINESTRING (3180970.12 225996.137, 3180981.102 226006.779)	100	334	0	340	false	2222	None
LINESTRING (3180981.102 226006.779, 3180999.85 226023.218)	100	334	0	341	false	2222	None
LINESTRING (3180999.85 226023.218, 3181014.243 226035.201)	100	334	0	342	false	2222	None
LINESTRING (3181014.243 226035.201, 3181034.564 226044.387)	100	334	0	343	false	2222	None
LINESTRING (3181034.564 226044.387, 3181079.701 226063.097)	100	334	0	344	false	2222	None
LINESTRING (3181079.701 226063.097, 3181116.771 226080.781)	100	334	0	345	false	2222	None
LINESTRING (3181116.771 226080.781, 3181081.662 226164.773)	100	334	0	346	false	2222	None
LINESTRING (3181081.662 226164.773, 3180983.961 226363.811)	100	334	0	347	false	2222	None
LINESTRING (3180983.961 226363.811, 3180963.282 226398.853)	100	334	0	348	false	2222	None
LINESTRING (3180963.282 226398.853, 3180934.003 226446.495)	100	334	0	349	false	2222	None
LINESTRING (3180934.003 226446.495, 3180906.68 226476.896)	100	334	0	350	false	2222	None
LINESTRING (3180906.68 226476.896, 3180888.367 226496.409)	100	334	0	351	false	2222	None
LINESTRING (3180888.367 226496.409, 3180842.795 226527.384)	100	334	0	352	false	2222	None
LINESTRING (3180842.795 226527.384, 3180825.434 226542.978)	100	334	0	353	false	2222	None
LINESTRING (3180825.434 226542.978, 3180824.849 226543.463)	100	334	0	354	false	2222	None
LINESTRING (3180824.849 226543.463, 3180811.257 226556.485)	100	334	0	355	false	2222	None
LINESTRING (3180811.257 226556.485, 3180801.959 226565.351)	100	334	0	356	false	2222	None
LINESTRING (3180801.959 226565.351, 3180788.345 226584.685)	100	334	0	357	false	2222	None
LINESTRING (3180788.345 226584.685, 3180778.839 226603.846)	100	334	0	358	false	2222	None
LINESTRING (3180778.839 226603.846, 3180773.837 226613.806)	100	334	0	359	false	2222	None
LINESTRING (3180773.837 226613.806, 3180770.538 226621.692)	100	334	0	360	false	2222	None
LINESTRING (3180770.538 226621.692, 3180751.609 226667.56)	100	334	0	361	false	2222	W:3180760.052 226647.10125817536
LINESTRING (3183067.422 230253.258, 3183077.278 230257.736)	100	336	0	0	false	1543	None
LINESTRING (3183077.278 230257.736, 3183107.744 230271.643)	100	336	0	1	false	1543	None
LINESTRING (3183107.744 230271.643, 3183110.398 230273.404)	100	336	0	2	false	1543	None
LINESTRING (3183110.398 230273.404, 3183118.15 230278.723)	100	336	0	3	false	1543	None
LINESTRING (3183118.15 230278.723, 3183120.679 230280.554)	100	336	0	4	false	1543	None
LINESTRING (3183120.679 230280.554, 3183146.361 230299.855)	100	336	0	5	false	1543	None
LINESTRING (3183146.361 230299.855, 3183188.103 230332.637)	100	336	0	6	false	1543	None
LINESTRING (3183188.103 230332.637, 3183248.05 230378.198)	100	336	0	7	false	1543	None
LINESTRING (3183248.05 230378.198, 3183289.961 230411.048)	100	336	0	8	false	1543	None
LINESTRING (3183289.961 230411.048, 3183354.652 230461.818)	100	336	0	9	false	1543	None
LINESTRING (3183354.652 230461.818, 3183425.064 230515.558)	100	336	0	10	false	1543	None
LINESTRING (3183425.064 230515.558, 3183479.907 230554.577)	100	336	0	11	false	1543	None
LINESTRING (3183479.907 230554.577, 3183489.919 230560.907)	100	336	0	12	false	1543	None
LINESTRING (3183489.919 230560.907, 3183531.046 230587.247)	100	336	0	13	false	1543	None
LINESTRING (3183531.046 230587.247, 3183560.208 230599.211)	100	336	0	14	false	1543	None
LINESTRING (3183560.208 230599.211, 3183707.939 230646.906)	100	336	0	15	false	1543	None
LINESTRING (3183707.939 230646.906, 3183746.579 230658.31)	100	336	0	16	false	1543	None
LINESTRING (3183746.579 230658.31, 3183810.329 230679.963)	100	336	0	17	false	1543	None
LINESTRING (3183810.329 230679.963, 3183852.111 230691.89)	100	336	0	18	false	1543	None
LINESTRING (3183852.111 230691.89, 3183927.888 230713.51)	100	336	0	19	false	1543	None
LINESTRING (3183927.888 230713.51, 3183945.377 230718.611)	100	336	0	20	false	1543	None
LINESTRING (3183945.377 230718.611, 3183997.733 230734.942)	100	336	0	21	false	1543	None
LINESTRING (3183997.733 230734.942, 3184052.687 230757.427)	100	336	0	22	false	1543	None
LINESTRING (3184052.687 230757.427, 3184069.769 230763.561)	100	336	0	23	false	1543	None
LINESTRING (3184069.769 230763.561, 3184078.39 230767.673)	100	336	0	24	false	1543	None
LINESTRING (3184078.39 230767.673, 3184102.423 230779.408)	100	336	0	25	false	1543	None
LINESTRING (3184102.423 230779.408, 3184133.669 230794.582)	100	336	0	26	false	1543	None
LINESTRING (3184133.669 230794.582, 3184152.27 230805.608)	100	336	0	27	false	1543	None
LINESTRING (3184152.27 230805.608, 3184175.964 230819.954)	100	336	0	28	false	1543	None
LINESTRING (3184175.964 230819.954, 3184185.705 230825.224)	100	336	0	29	false	1543	None
LINESTRING (3184185.705 230825.224, 3184234.747 230856.715)	100	336	0	30	false	1543	None
LINESTRING (3184234.747 230856.715, 3184238.639 230859.083)	100	336	0	31	false	1543	None
LINESTRING (3184238.639 230859.083, 3184368.214 230939.366)	100	336	0	32	false	1543	None
LINESTRING (3184368.214 230939.366, 3184427.687 230974.372)	100	336	0	33	false	1543	None
LINESTRING (3184427.687 230974.372, 3184469.121 230998.93)	100	336	0	34	false	1543	None
LINESTRING (3184469.121 230998.93, 3184492.163 231009.679)	100	336	0	35	false	1543	None
LINESTRING (3184492.163 231009.679, 3184547.117 231029.663)	100	336	0	36	false	1543	None
LINESTRING (3184547.117 231029.663, 3184553.743 231030.843)	100	336	0	37	false	1543	None
LINESTRING (3184553.743 231030.843, 3184693.492 231056.563)	100	336	0	38	false	1543	None
LINESTRING (3184693.492 231056.563, 3184747.294 231065.476)	100	336	0	39	false	1543	None
LINESTRING (3184747.294 231065.476, 3184811.883 231076.255)	100	336	0	40	false	1543	None
LINESTRING (3184811.883 231076.255, 3184869.002 231085.999)	100	336	0	41	false	1543	None
LINESTRING (3184869.002 231085.999, 3184925.869 231095.883)	100	336	0	42	false	1543	None
LINESTRING (3184925.869 231095.883, 3185008.334 231109.533)	100	336	0	43	false	1543	None
LINESTRING (3185008.334 231109.533, 3185040.229 231115.063)	100	336	0	44	false	1543	None
LINESTRING (3185040.229 231115.063, 3185097.185 231125.222)	100	336	0	45	false	1543	None
LINESTRING (3185097.185 231125.222, 3185196.823 231142.778)	100	336	0	46	false	1543	None
LINESTRING (3185196.823 231142.778, 3185326.151 231165.715)	100	336	0	47	false	1543	None
LINESTRING (3185326.151 231165.715, 3185384.577 231180.392)	100	336	0	48	false	1543	None
LINESTRING (3185384.577 231180.392, 3185468.123 231206.045)	100	336	0	49	false	1543	None
LINESTRING (3185468.123 231206.045, 3185484.026 231212.671)	100	336	0	50	false	1543	None
LINESTRING (3185484.026 231212.671, 3185489.908 231214.99)	100	336	0	51	false	1543	None
LINESTRING (3185489.908 231214.99, 3185541.708 231236.482)	100	336	0	52	false	1543	None
LINESTRING (3185541.708 231236.482, 3185581.577 231256.015)	100	336	0	53	false	1543	None
LINESTRING (3185581.577 231256.015, 3185590.498 231260.367)	100	336	0	54	false	1543	None
LINESTRING (3185590.498 231260.367, 3185655.029 231296.781)	100	336	0	55	false	1543	None
LINESTRING (3185655.029 231296.781, 3185673.45 231307.264)	100	336	0	56	false	1543	None
LINESTRING (3185673.45 231307.264, 3185716.304 231333.463)	100	336	0	57	false	1543	None
LINESTRING (3185716.304 231333.463, 3185803.529 231382.762)	100	336	0	58	false	1543	None
LINESTRING (3185803.529 231382.762, 3185843.816 231396.735)	100	336	0	59	false	1543	None
LINESTRING (3185843.816 231396.735, 3185880.547 231405.488)	100	336	0	60	false	1543	None
LINESTRING (3185880.547 231405.488, 3185894.706 231406.298)	100	336	0	61	false	1543	None
LINESTRING (3185894.706 231406.298, 3185918.487 231407.679)	100	336	0	62	false	1543	None
LINESTRING (3185918.487 231407.679, 3185959.089 231406.863)	100	336	0	63	false	1543	None
LINESTRING (3185959.089 231406.863, 3185966.058 231405.674)	100	336	0	64	false	1543	None
LINESTRING (3185966.058 231405.674, 3185992.879 231401.095)	100	336	0	65	false	1543	None
LINESTRING (3185992.879 231401.095, 3185998.37 231400.158)	100	336	0	66	false	1543	None
LINESTRING (3185998.37 231400.158, 3186072.925 231385.167)	100	336	0	67	false	1543	None
LINESTRING (3186072.925 231385.167, 3186080.821 231383.627)	100	336	0	68	false	1543	None
LINESTRING (3186080.821 231383.627, 3186088.916 231381.33)	100	336	0	69	false	1543	None
LINESTRING (3186088.916 231381.33, 3186099.456 231378.327)	100	336	0	70	false	1543	None
LINESTRING (3186099.456 231378.327, 3186105.78 231376.525)	100	336	0	71	false	1543	None
LINESTRING (3186105.78 231376.525, 3186112.19 231374.757)	100	336	0	72	false	1543	None
LINESTRING (3186112.19 231374.757, 3186126.483 231370.728)	100	336	0	73	false	1543	None
LINESTRING (3186126.483 231370.728, 3186166.569 231358.733)	100	336	0	74	false	1543	None
LINESTRING (3186166.569 231358.733, 3186191.481 231351.254)	100	336	0	75	false	1543	None
LINESTRING (3186191.481 231351.254, 3186259.096 231325.893)	100	336	0	76	false	1543	None
LINESTRING (3186259.096 231325.893, 3186312.982 231297.386)	100	336	0	77	false	1543	None
LINESTRING (3186312.982 231297.386, 3186359.595 231264.341)	100	336	0	78	false	1543	None
LINESTRING (3186359.595 231264.341, 3186383.384 231247.472)	100	336	0	79	false	1543	None
LINESTRING (3186383.384 231247.472, 3186392.67 231240.157)	100	336	0	80	false	1543	None
LINESTRING (3186392.67 231240.157, 3186419.147 231219.217)	100	336	0	81	false	1543	None
LINESTRING (3186419.147 231219.217, 3186427.137 231212.942)	100	336	0	82	false	1543	None
LINESTRING (3186427.137 231212.942, 3186450.851 231194.015)	100	336	0	83	false	1543	None
LINESTRING (3186450.851 231194.015, 3186458.756 231187.706)	100	336	0	84	false	1543	None
LINESTRING (3186458.756 231187.706, 3186470.802 231178.138)	100	336	0	85	false	1543	None
LINESTRING (3186470.802 231178.138, 3186491.46 231161.466)	100	336	0	86	false	1543	None
LINESTRING (3186491.46 231161.466, 3186548.792 231115.229)	100	336	0	87	false	1543	None
LINESTRING (3186548.792 231115.229, 3186589.746 231083.056)	100	336	0	88	false	1543	None
LINESTRING (3186589.746 231083.056, 3186622.584 231057.227)	100	336	0	89	false	1543	None
LINESTRING (3186622.584 231057.227, 3186635.593 231046.966)	100	336	0	90	false	1543	None
LINESTRING (3186635.593 231046.966, 3186653.444 231032.17)	100	336	0	91	false	1543	None
LINESTRING (3186653.444 231032.17, 3186745.115 230955.805)	100	336	0	92	false	1543	None
LINESTRING (3186745.115 230955.805, 3186748.46 230953.067)	100	336	0	93	false	1543	None
LINESTRING (3186748.46 230953.067, 3186777.604 230934.611)	100	336	0	94	false	1543	None
LINESTRING (3186777.604 230934.611, 3186803.31 230918.38)	100	336	0	95	false	1543	None
LINESTRING (3186803.31 230918.38, 3186836.698 230903.149)	100	336	0	96	false	1543	None
LINESTRING (3186836.698 230903.149, 3186840.777 230901.297)	100	336	0	97	false	1543	None
LINESTRING (3186840.777 230901.297, 3186886.472 230887.579)	100	336	0	98	false	1543	None
LINESTRING (3186886.472 230887.579, 3186974.202 230877.67)	100	336	0	99	false	1543	None
LINESTRING (3186974.202 230877.67, 3187008.514 230872.587)	100	336	0	100	false	1543	None
LINESTRING (3187008.514 230872.587, 3187022.641 230865.988)	100	336	0	101	false	1543	None
LINESTRING (3187022.641 230865.988, 3187035.297 230860.121)	100	336	0	102	false	1543	None
LINESTRING (3187035.297 230860.121, 3187079.837 230829.602)	100	336	0	103	false	1543	None
LINESTRING (3187079.837 230829.602, 3187109.657 230794.948)	100	336	0	104	false	1543	None
LINESTRING (3187109.657 230794.948, 3187123.338 230776.242)	100	336	0	105	false	1543	None
LINESTRING (3187123.338 230776.242, 3187131.338 230765.198)	100	336	0	106	false	1543	None
LINESTRING (3187131.338 230765.198, 3187152.016 230738.99)	100	336	0	107	false	1543	None
LINESTRING (3187152.016 230738.99, 3187166.058 230716.37)	100	336	0	108	false	1543	None
LINESTRING (3187166.058 230716.37, 3187176.93 230696.794)	100	336	0	109	false	1543	None
LINESTRING (3187176.93 230696.794, 3187188.812 230674.157)	100	336	0	110	false	1543	None
LINESTRING (3187188.812 230674.157, 3187198.429 230639.53)	100	336	0	111	false	1543	None
LINESTRING (3187198.429 230639.53, 3187204.534 230607.814)	100	336	0	112	false	1543	None
LINESTRING (3187204.534 230607.814, 3187214.754 230563.164)	100	336	0	113	false	1543	None
LINESTRING (3187214.754 230563.164, 3187229.38 230526.576)	100	336	0	114	false	1543	None
LINESTRING (3187229.38 230526.576, 3187250.673 230491.065)	100	336	0	115	false	1543	None
LINESTRING (3187250.673 230491.065, 3187278.781 230455.259)	100	336	0	116	false	1543	None
LINESTRING (3187278.781 230455.259, 3187298.016 230434.209)	100	336	0	117	false	1543	None
LINESTRING (3187298.016 230434.209, 3187311.232 230420.928)	100	336	0	118	false	1543	None
LINESTRING (3187311.232 230420.928, 3187333.372 230396.012)	100	336	0	119	false	1543	None
LINESTRING (3187333.372 230396.012, 3187342.51 230379.333)	100	336	0	120	false	1543	None
LINESTRING (3187342.51 230379.333, 3187363.866 230342.415)	100	336	0	121	false	1543	None
LINESTRING (3187363.866 230342.415, 3187379.206 230302.768)	100	336	0	122	false	1543	None
LINESTRING (3187379.206 230302.768, 3187386.597 230272.036)	100	336	0	123	false	1543	None
LINESTRING (3187386.597 230272.036, 3187396.233 230214.628)	100	336	0	124	false	1543	None
LINESTRING (3187396.233 230214.628, 3187405.151 230157.294)	100	336	0	125	false	1543	None
LINESTRING (3187405.151 230157.294, 3187420.597 230065.668)	100	336	0	126	false	1543	None
LINESTRING (3187420.597 230065.668, 3187428.528 229991.6)	100	336	0	127	false	1543	None
LINESTRING (3187428.528 229991.6, 3187435.468 229948.52)	100	336	0	128	false	1543	None
LINESTRING (3187435.468 229948.52, 3187444.952 229900.24)	100	336	0	129	false	1543	None
LINESTRING (3187444.952 229900.24, 3187453.93 229865.481)	100	336	0	130	false	1543	None
LINESTRING (3187453.93 229865.481, 3187469.048 229827.894)	100	336	0	131	false	1543	None
LINESTRING (3187469.048 229827.894, 3187490.038 229791.906)	100	336	0	132	false	1543	None
LINESTRING (3187490.038 229791.906, 3187516.157 229758.895)	100	336	0	133	false	1543	None
LINESTRING (3187516.157 229758.895, 3187558.901 229721.703)	100	336	0	134	false	1543	None
LINESTRING (3187558.901 229721.703, 3187576.45 229706.431)	100	336	0	135	false	1543	None
LINESTRING (3187576.45 229706.431, 3187601.937 229684.268)	100	336	0	136	false	1543	None
LINESTRING (3187601.937 229684.268, 3187629.367 229661.677)	100	336	0	137	false	1543	None
LINESTRING (3187629.367 229661.677, 3187647.139 229647.09)	100	336	0	138	false	1543	None
LINESTRING (3187647.139 229647.09, 3187685.357 229615.629)	100	336	0	139	false	1543	None
LINESTRING (3187685.357 229615.629, 3187727.38 229581.016)	100	336	0	140	false	1543	None
LINESTRING (3187727.38 229581.016, 3187799.749 229520.668)	100	336	0	141	false	1543	None
LINESTRING (3187799.749 229520.668, 3187837.752 229489.004)	100	336	0	142	false	1543	None
LINESTRING (3187837.752 229489.004, 3187923.134 229418.397)	100	336	0	143	false	1543	None
LINESTRING (3187923.134 229418.397, 3187984.194 229368.742)	100	336	0	144	false	1543	None
LINESTRING (3187984.194 229368.742, 3188049.782 229321.35)	100	336	0	145	false	1543	None
LINESTRING (3188049.782 229321.35, 3188112.835 229285.13)	100	336	0	146	false	1543	None
LINESTRING (3188112.835 229285.13, 3188196.404 229230.871)	100	336	0	147	false	1543	None
LINESTRING (3188196.404 229230.871, 3188208.783 229223.464)	100	336	0	148	false	1543	None
LINESTRING (3188208.783 229223.464, 3188213.067 229221.097)	100	336	0	149	false	1543	None
LINESTRING (3188213.067 229221.097, 3188271.821 229188.789)	100	336	0	150	false	1543	None
LINESTRING (3188271.821 229188.789, 3188346.847 229151.445)	100	336	0	151	false	1543	None
LINESTRING (3188346.847 229151.445, 3188390.016 229135.422)	100	336	0	152	false	1543	None
LINESTRING (3188390.016 229135.422, 3188422.265 229125.353)	100	336	0	153	false	1543	None
LINESTRING (3188422.265 229125.353, 3188454.818 229115.761)	100	336	0	154	false	1543	None
LINESTRING (3188454.818 229115.761, 3188502.542 229106.427)	100	336	0	155	false	1543	None
LINESTRING (3188502.542 229106.427, 3188540.412 229100.842)	100	336	0	156	false	1543	None
LINESTRING (3188540.412 229100.842, 3188574.253 229094.981)	100	336	0	157	false	1543	None
LINESTRING (3188574.253 229094.981, 3188628.005 229089.099)	100	336	0	158	false	1543	None
LINESTRING (3188628.005 229089.099, 3188665.15 229085.853)	100	336	0	159	false	1543	None
LINESTRING (3188665.15 229085.853, 3188689.019 229084.292)	100	336	0	160	false	1543	None
LINESTRING (3188689.019 229084.292, 3188744.447 229079.907)	100	336	0	161	false	1543	None
LINESTRING (3188744.447 229079.907, 3188744.955 229079.868)	100	336	0	162	false	1543	None
LINESTRING (3188744.955 229079.868, 3188829.262 229069.217)	100	336	0	163	false	1543	None
LINESTRING (3188829.262 229069.217, 3188906.554 229062.361)	100	336	0	164	false	1543	None
LINESTRING (3188906.554 229062.361, 3188910.576 229062.158)	100	336	0	165	false	1543	None
LINESTRING (3188910.576 229062.158, 3188965.776 229059.354)	100	336	0	166	false	1543	None
LINESTRING (3188965.776 229059.354, 3189013.695 229054.276)	100	336	0	167	false	1543	None
LINESTRING (3189013.695 229054.276, 3189090.165 229046.262)	100	336	0	168	false	1543	None
LINESTRING (3189090.165 229046.262, 3189138.86 229041.967)	100	336	0	169	false	1543	None
LINESTRING (3189138.86 229041.967, 3189157.051 229040.314)	100	336	0	170	false	1543	None
LINESTRING (3189157.051 229040.314, 3189204.775 229036.233)	100	336	0	171	false	1543	None
LINESTRING (3189204.775 229036.233, 3189240.06 229033.211)	100	336	0	172	false	1543	None
LINESTRING (3189240.06 229033.211, 3189240.991 229033.1)	100	336	0	173	false	1543	None
LINESTRING (3189240.991 229033.1, 3189298.425 229026.885)	100	336	0	174	false	1543	None
LINESTRING (3189298.425 229026.885, 3189343.448 229023.409)	100	336	0	175	false	1543	E:3189315.719 229025.54981700465
LINESTRING (3180603.013 231143.827, 3180774.827 231046.954)	100	336	0	1496	false	1543	W:3180760.052 231055.2845119198
LINESTRING (3180774.827 231046.954, 3180810.366 231026.945)	100	336	0	1497	false	1543	None
LINESTRING (3180810.366 231026.945, 3180916.686 230966.922)	100	336	0	1498	false	1543	None
LINESTRING (3180916.686 230966.922, 3180952.1 230946.983)	100	336	0	1499	false	1543	None
LINESTRING (3180952.1 230946.983, 3180999.177 230920.423)	100	336	0	1500	false	1543	None
LINESTRING (3180999.177 230920.423, 3181061.788 230885.662)	100	336	0	1501	false	1543	None
LINESTRING (3181061.788 230885.662, 3181204.467 230806.313)	100	336	0	1502	false	1543	None
LINESTRING (3181204.467 230806.313, 3181304.663 230752.113)	100	336	0	1503	false	1543	None
LINESTRING (3181304.663 230752.113, 3181374.537 230715.918)	100	336	0	1504	false	1543	None
LINESTRING (3181374.537 230715.918, 3181392.033 230705.986)	100	336	0	1505	false	1543	None
LINESTRING (3181392.033 230705.986, 3181481.111 230655.522)	100	336	0	1506	false	1543	None
LINESTRING (3181481.111 230655.522, 3181502.371 230647.787)	100	336	0	1507	false	1543	None
LINESTRING (3181502.371 230647.787, 3181542.05 230634.778)	100	336	0	1508	false	1543	None
LINESTRING (3181542.05 230634.778, 3181566.175 230628.768)	100	336	0	1509	false	1543	None
LINESTRING (3181566.175 230628.768, 3181660.734 230605.155)	100	336	0	1510	false	1543	None
LINESTRING (3181660.734 230605.155, 3181751.755 230585.28)	100	336	0	1511	false	1543	None
LINESTRING (3181751.755 230585.28, 3181758.671 230583.47)	100	336	0	1512	false	1543	None
LINESTRING (3181758.671 230583.47, 3181822.637 230566.543)	100	336	0	1513	false	1543	None
LINESTRING (3181822.637 230566.543, 3181919.916 230540.783)	100	336	0	1514	false	1543	None
LINESTRING (3181919.916 230540.783, 3181941.024 230536.687)	100	336	0	1515	false	1543	None
LINESTRING (3181941.024 230536.687, 3181961.839 230532.834)	100	336	0	1516	false	1543	None
LINESTRING (3181961.839 230532.834, 3182163.364 230485.133)	100	336	0	1517	false	1543	None
LINESTRING (3182163.364 230485.133, 3182208.937 230472.419)	100	336	0	1518	false	1543	None
LINESTRING (3182208.937 230472.419, 3182234.834 230458.161)	100	336	0	1519	false	1543	None
LINESTRING (3182234.834 230458.161, 3182255.805 230445.661)	100	336	0	1520	false	1543	None
LINESTRING (3182255.805 230445.661, 3182287.359 230417.288)	100	336	0	1521	false	1543	None
LINESTRING (3182287.359 230417.288, 3182334.773 230374.641)	100	336	0	1522	false	1543	None
LINESTRING (3182334.773 230374.641, 3182364.673 230356.472)	100	336	0	1523	false	1543	None
LINESTRING (3182364.673 230356.472, 3182393.554 230343.389)	100	336	0	1524	false	1543	None
LINESTRING (3182393.554 230343.389, 3182412.316 230338.251)	100	336	0	1525	false	1543	None
LINESTRING (3182412.316 230338.251, 3182468.433 230322.77)	100	336	0	1526	false	1543	None
LINESTRING (3182468.433 230322.77, 3182487.11 230317.599)	100	336	0	1527	false	1543	None
LINESTRING (3182487.11 230317.599, 3182534.161 230307.138)	100	336	0	1528	false	1543	None
LINESTRING (3182534.161 230307.138, 3182675.107 230276.033)	100	336	0	1529	false	1543	None
LINESTRING (3182675.107 230276.033, 3182722.033 230265.642)	100	336	0	1530	false	1543	None
LINESTRING (3182722.033 230265.642, 3182726.76 230264.641)	100	336	0	1531	false	1543	None
LINESTRING (3182726.76 230264.641, 3182767.108 230253.45)	100	336	0	1532	false	1543	None
LINESTRING (3182767.108 230253.45, 3182795.484 230245.657)	100	336	0	1533	false	1543	None
LINESTRING (3182795.484 230245.657, 3182867.231 230230.249)	100	336	0	1534	false	1543	None
LINESTRING (3182867.231 230230.249, 3182902.462 230227.303)	100	336	0	1535	false	1543	None
LINESTRING (3182902.462 230227.303, 3182937.653 230224.46)	100	336	0	1536	false	1543	None
LINESTRING (3182937.653 230224.46, 3182947.361 230225.062)	100	336	0	1537	false	1543	None
LINESTRING (3182947.361 230225.062, 3182965.207 230226.006)	100	336	0	1538	false	1543	None
LINESTRING (3182965.207 230226.006, 3182981.167 230228.236)	100	336	0	1539	false	1543	None
LINESTRING (3182981.167 230228.236, 3182988.979 230229.404)	100	336	0	1540	false	1543	None
LINESTRING (3182988.979 230229.404, 3183020.533 230237.297)	100	336	0	1541	false	1543	None
LINESTRING (3183020.533 230237.297, 3183051.509 230246.156)	100	336	0	1542	false	1543	None
LINESTRING (3183051.509 230246.156, 3183067.422 230253.258)	100	336	0	1543	false	1543	None
