LINESTRING (3173930.371 256437.002, 3173911.761 256392.798)	14	940	0	1374	false	2438	N:3173927.2480025333 256429.584
LINESTRING (3173911.761 256392.798, 3173907.604 256383.166)	14	940	0	1375	false	2438	None
LINESTRING (3173907.604 256383.166, 3173901.794 256370.257)	14	940	0	1376	false	2438	None
LINESTRING (3173901.794 256370.257, 3173897.819 256358.667)	14	940	0	1377	false	2438	None
LINESTRING (3173897.819 256358.667, 3173894.193 256344.948)	14	940	0	1378	false	2438	None
LINESTRING (3173894.193 256344.948, 3173893.243 256337.892)	14	940	0	1379	false	2438	None
LINESTRING (3173893.243 256337.892, 3173893.689 256331.027)	14	940	0	1380	false	2438	None
LINESTRING (3173893.689 256331.027, 3173898.103 256318.328)	14	940	0	1381	false	2438	None
LINESTRING (3173898.103 256318.328, 3173901.78 256309.992)	14	940	0	1382	false	2438	None
LINESTRING (3173901.78 256309.992, 3173906.181 256302.06)	14	940	0	1383	false	2438	None
LINESTRING (3173906.181 256302.06, 3173911.439 256294.943)	14	940	0	1384	false	2438	None
LINESTRING (3173911.439 256294.943, 3173914.936 256291.548)	14	940	0	1385	false	2438	None
LINESTRING (3173914.936 256291.548, 3173927.356 256283.196)	14	940	0	1386	false	2438	None
LINESTRING (3173927.356 256283.196, 3173934.349 256279.149)	14	940	0	1387	false	2438	None
LINESTRING (3173934.349 256279.149, 3173942.976 256274.195)	14	940	0	1388	false	2438	None
LINESTRING (3173942.976 256274.195, 3173964.181 256262.98)	14	940	0	1389	false	2438	None
LINESTRING (3173964.181 256262.98, 3173979.502 256253.742)	14	940	0	1390	false	2438	None
LINESTRING (3173979.502 256253.742, 3173989.959 256246.884)	14	940	0	1391	false	2438	None
LINESTRING (3173989.959 256246.884, 3173994.35 256243.96)	14	940	0	1392	false	2438	None
LINESTRING (3173994.35 256243.96, 3174016.43 256226.288)	14	940	0	1393	false	2438	None
LINESTRING (3174016.43 256226.288, 3174024.263 256219.112)	14	940	0	1394	false	2438	None
LINESTRING (3174024.263 256219.112, 3174038.815 256203.605)	14	940	0	1395	false	2438	None
LINESTRING (3174038.815 256203.605, 3174050.621 256188.09)	14	940	0	1396	false	2438	None
LINESTRING (3174050.621 256188.09, 3174075.196 256153.621)	14	940	0	1397	false	2438	None
LINESTRING (3174075.196 256153.621, 3174082.801 256145.281)	14	940	0	1398	false	2438	None
LINESTRING (3174082.801 256145.281, 3174087.388 256141.361)	14	940	0	1399	false	2438	None
LINESTRING (3174087.388 256141.361, 3174102.743 256131.54)	14	940	0	1400	false	2438	None
LINESTRING (3174102.743 256131.54, 3174110.933 256128.442)	14	940	0	1401	false	2438	None
LINESTRING (3174110.933 256128.442, 3174136.785 256122.876)	14	940	0	1402	false	2438	None
LINESTRING (3174136.785 256122.876, 3174136.995 256122.84)	14	940	0	1403	false	2438	None
LINESTRING (3174136.995 256122.84, 3174166.386 256119.503)	14	940	0	1404	false	2438	None
LINESTRING (3174166.386 256119.503, 3174196.224 256115.031)	14	940	0	1405	false	2438	None
LINESTRING (3174196.224 256115.031, 3174203.135 256113.935)	14	940	0	1406	false	2438	None
LINESTRING (3174203.135 256113.935, 3174223.786 256110.854)	14	940	0	1407	false	2438	None
LINESTRING (3174223.786 256110.854, 3174230.656 256109.862)	14	940	0	1408	false	2438	None
LINESTRING (3174230.656 256109.862, 3174235.545 256109.163)	14	940	0	1409	false	2438	None
LINESTRING (3174235.545 256109.163, 3174242.334 256108.377)	14	940	0	1410	false	2438	None
LINESTRING (3174242.334 256108.377, 3174277.205 256104.337)	14	940	0	1411	false	2438	None
LINESTRING (3174277.205 256104.337, 3174288.802 256103.059)	14	940	0	1412	false	2438	None
LINESTRING (3174288.802 256103.059, 3174297.85 256114.977)	14	940	0	1413	false	2438	None
LINESTRING (3174297.85 256114.977, 3174311.971 256135.695)	14	940	0	1414	false	2438	None
LINESTRING (3174311.971 256135.695, 3174324.408 256153.96)	14	940	0	1415	false	2438	None
LINESTRING (3174324.408 256153.96, 3174351.6 256190.09)	14	940	0	1416	false	2438	None
LINESTRING (3174351.6 256190.09, 3174361.69 256201.107)	14	940	0	1417	false	2438	None
LINESTRING (3174361.69 256201.107, 3174376.499 256214.101)	14	940	0	1418	false	2438	None
LINESTRING (3174376.499 256214.101, 3174384.648 256219.579)	14	940	0	1419	false	2438	None
LINESTRING (3174384.648 256219.579, 3174390.6 256222.163)	14	940	0	1420	false	2438	None
LINESTRING (3174390.6 256222.163, 3174404.081 256228.31)	14	940	0	1421	false	2438	None
LINESTRING (3174404.081 256228.31, 3174414.726 256231.192)	14	940	0	1422	false	2438	None
LINESTRING (3174414.726 256231.192, 3174426.957 256232.789)	14	940	0	1423	false	2438	None
LINESTRING (3174426.957 256232.789, 3174439.216 256236.307)	14	940	0	1424	false	2438	None
LINESTRING (3174439.216 256236.307, 3174448.993 256237.653)	14	940	0	1425	false	2438	None
LINESTRING (3174448.993 256237.653, 3174469.583 256238.965)	14	940	0	1426	false	2438	None
LINESTRING (3174469.583 256238.965, 3174473.847 256238.855)	14	940	0	1427	false	2438	None
LINESTRING (3174473.847 256238.855, 3174480.436 256238.826)	14	940	0	1428	false	2438	None
LINESTRING (3174480.436 256238.826, 3174490.928 256237.113)	14	940	0	1429	false	2438	None
LINESTRING (3174490.928 256237.113, 3174501.092 256233.242)	14	940	0	1430	false	2438	None
LINESTRING (3174501.092 256233.242, 3174520.048 256221.261)	14	940	0	1431	false	2438	None
LINESTRING (3174520.048 256221.261, 3174529.689 256213.485)	14	940	0	1432	false	2438	None
LINESTRING (3174529.689 256213.485, 3174548.205 256194.648)	14	940	0	1433	false	2438	None
LINESTRING (3174548.205 256194.648, 3174556.828 256183.726)	14	940	0	1434	false	2438	None
LINESTRING (3174556.828 256183.726, 3174565.201 256170.2)	14	940	0	1435	false	2438	None
LINESTRING (3174565.201 256170.2, 3174572.122 256155.625)	14	940	0	1436	false	2438	None
LINESTRING (3174572.122 256155.625, 3174581.876 256129.875)	14	940	0	1437	false	2438	None
LINESTRING (3174581.876 256129.875, 3174583.663 256125.09)	14	940	0	1438	false	2438	None
LINESTRING (3174583.663 256125.09, 3174594.222 256085.337)	14	940	0	1439	false	2438	None
LINESTRING (3174594.222 256085.337, 3174595.462 256074.967)	14	940	0	1440	false	2438	None
LINESTRING (3174595.462 256074.967, 3174596.701 256064.596)	14	940	0	1441	false	2438	None
LINESTRING (3174596.701 256064.596, 3174597.221 256059.789)	14	940	0	1442	false	2438	None
LINESTRING (3174597.221 256059.789, 3174595.945 256053.559)	14	940	0	1443	false	2438	None
LINESTRING (3174595.945 256053.559, 3174593.22 256049.263)	14	940	0	1444	false	2438	None
LINESTRING (3174593.22 256049.263, 3174585.382 256041.998)	14	940	0	1445	false	2438	None
LINESTRING (3174585.382 256041.998, 3174582.238 256040.759)	14	940	0	1446	false	2438	None
LINESTRING (3174582.238 256040.759, 3174571.191 256036.407)	14	940	0	1447	false	2438	None
LINESTRING (3174571.191 256036.407, 3174540.633 256029.497)	14	940	0	1448	false	2438	None
LINESTRING (3174540.633 256029.497, 3174529.005 256025.87)	14	940	0	1449	false	2438	None
LINESTRING (3174529.005 256025.87, 3174520.589 256022.315)	14	940	0	1450	false	2438	None
LINESTRING (3174520.589 256022.315, 3174514.482 256017.88)	14	940	0	1451	false	2438	None
LINESTRING (3174514.482 256017.88, 3174507.391 256009.717)	14	940	0	1452	false	2438	None
LINESTRING (3174507.391 256009.717, 3174504.689 256004.117)	14	940	0	1453	false	2438	None
LINESTRING (3174504.689 256004.117, 3174501.424 255991.972)	14	940	0	1454	false	2438	None
LINESTRING (3174501.424 255991.972, 3174500.14 255979.534)	14	940	0	1455	false	2438	None
LINESTRING (3174500.14 255979.534, 3174500.248 255978.263)	14	940	0	1456	false	2438	None
LINESTRING (3174500.248 255978.263, 3174500.589 255961.453)	14	940	0	1457	false	2438	None
LINESTRING (3174500.589 255961.453, 3174502.4 255952.621)	14	940	0	1458	false	2438	None
LINESTRING (3174502.4 255952.621, 3174506.436 255942.875)	14	940	0	1459	false	2438	None
LINESTRING (3174506.436 255942.875, 3174510.73 255936.214)	14	940	0	1460	false	2438	None
LINESTRING (3174510.73 255936.214, 3174518.204 255924.72)	14	940	0	1461	false	2438	None
LINESTRING (3174518.204 255924.72, 3174530.809 255908.924)	14	940	0	1462	false	2438	None
LINESTRING (3174530.809 255908.924, 3174532.85 255906.983)	14	940	0	1463	false	2438	None
LINESTRING (3174532.85 255906.983, 3174541.009 255898.981)	14	940	0	1464	false	2438	None
LINESTRING (3174541.009 255898.981, 3174553.039 255889.879)	14	940	0	1465	false	2438	None
LINESTRING (3174553.039 255889.879, 3174559.581 255886.729)	14	940	0	1466	false	2438	None
LINESTRING (3174559.581 255886.729, 3174566.862 255884.944)	14	940	0	1467	false	2438	None
LINESTRING (3174566.862 255884.944, 3174582.177 255883.7)	14	940	0	1468	false	2438	None
LINESTRING (3174582.177 255883.7, 3174600.085 255883.596)	14	940	0	1469	false	2438	None
LINESTRING (3174600.085 255883.596, 3174623.455 255884.332)	14	940	0	1470	false	2438	None
LINESTRING (3174623.455 255884.332, 3174654.603 255885.508)	14	940	0	1471	false	2438	None
LINESTRING (3174654.603 255885.508, 3174663.435 255885.767)	14	940	0	1472	false	2438	None
LINESTRING (3174663.435 255885.767, 3174672.142 255886.095)	14	940	0	1473	false	2438	None
LINESTRING (3174672.142 255886.095, 3174689.917 255885.581)	14	940	0	1474	false	2438	None
LINESTRING (3174689.917 255885.581, 3174698.657 255885.326)	14	940	0	1475	false	2438	None
LINESTRING (3174698.657 255885.326, 3174720.191 255884.742)	14	940	0	1476	false	2438	None
LINESTRING (3174720.191 255884.742, 3174729.645 255884.171)	14	940	0	1477	false	2438	None
LINESTRING (3174729.645 255884.171, 3174763.703 255882.199)	14	940	0	1478	false	2438	None
LINESTRING (3174763.703 255882.199, 3174788.111 255884.537)	14	940	0	1479	false	2438	None
LINESTRING (3174788.111 255884.537, 3174798.235 255886.498)	14	940	0	1480	false	2438	None
LINESTRING (3174798.235 255886.498, 3174807.912 255889.596)	14	940	0	1481	false	2438	None
LINESTRING (3174807.912 255889.596, 3174818.25 255894.505)	14	940	0	1482	false	2438	None
LINESTRING (3174818.25 255894.505, 3174819.273 255895.146)	14	940	0	1483	false	2438	None
LINESTRING (3174819.273 255895.146, 3174832.713 255904.142)	14	940	0	1484	false	2438	None
LINESTRING (3174832.713 255904.142, 3174843 255914.162)	14	940	0	1485	false	2438	None
LINESTRING (3174843 255914.162, 3174849.346 255920.481)	14	940	0	1486	false	2438	None
LINESTRING (3174849.346 255920.481, 3174858.54 255928.042)	14	940	0	1487	false	2438	None
LINESTRING (3174858.54 255928.042, 3174868.603 255934.394)	14	940	0	1488	false	2438	None
LINESTRING (3174868.603 255934.394, 3174874.729 255937.285)	14	940	0	1489	false	2438	None
LINESTRING (3174874.729 255937.285, 3174881.092 255939.077)	14	940	0	1490	false	2438	None
LINESTRING (3174881.092 255939.077, 3174886.417 255939.266)	14	940	0	1491	false	2438	None
LINESTRING (3174886.417 255939.266, 3174897.028 255937.003)	14	940	0	1492	false	2438	None
LINESTRING (3174897.028 255937.003, 3174904.831 255933.396)	14	940	0	1493	false	2438	None
LINESTRING (3174904.831 255933.396, 3174919.303 255923.825)	14	940	0	1494	false	2438	None
LINESTRING (3174919.303 255923.825, 3174925.839 255920.195)	14	940	0	1495	false	2438	None
LINESTRING (3174925.839 255920.195, 3174931.62 255916.984)	14	940	0	1496	false	2438	None
LINESTRING (3174931.62 255916.984, 3174950.838 255908.328)	14	940	0	1497	false	2438	None
LINESTRING (3174950.838 255908.328, 3174957.402 255906.619)	14	940	0	1498	false	2438	None
LINESTRING (3174957.402 255906.619, 3174963.614 255906.8)	14	940	0	1499	false	2438	None
LINESTRING (3174963.614 255906.8, 3174975.792 255910.525)	14	940	0	1500	false	2438	None
LINESTRING (3174975.792 255910.525, 3174986.909 255916.696)	14	940	0	1501	false	2438	None
LINESTRING (3174986.909 255916.696, 3174991.744 255920.869)	14	940	0	1502	false	2438	None
LINESTRING (3174991.744 255920.869, 3174995.622 255925.977)	14	940	0	1503	false	2438	None
LINESTRING (3174995.622 255925.977, 3174999.697 255935.816)	14	940	0	1504	false	2438	None
LINESTRING (3174999.697 255935.816, 3175003.053 255948.475)	14	940	0	1505	false	2438	None
LINESTRING (3175003.053 255948.475, 3175004.683 255961.528)	14	940	0	1506	false	2438	None
LINESTRING (3175004.683 255961.528, 3175007.31 255998.959)	14	940	0	1507	false	2438	None
LINESTRING (3175007.31 255998.959, 3175011.017 256012.472)	14	940	0	1508	false	2438	None
LINESTRING (3175011.017 256012.472, 3175023.081 256042.644)	14	940	0	1509	false	2438	None
LINESTRING (3175023.081 256042.644, 3175039.287 256075.76)	14	940	0	1510	false	2438	None
LINESTRING (3175039.287 256075.76, 3175067.791 256129.237)	14	940	0	1511	false	2438	None
LINESTRING (3175067.791 256129.237, 3175092.473 256175.718)	14	940	0	1512	false	2438	None
LINESTRING (3175092.473 256175.718, 3175114.055 256215.369)	14	940	0	1513	false	2438	None
LINESTRING (3175114.055 256215.369, 3175129.645 256244.066)	14	940	0	1514	false	2438	None
LINESTRING (3175129.645 256244.066, 3175133.42 256253.669)	14	940	0	1515	false	2438	None
LINESTRING (3175133.42 256253.669, 3175138.277 256270.738)	14	940	0	1516	false	2438	None
LINESTRING (3175138.277 256270.738, 3175145.695 256300.989)	14	940	0	1517	false	2438	None
LINESTRING (3175145.695 256300.989, 3175155.019 256340.105)	14	940	0	1518	false	2438	None
LINESTRING (3175155.019 256340.105, 3175160.926 256356.753)	14	940	0	1519	false	2438	None
LINESTRING (3175160.926 256356.753, 3175171.526 256379.427)	14	940	0	1520	false	2438	None
LINESTRING (3175171.526 256379.427, 3175175.731 256386.693)	14	940	0	1521	false	2438	None
LINESTRING (3175175.731 256386.693, 3175183.06 256396.742)	14	940	0	1522	false	2438	None
LINESTRING (3175183.06 256396.742, 3175191.436 256406.129)	14	940	0	1523	false	2438	None
LINESTRING (3175191.436 256406.129, 3175228.506 256442.099)	14	940	0	1524	false	2438	N:3175215.6082782876 256429.584
LINESTRING (3175228.506 256442.099, 3175191.436 256406.129)	14	941	0	673	false	2266	N:3175215.6082782876 256429.584
LINESTRING (3175191.436 256406.129, 3175183.06 256396.742)	14	941	0	674	false	2266	None
LINESTRING (3175183.06 256396.742, 3175175.731 256386.693)	14	941	0	675	false	2266	None
LINESTRING (3175175.731 256386.693, 3175171.526 256379.427)	14	941	0	676	false	2266	None
LINESTRING (3175171.526 256379.427, 3175160.926 256356.753)	14	941	0	677	false	2266	None
LINESTRING (3175160.926 256356.753, 3175155.019 256340.105)	14	941	0	678	false	2266	None
LINESTRING (3175155.019 256340.105, 3175145.695 256300.989)	14	941	0	679	false	2266	None
LINESTRING (3175145.695 256300.989, 3175138.277 256270.738)	14	941	0	680	false	2266	None
LINESTRING (3175138.277 256270.738, 3175133.42 256253.669)	14	941	0	681	false	2266	None
LINESTRING (3175133.42 256253.669, 3175129.645 256244.066)	14	941	0	682	false	2266	None
LINESTRING (3175129.645 256244.066, 3175114.055 256215.369)	14	941	0	683	false	2266	None
LINESTRING (3175114.055 256215.369, 3175092.473 256175.718)	14	941	0	684	false	2266	None
LINESTRING (3175092.473 256175.718, 3175067.791 256129.237)	14	941	0	685	false	2266	None
LINESTRING (3175067.791 256129.237, 3175039.287 256075.76)	14	941	0	686	false	2266	None
LINESTRING (3175039.287 256075.76, 3175023.081 256042.644)	14	941	0	687	false	2266	None
LINESTRING (3175023.081 256042.644, 3175011.017 256012.472)	14	941	0	688	false	2266	None
LINESTRING (3175011.017 256012.472, 3175007.31 255998.959)	14	941	0	689	false	2266	None
LINESTRING (3175007.31 255998.959, 3175004.683 255961.528)	14	941	0	690	false	2266	None
LINESTRING (3175004.683 255961.528, 3175003.053 255948.475)	14	941	0	691	false	2266	None
LINESTRING (3175003.053 255948.475, 3174999.697 255935.816)	14	941	0	692	false	2266	None
LINESTRING (3174999.697 255935.816, 3174995.622 255925.977)	14	941	0	693	false	2266	None
LINESTRING (3174995.622 255925.977, 3174991.744 255920.869)	14	941	0	694	false	2266	None
LINESTRING (3174991.744 255920.869, 3174986.909 255916.696)	14	941	0	695	false	2266	None
LINESTRING (3174986.909 255916.696, 3174975.792 255910.525)	14	941	0	696	false	2266	None
LINESTRING (3174975.792 255910.525, 3174963.614 255906.8)	14	941	0	697	false	2266	None
LINESTRING (3174963.614 255906.8, 3174957.402 255906.619)	14	941	0	698	false	2266	None
LINESTRING (3174957.402 255906.619, 3174950.838 255908.328)	14	941	0	699	false	2266	None
LINESTRING (3174950.838 255908.328, 3174931.62 255916.984)	14	941	0	700	false	2266	None
LINESTRING (3174931.62 255916.984, 3174925.839 255920.195)	14	941	0	701	false	2266	None
LINESTRING (3174925.839 255920.195, 3174919.303 255923.825)	14	941	0	702	false	2266	None
LINESTRING (3174919.303 255923.825, 3174904.831 255933.396)	14	941	0	703	false	2266	None
LINESTRING (3174904.831 255933.396, 3174897.028 255937.003)	14	941	0	704	false	2266	None
LINESTRING (3174897.028 255937.003, 3174886.417 255939.266)	14	941	0	705	false	2266	None
LINESTRING (3174886.417 255939.266, 3174881.092 255939.077)	14	941	0	706	false	2266	None
LINESTRING (3174881.092 255939.077, 3174874.729 255937.285)	14	941	0	707	false	2266	None
LINESTRING (3174874.729 255937.285, 3174868.603 255934.394)	14	941	0	708	false	2266	None
LINESTRING (3174868.603 255934.394, 3174858.54 255928.042)	14	941	0	709	false	2266	None
LINESTRING (3174858.54 255928.042, 3174849.346 255920.481)	14	941	0	710	false	2266	None
LINESTRING (3174849.346 255920.481, 3174843 255914.162)	14	941	0	711	false	2266	None
LINESTRING (3174843 255914.162, 3174832.713 255904.142)	14	941	0	712	false	2266	None
LINESTRING (3174832.713 255904.142, 3174819.273 255895.146)	14	941	0	713	false	2266	None
LINESTRING (3174819.273 255895.146, 3174818.25 255894.505)	14	941	0	714	false	2266	None
LINESTRING (3174818.25 255894.505, 3174807.912 255889.596)	14	941	0	715	false	2266	None
LINESTRING (3174807.912 255889.596, 3174798.235 255886.498)	14	941	0	716	false	2266	None
LINESTRING (3174798.235 255886.498, 3174788.111 255884.537)	14	941	0	717	false	2266	None
LINESTRING (3174788.111 255884.537, 3174763.703 255882.199)	14	941	0	718	false	2266	None
LINESTRING (3174763.703 255882.199, 3174729.645 255884.171)	14	941	0	719	false	2266	None
LINESTRING (3174729.645 255884.171, 3174720.191 255884.742)	14	941	0	720	false	2266	None
LINESTRING (3174720.191 255884.742, 3174698.657 255885.326)	14	941	0	721	false	2266	None
LINESTRING (3174698.657 255885.326, 3174689.917 255885.581)	14	941	0	722	false	2266	None
LINESTRING (3174689.917 255885.581, 3174672.142 255886.095)	14	941	0	723	false	2266	None
LINESTRING (3174672.142 255886.095, 3174663.435 255885.767)	14	941	0	724	false	2266	None
LINESTRING (3174663.435 255885.767, 3174654.603 255885.508)	14	941	0	725	false	2266	None
LINESTRING (3174654.603 255885.508, 3174623.455 255884.332)	14	941	0	726	false	2266	None
LINESTRING (3174623.455 255884.332, 3174600.085 255883.596)	14	941	0	727	false	2266	None
LINESTRING (3174600.085 255883.596, 3174582.177 255883.7)	14	941	0	728	false	2266	None
LINESTRING (3174582.177 255883.7, 3174566.862 255884.944)	14	941	0	729	false	2266	None
LINESTRING (3174566.862 255884.944, 3174559.581 255886.729)	14	941	0	730	false	2266	None
LINESTRING (3174559.581 255886.729, 3174553.039 255889.879)	14	941	0	731	false	2266	None
LINESTRING (3174553.039 255889.879, 3174541.009 255898.981)	14	941	0	732	false	2266	None
LINESTRING (3174541.009 255898.981, 3174532.85 255906.983)	14	941	0	733	false	2266	None
LINESTRING (3174532.85 255906.983, 3174530.809 255908.924)	14	941	0	734	false	2266	None
LINESTRING (3174530.809 255908.924, 3174518.204 255924.72)	14	941	0	735	false	2266	None
LINESTRING (3174518.204 255924.72, 3174510.73 255936.214)	14	941	0	736	false	2266	None
LINESTRING (3174510.73 255936.214, 3174506.436 255942.875)	14	941	0	737	false	2266	None
LINESTRING (3174506.436 255942.875, 3174502.4 255952.621)	14	941	0	738	false	2266	None
LINESTRING (3174502.4 255952.621, 3174500.589 255961.453)	14	941	0	739	false	2266	None
LINESTRING (3174500.589 255961.453, 3174500.248 255978.263)	14	941	0	740	false	2266	None
LINESTRING (3174500.248 255978.263, 3174500.14 255979.534)	14	941	0	741	false	2266	None
LINESTRING (3174500.14 255979.534, 3174501.424 255991.972)	14	941	0	742	false	2266	None
LINESTRING (3174501.424 255991.972, 3174504.689 256004.117)	14	941	0	743	false	2266	None
LINESTRING (3174504.689 256004.117, 3174507.391 256009.717)	14	941	0	744	false	2266	None
LINESTRING (3174507.391 256009.717, 3174514.482 256017.88)	14	941	0	745	false	2266	None
LINESTRING (3174514.482 256017.88, 3174520.589 256022.315)	14	941	0	746	false	2266	None
LINESTRING (3174520.589 256022.315, 3174529.005 256025.87)	14	941	0	747	false	2266	None
LINESTRING (3174529.005 256025.87, 3174540.633 256029.497)	14	941	0	748	false	2266	None
LINESTRING (3174540.633 256029.497, 3174571.191 256036.407)	14	941	0	749	false	2266	None
LINESTRING (3174571.191 256036.407, 3174582.238 256040.759)	14	941	0	750	false	2266	None
LINESTRING (3174582.238 256040.759, 3174585.382 256041.998)	14	941	0	751	false	2266	None
LINESTRING (3174585.382 256041.998, 3174593.22 256049.263)	14	941	0	752	false	2266	None
LINESTRING (3174593.22 256049.263, 3174595.945 256053.559)	14	941	0	753	false	2266	None
LINESTRING (3174595.945 256053.559, 3174597.221 256059.789)	14	941	0	754	false	2266	None
LINESTRING (3174597.221 256059.789, 3174596.701 256064.596)	14	941	0	755	false	2266	None
LINESTRING (3174596.701 256064.596, 3174595.462 256074.967)	14	941	0	756	false	2266	None
LINESTRING (3174595.462 256074.967, 3174594.222 256085.337)	14	941	0	757	false	2266	None
LINESTRING (3174594.222 256085.337, 3174583.663 256125.09)	14	941	0	758	false	2266	None
LINESTRING (3174583.663 256125.09, 3174581.876 256129.875)	14	941	0	759	false	2266	None
LINESTRING (3174581.876 256129.875, 3174572.122 256155.625)	14	941	0	760	false	2266	None
LINESTRING (3174572.122 256155.625, 3174565.201 256170.2)	14	941	0	761	false	2266	None
LINESTRING (3174565.201 256170.2, 3174556.828 256183.726)	14	941	0	762	false	2266	None
LINESTRING (3174556.828 256183.726, 3174548.205 256194.648)	14	941	0	763	false	2266	None
LINESTRING (3174548.205 256194.648, 3174529.689 256213.485)	14	941	0	764	false	2266	None
LINESTRING (3174529.689 256213.485, 3174520.048 256221.261)	14	941	0	765	false	2266	None
LINESTRING (3174520.048 256221.261, 3174501.092 256233.242)	14	941	0	766	false	2266	None
LINESTRING (3174501.092 256233.242, 3174490.928 256237.113)	14	941	0	767	false	2266	None
LINESTRING (3174490.928 256237.113, 3174480.436 256238.826)	14	941	0	768	false	2266	None
LINESTRING (3174480.436 256238.826, 3174473.847 256238.855)	14	941	0	769	false	2266	None
LINESTRING (3174473.847 256238.855, 3174469.583 256238.965)	14	941	0	770	false	2266	None
LINESTRING (3174469.583 256238.965, 3174448.993 256237.653)	14	941	0	771	false	2266	None
LINESTRING (3174448.993 256237.653, 3174439.216 256236.307)	14	941	0	772	false	2266	None
LINESTRING (3174439.216 256236.307, 3174426.957 256232.789)	14	941	0	773	false	2266	None
LINESTRING (3174426.957 256232.789, 3174414.726 256231.192)	14	941	0	774	false	2266	None
LINESTRING (3174414.726 256231.192, 3174404.081 256228.31)	14	941	0	775	false	2266	None
LINESTRING (3174404.081 256228.31, 3174390.6 256222.163)	14	941	0	776	false	2266	None
LINESTRING (3174390.6 256222.163, 3174384.648 256219.579)	14	941	0	777	false	2266	None
LINESTRING (3174384.648 256219.579, 3174376.499 256214.101)	14	941	0	778	false	2266	None
LINESTRING (3174376.499 256214.101, 3174361.69 256201.107)	14	941	0	779	false	2266	None
LINESTRING (3174361.69 256201.107, 3174351.6 256190.09)	14	941	0	780	false	2266	None
LINESTRING (3174351.6 256190.09, 3174324.408 256153.96)	14	941	0	781	false	2266	None
LINESTRING (3174324.408 256153.96, 3174311.971 256135.695)	14	941	0	782	false	2266	None
LINESTRING (3174311.971 256135.695, 3174297.85 256114.977)	14	941	0	783	false	2266	None
LINESTRING (3174297.85 256114.977, 3174288.802 256103.059)	14	941	0	784	false	2266	None
LINESTRING (3174288.802 256103.059, 3174284.657 256091.402)	14	941	0	785	false	2266	None
LINESTRING (3174284.657 256091.402, 3174279.61 256081.538)	14	941	0	786	false	2266	None
LINESTRING (3174279.61 256081.538, 3174273.776 256072.677)	14	941	0	787	false	2266	None
LINESTRING (3174273.776 256072.677, 3174252.248 256045.341)	14	941	0	788	false	2266	None
LINESTRING (3174252.248 256045.341, 3174241.042 256033.17)	14	941	0	789	false	2266	None
LINESTRING (3174241.042 256033.17, 3174227.924 256023.109)	14	941	0	790	false	2266	None
LINESTRING (3174227.924 256023.109, 3174227.071 256022.534)	14	941	0	791	false	2266	None
LINESTRING (3174227.071 256022.534, 3174196.155 256005.82)	14	941	0	792	false	2266	None
LINESTRING (3174196.155 256005.82, 3174177.277 255994.683)	14	941	0	793	false	2266	None
LINESTRING (3174177.277 255994.683, 3174169.727 255986.935)	14	941	0	794	false	2266	None
LINESTRING (3174169.727 255986.935, 3174158.364 255969.929)	14	941	0	795	false	2266	None
LINESTRING (3174158.364 255969.929, 3174149.061 255940.967)	14	941	0	796	false	2266	None
LINESTRING (3174149.061 255940.967, 3174146.452 255907.721)	14	941	0	797	false	2266	None
LINESTRING (3174146.452 255907.721, 3174146.264 255889.509)	14	941	0	798	false	2266	None
LINESTRING (3174146.264 255889.509, 3174146.993 255878.938)	14	941	0	799	false	2266	None
LINESTRING (3174146.993 255878.938, 3174159.334 255831.416)	14	941	0	800	false	2266	None
LINESTRING (3174159.334 255831.416, 3174168.249 255792.091)	14	941	0	801	false	2266	None
LINESTRING (3174168.249 255792.091, 3174176.067 255761.282)	14	941	0	802	false	2266	None
LINESTRING (3174176.067 255761.282, 3174178.637 255749.527)	14	941	0	803	false	2266	None
LINESTRING (3174178.637 255749.527, 3174179.5 255736.621)	14	941	0	804	false	2266	None
LINESTRING (3174179.5 255736.621, 3174179.076 255733.71)	14	941	0	805	false	2266	None
LINESTRING (3174179.076 255733.71, 3174176.942 255720.937)	14	941	0	806	false	2266	None
LINESTRING (3174176.942 255720.937, 3174172.924 255706.466)	14	941	0	807	false	2266	None
LINESTRING (3174172.924 255706.466, 3174160.588 255680.963)	14	941	0	808	false	2266	None
LINESTRING (3174160.588 255680.963, 3174136.785 255637.22)	14	941	0	809	false	2266	None
LINESTRING (3174136.785 255637.22, 3174129.88 255624.596)	14	941	0	810	false	2266	None
LINESTRING (3174129.88 255624.596, 3174121.901 255607.969)	14	941	0	811	false	2266	None
LINESTRING (3174121.901 255607.969, 3174120.989 255606.297)	14	941	0	812	false	2266	None
LINESTRING (3174120.989 255606.297, 3174104.79 255582.375)	14	941	0	813	false	2266	None
LINESTRING (3174104.79 255582.375, 3174087.367 255561.311)	14	941	0	814	false	2266	None
LINESTRING (3174087.367 255561.311, 3174065.424 255540.257)	14	941	0	815	false	2266	None
LINESTRING (3174065.424 255540.257, 3174060.595 255536.565)	14	941	0	816	false	2266	None
LINESTRING (3174060.595 255536.565, 3174048.847 255527.761)	14	941	0	817	false	2266	None
LINESTRING (3174048.847 255527.761, 3174034.67 255520.386)	14	941	0	818	false	2266	None
LINESTRING (3174034.67 255520.386, 3174044.63 255511.303)	14	941	0	819	false	2266	None
LINESTRING (3174044.63 255511.303, 3174053.366 255502.335)	14	941	0	820	false	2266	None
LINESTRING (3174053.366 255502.335, 3174066.22 255489.142)	14	941	0	821	false	2266	None
LINESTRING (3174066.22 255489.142, 3174093.469 255458.351)	14	941	0	822	false	2266	None
LINESTRING (3174093.469 255458.351, 3174106.693 255444.469)	14	941	0	823	false	2266	None
LINESTRING (3174106.693 255444.469, 3174108.357 255442.738)	14	941	0	824	false	2266	None
LINESTRING (3174108.357 255442.738, 3174122.81 255423.493)	14	941	0	825	false	2266	None
LINESTRING (3174122.81 255423.493, 3174130.092 255410.492)	14	941	0	826	false	2266	None
LINESTRING (3174130.092 255410.492, 3174132.518 255406.078)	14	941	0	827	false	2266	None
LINESTRING (3174132.518 255406.078, 3174139.12 255392.808)	14	941	0	828	false	2266	None
LINESTRING (3174139.12 255392.808, 3174149.003 255370.212)	14	941	0	829	false	2266	None
LINESTRING (3174149.003 255370.212, 3174154.84 255356.641)	14	941	0	830	false	2266	None
LINESTRING (3174154.84 255356.641, 3174158.391 255348.375)	14	941	0	831	false	2266	None
LINESTRING (3174158.391 255348.375, 3174172.774 255313.113)	14	941	0	832	false	2266	None
LINESTRING (3174172.774 255313.113, 3174185.399 255281.812)	14	941	0	833	false	2266	None
LINESTRING (3174185.399 255281.812, 3174191.139 255261.759)	14	941	0	834	false	2266	None
LINESTRING (3174191.139 255261.759, 3174193.745 255241.188)	14	941	0	835	false	2266	None
LINESTRING (3174193.745 255241.188, 3174195.655 255213.661)	14	941	0	836	false	2266	None
LINESTRING (3174195.655 255213.661, 3174193.614 255198.657)	14	941	0	837	false	2266	None
LINESTRING (3174193.614 255198.657, 3174188.768 255179.804)	14	941	0	838	false	2266	None
LINESTRING (3174188.768 255179.804, 3174182.945 255157.702)	14	941	0	839	false	2266	None
LINESTRING (3174182.945 255157.702, 3174179.046 255137.194)	14	941	0	840	false	2266	None
LINESTRING (3174179.046 255137.194, 3174178.224 255133.052)	14	941	0	841	false	2266	None
LINESTRING (3174178.224 255133.052, 3174177.111 255115.192)	14	941	0	842	false	2266	None
LINESTRING (3174177.111 255115.192, 3174180.43 255094.305)	14	941	0	843	false	2266	None
LINESTRING (3174180.43 255094.305, 3174184.673 255084.283)	14	941	0	844	false	2266	None
LINESTRING (3174184.673 255084.283, 3174199.319 255055.329)	14	941	0	845	false	2266	None
LINESTRING (3174199.319 255055.329, 3174211.362 255038.714)	14	941	0	846	false	2266	None
LINESTRING (3174211.362 255038.714, 3174218.483 255029.11)	14	941	0	847	false	2266	None
LINESTRING (3174218.483 255029.11, 3174259.162 254978.433)	14	941	0	848	false	2266	None
LINESTRING (3174259.162 254978.433, 3174282.59 254988.498)	14	941	0	849	false	2266	None
LINESTRING (3174282.59 254988.498, 3174311.163 254964.315)	14	941	0	850	false	2266	None
LINESTRING (3174311.163 254964.315, 3174324.82 254951.08)	14	941	0	851	false	2266	None
LINESTRING (3174324.82 254951.08, 3174343.693 254925.105)	14	941	0	852	false	2266	None
LINESTRING (3174343.693 254925.105, 3174351.478 254911.824)	14	941	0	853	false	2266	None
LINESTRING (3174351.478 254911.824, 3174360.292 254891.193)	14	941	0	854	false	2266	None
LINESTRING (3174360.292 254891.193, 3174374.209 254855.867)	14	941	0	855	false	2266	None
LINESTRING (3174374.209 254855.867, 3174433.828 254710.51)	14	941	0	856	false	2266	None
LINESTRING (3174433.828 254710.51, 3174458.944 254652.987)	14	941	0	857	false	2266	None
LINESTRING (3174458.944 254652.987, 3174464.976 254632.691)	14	941	0	858	false	2266	None
LINESTRING (3174464.976 254632.691, 3174476.497 254578.523)	14	941	0	859	false	2266	None
LINESTRING (3174476.497 254578.523, 3174479.409 254558.669)	14	941	0	860	false	2266	None
LINESTRING (3174479.409 254558.669, 3174479.959 254541.822)	14	941	0	861	false	2266	None
LINESTRING (3174479.959 254541.822, 3174481.221 254493.755)	14	941	0	862	false	2266	None
LINESTRING (3174481.221 254493.755, 3174483.947 254425.025)	14	941	0	863	false	2266	None
LINESTRING (3174483.947 254425.025, 3174484.101 254331.417)	14	941	0	864	false	2266	None
LINESTRING (3174484.101 254331.417, 3174487.384 254263.264)	14	941	0	865	false	2266	None
LINESTRING (3174487.384 254263.264, 3174488.329 254244.664)	14	941	0	866	false	2266	None
LINESTRING (3174488.329 254244.664, 3174490.305 254227.186)	14	941	0	867	false	2266	None
LINESTRING (3174490.305 254227.186, 3174496.149 254202.879)	14	941	0	868	false	2266	None
LINESTRING (3174496.149 254202.879, 3174503.909 254185.174)	14	941	0	869	false	2266	None
LINESTRING (3174503.909 254185.174, 3174513.081 254168.621)	14	941	0	870	false	2266	None
LINESTRING (3174513.081 254168.621, 3174524.185 254154.143)	14	941	0	871	false	2266	None
LINESTRING (3174524.185 254154.143, 3174540.604 254139.133)	14	941	0	872	false	2266	None
LINESTRING (3174540.604 254139.133, 3174576.977 254116.591)	14	941	0	873	false	2266	None
LINESTRING (3174576.977 254116.591, 3174631.824 254092.019)	14	941	0	874	false	2266	None
LINESTRING (3174631.824 254092.019, 3174702.135 254059.102)	14	941	0	875	false	2266	None
LINESTRING (3174702.135 254059.102, 3174740.696 254027.518)	14	941	0	876	false	2266	None
LINESTRING (3174740.696 254027.518, 3174746.33 254022.936)	14	941	0	877	false	2266	None
LINESTRING (3174746.33 254022.936, 3174755.637 254012.523)	14	941	0	878	false	2266	None
LINESTRING (3174755.637 254012.523, 3174766.498 253995.92)	14	941	0	879	false	2266	None
LINESTRING (3174766.498 253995.92, 3174783.065 253959.848)	14	941	0	880	false	2266	None
LINESTRING (3174783.065 253959.848, 3174810.603 253889.199)	14	941	0	881	false	2266	None
LINESTRING (3174810.603 253889.199, 3174815.239 253877.184)	14	941	0	882	false	2266	None
LINESTRING (3174815.239 253877.184, 3174822.45 253853.893)	14	941	0	883	false	2266	None
LINESTRING (3174822.45 253853.893, 3174826.454 253839.243)	14	941	0	884	false	2266	None
LINESTRING (3174826.454 253839.243, 3174826.271 253824.255)	14	941	0	885	false	2266	None
LINESTRING (3174826.271 253824.255, 3174825.186 253808.315)	14	941	0	886	false	2266	None
LINESTRING (3174825.186 253808.315, 3174822.691 253785.735)	14	941	0	887	false	2266	None
LINESTRING (3174822.691 253785.735, 3174819.189 253769.201)	14	941	0	888	false	2266	None
LINESTRING (3174819.189 253769.201, 3174818.834 253768.107)	14	941	0	889	false	2266	None
LINESTRING (3174818.834 253768.107, 3174817.701 253763.007)	14	941	0	890	false	2266	None
LINESTRING (3174817.701 253763.007, 3174807.957 253730.412)	14	941	0	891	false	2266	None
LINESTRING (3174807.957 253730.412, 3174800.345 253713.094)	14	941	0	892	false	2266	None
LINESTRING (3174800.345 253713.094, 3174793.397 253686.612)	14	941	0	893	false	2266	None
LINESTRING (3174793.397 253686.612, 3174791.663 253675.309)	14	941	0	894	false	2266	None
LINESTRING (3174791.663 253675.309, 3174792.582 253657.773)	14	941	0	895	false	2266	None
LINESTRING (3174792.582 253657.773, 3174795.123 253641.352)	14	941	0	896	false	2266	None
LINESTRING (3174795.123 253641.352, 3174804.548 253593.995)	14	941	0	897	false	2266	None
LINESTRING (3174804.548 253593.995, 3174814.089 253565.537)	14	941	0	898	false	2266	None
LINESTRING (3174814.089 253565.537, 3174814.944 253563.368)	14	941	0	899	false	2266	None
LINESTRING (3174814.944 253563.368, 3174842.085 253494.472)	14	941	0	900	false	2266	None
LINESTRING (3174842.085 253494.472, 3174843.387 253491.167)	14	941	0	901	false	2266	None
LINESTRING (3174843.387 253491.167, 3174845.799 253485.793)	14	941	0	902	false	2266	None
LINESTRING (3174845.799 253485.793, 3174857.025 253459.788)	14	941	0	903	false	2266	None
LINESTRING (3174857.025 253459.788, 3174860.698 253451.212)	14	941	0	904	false	2266	None
LINESTRING (3174860.698 253451.212, 3174863.639 253444.495)	14	941	0	905	false	2266	None
LINESTRING (3174863.639 253444.495, 3174872.943 253431.097)	14	941	0	906	false	2266	None
LINESTRING (3174872.943 253431.097, 3174887.108 253415.08)	14	941	0	907	false	2266	None
LINESTRING (3174887.108 253415.08, 3174892.035 253405.566)	14	941	0	908	false	2266	None
LINESTRING (3174892.035 253405.566, 3174896.181 253397.534)	14	941	0	909	false	2266	None
LINESTRING (3174896.181 253397.534, 3174899.474 253386.183)	14	941	0	910	false	2266	None
LINESTRING (3174899.474 253386.183, 3174900.399 253369.127)	14	941	0	911	false	2266	None
LINESTRING (3174900.399 253369.127, 3174899.724 253327.218)	14	941	0	912	false	2266	None
LINESTRING (3174899.724 253327.218, 3174900.106 253299.327)	14	941	0	913	false	2266	None
LINESTRING (3174900.106 253299.327, 3174903.668 253241.427)	14	941	0	914	false	2266	None
LINESTRING (3174903.668 253241.427, 3174905.997 253202.611)	14	941	0	915	false	2266	None
LINESTRING (3174905.997 253202.611, 3174906.511 253186.347)	14	941	0	916	false	2266	None
LINESTRING (3174906.511 253186.347, 3174907.624 253148.125)	14	941	0	917	false	2266	None
LINESTRING (3174907.624 253148.125, 3174909.694 253134.145)	14	941	0	918	false	2266	None
LINESTRING (3174909.694 253134.145, 3174913.531 253119.667)	14	941	0	919	false	2266	None
LINESTRING (3174913.531 253119.667, 3174920.928 253105.876)	14	941	0	920	false	2266	None
LINESTRING (3174920.928 253105.876, 3174921.912 253103.877)	14	941	0	921	false	2266	None
LINESTRING (3174921.912 253103.877, 3174960.62 253028.799)	14	941	0	922	false	2266	None
LINESTRING (3174960.62 253028.799, 3174967.527 253010.519)	14	941	0	923	false	2266	None
LINESTRING (3174967.527 253010.519, 3174973.873 252985.933)	14	941	0	924	false	2266	None
LINESTRING (3174973.873 252985.933, 3174985.591 252933.752)	14	941	0	925	false	2266	None
LINESTRING (3174985.591 252933.752, 3174993.243 252889.396)	14	941	0	926	false	2266	None
LINESTRING (3174993.243 252889.396, 3174997.995 252868.359)	14	941	0	927	false	2266	None
LINESTRING (3174997.995 252868.359, 3175005.627 252833.779)	14	941	0	928	false	2266	None
LINESTRING (3175005.627 252833.779, 3175015.73 252792.178)	14	941	0	929	false	2266	None
LINESTRING (3175015.73 252792.178, 3175017.084 252786.745)	14	941	0	930	false	2266	None
LINESTRING (3175017.084 252786.745, 3175027.578 252745.895)	14	941	0	931	false	2266	None
LINESTRING (3175027.578 252745.895, 3175049.003 252662.339)	14	941	0	932	false	2266	None
LINESTRING (3175049.003 252662.339, 3175056.619 252629.542)	14	941	0	933	false	2266	None
LINESTRING (3175056.619 252629.542, 3175058.129 252623.217)	14	941	0	934	false	2266	None
LINESTRING (3175058.129 252623.217, 3175058.444 252621.67)	14	941	0	935	false	2266	None
LINESTRING (3175058.444 252621.67, 3175062.468 252597.243)	14	941	0	936	false	2266	None
LINESTRING (3175062.468 252597.243, 3175065.703 252582.051)	14	941	0	937	false	2266	None
LINESTRING (3175065.703 252582.051, 3175066.336 252579.198)	14	941	0	938	false	2266	None
LINESTRING (3175066.336 252579.198, 3175067.868 252571.569)	14	941	0	939	false	2266	None
LINESTRING (3175067.868 252571.569, 3175068.234 252570.639)	14	941	0	940	false	2266	None
LINESTRING (3175068.234 252570.639, 3175069.037 252567.853)	14	941	0	941	false	2266	None
LINESTRING (3175069.037 252567.853, 3175087.158 252508.888)	14	941	0	942	false	2266	None
LINESTRING (3175087.158 252508.888, 3175105.209 252448.105)	14	941	0	943	false	2266	None
LINESTRING (3175105.209 252448.105, 3175106.575 252443.393)	14	941	0	944	false	2266	None
LINESTRING (3175106.575 252443.393, 3175113.778 252416.878)	14	941	0	945	false	2266	None
LINESTRING (3175113.778 252416.878, 3175116.733 252397.161)	14	941	0	946	false	2266	None
LINESTRING (3175116.733 252397.161, 3175113.498 252384.431)	14	941	0	947	false	2266	None
LINESTRING (3175113.498 252384.431, 3175104.536 252373.026)	14	941	0	948	false	2266	None
LINESTRING (3175104.536 252373.026, 3175096.113 252363.742)	14	941	0	949	false	2266	None
LINESTRING (3175096.113 252363.742, 3175078.976 252345.417)	14	941	0	950	false	2266	None
LINESTRING (3175078.976 252345.417, 3175063.334 252333.767)	14	941	0	951	false	2266	None
LINESTRING (3175063.334 252333.767, 3175055.099 252328.495)	14	941	0	952	false	2266	None
LINESTRING (3175055.099 252328.495, 3175045.722 252320.386)	14	941	0	953	false	2266	None
LINESTRING (3175045.722 252320.386, 3175038.261 252310.407)	14	941	0	954	false	2266	None
LINESTRING (3175038.261 252310.407, 3175032.754 252303.943)	14	941	0	955	false	2266	None
LINESTRING (3175032.754 252303.943, 3175026.698 252291.892)	14	941	0	956	false	2266	None
LINESTRING (3175026.698 252291.892, 3175013.634 252274.695)	14	941	0	957	false	2266	None
LINESTRING (3175013.634 252274.695, 3175007.088 252266.628)	14	941	0	958	false	2266	None
LINESTRING (3175007.088 252266.628, 3175001.267 252261.71)	14	941	0	959	false	2266	None
LINESTRING (3175001.267 252261.71, 3174994.259 252256.563)	14	941	0	960	false	2266	None
LINESTRING (3174994.259 252256.563, 3174973.651 252235.082)	14	941	0	961	false	2266	None
LINESTRING (3174973.651 252235.082, 3174969.963 252228.737)	14	941	0	962	false	2266	None
LINESTRING (3174969.963 252228.737, 3174968.899 252225.454)	14	941	0	963	false	2266	None
LINESTRING (3174968.899 252225.454, 3174968.109 252220.728)	14	941	0	964	false	2266	None
LINESTRING (3174968.109 252220.728, 3174968.602 252214.241)	14	941	0	965	false	2266	None
LINESTRING (3174968.602 252214.241, 3174977.104 252178.692)	14	941	0	966	false	2266	None
LINESTRING (3174977.104 252178.692, 3174977.863 252173.025)	14	941	0	967	false	2266	None
LINESTRING (3174977.863 252173.025, 3174979.971 252155.957)	14	941	0	968	false	2266	None
LINESTRING (3174979.971 252155.957, 3174978.905 252144.202)	14	941	0	969	false	2266	None
LINESTRING (3174978.905 252144.202, 3174973.933 252106.209)	14	941	0	970	false	2266	None
LINESTRING (3174973.933 252106.209, 3174974.618 252098.485)	14	941	0	971	false	2266	None
LINESTRING (3174974.618 252098.485, 3174978.84 252081.534)	14	941	0	972	false	2266	None
LINESTRING (3174978.84 252081.534, 3174990.457 252056.28)	14	941	0	973	false	2266	None
LINESTRING (3174990.457 252056.28, 3174991.322 252054.831)	14	941	0	974	false	2266	None
LINESTRING (3174991.322 252054.831, 3174997.579 252043.932)	14	941	0	975	false	2266	None
LINESTRING (3174997.579 252043.932, 3175009.188 252023.686)	14	941	0	976	false	2266	None
LINESTRING (3175009.188 252023.686, 3175018.838 252013.646)	14	941	0	977	false	2266	None
LINESTRING (3175018.838 252013.646, 3175021.168 252011.223)	14	941	0	978	false	2266	None
LINESTRING (3175021.168 252011.223, 3175028.415 252007.038)	14	941	0	979	false	2266	None
LINESTRING (3175028.415 252007.038, 3175040.311 252008.502)	14	941	0	980	false	2266	None
LINESTRING (3175040.311 252008.502, 3175060.454 252013.214)	14	941	0	981	false	2266	None
LINESTRING (3175060.454 252013.214, 3175065.803 252014.844)	14	941	0	982	false	2266	None
LINESTRING (3175065.803 252014.844, 3175082.024 252020.04)	14	941	0	983	false	2266	None
LINESTRING (3175082.024 252020.04, 3175095.014 252021.219)	14	941	0	984	false	2266	None
LINESTRING (3175095.014 252021.219, 3175100.663 252020.342)	14	941	0	985	false	2266	None
LINESTRING (3175100.663 252020.342, 3175109.917 252017.544)	14	941	0	986	false	2266	None
LINESTRING (3175109.917 252017.544, 3175113.562 252015.52)	14	941	0	987	false	2266	None
LINESTRING (3175113.562 252015.52, 3175116.828 252010.721)	14	941	0	988	false	2266	None
LINESTRING (3175116.828 252010.721, 3175119.447 252002.326)	14	941	0	989	false	2266	None
LINESTRING (3175119.447 252002.326, 3175122.027 251985.803)	14	941	0	990	false	2266	None
LINESTRING (3175122.027 251985.803, 3175128.307 251956.895)	14	941	0	991	false	2266	None
LINESTRING (3175128.307 251956.895, 3175134.016 251948.883)	14	941	0	992	false	2266	None
LINESTRING (3175134.016 251948.883, 3175139.233 251944.614)	14	941	0	993	false	2266	None
LINESTRING (3175139.233 251944.614, 3175140.62 251944.086)	14	941	0	994	false	2266	None
LINESTRING (3175140.62 251944.086, 3175161.838 251936.097)	14	941	0	995	false	2266	None
LINESTRING (3175161.838 251936.097, 3175179.255 251931.026)	14	941	0	996	false	2266	None
LINESTRING (3175179.255 251931.026, 3175188.757 251925.104)	14	941	0	997	false	2266	None
LINESTRING (3175188.757 251925.104, 3175212.332 251908.14)	14	941	0	998	false	2266	None
LINESTRING (3175212.332 251908.14, 3175230.383 251897.472)	14	941	0	999	false	2266	None
LINESTRING (3175230.383 251897.472, 3175262.627 251883.684)	14	941	0	1000	false	2266	None
LINESTRING (3175262.627 251883.684, 3175268.091 251881.78)	14	941	0	1001	false	2266	None
LINESTRING (3175268.091 251881.78, 3175287.05 251875.288)	14	941	0	1002	false	2266	None
LINESTRING (3175287.05 251875.288, 3175331.672 251861.245)	14	941	0	1003	false	2266	None
LINESTRING (3175331.672 251861.245, 3175388.972 251838.953)	14	941	0	1004	false	2266	None
LINESTRING (3175388.972 251838.953, 3175399.691 251832.436)	14	941	0	1005	false	2266	None
LINESTRING (3175399.691 251832.436, 3175407.086 251824.134)	14	941	0	1006	false	2266	None
LINESTRING (3175407.086 251824.134, 3175411.562 251812.772)	14	941	0	1007	false	2266	None
LINESTRING (3175411.562 251812.772, 3175415.075 251793.632)	14	941	0	1008	false	2266	None
LINESTRING (3175415.075 251793.632, 3175419.706 251781.377)	14	941	0	1009	false	2266	None
LINESTRING (3175419.706 251781.377, 3175423.66 251774.582)	14	941	0	1010	false	2266	None
LINESTRING (3175423.66 251774.582, 3175429.517 251767.94)	14	941	0	1011	false	2266	None
LINESTRING (3175429.517 251767.94, 3175445.724 251755.472)	14	941	0	1012	false	2266	None
LINESTRING (3175445.724 251755.472, 3175474.099 251737.297)	14	941	0	1013	false	2266	None
LINESTRING (3175474.099 251737.297, 3175494.553 251726.263)	14	941	0	1014	false	2266	None
LINESTRING (3175494.553 251726.263, 3175499.097 251722.207)	14	941	0	1015	false	2266	None
LINESTRING (3175499.097 251722.207, 3175504.071 251715.814)	14	941	0	1016	false	2266	None
LINESTRING (3175504.071 251715.814, 3175506.168 251711.986)	14	941	0	1017	false	2266	None
LINESTRING (3175506.168 251711.986, 3175509.823 251704.954)	14	941	0	1018	false	2266	None
LINESTRING (3175509.823 251704.954, 3175518.09 251681.722)	14	941	0	1019	false	2266	None
LINESTRING (3175518.09 251681.722, 3175531.591 251652.438)	14	941	0	1020	false	2266	None
LINESTRING (3175531.591 251652.438, 3175536.388 251645.497)	14	941	0	1021	false	2266	None
LINESTRING (3175536.388 251645.497, 3175542.511 251639.677)	14	941	0	1022	false	2266	None
LINESTRING (3175542.511 251639.677, 3175552.871 251634.57)	14	941	0	1023	false	2266	None
LINESTRING (3175552.871 251634.57, 3175562.621 251633.757)	14	941	0	1024	false	2266	None
LINESTRING (3175562.621 251633.757, 3175566.599 251634.131)	14	941	0	1025	false	2266	None
LINESTRING (3175566.599 251634.131, 3175576.714 251635.133)	14	941	0	1026	false	2266	None
LINESTRING (3175576.714 251635.133, 3175577.985 251635.395)	14	941	0	1027	false	2266	None
LINESTRING (3175577.985 251635.395, 3175610.699 251644.106)	14	941	0	1028	false	2266	None
LINESTRING (3175610.699 251644.106, 3175617.615 251645.996)	14	941	0	1029	false	2266	None
LINESTRING (3175617.615 251645.996, 3175618.676 251646.294)	14	941	0	1030	false	2266	None
LINESTRING (3175618.676 251646.294, 3175621.56 251646.953)	14	941	0	1031	false	2266	None
LINESTRING (3175621.56 251646.953, 3175627.453 251648.201)	14	941	0	1032	false	2266	None
LINESTRING (3175627.453 251648.201, 3175628.894 251648.53)	14	941	0	1033	false	2266	None
LINESTRING (3175628.894 251648.53, 3175639.985 251649.797)	14	941	0	1034	false	2266	None
LINESTRING (3175639.985 251649.797, 3175645.39 251649.54)	14	941	0	1035	false	2266	None
LINESTRING (3175645.39 251649.54, 3175651.472 251649.311)	14	941	0	1036	false	2266	None
LINESTRING (3175651.472 251649.311, 3175665.842 251635.522)	14	941	0	1037	false	2266	None
LINESTRING (3175665.842 251635.522, 3175671.144 251634.031)	14	941	0	1038	false	2266	None
LINESTRING (3175671.144 251634.031, 3175675.1 251632.965)	14	941	0	1039	false	2266	None
LINESTRING (3175675.1 251632.965, 3175682.024 251635.335)	14	941	0	1040	false	2266	None
LINESTRING (3175682.024 251635.335, 3175689.583 251640.58)	14	941	0	1041	false	2266	None
LINESTRING (3175689.583 251640.58, 3175695.856 251647.346)	14	941	0	1042	false	2266	None
LINESTRING (3175695.856 251647.346, 3175701.161 251648.84)	14	941	0	1043	false	2266	None
LINESTRING (3175701.161 251648.84, 3175709.177 251642.452)	14	941	0	1044	false	2266	None
LINESTRING (3175709.177 251642.452, 3175716.833 251631.746)	14	941	0	1045	false	2266	None
LINESTRING (3175716.833 251631.746, 3175722.844 251618.483)	14	941	0	1046	false	2266	None
LINESTRING (3175722.844 251618.483, 3175726.317 251610.664)	14	941	0	1047	false	2266	None
LINESTRING (3175726.317 251610.664, 3175733.031 251593.621)	14	941	0	1048	false	2266	None
LINESTRING (3175733.031 251593.621, 3175745.819 251578.613)	14	941	0	1049	false	2266	None
LINESTRING (3175745.819 251578.613, 3175783.928 251533.489)	14	941	0	1050	false	2266	None
LINESTRING (3175783.928 251533.489, 3175796.631 251518.447)	14	941	0	1051	false	2266	None
LINESTRING (3175796.631 251518.447, 3175816.415 251499.394)	14	941	0	1052	false	2266	None
LINESTRING (3175816.415 251499.394, 3175875.516 251442.375)	14	941	0	1053	false	2266	None
LINESTRING (3175875.516 251442.375, 3175895.175 251423.392)	14	941	0	1054	false	2266	None
LINESTRING (3175895.175 251423.392, 3175900.743 251422.722)	14	941	0	1055	false	2266	None
LINESTRING (3175900.743 251422.722, 3176027.174 251305.005)	14	941	0	1056	false	2266	None
LINESTRING (3176027.174 251305.005, 3176070.242 251263.505)	14	941	0	1057	false	2266	None
LINESTRING (3176070.242 251263.505, 3176079.239 251254.879)	14	941	0	1058	false	2266	None
LINESTRING (3176079.239 251254.879, 3176087.468 251245.712)	14	941	0	1059	false	2266	None
LINESTRING (3176087.468 251245.712, 3176096.426 251245.661)	14	941	0	1060	false	2266	None
LINESTRING (3176096.426 251245.661, 3176115.503 251235.637)	14	941	0	1061	false	2266	None
LINESTRING (3176115.503 251235.637, 3176305.121 251221.332)	14	941	0	1062	false	2266	None
LINESTRING (3176305.121 251221.332, 3177510.894 251171.118)	14	941	0	1063	false	2266	None
LINESTRING (3177510.894 251171.118, 3178141.865 251130.35)	14	941	0	1064	false	2266	None
LINESTRING (3178141.865 251130.35, 3178219.893 251125.313)	14	941	0	1065	false	2266	None
LINESTRING (3178219.893 251125.313, 3178243.14 251125.409)	14	941	0	1066	false	2266	None
LINESTRING (3178243.14 251125.409, 3178878.842 251094.431)	14	941	0	1067	false	2266	None
LINESTRING (3178878.842 251094.431, 3178926.896 251119.824)	14	941	0	1068	false	2266	None
LINESTRING (3178926.896 251119.824, 3179194.983 251261.702)	14	941	0	1069	false	2266	None
LINESTRING (3179194.983 251261.702, 3179284.319 251309.226)	14	941	0	1070	false	2266	None
LINESTRING (3179284.319 251309.226, 3179339.623 251333.424)	14	941	0	1071	false	2266	None
LINESTRING (3179339.623 251333.424, 3179467.379 251389.659)	14	941	0	1072	false	2266	None
LINESTRING (3179467.379 251389.659, 3179509.201 251374.052)	14	941	0	1073	false	2266	None
LINESTRING (3179509.201 251374.052, 3179570.233 251351.343)	14	941	0	1074	false	2266	None
LINESTRING (3179570.233 251351.343, 3179570.096 251350.693)	14	941	0	1075	false	2266	None
LINESTRING (3179570.096 251350.693, 3179569.731 251348.878)	14	941	0	1076	false	2266	None
LINESTRING (3179569.731 251348.878, 3179569.469 251348.297)	14	941	0	1077	false	2266	None
LINESTRING (3179569.469 251348.297, 3179582.081 251343.725)	14	941	0	1078	false	2266	None
LINESTRING (3179582.081 251343.725, 3179619.539 251330.216)	14	941	0	1079	false	2266	None
LINESTRING (3179619.539 251330.216, 3179632.025 251325.713)	14	941	0	1080	false	2266	None
LINESTRING (3179632.025 251325.713, 3179744.575 251299.936)	14	941	0	1081	false	2266	None
LINESTRING (3179744.575 251299.936, 3179744.95 251291.014)	14	941	0	1082	false	2266	None
LINESTRING (3179744.95 251291.014, 3179747.02 251279.538)	14	941	0	1083	false	2266	None
LINESTRING (3179747.02 251279.538, 3179754.038 251293.882)	14	941	0	1084	false	2266	None
LINESTRING (3179754.038 251293.882, 3179752.66 251297.874)	14	941	0	1085	false	2266	None
LINESTRING (3179752.66 251297.874, 3179764.016 251448.186)	14	941	0	1086	false	2266	None
LINESTRING (3179764.016 251448.186, 3179788.214 251669.559)	14	941	0	1087	false	2266	None
LINESTRING (3179788.214 251669.559, 3180030.753 251834.574)	14	941	0	1088	false	2266	None
LINESTRING (3180030.753 251834.574, 3180080.339 251832.415)	14	941	0	1089	false	2266	None
LINESTRING (3180080.339 251832.415, 3180098.044 251915.302)	14	941	0	1090	false	2266	None
LINESTRING (3180098.044 251915.302, 3180105.488 251970.153)	14	941	0	1091	false	2266	None
LINESTRING (3180105.488 251970.153, 3180129.749 252033.429)	14	941	0	1092	false	2266	None
LINESTRING (3180129.749 252033.429, 3180154.76 252087.334)	14	941	0	1093	false	2266	None
LINESTRING (3180154.76 252087.334, 3180184.078 252141.029)	14	941	0	1094	false	2266	None
LINESTRING (3180184.078 252141.029, 3180186.685 252145.876)	14	941	0	1095	false	2266	None
LINESTRING (3180186.685 252145.876, 3180210.717 252185.075)	14	941	0	1096	false	2266	None
LINESTRING (3180210.717 252185.075, 3180236.803 252211.597)	14	941	0	1097	false	2266	None
LINESTRING (3180236.803 252211.597, 3180362.047 252118.039)	14	941	0	1098	false	2266	None
LINESTRING (3180362.047 252118.039, 3180779.806 251805.854)	14	941	0	1099	false	2266	E:3180760.052 251820.61586626718
LINESTRING (3180779.806 251805.854, 3180362.047 252118.039)	14	335	0	1401	false	2348	E:3180760.052 251820.61586626718
LINESTRING (3180362.047 252118.039, 3180236.803 252211.597)	14	335	0	1402	false	2348	None
LINESTRING (3180236.803 252211.597, 3180210.717 252185.075)	14	335	0	1403	false	2348	None
LINESTRING (3180210.717 252185.075, 3180186.685 252145.876)	14	335	0	1404	false	2348	None
LINESTRING (3180186.685 252145.876, 3180184.078 252141.029)	14	335	0	1405	false	2348	None
LINESTRING (3180184.078 252141.029, 3180154.76 252087.334)	14	335	0	1406	false	2348	None
LINESTRING (3180154.76 252087.334, 3180129.749 252033.429)	14	335	0	1407	false	2348	None
LINESTRING (3180129.749 252033.429, 3180105.488 251970.153)	14	335	0	1408	false	2348	None
LINESTRING (3180105.488 251970.153, 3180098.044 251915.302)	14	335	0	1409	false	2348	None
LINESTRING (3180098.044 251915.302, 3180080.339 251832.415)	14	335	0	1410	false	2348	None
LINESTRING (3180080.339 251832.415, 3180030.753 251834.574)	14	335	0	1411	false	2348	None
LINESTRING (3180030.753 251834.574, 3179788.214 251669.559)	14	335	0	1412	false	2348	None
LINESTRING (3179788.214 251669.559, 3179764.016 251448.186)	14	335	0	1413	false	2348	None
LINESTRING (3179764.016 251448.186, 3179752.66 251297.874)	14	335	0	1414	false	2348	None
LINESTRING (3179752.66 251297.874, 3179754.038 251293.882)	14	335	0	1415	false	2348	None
LINESTRING (3179754.038 251293.882, 3179747.02 251279.538)	14	335	0	1416	false	2348	None
LINESTRING (3179747.02 251279.538, 3179744.95 251291.014)	14	335	0	1417	false	2348	None
LINESTRING (3179744.95 251291.014, 3179744.575 251299.936)	14	335	0	1418	false	2348	None
LINESTRING (3179744.575 251299.936, 3179632.025 251325.713)	14	335	0	1419	false	2348	None
LINESTRING (3179632.025 251325.713, 3179619.539 251330.216)	14	335	0	1420	false	2348	None
LINESTRING (3179619.539 251330.216, 3179582.081 251343.725)	14	335	0	1421	false	2348	None
LINESTRING (3179582.081 251343.725, 3179569.469 251348.297)	14	335	0	1422	false	2348	None
LINESTRING (3179569.469 251348.297, 3179569.731 251348.878)	14	335	0	1423	false	2348	None
LINESTRING (3179569.731 251348.878, 3179570.096 251350.693)	14	335	0	1424	false	2348	None
LINESTRING (3179570.096 251350.693, 3179570.233 251351.343)	14	335	0	1425	false	2348	None
LINESTRING (3179570.233 251351.343, 3179509.201 251374.052)	14	335	0	1426	false	2348	None
LINESTRING (3179509.201 251374.052, 3179467.379 251389.659)	14	335	0	1427	false	2348	None
LINESTRING (3179467.379 251389.659, 3179339.623 251333.424)	14	335	0	1428	false	2348	None
LINESTRING (3179339.623 251333.424, 3179284.319 251309.226)	14	335	0	1429	false	2348	None
LINESTRING (3179284.319 251309.226, 3179194.983 251261.702)	14	335	0	1430	false	2348	None
LINESTRING (3179194.983 251261.702, 3178926.896 251119.824)	14	335	0	1431	false	2348	None
LINESTRING (3178926.896 251119.824, 3178878.842 251094.431)	14	335	0	1432	false	2348	None
LINESTRING (3178878.842 251094.431, 3178243.14 251125.409)	14	335	0	1433	false	2348	None
LINESTRING (3178243.14 251125.409, 3178219.893 251125.313)	14	335	0	1434	false	2348	None
LINESTRING (3178219.893 251125.313, 3178141.865 251130.35)	14	335	0	1435	false	2348	None
LINESTRING (3178141.865 251130.35, 3177510.894 251171.118)	14	335	0	1436	false	2348	None
LINESTRING (3177510.894 251171.118, 3176305.121 251221.332)	14	335	0	1437	false	2348	None
LINESTRING (3176305.121 251221.332, 3176115.503 251235.637)	14	335	0	1438	false	2348	None
LINESTRING (3176115.503 251235.637, 3176096.426 251245.661)	14	335	0	1439	false	2348	None
LINESTRING (3176096.426 251245.661, 3176087.468 251245.712)	14	335	0	1440	false	2348	None
LINESTRING (3176087.468 251245.712, 3176079.239 251254.879)	14	335	0	1441	false	2348	None
LINESTRING (3176079.239 251254.879, 3176070.242 251263.505)	14	335	0	1442	false	2348	None
LINESTRING (3176070.242 251263.505, 3176027.174 251305.005)	14	335	0	1443	false	2348	None
LINESTRING (3176027.174 251305.005, 3175900.743 251422.722)	14	335	0	1444	false	2348	None
LINESTRING (3175900.743 251422.722, 3175895.175 251423.392)	14	335	0	1445	false	2348	None
LINESTRING (3175895.175 251423.392, 3175875.516 251442.375)	14	335	0	1446	false	2348	None
LINESTRING (3175875.516 251442.375, 3175816.415 251499.394)	14	335	0	1447	false	2348	None
LINESTRING (3175816.415 251499.394, 3175796.631 251518.447)	14	335	0	1448	false	2348	None
LINESTRING (3175796.631 251518.447, 3175783.928 251533.489)	14	335	0	1449	false	2348	None
LINESTRING (3175783.928 251533.489, 3175745.819 251578.613)	14	335	0	1450	false	2348	None
LINESTRING (3175745.819 251578.613, 3175733.031 251593.621)	14	335	0	1451	false	2348	None
LINESTRING (3175733.031 251593.621, 3175726.317 251610.664)	14	335	0	1452	false	2348	None
LINESTRING (3175726.317 251610.664, 3175722.844 251618.483)	14	335	0	1453	false	2348	None
LINESTRING (3175722.844 251618.483, 3175716.833 251631.746)	14	335	0	1454	false	2348	None
LINESTRING (3175716.833 251631.746, 3175709.177 251642.452)	14	335	0	1455	false	2348	None
LINESTRING (3175709.177 251642.452, 3175701.161 251648.84)	14	335	0	1456	false	2348	None
LINESTRING (3175701.161 251648.84, 3175695.856 251647.346)	14	335	0	1457	false	2348	None
LINESTRING (3175695.856 251647.346, 3175689.583 251640.58)	14	335	0	1458	false	2348	None
LINESTRING (3175689.583 251640.58, 3175682.024 251635.335)	14	335	0	1459	false	2348	None
LINESTRING (3175682.024 251635.335, 3175675.1 251632.965)	14	335	0	1460	false	2348	None
LINESTRING (3175675.1 251632.965, 3175671.144 251634.031)	14	335	0	1461	false	2348	None
LINESTRING (3175671.144 251634.031, 3175665.842 251635.522)	14	335	0	1462	false	2348	None
LINESTRING (3175665.842 251635.522, 3175651.472 251649.311)	14	335	0	1463	false	2348	None
LINESTRING (3175651.472 251649.311, 3175645.39 251649.54)	14	335	0	1464	false	2348	None
LINESTRING (3175645.39 251649.54, 3175639.985 251649.797)	14	335	0	1465	false	2348	None
LINESTRING (3175639.985 251649.797, 3175628.894 251648.53)	14	335	0	1466	false	2348	None
LINESTRING (3175628.894 251648.53, 3175627.453 251648.201)	14	335	0	1467	false	2348	None
LINESTRING (3175627.453 251648.201, 3175621.56 251646.953)	14	335	0	1468	false	2348	None
LINESTRING (3175621.56 251646.953, 3175618.676 251646.294)	14	335	0	1469	false	2348	None
LINESTRING (3175618.676 251646.294, 3175617.615 251645.996)	14	335	0	1470	false	2348	None
LINESTRING (3175617.615 251645.996, 3175610.699 251644.106)	14	335	0	1471	false	2348	None
LINESTRING (3175610.699 251644.106, 3175577.985 251635.395)	14	335	0	1472	false	2348	None
LINESTRING (3175577.985 251635.395, 3175576.714 251635.133)	14	335	0	1473	false	2348	None
LINESTRING (3175576.714 251635.133, 3175566.599 251634.131)	14	335	0	1474	false	2348	None
LINESTRING (3175566.599 251634.131, 3175525.286 251610.101)	14	335	0	1475	false	2348	None
LINESTRING (3175525.286 251610.101, 3175425.121 251575.894)	14	335	0	1476	false	2348	None
LINESTRING (3175425.121 251575.894, 3175370.664 251557.306)	14	335	0	1477	false	2348	None
LINESTRING (3175370.664 251557.306, 3175124.582 251473.143)	14	335	0	1478	false	2348	None
LINESTRING (3175124.582 251473.143, 3175057.891 251450.454)	14	335	0	1479	false	2348	None
LINESTRING (3175057.891 251450.454, 3175024.29 251439.01)	14	335	0	1480	false	2348	None
LINESTRING (3175024.29 251439.01, 3174996.719 251429.463)	14	335	0	1481	false	2348	None
LINESTRING (3174996.719 251429.463, 3174924.675 251404.907)	14	335	0	1482	false	2348	None
LINESTRING (3174924.675 251404.907, 3174913.629 251401.034)	14	335	0	1483	false	2348	None
LINESTRING (3174913.629 251401.034, 3174885.891 251391.66)	14	335	0	1484	false	2348	None
LINESTRING (3174885.891 251391.66, 3174884.065 251391.06)	14	335	0	1485	false	2348	None
LINESTRING (3174884.065 251391.06, 3174851.403 251377.481)	14	335	0	1486	false	2348	None
LINESTRING (3174851.403 251377.481, 3174831.289 251369.201)	14	335	0	1487	false	2348	None
LINESTRING (3174831.289 251369.201, 3174747.681 251334.604)	14	335	0	1488	false	2348	None
LINESTRING (3174747.681 251334.604, 3174729.906 251327.365)	14	335	0	1489	false	2348	None
LINESTRING (3174729.906 251327.365, 3174712.742 251321.321)	14	335	0	1490	false	2348	None
LINESTRING (3174712.742 251321.321, 3174670.764 251306.46)	14	335	0	1491	false	2348	None
LINESTRING (3174670.764 251306.46, 3174544.533 251261.881)	14	335	0	1492	false	2348	None
LINESTRING (3174544.533 251261.881, 3174507.357 251248.792)	14	335	0	1493	false	2348	None
LINESTRING (3174507.357 251248.792, 3174502.429 251247.09)	14	335	0	1494	false	2348	None
LINESTRING (3174502.429 251247.09, 3174460.79 251232.364)	14	335	0	1495	false	2348	None
LINESTRING (3174460.79 251232.364, 3174032.562 251068.043)	14	335	0	1496	false	2348	None
LINESTRING (3174032.562 251068.043, 3174026.061 251002.487)	14	335	0	1497	false	2348	None
LINESTRING (3174026.061 251002.487, 3174006.883 251041.468)	14	335	0	1498	false	2348	None
LINESTRING (3174006.883 251041.468, 3174005.593 251045.494)	14	335	0	1499	false	2348	None
LINESTRING (3174005.593 251045.494, 3173999.093 251040.549)	14	335	0	1500	false	2348	None
LINESTRING (3173999.093 251040.549, 3171347.047 249998.691)	14	335	0	1501	false	2348	W:3172204.385 250335.49679220872
LINESTRING (3171347.047 249998.691, 3173999.093 251040.549)	14	338	0	228	false	1665	W:3172204.385 250335.49679220872
LINESTRING (3173999.093 251040.549, 3174005.593 251045.494)	14	338	0	229	false	1665	None
LINESTRING (3174005.593 251045.494, 3174006.883 251041.468)	14	338	0	230	false	1665	None
LINESTRING (3174006.883 251041.468, 3174026.061 251002.487)	14	338	0	231	false	1665	None
LINESTRING (3174026.061 251002.487, 3174032.562 251068.043)	14	338	0	232	false	1665	None
LINESTRING (3174032.562 251068.043, 3174460.79 251232.364)	14	338	0	233	false	1665	None
LINESTRING (3174460.79 251232.364, 3174502.429 251247.09)	14	338	0	234	false	1665	None
LINESTRING (3174502.429 251247.09, 3174507.357 251248.792)	14	338	0	235	false	1665	None
LINESTRING (3174507.357 251248.792, 3174544.533 251261.881)	14	338	0	236	false	1665	None
LINESTRING (3174544.533 251261.881, 3174670.764 251306.46)	14	338	0	237	false	1665	None
LINESTRING (3174670.764 251306.46, 3174712.742 251321.321)	14	338	0	238	false	1665	None
LINESTRING (3174712.742 251321.321, 3174729.906 251327.365)	14	338	0	239	false	1665	None
LINESTRING (3174729.906 251327.365, 3174747.681 251334.604)	14	338	0	240	false	1665	None
LINESTRING (3174747.681 251334.604, 3174831.289 251369.201)	14	338	0	241	false	1665	None
LINESTRING (3174831.289 251369.201, 3174851.403 251377.481)	14	338	0	242	false	1665	None
LINESTRING (3174851.403 251377.481, 3174884.065 251391.06)	14	338	0	243	false	1665	None
LINESTRING (3174884.065 251391.06, 3174885.891 251391.66)	14	338	0	244	false	1665	None
LINESTRING (3174885.891 251391.66, 3174913.629 251401.034)	14	338	0	245	false	1665	None
LINESTRING (3174913.629 251401.034, 3174924.675 251404.907)	14	338	0	246	false	1665	None
LINESTRING (3174924.675 251404.907, 3174996.719 251429.463)	14	338	0	247	false	1665	None
LINESTRING (3174996.719 251429.463, 3175024.29 251439.01)	14	338	0	248	false	1665	None
LINESTRING (3175024.29 251439.01, 3175057.891 251450.454)	14	338	0	249	false	1665	None
LINESTRING (3175057.891 251450.454, 3175124.582 251473.143)	14	338	0	250	false	1665	None
LINESTRING (3175124.582 251473.143, 3175370.664 251557.306)	14	338	0	251	false	1665	None
LINESTRING (3175370.664 251557.306, 3175425.121 251575.894)	14	338	0	252	false	1665	None
LINESTRING (3175425.121 251575.894, 3175525.286 251610.101)	14	338	0	253	false	1665	None
LINESTRING (3175525.286 251610.101, 3175566.599 251634.131)	14	338	0	254	false	1665	None
LINESTRING (3175566.599 251634.131, 3175562.621 251633.757)	14	338	0	255	false	1665	None
LINESTRING (3175562.621 251633.757, 3175552.871 251634.57)	14	338	0	256	false	1665	None
LINESTRING (3175552.871 251634.57, 3175542.511 251639.677)	14	338	0	257	false	1665	None
LINESTRING (3175542.511 251639.677, 3175536.388 251645.497)	14	338	0	258	false	1665	None
LINESTRING (3175536.388 251645.497, 3175531.591 251652.438)	14	338	0	259	false	1665	None
LINESTRING (3175531.591 251652.438, 3175518.09 251681.722)	14	338	0	260	false	1665	None
LINESTRING (3175518.09 251681.722, 3175509.823 251704.954)	14	338	0	261	false	1665	None
LINESTRING (3175509.823 251704.954, 3175506.168 251711.986)	14	338	0	262	false	1665	None
LINESTRING (3175506.168 251711.986, 3175504.071 251715.814)	14	338	0	263	false	1665	None
LINESTRING (3175504.071 251715.814, 3175499.097 251722.207)	14	338	0	264	false	1665	None
LINESTRING (3175499.097 251722.207, 3175494.553 251726.263)	14	338	0	265	false	1665	None
LINESTRING (3175494.553 251726.263, 3175474.099 251737.297)	14	338	0	266	false	1665	None
LINESTRING (3175474.099 251737.297, 3175445.724 251755.472)	14	338	0	267	false	1665	None
LINESTRING (3175445.724 251755.472, 3175429.517 251767.94)	14	338	0	268	false	1665	None
LINESTRING (3175429.517 251767.94, 3175423.66 251774.582)	14	338	0	269	false	1665	None
LINESTRING (3175423.66 251774.582, 3175419.706 251781.377)	14	338	0	270	false	1665	None
LINESTRING (3175419.706 251781.377, 3175415.075 251793.632)	14	338	0	271	false	1665	None
LINESTRING (3175415.075 251793.632, 3175411.562 251812.772)	14	338	0	272	false	1665	None
LINESTRING (3175411.562 251812.772, 3175407.086 251824.134)	14	338	0	273	false	1665	None
LINESTRING (3175407.086 251824.134, 3175399.691 251832.436)	14	338	0	274	false	1665	None
LINESTRING (3175399.691 251832.436, 3175388.972 251838.953)	14	338	0	275	false	1665	None
LINESTRING (3175388.972 251838.953, 3175331.672 251861.245)	14	338	0	276	false	1665	None
LINESTRING (3175331.672 251861.245, 3175287.05 251875.288)	14	338	0	277	false	1665	None
LINESTRING (3175287.05 251875.288, 3175268.091 251881.78)	14	338	0	278	false	1665	None
LINESTRING (3175268.091 251881.78, 3175262.627 251883.684)	14	338	0	279	false	1665	None
LINESTRING (3175262.627 251883.684, 3175230.383 251897.472)	14	338	0	280	false	1665	None
LINESTRING (3175230.383 251897.472, 3175212.332 251908.14)	14	338	0	281	false	1665	None
LINESTRING (3175212.332 251908.14, 3175188.757 251925.104)	14	338	0	282	false	1665	None
LINESTRING (3175188.757 251925.104, 3175179.255 251931.026)	14	338	0	283	false	1665	None
LINESTRING (3175179.255 251931.026, 3175161.838 251936.097)	14	338	0	284	false	1665	None
LINESTRING (3175161.838 251936.097, 3175140.62 251944.086)	14	338	0	285	false	1665	None
LINESTRING (3175140.62 251944.086, 3175139.233 251944.614)	14	338	0	286	false	1665	None
LINESTRING (3175139.233 251944.614, 3175134.016 251948.883)	14	338	0	287	false	1665	None
LINESTRING (3175134.016 251948.883, 3175128.307 251956.895)	14	338	0	288	false	1665	None
LINESTRING (3175128.307 251956.895, 3175122.027 251985.803)	14	338	0	289	false	1665	None
LINESTRING (3175122.027 251985.803, 3175119.447 252002.326)	14	338	0	290	false	1665	None
LINESTRING (3175119.447 252002.326, 3175116.828 252010.721)	14	338	0	291	false	1665	None
LINESTRING (3175116.828 252010.721, 3175113.562 252015.52)	14	338	0	292	false	1665	None
LINESTRING (3175113.562 252015.52, 3175109.917 252017.544)	14	338	0	293	false	1665	None
LINESTRING (3175109.917 252017.544, 3175100.663 252020.342)	14	338	0	294	false	1665	None
LINESTRING (3175100.663 252020.342, 3175095.014 252021.219)	14	338	0	295	false	1665	None
LINESTRING (3175095.014 252021.219, 3175082.024 252020.04)	14	338	0	296	false	1665	None
LINESTRING (3175082.024 252020.04, 3175065.803 252014.844)	14	338	0	297	false	1665	None
LINESTRING (3175065.803 252014.844, 3175060.454 252013.214)	14	338	0	298	false	1665	None
LINESTRING (3175060.454 252013.214, 3175040.311 252008.502)	14	338	0	299	false	1665	None
LINESTRING (3175040.311 252008.502, 3175028.415 252007.038)	14	338	0	300	false	1665	None
LINESTRING (3175028.415 252007.038, 3175021.168 252011.223)	14	338	0	301	false	1665	None
LINESTRING (3175021.168 252011.223, 3175018.838 252013.646)	14	338	0	302	false	1665	None
LINESTRING (3175018.838 252013.646, 3175009.188 252023.686)	14	338	0	303	false	1665	None
LINESTRING (3175009.188 252023.686, 3174997.579 252043.932)	14	338	0	304	false	1665	None
LINESTRING (3174997.579 252043.932, 3174991.322 252054.831)	14	338	0	305	false	1665	None
LINESTRING (3174991.322 252054.831, 3174990.457 252056.28)	14	338	0	306	false	1665	None
LINESTRING (3174990.457 252056.28, 3174978.84 252081.534)	14	338	0	307	false	1665	None
LINESTRING (3174978.84 252081.534, 3174974.618 252098.485)	14	338	0	308	false	1665	None
LINESTRING (3174974.618 252098.485, 3174973.933 252106.209)	14	338	0	309	false	1665	None
LINESTRING (3174973.933 252106.209, 3174978.905 252144.202)	14	338	0	310	false	1665	None
LINESTRING (3174978.905 252144.202, 3174979.971 252155.957)	14	338	0	311	false	1665	None
LINESTRING (3174979.971 252155.957, 3174977.863 252173.025)	14	338	0	312	false	1665	None
LINESTRING (3174977.863 252173.025, 3174977.104 252178.692)	14	338	0	313	false	1665	None
LINESTRING (3174977.104 252178.692, 3174968.602 252214.241)	14	338	0	314	false	1665	None
LINESTRING (3174968.602 252214.241, 3174968.109 252220.728)	14	338	0	315	false	1665	None
LINESTRING (3174968.109 252220.728, 3174968.899 252225.454)	14	338	0	316	false	1665	None
LINESTRING (3174968.899 252225.454, 3174969.963 252228.737)	14	338	0	317	false	1665	None
LINESTRING (3174969.963 252228.737, 3174973.651 252235.082)	14	338	0	318	false	1665	None
LINESTRING (3174973.651 252235.082, 3174994.259 252256.563)	14	338	0	319	false	1665	None
LINESTRING (3174994.259 252256.563, 3175001.267 252261.71)	14	338	0	320	false	1665	None
LINESTRING (3175001.267 252261.71, 3175007.088 252266.628)	14	338	0	321	false	1665	None
LINESTRING (3175007.088 252266.628, 3175013.634 252274.695)	14	338	0	322	false	1665	None
LINESTRING (3175013.634 252274.695, 3175026.698 252291.892)	14	338	0	323	false	1665	None
LINESTRING (3175026.698 252291.892, 3175032.754 252303.943)	14	338	0	324	false	1665	None
LINESTRING (3175032.754 252303.943, 3175038.261 252310.407)	14	338	0	325	false	1665	None
LINESTRING (3175038.261 252310.407, 3175045.722 252320.386)	14	338	0	326	false	1665	None
LINESTRING (3175045.722 252320.386, 3175055.099 252328.495)	14	338	0	327	false	1665	None
LINESTRING (3175055.099 252328.495, 3175063.334 252333.767)	14	338	0	328	false	1665	None
LINESTRING (3175063.334 252333.767, 3175078.976 252345.417)	14	338	0	329	false	1665	None
LINESTRING (3175078.976 252345.417, 3175096.113 252363.742)	14	338	0	330	false	1665	None
LINESTRING (3175096.113 252363.742, 3175104.536 252373.026)	14	338	0	331	false	1665	None
LINESTRING (3175104.536 252373.026, 3175113.498 252384.431)	14	338	0	332	false	1665	None
LINESTRING (3175113.498 252384.431, 3175116.733 252397.161)	14	338	0	333	false	1665	None
LINESTRING (3175116.733 252397.161, 3175113.778 252416.878)	14	338	0	334	false	1665	None
LINESTRING (3175113.778 252416.878, 3175106.575 252443.393)	14	338	0	335	false	1665	None
LINESTRING (3175106.575 252443.393, 3175105.209 252448.105)	14	338	0	336	false	1665	None
LINESTRING (3175105.209 252448.105, 3175087.158 252508.888)	14	338	0	337	false	1665	None
LINESTRING (3175087.158 252508.888, 3175069.037 252567.853)	14	338	0	338	false	1665	None
LINESTRING (3175069.037 252567.853, 3175068.234 252570.639)	14	338	0	339	false	1665	None
LINESTRING (3175068.234 252570.639, 3175067.868 252571.569)	14	338	0	340	false	1665	None
LINESTRING (3175067.868 252571.569, 3175066.336 252579.198)	14	338	0	341	false	1665	None
LINESTRING (3175066.336 252579.198, 3175065.703 252582.051)	14	338	0	342	false	1665	None
LINESTRING (3175065.703 252582.051, 3175062.468 252597.243)	14	338	0	343	false	1665	None
LINESTRING (3175062.468 252597.243, 3175058.444 252621.67)	14	338	0	344	false	1665	None
LINESTRING (3175058.444 252621.67, 3175058.129 252623.217)	14	338	0	345	false	1665	None
LINESTRING (3175058.129 252623.217, 3175056.619 252629.542)	14	338	0	346	false	1665	None
LINESTRING (3175056.619 252629.542, 3175049.003 252662.339)	14	338	0	347	false	1665	None
LINESTRING (3175049.003 252662.339, 3175027.578 252745.895)	14	338	0	348	false	1665	None
LINESTRING (3175027.578 252745.895, 3175017.084 252786.745)	14	338	0	349	false	1665	None
LINESTRING (3175017.084 252786.745, 3175015.73 252792.178)	14	338	0	350	false	1665	None
LINESTRING (3175015.73 252792.178, 3175005.627 252833.779)	14	338	0	351	false	1665	None
LINESTRING (3175005.627 252833.779, 3174997.995 252868.359)	14	338	0	352	false	1665	None
LINESTRING (3174997.995 252868.359, 3174993.243 252889.396)	14	338	0	353	false	1665	None
LINESTRING (3174993.243 252889.396, 3174985.591 252933.752)	14	338	0	354	false	1665	None
LINESTRING (3174985.591 252933.752, 3174973.873 252985.933)	14	338	0	355	false	1665	None
LINESTRING (3174973.873 252985.933, 3174967.527 253010.519)	14	338	0	356	false	1665	None
LINESTRING (3174967.527 253010.519, 3174960.62 253028.799)	14	338	0	357	false	1665	None
LINESTRING (3174960.62 253028.799, 3174921.912 253103.877)	14	338	0	358	false	1665	None
LINESTRING (3174921.912 253103.877, 3174920.928 253105.876)	14	338	0	359	false	1665	None
LINESTRING (3174920.928 253105.876, 3174913.531 253119.667)	14	338	0	360	false	1665	None
LINESTRING (3174913.531 253119.667, 3174909.694 253134.145)	14	338	0	361	false	1665	None
LINESTRING (3174909.694 253134.145, 3174907.624 253148.125)	14	338	0	362	false	1665	None
LINESTRING (3174907.624 253148.125, 3174906.511 253186.347)	14	338	0	363	false	1665	None
LINESTRING (3174906.511 253186.347, 3174905.997 253202.611)	14	338	0	364	false	1665	None
LINESTRING (3174905.997 253202.611, 3174903.668 253241.427)	14	338	0	365	false	1665	None
LINESTRING (3174903.668 253241.427, 3174900.106 253299.327)	14	338	0	366	false	1665	None
LINESTRING (3174900.106 253299.327, 3174899.724 253327.218)	14	338	0	367	false	1665	None
LINESTRING (3174899.724 253327.218, 3174900.399 253369.127)	14	338	0	368	false	1665	None
LINESTRING (3174900.399 253369.127, 3174899.474 253386.183)	14	338	0	369	false	1665	None
LINESTRING (3174899.474 253386.183, 3174896.181 253397.534)	14	338	0	370	false	1665	None
LINESTRING (3174896.181 253397.534, 3174892.035 253405.566)	14	338	0	371	false	1665	None
LINESTRING (3174892.035 253405.566, 3174887.108 253415.08)	14	338	0	372	false	1665	None
LINESTRING (3174887.108 253415.08, 3174872.943 253431.097)	14	338	0	373	false	1665	None
LINESTRING (3174872.943 253431.097, 3174863.639 253444.495)	14	338	0	374	false	1665	None
LINESTRING (3174863.639 253444.495, 3174860.698 253451.212)	14	338	0	375	false	1665	None
LINESTRING (3174860.698 253451.212, 3174857.025 253459.788)	14	338	0	376	false	1665	None
LINESTRING (3174857.025 253459.788, 3174845.799 253485.793)	14	338	0	377	false	1665	None
LINESTRING (3174845.799 253485.793, 3174843.387 253491.167)	14	338	0	378	false	1665	None
LINESTRING (3174843.387 253491.167, 3174842.085 253494.472)	14	338	0	379	false	1665	None
LINESTRING (3174842.085 253494.472, 3174814.944 253563.368)	14	338	0	380	false	1665	None
LINESTRING (3174814.944 253563.368, 3174814.089 253565.537)	14	338	0	381	false	1665	None
LINESTRING (3174814.089 253565.537, 3174804.548 253593.995)	14	338	0	382	false	1665	None
LINESTRING (3174804.548 253593.995, 3174795.123 253641.352)	14	338	0	383	false	1665	None
LINESTRING (3174795.123 253641.352, 3174792.582 253657.773)	14	338	0	384	false	1665	None
LINESTRING (3174792.582 253657.773, 3174791.663 253675.309)	14	338	0	385	false	1665	None
LINESTRING (3174791.663 253675.309, 3174793.397 253686.612)	14	338	0	386	false	1665	None
LINESTRING (3174793.397 253686.612, 3174800.345 253713.094)	14	338	0	387	false	1665	None
LINESTRING (3174800.345 253713.094, 3174807.957 253730.412)	14	338	0	388	false	1665	None
LINESTRING (3174807.957 253730.412, 3174817.701 253763.007)	14	338	0	389	false	1665	None
LINESTRING (3174817.701 253763.007, 3174818.834 253768.107)	14	338	0	390	false	1665	None
LINESTRING (3174818.834 253768.107, 3174819.189 253769.201)	14	338	0	391	false	1665	None
LINESTRING (3174819.189 253769.201, 3174822.691 253785.735)	14	338	0	392	false	1665	None
LINESTRING (3174822.691 253785.735, 3174825.186 253808.315)	14	338	0	393	false	1665	None
LINESTRING (3174825.186 253808.315, 3174826.271 253824.255)	14	338	0	394	false	1665	None
LINESTRING (3174826.271 253824.255, 3174826.454 253839.243)	14	338	0	395	false	1665	None
LINESTRING (3174826.454 253839.243, 3174822.45 253853.893)	14	338	0	396	false	1665	None
LINESTRING (3174822.45 253853.893, 3174815.239 253877.184)	14	338	0	397	false	1665	None
LINESTRING (3174815.239 253877.184, 3174810.603 253889.199)	14	338	0	398	false	1665	None
LINESTRING (3174810.603 253889.199, 3174783.065 253959.848)	14	338	0	399	false	1665	None
LINESTRING (3174783.065 253959.848, 3174766.498 253995.92)	14	338	0	400	false	1665	None
LINESTRING (3174766.498 253995.92, 3174755.637 254012.523)	14	338	0	401	false	1665	None
LINESTRING (3174755.637 254012.523, 3174746.33 254022.936)	14	338	0	402	false	1665	None
LINESTRING (3174746.33 254022.936, 3174740.696 254027.518)	14	338	0	403	false	1665	None
LINESTRING (3174740.696 254027.518, 3174702.135 254059.102)	14	338	0	404	false	1665	None
LINESTRING (3174702.135 254059.102, 3174631.824 254092.019)	14	338	0	405	false	1665	None
LINESTRING (3174631.824 254092.019, 3174576.977 254116.591)	14	338	0	406	false	1665	None
LINESTRING (3174576.977 254116.591, 3174540.604 254139.133)	14	338	0	407	false	1665	None
LINESTRING (3174540.604 254139.133, 3174524.185 254154.143)	14	338	0	408	false	1665	None
LINESTRING (3174524.185 254154.143, 3174513.081 254168.621)	14	338	0	409	false	1665	None
LINESTRING (3174513.081 254168.621, 3174503.909 254185.174)	14	338	0	410	false	1665	None
LINESTRING (3174503.909 254185.174, 3174496.149 254202.879)	14	338	0	411	false	1665	None
LINESTRING (3174496.149 254202.879, 3174490.305 254227.186)	14	338	0	412	false	1665	None
LINESTRING (3174490.305 254227.186, 3174488.329 254244.664)	14	338	0	413	false	1665	None
LINESTRING (3174488.329 254244.664, 3174487.384 254263.264)	14	338	0	414	false	1665	None
LINESTRING (3174487.384 254263.264, 3174484.101 254331.417)	14	338	0	415	false	1665	None
LINESTRING (3174484.101 254331.417, 3174483.947 254425.025)	14	338	0	416	false	1665	None
LINESTRING (3174483.947 254425.025, 3174481.221 254493.755)	14	338	0	417	false	1665	None
LINESTRING (3174481.221 254493.755, 3174479.959 254541.822)	14	338	0	418	false	1665	None
LINESTRING (3174479.959 254541.822, 3174479.409 254558.669)	14	338	0	419	false	1665	None
LINESTRING (3174479.409 254558.669, 3174476.497 254578.523)	14	338	0	420	false	1665	None
LINESTRING (3174476.497 254578.523, 3174464.976 254632.691)	14	338	0	421	false	1665	None
LINESTRING (3174464.976 254632.691, 3174458.944 254652.987)	14	338	0	422	false	1665	None
LINESTRING (3174458.944 254652.987, 3174433.828 254710.51)	14	338	0	423	false	1665	None
LINESTRING (3174433.828 254710.51, 3174374.209 254855.867)	14	338	0	424	false	1665	None
LINESTRING (3174374.209 254855.867, 3174360.292 254891.193)	14	338	0	425	false	1665	None
LINESTRING (3174360.292 254891.193, 3174351.478 254911.824)	14	338	0	426	false	1665	None
LINESTRING (3174351.478 254911.824, 3174343.693 254925.105)	14	338	0	427	false	1665	None
LINESTRING (3174343.693 254925.105, 3174324.82 254951.08)	14	338	0	428	false	1665	None
LINESTRING (3174324.82 254951.08, 3174311.163 254964.315)	14	338	0	429	false	1665	None
LINESTRING (3174311.163 254964.315, 3174282.59 254988.498)	14	338	0	430	false	1665	None
LINESTRING (3174282.59 254988.498, 3174259.162 254978.433)	14	338	0	431	false	1665	None
LINESTRING (3174259.162 254978.433, 3174218.483 255029.11)	14	338	0	432	false	1665	None
LINESTRING (3174218.483 255029.11, 3174211.362 255038.714)	14	338	0	433	false	1665	None
LINESTRING (3174211.362 255038.714, 3174199.319 255055.329)	14	338	0	434	false	1665	None
LINESTRING (3174199.319 255055.329, 3174184.673 255084.283)	14	338	0	435	false	1665	None
LINESTRING (3174184.673 255084.283, 3174180.43 255094.305)	14	338	0	436	false	1665	None
LINESTRING (3174180.43 255094.305, 3174177.111 255115.192)	14	338	0	437	false	1665	None
LINESTRING (3174177.111 255115.192, 3174178.224 255133.052)	14	338	0	438	false	1665	None
LINESTRING (3174178.224 255133.052, 3174179.046 255137.194)	14	338	0	439	false	1665	None
LINESTRING (3174179.046 255137.194, 3174182.945 255157.702)	14	338	0	440	false	1665	None
LINESTRING (3174182.945 255157.702, 3174188.768 255179.804)	14	338	0	441	false	1665	None
LINESTRING (3174188.768 255179.804, 3174193.614 255198.657)	14	338	0	442	false	1665	None
LINESTRING (3174193.614 255198.657, 3174195.655 255213.661)	14	338	0	443	false	1665	None
LINESTRING (3174195.655 255213.661, 3174193.745 255241.188)	14	338	0	444	false	1665	None
LINESTRING (3174193.745 255241.188, 3174191.139 255261.759)	14	338	0	445	false	1665	None
LINESTRING (3174191.139 255261.759, 3174185.399 255281.812)	14	338	0	446	false	1665	None
LINESTRING (3174185.399 255281.812, 3174172.774 255313.113)	14	338	0	447	false	1665	None
LINESTRING (3174172.774 255313.113, 3174158.391 255348.375)	14	338	0	448	false	1665	None
LINESTRING (3174158.391 255348.375, 3174154.84 255356.641)	14	338	0	449	false	1665	None
LINESTRING (3174154.84 255356.641, 3174149.003 255370.212)	14	338	0	450	false	1665	None
LINESTRING (3174149.003 255370.212, 3174139.12 255392.808)	14	338	0	451	false	1665	None
LINESTRING (3174139.12 255392.808, 3174132.518 255406.078)	14	338	0	452	false	1665	None
LINESTRING (3174132.518 255406.078, 3174130.092 255410.492)	14	338	0	453	false	1665	None
LINESTRING (3174130.092 255410.492, 3174122.81 255423.493)	14	338	0	454	false	1665	None
LINESTRING (3174122.81 255423.493, 3174108.357 255442.738)	14	338	0	455	false	1665	None
LINESTRING (3174108.357 255442.738, 3174106.693 255444.469)	14	338	0	456	false	1665	None
LINESTRING (3174106.693 255444.469, 3174093.469 255458.351)	14	338	0	457	false	1665	None
LINESTRING (3174093.469 255458.351, 3174066.22 255489.142)	14	338	0	458	false	1665	None
LINESTRING (3174066.22 255489.142, 3174053.366 255502.335)	14	338	0	459	false	1665	None
LINESTRING (3174053.366 255502.335, 3174044.63 255511.303)	14	338	0	460	false	1665	None
LINESTRING (3174044.63 255511.303, 3174034.67 255520.386)	14	338	0	461	false	1665	None
LINESTRING (3174034.67 255520.386, 3174048.847 255527.761)	14	338	0	462	false	1665	None
LINESTRING (3174048.847 255527.761, 3174060.595 255536.565)	14	338	0	463	false	1665	None
LINESTRING (3174060.595 255536.565, 3174065.424 255540.257)	14	338	0	464	false	1665	None
LINESTRING (3174065.424 255540.257, 3174087.367 255561.311)	14	338	0	465	false	1665	None
LINESTRING (3174087.367 255561.311, 3174104.79 255582.375)	14	338	0	466	false	1665	None
LINESTRING (3174104.79 255582.375, 3174120.989 255606.297)	14	338	0	467	false	1665	None
LINESTRING (3174120.989 255606.297, 3174121.901 255607.969)	14	338	0	468	false	1665	None
LINESTRING (3174121.901 255607.969, 3174129.88 255624.596)	14	338	0	469	false	1665	None
LINESTRING (3174129.88 255624.596, 3174136.785 255637.22)	14	338	0	470	false	1665	None
LINESTRING (3174136.785 255637.22, 3174160.588 255680.963)	14	338	0	471	false	1665	None
LINESTRING (3174160.588 255680.963, 3174172.924 255706.466)	14	338	0	472	false	1665	None
LINESTRING (3174172.924 255706.466, 3174176.942 255720.937)	14	338	0	473	false	1665	None
LINESTRING (3174176.942 255720.937, 3174179.076 255733.71)	14	338	0	474	false	1665	None
LINESTRING (3174179.076 255733.71, 3174179.5 255736.621)	14	338	0	475	false	1665	None
LINESTRING (3174179.5 255736.621, 3174178.637 255749.527)	14	338	0	476	false	1665	None
LINESTRING (3174178.637 255749.527, 3174176.067 255761.282)	14	338	0	477	false	1665	None
LINESTRING (3174176.067 255761.282, 3174168.249 255792.091)	14	338	0	478	false	1665	None
LINESTRING (3174168.249 255792.091, 3174159.334 255831.416)	14	338	0	479	false	1665	None
LINESTRING (3174159.334 255831.416, 3174146.993 255878.938)	14	338	0	480	false	1665	None
LINESTRING (3174146.993 255878.938, 3174146.264 255889.509)	14	338	0	481	false	1665	None
LINESTRING (3174146.264 255889.509, 3174146.452 255907.721)	14	338	0	482	false	1665	None
LINESTRING (3174146.452 255907.721, 3174149.061 255940.967)	14	338	0	483	false	1665	None
LINESTRING (3174149.061 255940.967, 3174158.364 255969.929)	14	338	0	484	false	1665	None
LINESTRING (3174158.364 255969.929, 3174169.727 255986.935)	14	338	0	485	false	1665	None
LINESTRING (3174169.727 255986.935, 3174177.277 255994.683)	14	338	0	486	false	1665	None
LINESTRING (3174177.277 255994.683, 3174196.155 256005.82)	14	338	0	487	false	1665	None
LINESTRING (3174196.155 256005.82, 3174227.071 256022.534)	14	338	0	488	false	1665	None
LINESTRING (3174227.071 256022.534, 3174227.924 256023.109)	14	338	0	489	false	1665	None
LINESTRING (3174227.924 256023.109, 3174241.042 256033.17)	14	338	0	490	false	1665	None
LINESTRING (3174241.042 256033.17, 3174252.248 256045.341)	14	338	0	491	false	1665	None
LINESTRING (3174252.248 256045.341, 3174273.776 256072.677)	14	338	0	492	false	1665	None
LINESTRING (3174273.776 256072.677, 3174279.61 256081.538)	14	338	0	493	false	1665	None
LINESTRING (3174279.61 256081.538, 3174284.657 256091.402)	14	338	0	494	false	1665	None
LINESTRING (3174284.657 256091.402, 3174288.802 256103.059)	14	338	0	495	false	1665	None
LINESTRING (3174288.802 256103.059, 3174277.205 256104.337)	14	338	0	496	false	1665	None
LINESTRING (3174277.205 256104.337, 3174242.334 256108.377)	14	338	0	497	false	1665	None
LINESTRING (3174242.334 256108.377, 3174235.545 256109.163)	14	338	0	498	false	1665	None
LINESTRING (3174235.545 256109.163, 3174230.656 256109.862)	14	338	0	499	false	1665	None
LINESTRING (3174230.656 256109.862, 3174223.786 256110.854)	14	338	0	500	false	1665	None
LINESTRING (3174223.786 256110.854, 3174203.135 256113.935)	14	338	0	501	false	1665	None
LINESTRING (3174203.135 256113.935, 3174196.224 256115.031)	14	338	0	502	false	1665	None
LINESTRING (3174196.224 256115.031, 3174166.386 256119.503)	14	338	0	503	false	1665	None
LINESTRING (3174166.386 256119.503, 3174136.995 256122.84)	14	338	0	504	false	1665	None
LINESTRING (3174136.995 256122.84, 3174136.785 256122.876)	14	338	0	505	false	1665	None
LINESTRING (3174136.785 256122.876, 3174110.933 256128.442)	14	338	0	506	false	1665	None
LINESTRING (3174110.933 256128.442, 3174102.743 256131.54)	14	338	0	507	false	1665	None
LINESTRING (3174102.743 256131.54, 3174087.388 256141.361)	14	338	0	508	false	1665	None
LINESTRING (3174087.388 256141.361, 3174082.801 256145.281)	14	338	0	509	false	1665	None
LINESTRING (3174082.801 256145.281, 3174075.196 256153.621)	14	338	0	510	false	1665	None
LINESTRING (3174075.196 256153.621, 3174050.621 256188.09)	14	338	0	511	false	1665	None
LINESTRING (3174050.621 256188.09, 3174038.815 256203.605)	14	338	0	512	false	1665	None
LINESTRING (3174038.815 256203.605, 3174024.263 256219.112)	14	338	0	513	false	1665	None
LINESTRING (3174024.263 256219.112, 3174016.43 256226.288)	14	338	0	514	false	1665	None
LINESTRING (3174016.43 256226.288, 3173994.35 256243.96)	14	338	0	515	false	1665	None
LINESTRING (3173994.35 256243.96, 3173989.959 256246.884)	14	338	0	516	false	1665	None
LINESTRING (3173989.959 256246.884, 3173979.502 256253.742)	14	338	0	517	false	1665	None
LINESTRING (3173979.502 256253.742, 3173964.181 256262.98)	14	338	0	518	false	1665	None
LINESTRING (3173964.181 256262.98, 3173942.976 256274.195)	14	338	0	519	false	1665	None
LINESTRING (3173942.976 256274.195, 3173934.349 256279.149)	14	338	0	520	false	1665	None
LINESTRING (3173934.349 256279.149, 3173927.356 256283.196)	14	338	0	521	false	1665	None
LINESTRING (3173927.356 256283.196, 3173914.936 256291.548)	14	338	0	522	false	1665	None
LINESTRING (3173914.936 256291.548, 3173911.439 256294.943)	14	338	0	523	false	1665	None
LINESTRING (3173911.439 256294.943, 3173906.181 256302.06)	14	338	0	524	false	1665	None
LINESTRING (3173906.181 256302.06, 3173901.78 256309.992)	14	338	0	525	false	1665	None
LINESTRING (3173901.78 256309.992, 3173898.103 256318.328)	14	338	0	526	false	1665	None
LINESTRING (3173898.103 256318.328, 3173893.689 256331.027)	14	338	0	527	false	1665	None
LINESTRING (3173893.689 256331.027, 3173893.243 256337.892)	14	338	0	528	false	1665	None
LINESTRING (3173893.243 256337.892, 3173894.193 256344.948)	14	338	0	529	false	1665	None
LINESTRING (3173894.193 256344.948, 3173897.819 256358.667)	14	338	0	530	false	1665	None
LINESTRING (3173897.819 256358.667, 3173901.794 256370.257)	14	338	0	531	false	1665	None
LINESTRING (3173901.794 256370.257, 3173907.604 256383.166)	14	338	0	532	false	1665	None
LINESTRING (3173907.604 256383.166, 3173911.761 256392.798)	14	338	0	533	false	1665	None
LINESTRING (3173911.761 256392.798, 3173930.371 256437.002)	14	338	0	534	false	1665	N:3173927.2480025333 256429.584
