LINESTRING (3155113.832 219305.563, 3155090.752 219305.739)	89	182	0	402	false	1985	E:3155093.051 219305.72146863086
LINESTRING (3155090.752 219305.739, 3155043.031 219330.023)	89	182	0	403	false	1985	None
LINESTRING (3155043.031 219330.023, 3155011.194 219343.583)	89	182	0	404	false	1985	None
LINESTRING (3155011.194 219343.583, 3154989.205 219351.808)	89	182	0	405	false	1985	None
LINESTRING (3154989.205 219351.808, 3154973.213 219357.011)	89	182	0	406	false	1985	None
LINESTRING (3154973.213 219357.011, 3154970.721 219357.35)	89	182	0	407	false	1985	None
LINESTRING (3154970.721 219357.35, 3154946.989 219360.965)	89	182	0	408	false	1985	None
LINESTRING (3154946.989 219360.965, 3154887.973 219345.107)	89	182	0	409	false	1985	None
LINESTRING (3154887.973 219345.107, 3154872.27 219369.246)	89	182	0	410	false	1985	None
LINESTRING (3154872.27 219369.246, 3154882.319 219410.57)	89	182	0	411	false	1985	None
LINESTRING (3154882.319 219410.57, 3154835.419 219472.106)	89	182	0	412	false	1985	None
LINESTRING (3154835.419 219472.106, 3154774.747 219543.999)	89	182	0	413	false	1985	None
LINESTRING (3154774.747 219543.999, 3154740.44 219586.856)	89	182	0	414	false	1985	None
LINESTRING (3154740.44 219586.856, 3154726.72 219599.854)	89	182	0	415	false	1985	None
LINESTRING (3154726.72 219599.854, 3154671.302 219643.893)	89	182	0	416	false	1985	None
LINESTRING (3154671.302 219643.893, 3154626.076 219680.707)	89	182	0	417	false	1985	None
LINESTRING (3154626.076 219680.707, 3154578.519 219721.735)	89	182	0	418	false	1985	None
LINESTRING (3154578.519 219721.735, 3154522.938 219768.213)	89	182	0	419	false	1985	None
LINESTRING (3154522.938 219768.213, 3154509.648 219779.353)	89	182	0	420	false	1985	None
LINESTRING (3154509.648 219779.353, 3154497.588 219786.328)	89	182	0	421	false	1985	None
LINESTRING (3154497.588 219786.328, 3154441.764 219818.296)	89	182	0	422	false	1985	None
LINESTRING (3154441.764 219818.296, 3154367.656 219861.604)	89	182	0	423	false	1985	None
LINESTRING (3154367.656 219861.604, 3154305.666 219905.108)	89	182	0	424	false	1985	None
LINESTRING (3154305.666 219905.108, 3154193.369 219985.353)	89	182	0	425	false	1985	None
LINESTRING (3154193.369 219985.353, 3154187.647 219989.437)	89	182	0	426	false	1985	None
LINESTRING (3154187.647 219989.437, 3154184.892 219991.461)	89	182	0	427	false	1985	None
LINESTRING (3154184.892 219991.461, 3154171.149 220003.259)	89	182	0	428	false	1985	None
LINESTRING (3154171.149 220003.259, 3154169.485 220004.755)	89	182	0	429	false	1985	None
LINESTRING (3154169.485 220004.755, 3154165.478 220007.72)	89	182	0	430	false	1985	None
LINESTRING (3154165.478 220007.72, 3154161.992 220011.365)	89	182	0	431	false	1985	None
LINESTRING (3154161.992 220011.365, 3154125.305 220042.931)	89	182	0	432	false	1985	None
LINESTRING (3154125.305 220042.931, 3154081.9 220071.045)	89	182	0	433	false	1985	None
LINESTRING (3154081.9 220071.045, 3154055.857 220081.861)	89	182	0	434	false	1985	None
LINESTRING (3154055.857 220081.861, 3154026.515 220090.797)	89	182	0	435	false	1985	None
LINESTRING (3154026.515 220090.797, 3153969.473 220097.395)	89	182	0	436	false	1985	None
LINESTRING (3153969.473 220097.395, 3153923.079 220096.349)	89	182	0	437	false	1985	None
LINESTRING (3153923.079 220096.349, 3153912.149 220096.139)	89	182	0	438	false	1985	None
LINESTRING (3153912.149 220096.139, 3153859.951 220092.832)	89	182	0	439	false	1985	None
LINESTRING (3153859.951 220092.832, 3153819.022 220091.891)	89	182	0	440	false	1985	None
LINESTRING (3153819.022 220091.891, 3153806.947 220091.593)	89	182	0	441	false	1985	None
LINESTRING (3153806.947 220091.593, 3153789.441 220095.135)	89	182	0	442	false	1985	None
LINESTRING (3153789.441 220095.135, 3153770.424 220103.568)	89	182	0	443	false	1985	None
LINESTRING (3153770.424 220103.568, 3153711.33 220143.438)	89	182	0	444	false	1985	None
LINESTRING (3153711.33 220143.438, 3153661.367 220184.604)	89	182	0	445	false	1985	None
LINESTRING (3153661.367 220184.604, 3153613.06 220210.928)	89	182	0	446	false	1985	None
LINESTRING (3153613.06 220210.928, 3153565.162 220243.011)	89	182	0	447	false	1985	None
LINESTRING (3153565.162 220243.011, 3153458.733 220313.279)	89	182	0	448	false	1985	None
LINESTRING (3153458.733 220313.279, 3153400.381 220356.299)	89	182	0	449	false	1985	None
LINESTRING (3153400.381 220356.299, 3153336.99 220405.694)	89	182	0	450	false	1985	None
LINESTRING (3153336.99 220405.694, 3153266.046 220462.868)	89	182	0	451	false	1985	None
LINESTRING (3153266.046 220462.868, 3153226.441 220492.346)	89	182	0	452	false	1985	None
LINESTRING (3153226.441 220492.346, 3153223.215 220494.067)	89	182	0	453	false	1985	None
LINESTRING (3153223.215 220494.067, 3153198.416 220507.753)	89	182	0	454	false	1985	None
LINESTRING (3153198.416 220507.753, 3153185.18 220512.959)	89	182	0	455	false	1985	None
LINESTRING (3153185.18 220512.959, 3153171.588 220521.601)	89	182	0	456	false	1985	None
LINESTRING (3153171.588 220521.601, 3153155.284 220538.716)	89	182	0	457	false	1985	None
LINESTRING (3153155.284 220538.716, 3153139.598 220565.602)	89	182	0	458	false	1985	None
LINESTRING (3153139.598 220565.602, 3153127.467 220583.866)	89	182	0	459	false	1985	None
LINESTRING (3153127.467 220583.866, 3153117.323 220595.519)	89	182	0	460	false	1985	None
LINESTRING (3153117.323 220595.519, 3153105.535 220607.604)	89	182	0	461	false	1985	None
LINESTRING (3153105.535 220607.604, 3153038.65 220666.479)	89	182	0	462	false	1985	None
LINESTRING (3153038.65 220666.479, 3153015.438 220685.43)	89	182	0	463	false	1985	None
LINESTRING (3153015.438 220685.43, 3153013.814 220686.822)	89	182	0	464	false	1985	None
LINESTRING (3153013.814 220686.822, 3152996.477 220707.347)	89	182	0	465	false	1985	None
LINESTRING (3152996.477 220707.347, 3152985.707 220721.615)	89	182	0	466	false	1985	None
LINESTRING (3152985.707 220721.615, 3152942.422 220774.676)	89	182	0	467	false	1985	None
LINESTRING (3152942.422 220774.676, 3152927.721 220791.463)	89	182	0	468	false	1985	None
LINESTRING (3152927.721 220791.463, 3152878.389 220825.729)	89	182	0	469	false	1985	None
LINESTRING (3152878.389 220825.729, 3152860.088 220842.424)	89	182	0	470	false	1985	None
LINESTRING (3152860.088 220842.424, 3152844.534 220863.167)	89	182	0	471	false	1985	None
LINESTRING (3152844.534 220863.167, 3152837.48 220879.002)	89	182	0	472	false	1985	None
LINESTRING (3152837.48 220879.002, 3152817.113 220932.536)	89	182	0	473	false	1985	None
LINESTRING (3152817.113 220932.536, 3152793.017 220992.359)	89	182	0	474	false	1985	None
LINESTRING (3152793.017 220992.359, 3152790.554 220998.428)	89	182	0	475	false	1985	None
LINESTRING (3152790.554 220998.428, 3152760.106 221079.602)	89	182	0	476	false	1985	None
LINESTRING (3152760.106 221079.602, 3152738.464 221141.455)	89	182	0	477	false	1985	None
LINESTRING (3152738.464 221141.455, 3152699.991 221242.97)	89	182	0	478	false	1985	None
LINESTRING (3152699.991 221242.97, 3152676.815 221302.2)	89	182	0	479	false	1985	None
LINESTRING (3152676.815 221302.2, 3152571.082 221565.491)	89	182	0	480	false	1985	None
LINESTRING (3152571.082 221565.491, 3152511.896 221707.302)	89	182	0	481	false	1985	None
LINESTRING (3152511.896 221707.302, 3152481.203 221778.255)	89	182	0	482	false	1985	None
LINESTRING (3152481.203 221778.255, 3152445.971 221853.039)	89	182	0	483	false	1985	None
LINESTRING (3152445.971 221853.039, 3152409.072 221944.209)	89	182	0	484	false	1985	None
LINESTRING (3152409.072 221944.209, 3152398.147 221971.997)	89	182	0	485	false	1985	None
LINESTRING (3152398.147 221971.997, 3152351.387 222091.251)	89	182	0	486	false	1985	None
LINESTRING (3152351.387 222091.251, 3152349.915 222096.039)	89	182	0	487	false	1985	None
LINESTRING (3152349.915 222096.039, 3152230.522 222473.852)	89	182	0	488	false	1985	None
LINESTRING (3152230.522 222473.852, 3152153.336 222443.659)	89	182	0	489	false	1985	None
LINESTRING (3152153.336 222443.659, 3152147.875 222441.532)	89	182	0	490	false	1985	None
LINESTRING (3152147.875 222441.532, 3152069.236 222421.376)	89	182	0	491	false	1985	None
LINESTRING (3152069.236 222421.376, 3152055.078 222405.496)	89	182	0	492	false	1985	None
LINESTRING (3152055.078 222405.496, 3151990.31 222345.953)	89	182	0	493	false	1985	None
LINESTRING (3151990.31 222345.953, 3151979.515 222335.315)	89	182	0	494	false	1985	None
LINESTRING (3151979.515 222335.315, 3151952.739 222308.682)	89	182	0	495	false	1985	None
LINESTRING (3151952.739 222308.682, 3151950.061 222305.97)	89	182	0	496	false	1985	None
LINESTRING (3151950.061 222305.97, 3151913.25 222270.782)	89	182	0	497	false	1985	None
LINESTRING (3151913.25 222270.782, 3151887.377 222249.147)	89	182	0	498	false	1985	None
LINESTRING (3151887.377 222249.147, 3151882.511 222244.988)	89	182	0	499	false	1985	None
LINESTRING (3151882.511 222244.988, 3151867.745 222232.684)	89	182	0	500	false	1985	None
LINESTRING (3151867.745 222232.684, 3151865.121 222230.589)	89	182	0	501	false	1985	None
LINESTRING (3151865.121 222230.589, 3151862.587 222228.768)	89	182	0	502	false	1985	None
LINESTRING (3151862.587 222228.768, 3151844.256 222216.028)	89	182	0	503	false	1985	None
LINESTRING (3151844.256 222216.028, 3151805.858 222190.467)	89	182	0	504	false	1985	None
LINESTRING (3151805.858 222190.467, 3151794.446 222182.924)	89	182	0	505	false	1985	None
LINESTRING (3151794.446 222182.924, 3151777.656 222175.312)	89	182	0	506	false	1985	None
LINESTRING (3151777.656 222175.312, 3151704.989 222157.486)	89	182	0	507	false	1985	None
LINESTRING (3151704.989 222157.486, 3151608.521 222141.469)	89	182	0	508	false	1985	None
LINESTRING (3151608.521 222141.469, 3151562.051 222133.85)	89	182	0	509	false	1985	None
LINESTRING (3151562.051 222133.85, 3151545.864 222130.999)	89	182	0	510	false	1985	None
LINESTRING (3151545.864 222130.999, 3151540.943 222130.512)	89	182	0	511	false	1985	None
LINESTRING (3151540.943 222130.512, 3151536.008 222129.304)	89	182	0	512	false	1985	None
LINESTRING (3151536.008 222129.304, 3151513.574 222125.33)	89	182	0	513	false	1985	None
LINESTRING (3151513.574 222125.33, 3151431.02 222110.685)	89	182	0	514	false	1985	None
LINESTRING (3151431.02 222110.685, 3151403.405 222105.884)	89	182	0	515	false	1985	None
LINESTRING (3151403.405 222105.884, 3151382.628 222102.199)	89	182	0	516	false	1985	None
LINESTRING (3151382.628 222102.199, 3151379.018 222101.627)	89	182	0	517	false	1985	None
LINESTRING (3151379.018 222101.627, 3151319.77 222092.248)	89	182	0	518	false	1985	None
LINESTRING (3151319.77 222092.248, 3151298.747 222088.944)	89	182	0	519	false	1985	None
LINESTRING (3151298.747 222088.944, 3151266.552 222083.79)	89	182	0	520	false	1985	None
LINESTRING (3151266.552 222083.79, 3151256.445 222082.235)	89	182	0	521	false	1985	None
LINESTRING (3151256.445 222082.235, 3151171.357 222097.816)	89	182	0	522	false	1985	None
LINESTRING (3151171.357 222097.816, 3151166.721 222098.869)	89	182	0	523	false	1985	None
LINESTRING (3151166.721 222098.869, 3151140.591 222104.892)	89	182	0	524	false	1985	None
LINESTRING (3151140.591 222104.892, 3151133.343 222106.596)	89	182	0	525	false	1985	None
LINESTRING (3151133.343 222106.596, 3151126.346 222108.159)	89	182	0	526	false	1985	None
LINESTRING (3151126.346 222108.159, 3151073.412 222120.42)	89	182	0	527	false	1985	None
LINESTRING (3151073.412 222120.42, 3151071.052 222120.93)	89	182	0	528	false	1985	None
LINESTRING (3151071.052 222120.93, 3150997.941 222138.317)	89	182	0	529	false	1985	None
LINESTRING (3150997.941 222138.317, 3150930.602 222177.727)	89	182	0	530	false	1985	None
LINESTRING (3150930.602 222177.727, 3150909.296 222185.749)	89	182	0	531	false	1985	None
LINESTRING (3150909.296 222185.749, 3150890.386 222188.629)	89	182	0	532	false	1985	None
LINESTRING (3150890.386 222188.629, 3150888.865 222188.751)	89	182	0	533	false	1985	None
LINESTRING (3150888.865 222188.751, 3150866.807 222190.881)	89	182	0	534	false	1985	None
LINESTRING (3150866.807 222190.881, 3150829.236 222179.347)	89	182	0	535	false	1985	None
LINESTRING (3150829.236 222179.347, 3150804.572 222171.766)	89	182	0	536	false	1985	None
LINESTRING (3150804.572 222171.766, 3150804.02 222171.67)	89	182	0	537	false	1985	None
LINESTRING (3150804.02 222171.67, 3150725.741 222156.909)	89	182	0	538	false	1985	None
LINESTRING (3150725.741 222156.909, 3150699.607 222152.093)	89	182	0	539	false	1985	None
LINESTRING (3150699.607 222152.093, 3150684.212 222150.743)	89	182	0	540	false	1985	None
LINESTRING (3150684.212 222150.743, 3150637.775 222146.835)	89	182	0	541	false	1985	None
LINESTRING (3150637.775 222146.835, 3150622.254 222145.555)	89	182	0	542	false	1985	None
LINESTRING (3150622.254 222145.555, 3150615.767 222145.054)	89	182	0	543	false	1985	None
LINESTRING (3150615.767 222145.054, 3150604.325 222146.674)	89	182	0	544	false	1985	None
LINESTRING (3150604.325 222146.674, 3150549.872 222154.772)	89	182	0	545	false	1985	None
LINESTRING (3150549.872 222154.772, 3150531.72 222157.471)	89	182	0	546	false	1985	None
LINESTRING (3150531.72 222157.471, 3150525.894 222158.3)	89	182	0	547	false	1985	None
LINESTRING (3150525.894 222158.3, 3150460.805 222165.95)	89	182	0	548	false	1985	None
LINESTRING (3150460.805 222165.95, 3150434.745 222169.024)	89	182	0	549	false	1985	None
LINESTRING (3150434.745 222169.024, 3150378.699 222177.933)	89	182	0	550	false	1985	None
LINESTRING (3150378.699 222177.933, 3150343.358 222191.211)	89	182	0	551	false	1985	None
LINESTRING (3150343.358 222191.211, 3150277.116 222213.184)	89	182	0	552	false	1985	None
LINESTRING (3150277.116 222213.184, 3150249.969 222223.34)	89	182	0	553	false	1985	None
LINESTRING (3150249.969 222223.34, 3150180.253 222249.44)	89	182	0	554	false	1985	None
LINESTRING (3150180.253 222249.44, 3150176.161 222273.577)	89	182	0	555	false	1985	None
LINESTRING (3150176.161 222273.577, 3150161.854 222309.816)	89	182	0	556	false	1985	None
LINESTRING (3150161.854 222309.816, 3150150.039 222339.403)	89	182	0	557	false	1985	None
LINESTRING (3150150.039 222339.403, 3150149.685 222347.127)	89	182	0	558	false	1985	None
LINESTRING (3150149.685 222347.127, 3150151.358 222356.712)	89	182	0	559	false	1985	None
LINESTRING (3150151.358 222356.712, 3150178.566 222426.15)	89	182	0	560	false	1985	None
LINESTRING (3150178.566 222426.15, 3150179.205 222439.145)	89	182	0	561	false	1985	None
LINESTRING (3150179.205 222439.145, 3150177.069 222450.94)	89	182	0	562	false	1985	None
LINESTRING (3150177.069 222450.94, 3150172.883 222459.673)	89	182	0	563	false	1985	None
LINESTRING (3150172.883 222459.673, 3150167.065 222467.295)	89	182	0	564	false	1985	None
LINESTRING (3150167.065 222467.295, 3150158.195 222474.68)	89	182	0	565	false	1985	None
LINESTRING (3150158.195 222474.68, 3150157.015 222474.936)	89	182	0	566	false	1985	None
LINESTRING (3150157.015 222474.936, 3150146.06 222477.579)	89	182	0	567	false	1985	None
LINESTRING (3150146.06 222477.579, 3150102.837 222486.121)	89	182	0	568	false	1985	None
LINESTRING (3150102.837 222486.121, 3150074.754 222493.888)	89	182	0	569	false	1985	None
LINESTRING (3150074.754 222493.888, 3150061.3 222504.969)	89	182	0	570	false	1985	None
LINESTRING (3150061.3 222504.969, 3150053.374 222517.249)	89	182	0	571	false	1985	None
LINESTRING (3150053.374 222517.249, 3150051.902 222528.349)	89	182	0	572	false	1985	None
LINESTRING (3150051.902 222528.349, 3150042.017 222601.689)	89	182	0	573	false	1985	None
LINESTRING (3150042.017 222601.689, 3150032.151 222625.006)	89	182	0	574	false	1985	None
LINESTRING (3150032.151 222625.006, 3150017.682 222642.482)	89	182	0	575	false	1985	None
LINESTRING (3150017.682 222642.482, 3150000.081 222653.615)	89	182	0	576	false	1985	None
LINESTRING (3150000.081 222653.615, 3149980.822 222660.172)	89	182	0	577	false	1985	None
LINESTRING (3149980.822 222660.172, 3149967.46 222665.214)	89	182	0	578	false	1985	None
LINESTRING (3149967.46 222665.214, 3149959.431 222665.899)	89	182	0	579	false	1985	None
LINESTRING (3149959.431 222665.899, 3149940.337 222663.706)	89	182	0	580	false	1985	None
LINESTRING (3149940.337 222663.706, 3149927.575 222660.643)	89	182	0	581	false	1985	None
LINESTRING (3149927.575 222660.643, 3149923.534 222659.665)	89	182	0	582	false	1985	None
LINESTRING (3149923.534 222659.665, 3149909.473 222650.855)	89	182	0	583	false	1985	None
LINESTRING (3149909.473 222650.855, 3149891.534 222638.629)	89	182	0	584	false	1985	None
LINESTRING (3149891.534 222638.629, 3149879.574 222626.945)	89	182	0	585	false	1985	None
LINESTRING (3149879.574 222626.945, 3149876.089 222622.014)	89	182	0	586	false	1985	None
LINESTRING (3149876.089 222622.014, 3149868.678 222611.267)	89	182	0	587	false	1985	None
LINESTRING (3149868.678 222611.267, 3149866.156 222607.903)	89	182	0	588	false	1985	None
LINESTRING (3149866.156 222607.903, 3149845.146 222592.456)	89	182	0	589	false	1985	None
LINESTRING (3149845.146 222592.456, 3149838.315 222589.559)	89	182	0	590	false	1985	None
LINESTRING (3149838.315 222589.559, 3149833.11 222587.532)	89	182	0	591	false	1985	None
LINESTRING (3149833.11 222587.532, 3149826.388 222585.868)	89	182	0	592	false	1985	None
LINESTRING (3149826.388 222585.868, 3149815.795 222583.292)	89	182	0	593	false	1985	None
LINESTRING (3149815.795 222583.292, 3149814.435 222583.001)	89	182	0	594	false	1985	None
LINESTRING (3149814.435 222583.001, 3149782.848 222580.589)	89	182	0	595	false	1985	None
LINESTRING (3149782.848 222580.589, 3149775.472 222580.1)	89	182	0	596	false	1985	None
LINESTRING (3149775.472 222580.1, 3149772.018 222578.874)	89	182	0	597	false	1985	None
LINESTRING (3149772.018 222578.874, 3149760.593 222574.903)	89	182	0	598	false	1985	None
LINESTRING (3149760.593 222574.903, 3149757.296 222573.023)	89	182	0	599	false	1985	None
LINESTRING (3149757.296 222573.023, 3149749.723 222569.003)	89	182	0	600	false	1985	None
LINESTRING (3149749.723 222569.003, 3149743.172 222556.804)	89	182	0	601	false	1985	None
LINESTRING (3149743.172 222556.804, 3149742.85 222525.827)	89	182	0	602	false	1985	None
LINESTRING (3149742.85 222525.827, 3149742.522 222507.236)	89	182	0	603	false	1985	None
LINESTRING (3149742.522 222507.236, 3149742.521 222502.948)	89	182	0	604	false	1985	None
LINESTRING (3149742.521 222502.948, 3149742.263 222494.271)	89	182	0	605	false	1985	None
LINESTRING (3149742.263 222494.271, 3149741.878 222487.689)	89	182	0	606	false	1985	None
LINESTRING (3149741.878 222487.689, 3149743.311 222470.379)	89	182	0	607	false	1985	None
LINESTRING (3149743.311 222470.379, 3149750.722 222459.924)	89	182	0	608	false	1985	None
LINESTRING (3149750.722 222459.924, 3149752.552 222458.254)	89	182	0	609	false	1985	None
LINESTRING (3149752.552 222458.254, 3149761.774 222449.456)	89	182	0	610	false	1985	None
LINESTRING (3149761.774 222449.456, 3149778.932 222439.46)	89	182	0	611	false	1985	None
LINESTRING (3149778.932 222439.46, 3149780.48 222438.514)	89	182	0	612	false	1985	None
LINESTRING (3149780.48 222438.514, 3149797.652 222429.238)	89	182	0	613	false	1985	None
LINESTRING (3149797.652 222429.238, 3149812.357 222417.214)	89	182	0	614	false	1985	None
LINESTRING (3149812.357 222417.214, 3149820.696 222402.356)	89	182	0	615	false	1985	None
LINESTRING (3149820.696 222402.356, 3149821.253 222398.403)	89	182	0	616	false	1985	None
LINESTRING (3149821.253 222398.403, 3149823.543 222377.377)	89	182	0	617	false	1985	None
LINESTRING (3149823.543 222377.377, 3149758.759 222389.558)	89	182	0	618	false	1985	None
LINESTRING (3149758.759 222389.558, 3149636.008 222401.208)	89	182	0	619	false	1985	None
LINESTRING (3149636.008 222401.208, 3149567 222415.914)	89	182	0	620	false	1985	None
LINESTRING (3149567 222415.914, 3149535.552 222420.466)	89	182	0	621	false	1985	None
LINESTRING (3149535.552 222420.466, 3149492.913 222422.211)	89	182	0	622	false	1985	None
LINESTRING (3149492.913 222422.211, 3149463.874 222422.341)	89	182	0	623	false	1985	None
LINESTRING (3149463.874 222422.341, 3149441.968 222425.606)	89	182	0	624	false	1985	None
LINESTRING (3149441.968 222425.606, 3149411.221 222437.698)	89	182	0	625	false	1985	None
LINESTRING (3149411.221 222437.698, 3149388.884 222444.844)	89	182	0	626	false	1985	None
LINESTRING (3149388.884 222444.844, 3149369.414 222447.152)	89	182	0	627	false	1985	None
LINESTRING (3149369.414 222447.152, 3149349.469 222446.892)	89	182	0	628	false	1985	None
LINESTRING (3149349.469 222446.892, 3149323.497 222443.69)	89	182	0	629	false	1985	None
LINESTRING (3149323.497 222443.69, 3149287.093 222441.788)	89	182	0	630	false	1985	None
LINESTRING (3149287.093 222441.788, 3149269.636 222445.236)	89	182	0	631	false	1985	None
LINESTRING (3149269.636 222445.236, 3149241.706 222452.112)	89	182	0	632	false	1985	None
LINESTRING (3149241.706 222452.112, 3149208.023 222463.419)	89	182	0	633	false	1985	None
LINESTRING (3149208.023 222463.419, 3149135.195 222477.594)	89	182	0	634	false	1985	None
LINESTRING (3149135.195 222477.594, 3149090.717 222482.555)	89	182	0	635	false	1985	None
LINESTRING (3149090.717 222482.555, 3149067.056 222489.068)	89	182	0	636	false	1985	None
LINESTRING (3149067.056 222489.068, 3149040.247 222494.832)	89	182	0	637	false	1985	None
LINESTRING (3149040.247 222494.832, 3149013.982 222521.415)	89	182	0	638	false	1985	None
LINESTRING (3149013.982 222521.415, 3148950.42 222507.752)	89	182	0	639	false	1985	None
LINESTRING (3148950.42 222507.752, 3148763.536 222517.082)	89	182	0	640	false	1985	None
LINESTRING (3148763.536 222517.082, 3148703.892 222519.358)	89	182	0	641	false	1985	None
LINESTRING (3148703.892 222519.358, 3148585.858 222525.233)	89	182	0	642	false	1985	None
LINESTRING (3148585.858 222525.233, 3148475.207 222529.815)	89	182	0	643	false	1985	None
LINESTRING (3148475.207 222529.815, 3148348.018 222539.277)	89	182	0	644	false	1985	None
LINESTRING (3148348.018 222539.277, 3148256.222 222544.647)	89	182	0	645	false	1985	None
LINESTRING (3148256.222 222544.647, 3148180.088 222549.919)	89	182	0	646	false	1985	None
LINESTRING (3148180.088 222549.919, 3148099.764 222563.686)	89	182	0	647	false	1985	None
LINESTRING (3148099.764 222563.686, 3148056.352 222575.261)	89	182	0	648	false	1985	None
LINESTRING (3148056.352 222575.261, 3148018.024 222591.195)	89	182	0	649	false	1985	None
LINESTRING (3148018.024 222591.195, 3147866.957 222657.239)	89	182	0	650	false	1985	None
LINESTRING (3147866.957 222657.239, 3147811.53 222664.854)	89	182	0	651	false	1985	None
LINESTRING (3147811.53 222664.854, 3147790.617 222664.816)	89	182	0	652	false	1985	None
LINESTRING (3147790.617 222664.816, 3147771.495 222661.188)	89	182	0	653	false	1985	None
LINESTRING (3147771.495 222661.188, 3147745.487 222654.046)	89	182	0	654	false	1985	None
LINESTRING (3147745.487 222654.046, 3147710.529 222643.898)	89	182	0	655	false	1985	None
LINESTRING (3147710.529 222643.898, 3147704.57 222642.294)	89	182	0	656	false	1985	None
LINESTRING (3147704.57 222642.294, 3147689.143 222639.27)	89	182	0	657	false	1985	None
LINESTRING (3147689.143 222639.27, 3147654.784 222633.643)	89	182	0	658	false	1985	None
LINESTRING (3147654.784 222633.643, 3147634.616 222632.704)	89	182	0	659	false	1985	None
LINESTRING (3147634.616 222632.704, 3147617.835 222633.917)	89	182	0	660	false	1985	None
LINESTRING (3147617.835 222633.917, 3147600.791 222636.815)	89	182	0	661	false	1985	None
LINESTRING (3147600.791 222636.815, 3147599.737 222637)	89	182	0	662	false	1985	None
LINESTRING (3147599.737 222637, 3147578.755 222641.939)	89	182	0	663	false	1985	None
LINESTRING (3147578.755 222641.939, 3147563.483 222646.597)	89	182	0	664	false	1985	None
LINESTRING (3147563.483 222646.597, 3147551.997 222650.109)	89	182	0	665	false	1985	None
LINESTRING (3147551.997 222650.109, 3147541.564 222655.459)	89	182	0	666	false	1985	None
LINESTRING (3147541.564 222655.459, 3147527.781 222662.603)	89	182	0	667	false	1985	None
LINESTRING (3147527.781 222662.603, 3147512.711 222673.057)	89	182	0	668	false	1985	None
LINESTRING (3147512.711 222673.057, 3147502.909 222680.321)	89	182	0	669	false	1985	None
LINESTRING (3147502.909 222680.321, 3147480.262 222697.117)	89	182	0	670	false	1985	None
LINESTRING (3147480.262 222697.117, 3147462.035 222710.632)	89	182	0	671	false	1985	None
LINESTRING (3147462.035 222710.632, 3147460.202 222712.062)	89	182	0	672	false	1985	None
LINESTRING (3147460.202 222712.062, 3147424.963 222740.516)	89	182	0	673	false	1985	None
LINESTRING (3147424.963 222740.516, 3147350.277 222800.67)	89	182	0	674	false	1985	None
LINESTRING (3147350.277 222800.67, 3147320.838 222829.118)	89	182	0	675	false	1985	None
LINESTRING (3147320.838 222829.118, 3147299.579 222849.671)	89	182	0	676	false	1985	None
LINESTRING (3147299.579 222849.671, 3147288.272 222862.066)	89	182	0	677	false	1985	None
LINESTRING (3147288.272 222862.066, 3147237.952 222917.169)	89	182	0	678	false	1985	None
LINESTRING (3147237.952 222917.169, 3147197.343 222971.048)	89	182	0	679	false	1985	None
LINESTRING (3147197.343 222971.048, 3146995.044 223239.542)	89	182	0	680	false	1985	None
LINESTRING (3146995.044 223239.542, 3146928.304 223326.253)	89	182	0	681	false	1985	None
LINESTRING (3146928.304 223326.253, 3146896.459 223365.437)	89	182	0	682	false	1985	None
LINESTRING (3146896.459 223365.437, 3146881.63 223383.609)	89	182	0	683	false	1985	None
LINESTRING (3146881.63 223383.609, 3146778.989 223516.145)	89	182	0	684	false	1985	None
LINESTRING (3146778.989 223516.145, 3146770.863 223526.681)	89	182	0	685	false	1985	None
LINESTRING (3146770.863 223526.681, 3146712.432 223597.092)	89	182	0	686	false	1985	None
LINESTRING (3146712.432 223597.092, 3146673.818 223638.527)	89	182	0	687	false	1985	None
LINESTRING (3146673.818 223638.527, 3146515.186 223808.956)	89	182	0	688	false	1985	W:3146537.384 223785.1071993672
LINESTRING (3146920.621 225128.71, 3147088.309 224938.823)	89	183	0	299	false	1074	N:3146993.135350282 225046.596
LINESTRING (3147088.309 224938.823, 3147098.902 224926.746)	89	183	0	300	false	1074	None
LINESTRING (3147098.902 224926.746, 3147143.486 224874.772)	89	183	0	301	false	1074	None
LINESTRING (3147143.486 224874.772, 3147152.923 224864.15)	89	183	0	302	false	1074	None
LINESTRING (3147152.923 224864.15, 3147181.193 224832.39)	89	183	0	303	false	1074	None
LINESTRING (3147181.193 224832.39, 3147190.505 224821.839)	89	183	0	304	false	1074	None
LINESTRING (3147190.505 224821.839, 3147205.736 224804.659)	89	183	0	305	false	1074	None
LINESTRING (3147205.736 224804.659, 3147217.489 224787.077)	89	183	0	306	false	1074	None
LINESTRING (3147217.489 224787.077, 3147239.637 224753.887)	89	183	0	307	false	1074	None
LINESTRING (3147239.637 224753.887, 3147271.415 224702.767)	89	183	0	308	false	1074	None
LINESTRING (3147271.415 224702.767, 3147287.024 224672.75)	89	183	0	309	false	1074	None
LINESTRING (3147287.024 224672.75, 3147307.517 224632.961)	89	183	0	310	false	1074	None
LINESTRING (3147307.517 224632.961, 3147342.997 224540.52)	89	183	0	311	false	1074	None
LINESTRING (3147342.997 224540.52, 3147350.564 224516.783)	89	183	0	312	false	1074	None
LINESTRING (3147350.564 224516.783, 3147361.308 224482.61)	89	183	0	313	false	1074	None
LINESTRING (3147361.308 224482.61, 3147378.056 224397.412)	89	183	0	314	false	1074	None
LINESTRING (3147378.056 224397.412, 3147385.664 224333.432)	89	183	0	315	false	1074	None
LINESTRING (3147385.664 224333.432, 3147386.301 224204.564)	89	183	0	316	false	1074	None
LINESTRING (3147386.301 224204.564, 3147385.461 224183.75)	89	183	0	317	false	1074	None
LINESTRING (3147385.461 224183.75, 3147384.401 224156.18)	89	183	0	318	false	1074	None
LINESTRING (3147384.401 224156.18, 3147380.915 224066.682)	89	183	0	319	false	1074	None
LINESTRING (3147380.915 224066.682, 3147380.947 224036.56)	89	183	0	320	false	1074	None
LINESTRING (3147380.947 224036.56, 3147380.901 224008.908)	89	183	0	321	false	1074	None
LINESTRING (3147380.901 224008.908, 3147382.594 223989.914)	89	183	0	322	false	1074	None
LINESTRING (3147382.594 223989.914, 3147387.509 223931.08)	89	183	0	323	false	1074	None
LINESTRING (3147387.509 223931.08, 3147402.505 223849.37)	89	183	0	324	false	1074	None
LINESTRING (3147402.505 223849.37, 3147410.011 223807.862)	89	183	0	325	false	1074	None
LINESTRING (3147410.011 223807.862, 3147411.05 223802.668)	89	183	0	326	false	1074	None
LINESTRING (3147411.05 223802.668, 3147419.042 223762.184)	89	183	0	327	false	1074	None
LINESTRING (3147419.042 223762.184, 3147424.301 223735.287)	89	183	0	328	false	1074	None
LINESTRING (3147424.301 223735.287, 3147441.622 223640.783)	89	183	0	329	false	1074	None
LINESTRING (3147441.622 223640.783, 3147442.994 223633.218)	89	183	0	330	false	1074	None
LINESTRING (3147442.994 223633.218, 3147449.573 223600.402)	89	183	0	331	false	1074	None
LINESTRING (3147449.573 223600.402, 3147458.627 223555.924)	89	183	0	332	false	1074	None
LINESTRING (3147458.627 223555.924, 3147465.01 223523.866)	89	183	0	333	false	1074	None
LINESTRING (3147465.01 223523.866, 3147475.907 223461.524)	89	183	0	334	false	1074	None
LINESTRING (3147475.907 223461.524, 3147483.631 223422.484)	89	183	0	335	false	1074	None
LINESTRING (3147483.631 223422.484, 3147489.535 223391.908)	89	183	0	336	false	1074	None
LINESTRING (3147489.535 223391.908, 3147492.092 223378.014)	89	183	0	337	false	1074	None
LINESTRING (3147492.092 223378.014, 3147497.604 223348.952)	89	183	0	338	false	1074	None
LINESTRING (3147497.604 223348.952, 3147504.78 223310.056)	89	183	0	339	false	1074	None
LINESTRING (3147504.78 223310.056, 3147514.605 223261.829)	89	183	0	340	false	1074	None
LINESTRING (3147514.605 223261.829, 3147520.373 223232.866)	89	183	0	341	false	1074	None
LINESTRING (3147520.373 223232.866, 3147520.756 223230.871)	89	183	0	342	false	1074	None
LINESTRING (3147520.756 223230.871, 3147528.401 223183.701)	89	183	0	343	false	1074	None
LINESTRING (3147528.401 223183.701, 3147541.945 223099.402)	89	183	0	344	false	1074	None
LINESTRING (3147541.945 223099.402, 3147552.776 223054.901)	89	183	0	345	false	1074	None
LINESTRING (3147552.776 223054.901, 3147559.026 223037.322)	89	183	0	346	false	1074	None
LINESTRING (3147559.026 223037.322, 3147570.751 223003.651)	89	183	0	347	false	1074	None
LINESTRING (3147570.751 223003.651, 3147576.365 222990.232)	89	183	0	348	false	1074	None
LINESTRING (3147576.365 222990.232, 3147593.167 222950.079)	89	183	0	349	false	1074	None
LINESTRING (3147593.167 222950.079, 3147595.829 222943.492)	89	183	0	350	false	1074	None
LINESTRING (3147595.829 222943.492, 3147623.303 222886.766)	89	183	0	351	false	1074	None
LINESTRING (3147623.303 222886.766, 3147651.743 222833.871)	89	183	0	352	false	1074	None
LINESTRING (3147651.743 222833.871, 3147672.184 222795.73)	89	183	0	353	false	1074	None
LINESTRING (3147672.184 222795.73, 3147687.364 222767.571)	89	183	0	354	false	1074	None
LINESTRING (3147687.364 222767.571, 3147693.077 222756.93)	89	183	0	355	false	1074	None
LINESTRING (3147693.077 222756.93, 3147731.074 222682.503)	89	183	0	356	false	1074	None
LINESTRING (3147731.074 222682.503, 3147745.487 222654.046)	89	183	0	357	false	1074	None
LINESTRING (3147745.487 222654.046, 3147771.495 222661.188)	89	183	0	358	false	1074	None
LINESTRING (3147771.495 222661.188, 3147790.617 222664.816)	89	183	0	359	false	1074	None
LINESTRING (3147790.617 222664.816, 3147811.53 222664.854)	89	183	0	360	false	1074	None
LINESTRING (3147811.53 222664.854, 3147866.957 222657.239)	89	183	0	361	false	1074	None
LINESTRING (3147866.957 222657.239, 3148018.024 222591.195)	89	183	0	362	false	1074	None
LINESTRING (3148018.024 222591.195, 3148056.352 222575.261)	89	183	0	363	false	1074	None
LINESTRING (3148056.352 222575.261, 3148099.764 222563.686)	89	183	0	364	false	1074	None
LINESTRING (3148099.764 222563.686, 3148180.088 222549.919)	89	183	0	365	false	1074	None
LINESTRING (3148180.088 222549.919, 3148256.222 222544.647)	89	183	0	366	false	1074	None
LINESTRING (3148256.222 222544.647, 3148348.018 222539.277)	89	183	0	367	false	1074	None
LINESTRING (3148348.018 222539.277, 3148475.207 222529.815)	89	183	0	368	false	1074	None
LINESTRING (3148475.207 222529.815, 3148585.858 222525.233)	89	183	0	369	false	1074	None
LINESTRING (3148585.858 222525.233, 3148703.892 222519.358)	89	183	0	370	false	1074	None
LINESTRING (3148703.892 222519.358, 3148763.536 222517.082)	89	183	0	371	false	1074	None
LINESTRING (3148763.536 222517.082, 3148950.42 222507.752)	89	183	0	372	false	1074	None
LINESTRING (3148950.42 222507.752, 3149013.982 222521.415)	89	183	0	373	false	1074	None
LINESTRING (3149013.982 222521.415, 3149040.247 222494.832)	89	183	0	374	false	1074	None
LINESTRING (3149040.247 222494.832, 3149067.056 222489.068)	89	183	0	375	false	1074	None
LINESTRING (3149067.056 222489.068, 3149090.717 222482.555)	89	183	0	376	false	1074	None
LINESTRING (3149090.717 222482.555, 3149135.195 222477.594)	89	183	0	377	false	1074	None
LINESTRING (3149135.195 222477.594, 3149208.023 222463.419)	89	183	0	378	false	1074	None
LINESTRING (3149208.023 222463.419, 3149241.706 222452.112)	89	183	0	379	false	1074	None
LINESTRING (3149241.706 222452.112, 3149269.636 222445.236)	89	183	0	380	false	1074	None
LINESTRING (3149269.636 222445.236, 3149287.093 222441.788)	89	183	0	381	false	1074	None
LINESTRING (3149287.093 222441.788, 3149323.497 222443.69)	89	183	0	382	false	1074	None
LINESTRING (3149323.497 222443.69, 3149349.469 222446.892)	89	183	0	383	false	1074	None
LINESTRING (3149349.469 222446.892, 3149369.414 222447.152)	89	183	0	384	false	1074	None
LINESTRING (3149369.414 222447.152, 3149388.884 222444.844)	89	183	0	385	false	1074	None
LINESTRING (3149388.884 222444.844, 3149411.221 222437.698)	89	183	0	386	false	1074	None
LINESTRING (3149411.221 222437.698, 3149441.968 222425.606)	89	183	0	387	false	1074	None
LINESTRING (3149441.968 222425.606, 3149463.874 222422.341)	89	183	0	388	false	1074	None
LINESTRING (3149463.874 222422.341, 3149492.913 222422.211)	89	183	0	389	false	1074	None
LINESTRING (3149492.913 222422.211, 3149535.552 222420.466)	89	183	0	390	false	1074	None
LINESTRING (3149535.552 222420.466, 3149567 222415.914)	89	183	0	391	false	1074	None
LINESTRING (3149567 222415.914, 3149636.008 222401.208)	89	183	0	392	false	1074	None
LINESTRING (3149636.008 222401.208, 3149758.759 222389.558)	89	183	0	393	false	1074	None
LINESTRING (3149758.759 222389.558, 3149823.543 222377.377)	89	183	0	394	false	1074	None
LINESTRING (3149823.543 222377.377, 3149821.253 222398.403)	89	183	0	395	false	1074	None
LINESTRING (3149821.253 222398.403, 3149820.696 222402.356)	89	183	0	396	false	1074	None
LINESTRING (3149820.696 222402.356, 3149812.357 222417.214)	89	183	0	397	false	1074	None
LINESTRING (3149812.357 222417.214, 3149797.652 222429.238)	89	183	0	398	false	1074	None
LINESTRING (3149797.652 222429.238, 3149780.48 222438.514)	89	183	0	399	false	1074	None
LINESTRING (3149780.48 222438.514, 3149778.932 222439.46)	89	183	0	400	false	1074	None
LINESTRING (3149778.932 222439.46, 3149761.774 222449.456)	89	183	0	401	false	1074	None
LINESTRING (3149761.774 222449.456, 3149752.552 222458.254)	89	183	0	402	false	1074	None
LINESTRING (3149752.552 222458.254, 3149750.722 222459.924)	89	183	0	403	false	1074	None
LINESTRING (3149750.722 222459.924, 3149743.311 222470.379)	89	183	0	404	false	1074	None
LINESTRING (3149743.311 222470.379, 3149741.878 222487.689)	89	183	0	405	false	1074	None
LINESTRING (3149741.878 222487.689, 3149742.263 222494.271)	89	183	0	406	false	1074	None
LINESTRING (3149742.263 222494.271, 3149742.521 222502.948)	89	183	0	407	false	1074	None
LINESTRING (3149742.521 222502.948, 3149742.522 222507.236)	89	183	0	408	false	1074	None
LINESTRING (3149742.522 222507.236, 3149742.85 222525.827)	89	183	0	409	false	1074	None
LINESTRING (3149742.85 222525.827, 3149743.172 222556.804)	89	183	0	410	false	1074	None
LINESTRING (3149743.172 222556.804, 3149749.723 222569.003)	89	183	0	411	false	1074	None
LINESTRING (3149749.723 222569.003, 3149757.296 222573.023)	89	183	0	412	false	1074	None
LINESTRING (3149757.296 222573.023, 3149760.593 222574.903)	89	183	0	413	false	1074	None
LINESTRING (3149760.593 222574.903, 3149772.018 222578.874)	89	183	0	414	false	1074	None
LINESTRING (3149772.018 222578.874, 3149775.472 222580.1)	89	183	0	415	false	1074	None
LINESTRING (3149775.472 222580.1, 3149782.848 222580.589)	89	183	0	416	false	1074	None
LINESTRING (3149782.848 222580.589, 3149814.435 222583.001)	89	183	0	417	false	1074	None
LINESTRING (3149814.435 222583.001, 3149815.795 222583.292)	89	183	0	418	false	1074	None
LINESTRING (3149815.795 222583.292, 3149826.388 222585.868)	89	183	0	419	false	1074	None
LINESTRING (3149826.388 222585.868, 3149833.11 222587.532)	89	183	0	420	false	1074	None
LINESTRING (3149833.11 222587.532, 3149838.315 222589.559)	89	183	0	421	false	1074	None
LINESTRING (3149838.315 222589.559, 3149845.146 222592.456)	89	183	0	422	false	1074	None
LINESTRING (3149845.146 222592.456, 3149866.156 222607.903)	89	183	0	423	false	1074	None
LINESTRING (3149866.156 222607.903, 3149868.678 222611.267)	89	183	0	424	false	1074	None
LINESTRING (3149868.678 222611.267, 3149876.089 222622.014)	89	183	0	425	false	1074	None
LINESTRING (3149876.089 222622.014, 3149879.574 222626.945)	89	183	0	426	false	1074	None
LINESTRING (3149879.574 222626.945, 3149891.534 222638.629)	89	183	0	427	false	1074	None
LINESTRING (3149891.534 222638.629, 3149909.473 222650.855)	89	183	0	428	false	1074	None
LINESTRING (3149909.473 222650.855, 3149923.534 222659.665)	89	183	0	429	false	1074	None
LINESTRING (3149923.534 222659.665, 3149927.575 222660.643)	89	183	0	430	false	1074	None
LINESTRING (3149927.575 222660.643, 3149940.337 222663.706)	89	183	0	431	false	1074	None
LINESTRING (3149940.337 222663.706, 3149959.431 222665.899)	89	183	0	432	false	1074	None
LINESTRING (3149959.431 222665.899, 3149967.46 222665.214)	89	183	0	433	false	1074	None
LINESTRING (3149967.46 222665.214, 3149980.822 222660.172)	89	183	0	434	false	1074	None
LINESTRING (3149980.822 222660.172, 3150000.081 222653.615)	89	183	0	435	false	1074	None
LINESTRING (3150000.081 222653.615, 3150017.682 222642.482)	89	183	0	436	false	1074	None
LINESTRING (3150017.682 222642.482, 3150032.151 222625.006)	89	183	0	437	false	1074	None
LINESTRING (3150032.151 222625.006, 3150042.017 222601.689)	89	183	0	438	false	1074	None
LINESTRING (3150042.017 222601.689, 3150051.902 222528.349)	89	183	0	439	false	1074	None
LINESTRING (3150051.902 222528.349, 3150053.374 222517.249)	89	183	0	440	false	1074	None
LINESTRING (3150053.374 222517.249, 3150061.3 222504.969)	89	183	0	441	false	1074	None
LINESTRING (3150061.3 222504.969, 3150074.754 222493.888)	89	183	0	442	false	1074	None
LINESTRING (3150074.754 222493.888, 3150102.837 222486.121)	89	183	0	443	false	1074	None
LINESTRING (3150102.837 222486.121, 3150146.06 222477.579)	89	183	0	444	false	1074	None
LINESTRING (3150146.06 222477.579, 3150157.015 222474.936)	89	183	0	445	false	1074	None
LINESTRING (3150157.015 222474.936, 3150158.195 222474.68)	89	183	0	446	false	1074	None
LINESTRING (3150158.195 222474.68, 3150167.065 222467.295)	89	183	0	447	false	1074	None
LINESTRING (3150167.065 222467.295, 3150172.883 222459.673)	89	183	0	448	false	1074	None
LINESTRING (3150172.883 222459.673, 3150177.069 222450.94)	89	183	0	449	false	1074	None
LINESTRING (3150177.069 222450.94, 3150179.205 222439.145)	89	183	0	450	false	1074	None
LINESTRING (3150179.205 222439.145, 3150178.566 222426.15)	89	183	0	451	false	1074	None
LINESTRING (3150178.566 222426.15, 3150151.358 222356.712)	89	183	0	452	false	1074	None
LINESTRING (3150151.358 222356.712, 3150149.685 222347.127)	89	183	0	453	false	1074	None
LINESTRING (3150149.685 222347.127, 3150150.039 222339.403)	89	183	0	454	false	1074	None
LINESTRING (3150150.039 222339.403, 3150161.854 222309.816)	89	183	0	455	false	1074	None
LINESTRING (3150161.854 222309.816, 3150176.161 222273.577)	89	183	0	456	false	1074	None
LINESTRING (3150176.161 222273.577, 3150180.253 222249.44)	89	183	0	457	false	1074	None
LINESTRING (3150180.253 222249.44, 3150249.969 222223.34)	89	183	0	458	false	1074	None
LINESTRING (3150249.969 222223.34, 3150277.116 222213.184)	89	183	0	459	false	1074	None
LINESTRING (3150277.116 222213.184, 3150343.358 222191.211)	89	183	0	460	false	1074	None
LINESTRING (3150343.358 222191.211, 3150378.699 222177.933)	89	183	0	461	false	1074	None
LINESTRING (3150378.699 222177.933, 3150434.745 222169.024)	89	183	0	462	false	1074	None
LINESTRING (3150434.745 222169.024, 3150460.805 222165.95)	89	183	0	463	false	1074	None
LINESTRING (3150460.805 222165.95, 3150525.894 222158.3)	89	183	0	464	false	1074	None
LINESTRING (3150525.894 222158.3, 3150531.72 222157.471)	89	183	0	465	false	1074	None
LINESTRING (3150531.72 222157.471, 3150549.872 222154.772)	89	183	0	466	false	1074	None
LINESTRING (3150549.872 222154.772, 3150604.325 222146.674)	89	183	0	467	false	1074	None
LINESTRING (3150604.325 222146.674, 3150615.767 222145.054)	89	183	0	468	false	1074	None
LINESTRING (3150615.767 222145.054, 3150622.254 222145.555)	89	183	0	469	false	1074	None
LINESTRING (3150622.254 222145.555, 3150637.775 222146.835)	89	183	0	470	false	1074	None
LINESTRING (3150637.775 222146.835, 3150684.212 222150.743)	89	183	0	471	false	1074	None
LINESTRING (3150684.212 222150.743, 3150699.607 222152.093)	89	183	0	472	false	1074	None
LINESTRING (3150699.607 222152.093, 3150725.741 222156.909)	89	183	0	473	false	1074	None
LINESTRING (3150725.741 222156.909, 3150804.02 222171.67)	89	183	0	474	false	1074	None
LINESTRING (3150804.02 222171.67, 3150804.572 222171.766)	89	183	0	475	false	1074	None
LINESTRING (3150804.572 222171.766, 3150829.236 222179.347)	89	183	0	476	false	1074	None
LINESTRING (3150829.236 222179.347, 3150866.807 222190.881)	89	183	0	477	false	1074	None
LINESTRING (3150866.807 222190.881, 3150888.865 222188.751)	89	183	0	478	false	1074	None
LINESTRING (3150888.865 222188.751, 3150890.386 222188.629)	89	183	0	479	false	1074	None
LINESTRING (3150890.386 222188.629, 3150909.296 222185.749)	89	183	0	480	false	1074	None
LINESTRING (3150909.296 222185.749, 3150930.602 222177.727)	89	183	0	481	false	1074	None
LINESTRING (3150930.602 222177.727, 3150997.941 222138.317)	89	183	0	482	false	1074	None
LINESTRING (3150997.941 222138.317, 3151071.052 222120.93)	89	183	0	483	false	1074	None
LINESTRING (3151071.052 222120.93, 3151073.412 222120.42)	89	183	0	484	false	1074	None
LINESTRING (3151073.412 222120.42, 3151126.346 222108.159)	89	183	0	485	false	1074	None
LINESTRING (3151126.346 222108.159, 3151133.343 222106.596)	89	183	0	486	false	1074	None
LINESTRING (3151133.343 222106.596, 3151140.591 222104.892)	89	183	0	487	false	1074	None
LINESTRING (3151140.591 222104.892, 3151166.721 222098.869)	89	183	0	488	false	1074	None
LINESTRING (3151166.721 222098.869, 3151171.357 222097.816)	89	183	0	489	false	1074	None
LINESTRING (3151171.357 222097.816, 3151256.445 222082.235)	89	183	0	490	false	1074	None
LINESTRING (3151256.445 222082.235, 3151266.552 222083.79)	89	183	0	491	false	1074	None
LINESTRING (3151266.552 222083.79, 3151298.747 222088.944)	89	183	0	492	false	1074	None
LINESTRING (3151298.747 222088.944, 3151319.77 222092.248)	89	183	0	493	false	1074	None
LINESTRING (3151319.77 222092.248, 3151379.018 222101.627)	89	183	0	494	false	1074	None
LINESTRING (3151379.018 222101.627, 3151382.628 222102.199)	89	183	0	495	false	1074	None
LINESTRING (3151382.628 222102.199, 3151403.405 222105.884)	89	183	0	496	false	1074	None
LINESTRING (3151403.405 222105.884, 3151431.02 222110.685)	89	183	0	497	false	1074	None
LINESTRING (3151431.02 222110.685, 3151513.574 222125.33)	89	183	0	498	false	1074	None
LINESTRING (3151513.574 222125.33, 3151536.008 222129.304)	89	183	0	499	false	1074	None
LINESTRING (3151536.008 222129.304, 3151540.943 222130.512)	89	183	0	500	false	1074	None
LINESTRING (3151540.943 222130.512, 3151545.864 222130.999)	89	183	0	501	false	1074	None
LINESTRING (3151545.864 222130.999, 3151562.051 222133.85)	89	183	0	502	false	1074	None
LINESTRING (3151562.051 222133.85, 3151608.521 222141.469)	89	183	0	503	false	1074	None
LINESTRING (3151608.521 222141.469, 3151704.989 222157.486)	89	183	0	504	false	1074	None
LINESTRING (3151704.989 222157.486, 3151777.656 222175.312)	89	183	0	505	false	1074	None
LINESTRING (3151777.656 222175.312, 3151794.446 222182.924)	89	183	0	506	false	1074	None
LINESTRING (3151794.446 222182.924, 3151805.858 222190.467)	89	183	0	507	false	1074	None
LINESTRING (3151805.858 222190.467, 3151844.256 222216.028)	89	183	0	508	false	1074	None
LINESTRING (3151844.256 222216.028, 3151862.587 222228.768)	89	183	0	509	false	1074	None
LINESTRING (3151862.587 222228.768, 3151865.121 222230.589)	89	183	0	510	false	1074	None
LINESTRING (3151865.121 222230.589, 3151867.745 222232.684)	89	183	0	511	false	1074	None
LINESTRING (3151867.745 222232.684, 3151882.511 222244.988)	89	183	0	512	false	1074	None
LINESTRING (3151882.511 222244.988, 3151887.377 222249.147)	89	183	0	513	false	1074	None
LINESTRING (3151887.377 222249.147, 3151913.25 222270.782)	89	183	0	514	false	1074	None
LINESTRING (3151913.25 222270.782, 3151950.061 222305.97)	89	183	0	515	false	1074	None
LINESTRING (3151950.061 222305.97, 3151952.739 222308.682)	89	183	0	516	false	1074	None
LINESTRING (3151952.739 222308.682, 3151979.515 222335.315)	89	183	0	517	false	1074	None
LINESTRING (3151979.515 222335.315, 3151990.31 222345.953)	89	183	0	518	false	1074	None
LINESTRING (3151990.31 222345.953, 3152055.078 222405.496)	89	183	0	519	false	1074	None
LINESTRING (3152055.078 222405.496, 3152069.236 222421.376)	89	183	0	520	false	1074	None
LINESTRING (3152069.236 222421.376, 3152147.875 222441.532)	89	183	0	521	false	1074	None
LINESTRING (3152147.875 222441.532, 3152153.336 222443.659)	89	183	0	522	false	1074	None
LINESTRING (3152153.336 222443.659, 3152230.522 222473.852)	89	183	0	523	false	1074	None
LINESTRING (3152230.522 222473.852, 3152349.915 222096.039)	89	183	0	524	false	1074	None
LINESTRING (3152349.915 222096.039, 3152351.387 222091.251)	89	183	0	525	false	1074	None
LINESTRING (3152351.387 222091.251, 3152398.147 221971.997)	89	183	0	526	false	1074	None
LINESTRING (3152398.147 221971.997, 3152409.072 221944.209)	89	183	0	527	false	1074	None
LINESTRING (3152409.072 221944.209, 3152445.971 221853.039)	89	183	0	528	false	1074	None
LINESTRING (3152445.971 221853.039, 3152481.203 221778.255)	89	183	0	529	false	1074	None
LINESTRING (3152481.203 221778.255, 3152511.896 221707.302)	89	183	0	530	false	1074	None
LINESTRING (3152511.896 221707.302, 3152571.082 221565.491)	89	183	0	531	false	1074	None
LINESTRING (3152571.082 221565.491, 3152676.815 221302.2)	89	183	0	532	false	1074	None
LINESTRING (3152676.815 221302.2, 3152699.991 221242.97)	89	183	0	533	false	1074	None
LINESTRING (3152699.991 221242.97, 3152738.464 221141.455)	89	183	0	534	false	1074	None
LINESTRING (3152738.464 221141.455, 3152760.106 221079.602)	89	183	0	535	false	1074	None
LINESTRING (3152760.106 221079.602, 3152790.554 220998.428)	89	183	0	536	false	1074	None
LINESTRING (3152790.554 220998.428, 3152793.017 220992.359)	89	183	0	537	false	1074	None
LINESTRING (3152793.017 220992.359, 3152817.113 220932.536)	89	183	0	538	false	1074	None
LINESTRING (3152817.113 220932.536, 3152837.48 220879.002)	89	183	0	539	false	1074	None
LINESTRING (3152837.48 220879.002, 3152844.534 220863.167)	89	183	0	540	false	1074	None
LINESTRING (3152844.534 220863.167, 3152860.088 220842.424)	89	183	0	541	false	1074	None
LINESTRING (3152860.088 220842.424, 3152878.389 220825.729)	89	183	0	542	false	1074	None
LINESTRING (3152878.389 220825.729, 3152927.721 220791.463)	89	183	0	543	false	1074	None
LINESTRING (3152927.721 220791.463, 3152942.422 220774.676)	89	183	0	544	false	1074	None
LINESTRING (3152942.422 220774.676, 3152985.707 220721.615)	89	183	0	545	false	1074	None
LINESTRING (3152985.707 220721.615, 3152996.477 220707.347)	89	183	0	546	false	1074	None
LINESTRING (3152996.477 220707.347, 3153013.814 220686.822)	89	183	0	547	false	1074	None
LINESTRING (3153013.814 220686.822, 3153015.438 220685.43)	89	183	0	548	false	1074	None
LINESTRING (3153015.438 220685.43, 3153038.65 220666.479)	89	183	0	549	false	1074	None
LINESTRING (3153038.65 220666.479, 3153105.535 220607.604)	89	183	0	550	false	1074	None
LINESTRING (3153105.535 220607.604, 3153117.323 220595.519)	89	183	0	551	false	1074	None
LINESTRING (3153117.323 220595.519, 3153127.467 220583.866)	89	183	0	552	false	1074	None
LINESTRING (3153127.467 220583.866, 3153139.598 220565.602)	89	183	0	553	false	1074	None
LINESTRING (3153139.598 220565.602, 3153155.284 220538.716)	89	183	0	554	false	1074	None
LINESTRING (3153155.284 220538.716, 3153171.588 220521.601)	89	183	0	555	false	1074	None
LINESTRING (3153171.588 220521.601, 3153185.18 220512.959)	89	183	0	556	false	1074	None
LINESTRING (3153185.18 220512.959, 3153198.416 220507.753)	89	183	0	557	false	1074	None
LINESTRING (3153198.416 220507.753, 3153223.215 220494.067)	89	183	0	558	false	1074	None
LINESTRING (3153223.215 220494.067, 3153226.441 220492.346)	89	183	0	559	false	1074	None
LINESTRING (3153226.441 220492.346, 3153266.046 220462.868)	89	183	0	560	false	1074	None
LINESTRING (3153266.046 220462.868, 3153336.99 220405.694)	89	183	0	561	false	1074	None
LINESTRING (3153336.99 220405.694, 3153400.381 220356.299)	89	183	0	562	false	1074	None
LINESTRING (3153400.381 220356.299, 3153458.733 220313.279)	89	183	0	563	false	1074	None
LINESTRING (3153458.733 220313.279, 3153565.162 220243.011)	89	183	0	564	false	1074	None
LINESTRING (3153565.162 220243.011, 3153613.06 220210.928)	89	183	0	565	false	1074	None
LINESTRING (3153613.06 220210.928, 3153661.367 220184.604)	89	183	0	566	false	1074	None
LINESTRING (3153661.367 220184.604, 3153711.33 220143.438)	89	183	0	567	false	1074	None
LINESTRING (3153711.33 220143.438, 3153770.424 220103.568)	89	183	0	568	false	1074	None
LINESTRING (3153770.424 220103.568, 3153789.441 220095.135)	89	183	0	569	false	1074	None
LINESTRING (3153789.441 220095.135, 3153806.947 220091.593)	89	183	0	570	false	1074	None
LINESTRING (3153806.947 220091.593, 3153819.022 220091.891)	89	183	0	571	false	1074	None
LINESTRING (3153819.022 220091.891, 3153859.951 220092.832)	89	183	0	572	false	1074	None
LINESTRING (3153859.951 220092.832, 3153912.149 220096.139)	89	183	0	573	false	1074	None
LINESTRING (3153912.149 220096.139, 3153923.079 220096.349)	89	183	0	574	false	1074	None
LINESTRING (3153923.079 220096.349, 3153969.473 220097.395)	89	183	0	575	false	1074	None
LINESTRING (3153969.473 220097.395, 3154026.515 220090.797)	89	183	0	576	false	1074	None
LINESTRING (3154026.515 220090.797, 3154055.857 220081.861)	89	183	0	577	false	1074	None
LINESTRING (3154055.857 220081.861, 3154081.9 220071.045)	89	183	0	578	false	1074	None
LINESTRING (3154081.9 220071.045, 3154125.305 220042.931)	89	183	0	579	false	1074	None
LINESTRING (3154125.305 220042.931, 3154161.992 220011.365)	89	183	0	580	false	1074	None
LINESTRING (3154161.992 220011.365, 3154165.478 220007.72)	89	183	0	581	false	1074	None
LINESTRING (3154165.478 220007.72, 3154169.485 220004.755)	89	183	0	582	false	1074	None
LINESTRING (3154169.485 220004.755, 3154171.149 220003.259)	89	183	0	583	false	1074	None
LINESTRING (3154171.149 220003.259, 3154184.892 219991.461)	89	183	0	584	false	1074	None
LINESTRING (3154184.892 219991.461, 3154187.647 219989.437)	89	183	0	585	false	1074	None
LINESTRING (3154187.647 219989.437, 3154193.369 219985.353)	89	183	0	586	false	1074	None
LINESTRING (3154193.369 219985.353, 3154305.666 219905.108)	89	183	0	587	false	1074	None
LINESTRING (3154305.666 219905.108, 3154367.656 219861.604)	89	183	0	588	false	1074	None
LINESTRING (3154367.656 219861.604, 3154441.764 219818.296)	89	183	0	589	false	1074	None
LINESTRING (3154441.764 219818.296, 3154497.588 219786.328)	89	183	0	590	false	1074	None
LINESTRING (3154497.588 219786.328, 3154509.648 219779.353)	89	183	0	591	false	1074	None
LINESTRING (3154509.648 219779.353, 3154522.938 219768.213)	89	183	0	592	false	1074	None
LINESTRING (3154522.938 219768.213, 3154578.519 219721.735)	89	183	0	593	false	1074	None
LINESTRING (3154578.519 219721.735, 3154626.076 219680.707)	89	183	0	594	false	1074	None
LINESTRING (3154626.076 219680.707, 3154671.302 219643.893)	89	183	0	595	false	1074	None
LINESTRING (3154671.302 219643.893, 3154726.72 219599.854)	89	183	0	596	false	1074	None
LINESTRING (3154726.72 219599.854, 3154740.44 219586.856)	89	183	0	597	false	1074	None
LINESTRING (3154740.44 219586.856, 3154774.747 219543.999)	89	183	0	598	false	1074	None
LINESTRING (3154774.747 219543.999, 3154835.419 219472.106)	89	183	0	599	false	1074	None
LINESTRING (3154835.419 219472.106, 3154882.319 219410.57)	89	183	0	600	false	1074	None
LINESTRING (3154882.319 219410.57, 3154872.27 219369.246)	89	183	0	601	false	1074	None
LINESTRING (3154872.27 219369.246, 3154887.973 219345.107)	89	183	0	602	false	1074	None
LINESTRING (3154887.973 219345.107, 3154946.989 219360.965)	89	183	0	603	false	1074	None
LINESTRING (3154946.989 219360.965, 3154970.721 219357.35)	89	183	0	604	false	1074	None
LINESTRING (3154970.721 219357.35, 3154973.213 219357.011)	89	183	0	605	false	1074	None
LINESTRING (3154973.213 219357.011, 3154989.205 219351.808)	89	183	0	606	false	1074	None
LINESTRING (3154989.205 219351.808, 3155011.194 219343.583)	89	183	0	607	false	1074	None
LINESTRING (3155011.194 219343.583, 3155043.031 219330.023)	89	183	0	608	false	1074	None
LINESTRING (3155043.031 219330.023, 3155090.752 219305.739)	89	183	0	609	false	1074	None
LINESTRING (3155090.752 219305.739, 3155113.832 219305.563)	89	183	0	610	false	1074	E:3155093.051 219305.72146863086
LINESTRING (3146515.186 223808.956, 3146673.818 223638.527)	89	185	0	922	false	1188	W:3146537.384 223785.1071993672
LINESTRING (3146673.818 223638.527, 3146712.432 223597.092)	89	185	0	923	false	1188	None
LINESTRING (3146712.432 223597.092, 3146770.863 223526.681)	89	185	0	924	false	1188	None
LINESTRING (3146770.863 223526.681, 3146778.989 223516.145)	89	185	0	925	false	1188	None
LINESTRING (3146778.989 223516.145, 3146881.63 223383.609)	89	185	0	926	false	1188	None
LINESTRING (3146881.63 223383.609, 3146896.459 223365.437)	89	185	0	927	false	1188	None
LINESTRING (3146896.459 223365.437, 3146928.304 223326.253)	89	185	0	928	false	1188	None
LINESTRING (3146928.304 223326.253, 3146995.044 223239.542)	89	185	0	929	false	1188	None
LINESTRING (3146995.044 223239.542, 3147197.343 222971.048)	89	185	0	930	false	1188	None
LINESTRING (3147197.343 222971.048, 3147237.952 222917.169)	89	185	0	931	false	1188	None
LINESTRING (3147237.952 222917.169, 3147288.272 222862.066)	89	185	0	932	false	1188	None
LINESTRING (3147288.272 222862.066, 3147299.579 222849.671)	89	185	0	933	false	1188	None
LINESTRING (3147299.579 222849.671, 3147320.838 222829.118)	89	185	0	934	false	1188	None
LINESTRING (3147320.838 222829.118, 3147350.277 222800.67)	89	185	0	935	false	1188	None
LINESTRING (3147350.277 222800.67, 3147424.963 222740.516)	89	185	0	936	false	1188	None
LINESTRING (3147424.963 222740.516, 3147460.202 222712.062)	89	185	0	937	false	1188	None
LINESTRING (3147460.202 222712.062, 3147462.035 222710.632)	89	185	0	938	false	1188	None
LINESTRING (3147462.035 222710.632, 3147480.262 222697.117)	89	185	0	939	false	1188	None
LINESTRING (3147480.262 222697.117, 3147502.909 222680.321)	89	185	0	940	false	1188	None
LINESTRING (3147502.909 222680.321, 3147512.711 222673.057)	89	185	0	941	false	1188	None
LINESTRING (3147512.711 222673.057, 3147527.781 222662.603)	89	185	0	942	false	1188	None
LINESTRING (3147527.781 222662.603, 3147541.564 222655.459)	89	185	0	943	false	1188	None
LINESTRING (3147541.564 222655.459, 3147551.997 222650.109)	89	185	0	944	false	1188	None
LINESTRING (3147551.997 222650.109, 3147563.483 222646.597)	89	185	0	945	false	1188	None
LINESTRING (3147563.483 222646.597, 3147578.755 222641.939)	89	185	0	946	false	1188	None
LINESTRING (3147578.755 222641.939, 3147599.737 222637)	89	185	0	947	false	1188	None
LINESTRING (3147599.737 222637, 3147600.791 222636.815)	89	185	0	948	false	1188	None
LINESTRING (3147600.791 222636.815, 3147617.835 222633.917)	89	185	0	949	false	1188	None
LINESTRING (3147617.835 222633.917, 3147634.616 222632.704)	89	185	0	950	false	1188	None
LINESTRING (3147634.616 222632.704, 3147654.784 222633.643)	89	185	0	951	false	1188	None
LINESTRING (3147654.784 222633.643, 3147689.143 222639.27)	89	185	0	952	false	1188	None
LINESTRING (3147689.143 222639.27, 3147704.57 222642.294)	89	185	0	953	false	1188	None
LINESTRING (3147704.57 222642.294, 3147710.529 222643.898)	89	185	0	954	false	1188	None
LINESTRING (3147710.529 222643.898, 3147745.487 222654.046)	89	185	0	955	false	1188	None
LINESTRING (3147745.487 222654.046, 3147731.074 222682.503)	89	185	0	956	false	1188	None
LINESTRING (3147731.074 222682.503, 3147693.077 222756.93)	89	185	0	957	false	1188	None
LINESTRING (3147693.077 222756.93, 3147687.364 222767.571)	89	185	0	958	false	1188	None
LINESTRING (3147687.364 222767.571, 3147672.184 222795.73)	89	185	0	959	false	1188	None
LINESTRING (3147672.184 222795.73, 3147651.743 222833.871)	89	185	0	960	false	1188	None
LINESTRING (3147651.743 222833.871, 3147623.303 222886.766)	89	185	0	961	false	1188	None
LINESTRING (3147623.303 222886.766, 3147595.829 222943.492)	89	185	0	962	false	1188	None
LINESTRING (3147595.829 222943.492, 3147593.167 222950.079)	89	185	0	963	false	1188	None
LINESTRING (3147593.167 222950.079, 3147576.365 222990.232)	89	185	0	964	false	1188	None
LINESTRING (3147576.365 222990.232, 3147570.751 223003.651)	89	185	0	965	false	1188	None
LINESTRING (3147570.751 223003.651, 3147559.026 223037.322)	89	185	0	966	false	1188	None
LINESTRING (3147559.026 223037.322, 3147552.776 223054.901)	89	185	0	967	false	1188	None
LINESTRING (3147552.776 223054.901, 3147541.945 223099.402)	89	185	0	968	false	1188	None
LINESTRING (3147541.945 223099.402, 3147528.401 223183.701)	89	185	0	969	false	1188	None
LINESTRING (3147528.401 223183.701, 3147520.756 223230.871)	89	185	0	970	false	1188	None
LINESTRING (3147520.756 223230.871, 3147520.373 223232.866)	89	185	0	971	false	1188	None
LINESTRING (3147520.373 223232.866, 3147514.605 223261.829)	89	185	0	972	false	1188	None
LINESTRING (3147514.605 223261.829, 3147504.78 223310.056)	89	185	0	973	false	1188	None
LINESTRING (3147504.78 223310.056, 3147497.604 223348.952)	89	185	0	974	false	1188	None
LINESTRING (3147497.604 223348.952, 3147492.092 223378.014)	89	185	0	975	false	1188	None
LINESTRING (3147492.092 223378.014, 3147489.535 223391.908)	89	185	0	976	false	1188	None
LINESTRING (3147489.535 223391.908, 3147483.631 223422.484)	89	185	0	977	false	1188	None
LINESTRING (3147483.631 223422.484, 3147475.907 223461.524)	89	185	0	978	false	1188	None
LINESTRING (3147475.907 223461.524, 3147465.01 223523.866)	89	185	0	979	false	1188	None
LINESTRING (3147465.01 223523.866, 3147458.627 223555.924)	89	185	0	980	false	1188	None
LINESTRING (3147458.627 223555.924, 3147449.573 223600.402)	89	185	0	981	false	1188	None
LINESTRING (3147449.573 223600.402, 3147442.994 223633.218)	89	185	0	982	false	1188	None
LINESTRING (3147442.994 223633.218, 3147441.622 223640.783)	89	185	0	983	false	1188	None
LINESTRING (3147441.622 223640.783, 3147424.301 223735.287)	89	185	0	984	false	1188	None
LINESTRING (3147424.301 223735.287, 3147419.042 223762.184)	89	185	0	985	false	1188	None
LINESTRING (3147419.042 223762.184, 3147411.05 223802.668)	89	185	0	986	false	1188	None
LINESTRING (3147411.05 223802.668, 3147410.011 223807.862)	89	185	0	987	false	1188	None
LINESTRING (3147410.011 223807.862, 3147402.505 223849.37)	89	185	0	988	false	1188	None
LINESTRING (3147402.505 223849.37, 3147387.509 223931.08)	89	185	0	989	false	1188	None
LINESTRING (3147387.509 223931.08, 3147382.594 223989.914)	89	185	0	990	false	1188	None
LINESTRING (3147382.594 223989.914, 3147380.901 224008.908)	89	185	0	991	false	1188	None
LINESTRING (3147380.901 224008.908, 3147380.947 224036.56)	89	185	0	992	false	1188	None
LINESTRING (3147380.947 224036.56, 3147380.915 224066.682)	89	185	0	993	false	1188	None
LINESTRING (3147380.915 224066.682, 3147384.401 224156.18)	89	185	0	994	false	1188	None
LINESTRING (3147384.401 224156.18, 3147385.461 224183.75)	89	185	0	995	false	1188	None
LINESTRING (3147385.461 224183.75, 3147386.301 224204.564)	89	185	0	996	false	1188	None
LINESTRING (3147386.301 224204.564, 3147385.664 224333.432)	89	185	0	997	false	1188	None
LINESTRING (3147385.664 224333.432, 3147378.056 224397.412)	89	185	0	998	false	1188	None
LINESTRING (3147378.056 224397.412, 3147361.308 224482.61)	89	185	0	999	false	1188	None
LINESTRING (3147361.308 224482.61, 3147350.564 224516.783)	89	185	0	1000	false	1188	None
LINESTRING (3147350.564 224516.783, 3147342.997 224540.52)	89	185	0	1001	false	1188	None
LINESTRING (3147342.997 224540.52, 3147307.517 224632.961)	89	185	0	1002	false	1188	None
LINESTRING (3147307.517 224632.961, 3147287.024 224672.75)	89	185	0	1003	false	1188	None
LINESTRING (3147287.024 224672.75, 3147271.415 224702.767)	89	185	0	1004	false	1188	None
LINESTRING (3147271.415 224702.767, 3147239.637 224753.887)	89	185	0	1005	false	1188	None
LINESTRING (3147239.637 224753.887, 3147217.489 224787.077)	89	185	0	1006	false	1188	None
LINESTRING (3147217.489 224787.077, 3147205.736 224804.659)	89	185	0	1007	false	1188	None
LINESTRING (3147205.736 224804.659, 3147190.505 224821.839)	89	185	0	1008	false	1188	None
LINESTRING (3147190.505 224821.839, 3147181.193 224832.39)	89	185	0	1009	false	1188	None
LINESTRING (3147181.193 224832.39, 3147152.923 224864.15)	89	185	0	1010	false	1188	None
LINESTRING (3147152.923 224864.15, 3147143.486 224874.772)	89	185	0	1011	false	1188	None
LINESTRING (3147143.486 224874.772, 3147098.902 224926.746)	89	185	0	1012	false	1188	None
LINESTRING (3147098.902 224926.746, 3147088.309 224938.823)	89	185	0	1013	false	1188	None
LINESTRING (3147088.309 224938.823, 3146920.621 225128.71)	89	185	0	1014	false	1188	N:3146993.135350282 225046.596
