LINESTRING (3130869.113 225041.603, 3130848.542 225054.709)	48	1611	0	204	false	287	S:3130861.27605486 225046.596
LINESTRING (3130848.542 225054.709, 3130822.669 225071.119)	48	1611	0	205	false	287	None
LINESTRING (3130822.669 225071.119, 3130770.181 225110.676)	48	1611	0	206	false	287	None
LINESTRING (3130770.181 225110.676, 3130716.731 225160.574)	48	1611	0	207	false	287	None
LINESTRING (3130716.731 225160.574, 3130677.956 225194.607)	48	1611	0	208	false	287	None
LINESTRING (3130677.956 225194.607, 3130644.095 225223.043)	48	1611	0	209	false	287	None
LINESTRING (3130644.095 225223.043, 3130639.135 225226.48)	48	1611	0	210	false	287	None
LINESTRING (3130639.135 225226.48, 3130614.709 225243.212)	48	1611	0	211	false	287	None
LINESTRING (3130614.709 225243.212, 3130582.35 225258.898)	48	1611	0	212	false	287	None
LINESTRING (3130582.35 225258.898, 3130562.152 225265.721)	48	1611	0	213	false	287	None
LINESTRING (3130562.152 225265.721, 3130541.722 225271.621)	48	1611	0	214	false	287	None
LINESTRING (3130541.722 225271.621, 3130521.293 225277.521)	48	1611	0	215	false	287	None
LINESTRING (3130521.293 225277.521, 3130492.6 225280.699)	48	1611	0	216	false	287	None
LINESTRING (3130492.6 225280.699, 3130480.118 225280.51)	48	1611	0	217	false	287	None
LINESTRING (3130480.118 225280.51, 3130459.64 225280.201)	48	1611	0	218	false	287	None
LINESTRING (3130459.64 225280.201, 3130425.864 225273.198)	48	1611	0	219	false	287	None
LINESTRING (3130425.864 225273.198, 3130424.158 225272.538)	48	1611	0	220	false	287	None
LINESTRING (3130424.158 225272.538, 3130395.918 225263.393)	48	1611	0	221	false	287	None
LINESTRING (3130395.918 225263.393, 3130322.497 225234.141)	48	1611	0	222	false	287	None
LINESTRING (3130322.497 225234.141, 3130288.752 225220.722)	48	1611	0	223	false	287	None
LINESTRING (3130288.752 225220.722, 3130257.707 225208.944)	48	1611	0	224	false	287	None
LINESTRING (3130257.707 225208.944, 3130164.28 225173.856)	48	1611	0	225	false	287	None
LINESTRING (3130164.28 225173.856, 3130133.109 225162.149)	48	1611	0	226	false	287	None
LINESTRING (3130133.109 225162.149, 3130127.564 225160.003)	48	1611	0	227	false	287	None
LINESTRING (3130127.564 225160.003, 3130110.679 225153.706)	48	1611	0	228	false	287	None
LINESTRING (3130110.679 225153.706, 3130105.009 225151.63)	48	1611	0	229	false	287	None
LINESTRING (3130105.009 225151.63, 3130085.53 225144.686)	48	1611	0	230	false	287	None
LINESTRING (3130085.53 225144.686, 3130035.447 225126.851)	48	1611	0	231	false	287	None
LINESTRING (3130035.447 225126.851, 3130026.497 225125.648)	48	1611	0	232	false	287	None
LINESTRING (3130026.497 225125.648, 3130005.671 225122.945)	48	1611	0	233	false	287	None
LINESTRING (3130005.671 225122.945, 3129977.558 225123.611)	48	1611	0	234	false	287	None
LINESTRING (3129977.558 225123.611, 3129962.886 225125.789)	48	1611	0	235	false	287	None
LINESTRING (3129962.886 225125.789, 3129941.293 225130.645)	48	1611	0	236	false	287	None
LINESTRING (3129941.293 225130.645, 3129883.944 225156.421)	48	1611	0	237	false	287	None
LINESTRING (3129883.944 225156.421, 3129843.728 225174.424)	48	1611	0	238	false	287	None
LINESTRING (3129843.728 225174.424, 3129804.634 225189.529)	48	1611	0	239	false	287	None
LINESTRING (3129804.634 225189.529, 3129789.039 225192.065)	48	1611	0	240	false	287	None
LINESTRING (3129789.039 225192.065, 3129766.646 225193.159)	48	1611	0	241	false	287	None
LINESTRING (3129766.646 225193.159, 3129709.254 225189.399)	48	1611	0	242	false	287	None
LINESTRING (3129709.254 225189.399, 3129665.103 225181.837)	48	1611	0	243	false	287	None
LINESTRING (3129665.103 225181.837, 3129632.721 225174.781)	48	1611	0	244	false	287	None
LINESTRING (3129632.721 225174.781, 3129603.378 225165.45)	48	1611	0	245	false	287	None
LINESTRING (3129603.378 225165.45, 3129569.903 225150.83)	48	1611	0	246	false	287	None
LINESTRING (3129569.903 225150.83, 3129532.088 225129.174)	48	1611	0	247	false	287	None
LINESTRING (3129532.088 225129.174, 3129504.085 225113.339)	48	1611	0	248	false	287	None
LINESTRING (3129504.085 225113.339, 3129434.065 225057.559)	48	1611	0	249	false	287	None
LINESTRING (3129434.065 225057.559, 3129464.153 224978.024)	48	1611	0	250	false	287	S:3129438.2122904253 225046.596
LINESTRING (3130868.994 227396.764, 3130889.082 227394.781)	48	1616	0	0	false	630	None
LINESTRING (3130889.082 227394.781, 3130949.053 227389.077)	48	1616	0	1	false	630	None
LINESTRING (3130949.053 227389.077, 3130969.015 227387.164)	48	1616	0	2	false	630	None
LINESTRING (3130969.015 227387.164, 3130984.293 227385.7)	48	1616	0	3	false	630	None
LINESTRING (3130984.293 227385.7, 3130990.667 227385.192)	48	1616	0	4	false	630	None
LINESTRING (3130990.667 227385.192, 3131014.858 227383.251)	48	1616	0	5	false	630	None
LINESTRING (3131014.858 227383.251, 3131053.573 227380.268)	48	1616	0	6	false	630	None
LINESTRING (3131053.573 227380.268, 3131096.964 227378.381)	48	1616	0	7	false	630	None
LINESTRING (3131096.964 227378.381, 3131120.059 227382.563)	48	1616	0	8	false	630	None
LINESTRING (3131120.059 227382.563, 3131143.836 227389.033)	48	1616	0	9	false	630	None
LINESTRING (3131143.836 227389.033, 3131149.118 227390.84)	48	1616	0	10	false	630	None
LINESTRING (3131149.118 227390.84, 3131191.206 227405.235)	48	1616	0	11	false	630	None
LINESTRING (3131191.206 227405.235, 3131244.018 227422.83)	48	1616	0	12	false	630	None
LINESTRING (3131244.018 227422.83, 3131402.199 227475.521)	48	1616	0	13	false	630	None
LINESTRING (3131402.199 227475.521, 3131454.886 227493.188)	48	1616	0	14	false	630	None
LINESTRING (3131454.886 227493.188, 3131484.202 227503.59)	48	1616	0	15	false	630	None
LINESTRING (3131484.202 227503.59, 3131484.754 227503.685)	48	1616	0	16	false	630	None
LINESTRING (3131484.754 227503.685, 3131532.906 227520.906)	48	1616	0	17	false	630	None
LINESTRING (3131532.906 227520.906, 3131573.428 227537.316)	48	1616	0	18	false	630	None
LINESTRING (3131573.428 227537.316, 3131578.676 227539.467)	48	1616	0	19	false	630	None
LINESTRING (3131578.676 227539.467, 3131601.722 227551.37)	48	1616	0	20	false	630	None
LINESTRING (3131601.722 227551.37, 3131605.74 227553.403)	48	1616	0	21	false	630	None
LINESTRING (3131605.74 227553.403, 3131612.091 227557.767)	48	1616	0	22	false	630	None
LINESTRING (3131612.091 227557.767, 3131616.903 227561.298)	48	1616	0	23	false	630	None
LINESTRING (3131616.903 227561.298, 3131620.555 227564.022)	48	1616	0	24	false	630	None
LINESTRING (3131620.555 227564.022, 3131648.981 227584.318)	48	1616	0	25	false	630	None
LINESTRING (3131648.981 227584.318, 3131661.658 227593.871)	48	1616	0	26	false	630	None
LINESTRING (3131661.658 227593.871, 3131671.246 227601.275)	48	1616	0	27	false	630	None
LINESTRING (3131671.246 227601.275, 3131699.056 227626.452)	48	1616	0	28	false	630	None
LINESTRING (3131699.056 227626.452, 3131770.968 227703.355)	48	1616	0	29	false	630	None
LINESTRING (3131770.968 227703.355, 3131779.538 227712.627)	48	1616	0	30	false	630	None
LINESTRING (3131779.538 227712.627, 3131805.743 227741.944)	48	1616	0	31	false	630	None
LINESTRING (3131805.743 227741.944, 3131805.222 227743.29)	48	1616	0	32	false	630	None
LINESTRING (3131805.222 227743.29, 3131803.402 227747.228)	48	1616	0	33	false	630	None
LINESTRING (3131803.402 227747.228, 3131802.795 227748.541)	48	1616	0	34	false	630	None
LINESTRING (3131802.795 227748.541, 3131799.813 227755.481)	48	1616	0	35	false	630	None
LINESTRING (3131799.813 227755.481, 3131790.61 227776.202)	48	1616	0	36	false	630	None
LINESTRING (3131790.61 227776.202, 3131787.542 227783.109)	48	1616	0	37	false	630	None
LINESTRING (3131787.542 227783.109, 3131772.263 227818.5)	48	1616	0	38	false	630	None
LINESTRING (3131772.263 227818.5, 3131764.249 227839.444)	48	1616	0	39	false	630	None
LINESTRING (3131764.249 227839.444, 3131751.267 227871.439)	48	1616	0	40	false	630	None
LINESTRING (3131751.267 227871.439, 3131737.955 227907.83)	48	1616	0	41	false	630	None
LINESTRING (3131737.955 227907.83, 3131728.892 227951.225)	48	1616	0	42	false	630	None
LINESTRING (3131728.892 227951.225, 3131723.19 227991.517)	48	1616	0	43	false	630	None
LINESTRING (3131723.19 227991.517, 3131707.032 228001.33)	48	1616	0	44	false	630	None
LINESTRING (3131707.032 228001.33, 3131695.766 228016.49)	48	1616	0	45	false	630	None
LINESTRING (3131695.766 228016.49, 3131673.034 228069.351)	48	1616	0	46	false	630	None
LINESTRING (3131673.034 228069.351, 3131651.991 228118.106)	48	1616	0	47	false	630	None
LINESTRING (3131651.991 228118.106, 3131650.302 228122.213)	48	1616	0	48	false	630	None
LINESTRING (3131650.302 228122.213, 3131644.898 228134.644)	48	1616	0	49	false	630	None
LINESTRING (3131644.898 228134.644, 3131643.083 228138.822)	48	1616	0	50	false	630	None
LINESTRING (3131643.083 228138.822, 3131638.046 228150.561)	48	1616	0	51	false	630	None
LINESTRING (3131638.046 228150.561, 3131636.998 228153.013)	48	1616	0	52	false	630	None
LINESTRING (3131636.998 228153.013, 3131632.402 228163.613)	48	1616	0	53	false	630	None
LINESTRING (3131632.402 228163.613, 3131618.11 228195.697)	48	1616	0	54	false	630	None
LINESTRING (3131618.11 228195.697, 3131616.13 228200.049)	48	1616	0	55	false	630	None
LINESTRING (3131616.13 228200.049, 3131611.388 228209.76)	48	1616	0	56	false	630	None
LINESTRING (3131611.388 228209.76, 3131610.456 228211.661)	48	1616	0	57	false	630	None
LINESTRING (3131610.456 228211.661, 3131607.538 228217.673)	48	1616	0	58	false	630	None
LINESTRING (3131607.538 228217.673, 3131606.48 228219.645)	48	1616	0	59	false	630	None
LINESTRING (3131606.48 228219.645, 3131589.877 228232.38)	48	1616	0	60	false	630	None
LINESTRING (3131589.877 228232.38, 3131576.632 228235.94)	48	1616	0	61	false	630	None
LINESTRING (3131576.632 228235.94, 3131564.795 228232.069)	48	1616	0	62	false	630	None
LINESTRING (3131564.795 228232.069, 3131552.666 228226.419)	48	1616	0	63	false	630	None
LINESTRING (3131552.666 228226.419, 3131545.964 228223.466)	48	1616	0	64	false	630	None
LINESTRING (3131545.964 228223.466, 3131506.92 228206.794)	48	1616	0	65	false	630	None
LINESTRING (3131506.92 228206.794, 3131471.091 228194.225)	48	1616	0	66	false	630	None
LINESTRING (3131471.091 228194.225, 3131447.964 228192.41)	48	1616	0	67	false	630	None
LINESTRING (3131447.964 228192.41, 3131431.535 228197.356)	48	1616	0	68	false	630	None
LINESTRING (3131431.535 228197.356, 3131420.668 228203.385)	48	1616	0	69	false	630	None
LINESTRING (3131420.668 228203.385, 3131399.575 228229.739)	48	1616	0	70	false	630	None
LINESTRING (3131399.575 228229.739, 3131375.71 228262.996)	48	1616	0	71	false	630	None
LINESTRING (3131375.71 228262.996, 3131367.412 228274.544)	48	1616	0	72	false	630	None
LINESTRING (3131367.412 228274.544, 3131345.573 228303.585)	48	1616	0	73	false	630	None
LINESTRING (3131345.573 228303.585, 3131334.512 228316.444)	48	1616	0	74	false	630	None
LINESTRING (3131334.512 228316.444, 3131312.968 228341.432)	48	1616	0	75	false	630	None
LINESTRING (3131312.968 228341.432, 3131300.253 228356.031)	48	1616	0	76	false	630	None
LINESTRING (3131300.253 228356.031, 3131299.105 228357.729)	48	1616	0	77	false	630	None
LINESTRING (3131299.105 228357.729, 3131275.65 228384.359)	48	1616	0	78	false	630	None
LINESTRING (3131275.65 228384.359, 3131268.3 228392.703)	48	1616	0	79	false	630	None
LINESTRING (3131268.3 228392.703, 3131182.945 228489.524)	48	1616	0	80	false	630	None
LINESTRING (3131182.945 228489.524, 3131178.317 228494.636)	48	1616	0	81	false	630	None
LINESTRING (3131178.317 228494.636, 3131152.982 228522.324)	48	1616	0	82	false	630	None
LINESTRING (3131152.982 228522.324, 3131116.231 228564.042)	48	1616	0	83	false	630	None
LINESTRING (3131116.231 228564.042, 3131031.81 228656.94)	48	1616	0	84	false	630	None
LINESTRING (3131031.81 228656.94, 3130968.422 228728.699)	48	1616	0	85	false	630	None
LINESTRING (3130968.422 228728.699, 3130961.503 228737.448)	48	1616	0	86	false	630	None
LINESTRING (3130961.503 228737.448, 3130893.381 228823.206)	48	1616	0	87	false	630	None
LINESTRING (3130893.381 228823.206, 3130886.677 228826.086)	48	1616	0	88	false	630	None
LINESTRING (3130886.677 228826.086, 3130866.523 228834.828)	48	1616	0	89	false	630	None
LINESTRING (3130866.523 228834.828, 3130859.779 228837.811)	48	1616	0	90	false	630	None
LINESTRING (3130859.779 228837.811, 3130858.399 228836.563)	48	1616	0	91	false	630	None
LINESTRING (3130858.399 228836.563, 3130854.005 228832.718)	48	1616	0	92	false	630	None
LINESTRING (3130854.005 228832.718, 3130852.415 228831.507)	48	1616	0	93	false	630	None
LINESTRING (3130852.415 228831.507, 3130828.038 228874.447)	48	1616	0	94	false	630	None
LINESTRING (3130828.038 228874.447, 3130811.232 228909.485)	48	1616	0	95	false	630	None
LINESTRING (3130811.232 228909.485, 3130793.761 228951.052)	48	1616	0	96	false	630	None
LINESTRING (3130793.761 228951.052, 3130791.616 228957.602)	48	1616	0	97	false	630	None
LINESTRING (3130791.616 228957.602, 3130782.707 228984.152)	48	1616	0	98	false	630	N:3130787.6336266664 228969.47
LINESTRING (3129346.072 227202.763, 3129467.86 227240.258)	48	1616	0	604	false	630	W:3129426.05 227227.3859112063
LINESTRING (3129467.86 227240.258, 3129632.119 227286.337)	48	1616	0	605	false	630	None
LINESTRING (3129632.119 227286.337, 3129638.545 227288.229)	48	1616	0	606	false	630	None
LINESTRING (3129638.545 227288.229, 3129773.737 227333.656)	48	1616	0	607	false	630	None
LINESTRING (3129773.737 227333.656, 3129801.527 227341.913)	48	1616	0	608	false	630	None
LINESTRING (3129801.527 227341.913, 3129884.728 227366.621)	48	1616	0	609	false	630	None
LINESTRING (3129884.728 227366.621, 3129912.393 227374.949)	48	1616	0	610	false	630	None
LINESTRING (3129912.393 227374.949, 3129924.988 227378.635)	48	1616	0	611	false	630	None
LINESTRING (3129924.988 227378.635, 3129962.611 227389.866)	48	1616	0	612	false	630	None
LINESTRING (3129962.611 227389.866, 3129975.081 227393.622)	48	1616	0	613	false	630	None
LINESTRING (3129975.081 227393.622, 3129989.804 227397.893)	48	1616	0	614	false	630	None
LINESTRING (3129989.804 227397.893, 3130033.807 227410.88)	48	1616	0	615	false	630	None
LINESTRING (3130033.807 227410.88, 3130048.404 227415.222)	48	1616	0	616	false	630	None
LINESTRING (3130048.404 227415.222, 3130062.785 227419.361)	48	1616	0	617	false	630	None
LINESTRING (3130062.785 227419.361, 3130105.594 227431.886)	48	1616	0	618	false	630	None
LINESTRING (3130105.594 227431.886, 3130119.85 227436.096)	48	1616	0	619	false	630	None
LINESTRING (3130119.85 227436.096, 3130133.851 227440.207)	48	1616	0	620	false	630	None
LINESTRING (3130133.851 227440.207, 3130152.321 227445.691)	48	1616	0	621	false	630	None
LINESTRING (3130152.321 227445.691, 3130219.169 227459.191)	48	1616	0	622	false	630	None
LINESTRING (3130219.169 227459.191, 3130264.938 227461.792)	48	1616	0	623	false	630	None
LINESTRING (3130264.938 227461.792, 3130284.585 227462.97)	48	1616	0	624	false	630	None
LINESTRING (3130284.585 227462.97, 3130358.534 227460.412)	48	1616	0	625	false	630	None
LINESTRING (3130358.534 227460.412, 3130446.61 227452.015)	48	1616	0	626	false	630	None
LINESTRING (3130446.61 227452.015, 3130524.262 227440.654)	48	1616	0	627	false	630	None
LINESTRING (3130524.262 227440.654, 3130717.813 227416.673)	48	1616	0	628	false	630	None
LINESTRING (3130717.813 227416.673, 3130790.698 227407.754)	48	1616	0	629	false	630	None
LINESTRING (3130790.698 227407.754, 3130868.994 227396.764)	48	1616	0	630	false	630	None
LINESTRING (3130782.707 228984.152, 3130791.616 228957.602)	48	1617	0	428	false	678	N:3130787.6336266664 228969.47
LINESTRING (3130791.616 228957.602, 3130793.761 228951.052)	48	1617	0	429	false	678	None
LINESTRING (3130793.761 228951.052, 3130811.232 228909.485)	48	1617	0	430	false	678	None
LINESTRING (3130811.232 228909.485, 3130828.038 228874.447)	48	1617	0	431	false	678	None
LINESTRING (3130828.038 228874.447, 3130852.415 228831.507)	48	1617	0	432	false	678	None
LINESTRING (3130852.415 228831.507, 3130854.005 228832.718)	48	1617	0	433	false	678	None
LINESTRING (3130854.005 228832.718, 3130858.399 228836.563)	48	1617	0	434	false	678	None
LINESTRING (3130858.399 228836.563, 3130859.779 228837.811)	48	1617	0	435	false	678	None
LINESTRING (3130859.779 228837.811, 3130866.523 228834.828)	48	1617	0	436	false	678	None
LINESTRING (3130866.523 228834.828, 3130886.677 228826.086)	48	1617	0	437	false	678	None
LINESTRING (3130886.677 228826.086, 3130893.381 228823.206)	48	1617	0	438	false	678	None
LINESTRING (3130893.381 228823.206, 3130961.503 228737.448)	48	1617	0	439	false	678	None
LINESTRING (3130961.503 228737.448, 3130968.422 228728.699)	48	1617	0	440	false	678	None
LINESTRING (3130968.422 228728.699, 3131031.81 228656.94)	48	1617	0	441	false	678	None
LINESTRING (3131031.81 228656.94, 3131116.231 228564.042)	48	1617	0	442	false	678	None
LINESTRING (3131116.231 228564.042, 3131152.982 228522.324)	48	1617	0	443	false	678	None
LINESTRING (3131152.982 228522.324, 3131178.317 228494.636)	48	1617	0	444	false	678	None
LINESTRING (3131178.317 228494.636, 3131182.945 228489.524)	48	1617	0	445	false	678	None
LINESTRING (3131182.945 228489.524, 3131268.3 228392.703)	48	1617	0	446	false	678	None
LINESTRING (3131268.3 228392.703, 3131275.65 228384.359)	48	1617	0	447	false	678	None
LINESTRING (3131275.65 228384.359, 3131299.105 228357.729)	48	1617	0	448	false	678	None
LINESTRING (3131299.105 228357.729, 3131300.253 228356.031)	48	1617	0	449	false	678	None
LINESTRING (3131300.253 228356.031, 3131312.968 228341.432)	48	1617	0	450	false	678	None
LINESTRING (3131312.968 228341.432, 3131334.512 228316.444)	48	1617	0	451	false	678	None
LINESTRING (3131334.512 228316.444, 3131345.573 228303.585)	48	1617	0	452	false	678	None
LINESTRING (3131345.573 228303.585, 3131367.412 228274.544)	48	1617	0	453	false	678	None
LINESTRING (3131367.412 228274.544, 3131375.71 228262.996)	48	1617	0	454	false	678	None
LINESTRING (3131375.71 228262.996, 3131399.575 228229.739)	48	1617	0	455	false	678	None
LINESTRING (3131399.575 228229.739, 3131420.668 228203.385)	48	1617	0	456	false	678	None
LINESTRING (3131420.668 228203.385, 3131431.535 228197.356)	48	1617	0	457	false	678	None
LINESTRING (3131431.535 228197.356, 3131447.964 228192.41)	48	1617	0	458	false	678	None
LINESTRING (3131447.964 228192.41, 3131471.091 228194.225)	48	1617	0	459	false	678	None
LINESTRING (3131471.091 228194.225, 3131506.92 228206.794)	48	1617	0	460	false	678	None
LINESTRING (3131506.92 228206.794, 3131545.964 228223.466)	48	1617	0	461	false	678	None
LINESTRING (3131545.964 228223.466, 3131552.666 228226.419)	48	1617	0	462	false	678	None
LINESTRING (3131552.666 228226.419, 3131564.795 228232.069)	48	1617	0	463	false	678	None
LINESTRING (3131564.795 228232.069, 3131576.632 228235.94)	48	1617	0	464	false	678	None
LINESTRING (3131576.632 228235.94, 3131589.877 228232.38)	48	1617	0	465	false	678	None
LINESTRING (3131589.877 228232.38, 3131606.48 228219.645)	48	1617	0	466	false	678	None
LINESTRING (3131606.48 228219.645, 3131607.538 228217.673)	48	1617	0	467	false	678	None
LINESTRING (3131607.538 228217.673, 3131610.456 228211.661)	48	1617	0	468	false	678	None
LINESTRING (3131610.456 228211.661, 3131611.388 228209.76)	48	1617	0	469	false	678	None
LINESTRING (3131611.388 228209.76, 3131616.13 228200.049)	48	1617	0	470	false	678	None
LINESTRING (3131616.13 228200.049, 3131618.11 228195.697)	48	1617	0	471	false	678	None
LINESTRING (3131618.11 228195.697, 3131632.402 228163.613)	48	1617	0	472	false	678	None
LINESTRING (3131632.402 228163.613, 3131636.998 228153.013)	48	1617	0	473	false	678	None
LINESTRING (3131636.998 228153.013, 3131638.046 228150.561)	48	1617	0	474	false	678	None
LINESTRING (3131638.046 228150.561, 3131643.083 228138.822)	48	1617	0	475	false	678	None
LINESTRING (3131643.083 228138.822, 3131644.898 228134.644)	48	1617	0	476	false	678	None
LINESTRING (3131644.898 228134.644, 3131650.302 228122.213)	48	1617	0	477	false	678	None
LINESTRING (3131650.302 228122.213, 3131651.991 228118.106)	48	1617	0	478	false	678	None
LINESTRING (3131651.991 228118.106, 3131673.034 228069.351)	48	1617	0	479	false	678	None
LINESTRING (3131673.034 228069.351, 3131695.766 228016.49)	48	1617	0	480	false	678	None
LINESTRING (3131695.766 228016.49, 3131707.032 228001.33)	48	1617	0	481	false	678	None
LINESTRING (3131707.032 228001.33, 3131723.19 227991.517)	48	1617	0	482	false	678	None
LINESTRING (3131723.19 227991.517, 3131721.446 227995.008)	48	1617	0	483	false	678	None
LINESTRING (3131721.446 227995.008, 3131721.05 227996.283)	48	1617	0	484	false	678	None
LINESTRING (3131721.05 227996.283, 3131723.709 228022.076)	48	1617	0	485	false	678	None
LINESTRING (3131723.709 228022.076, 3131724.104 228054.729)	48	1617	0	486	false	678	None
LINESTRING (3131724.104 228054.729, 3131724.436 228078.429)	48	1617	0	487	false	678	None
LINESTRING (3131724.436 228078.429, 3131730.614 228114.632)	48	1617	0	488	false	678	None
LINESTRING (3131730.614 228114.632, 3131731.759 228120.79)	48	1617	0	489	false	678	None
LINESTRING (3131731.759 228120.79, 3131734.903 228139.509)	48	1617	0	490	false	678	None
LINESTRING (3131734.903 228139.509, 3131735.838 228145.704)	48	1617	0	491	false	678	None
LINESTRING (3131735.838 228145.704, 3131740.015 228165.299)	48	1617	0	492	false	678	None
LINESTRING (3131740.015 228165.299, 3131741.708 228173.335)	48	1617	0	493	false	678	None
LINESTRING (3131741.708 228173.335, 3131741.713 228173.575)	48	1617	0	494	false	678	None
LINESTRING (3131741.713 228173.575, 3131746.854 228194.734)	48	1617	0	495	false	678	None
LINESTRING (3131746.854 228194.734, 3131757.945 228223.316)	48	1617	0	496	false	678	None
LINESTRING (3131757.945 228223.316, 3131769.773 228250.756)	48	1617	0	497	false	678	None
LINESTRING (3131769.773 228250.756, 3131780.366 228275.813)	48	1617	0	498	false	678	None
LINESTRING (3131780.366 228275.813, 3131803.373 228324.012)	48	1617	0	499	false	678	None
LINESTRING (3131803.373 228324.012, 3131872.396 228468.849)	48	1617	0	500	false	678	None
LINESTRING (3131872.396 228468.849, 3131882.838 228490.752)	48	1617	0	501	false	678	None
LINESTRING (3131882.838 228490.752, 3131896.601 228519.775)	48	1617	0	502	false	678	None
LINESTRING (3131896.601 228519.775, 3131900.58 228527.984)	48	1617	0	503	false	678	None
LINESTRING (3131900.58 228527.984, 3131901.779 228530.71)	48	1617	0	504	false	678	None
LINESTRING (3131901.779 228530.71, 3131904.739 228536.738)	48	1617	0	505	false	678	None
LINESTRING (3131904.739 228536.738, 3131913.415 228555.1)	48	1617	0	506	false	678	None
LINESTRING (3131913.415 228555.1, 3131916.249 228561.198)	48	1617	0	507	false	678	None
LINESTRING (3131916.249 228561.198, 3131917.393 228563.308)	48	1617	0	508	false	678	None
LINESTRING (3131917.393 228563.308, 3131920.534 228569.882)	48	1617	0	509	false	678	None
LINESTRING (3131920.534 228569.882, 3131921.513 228572.166)	48	1617	0	510	false	678	None
LINESTRING (3131921.513 228572.166, 3131923.59 228576.423)	48	1617	0	511	false	678	None
LINESTRING (3131923.59 228576.423, 3131925.491 228580.374)	48	1617	0	512	false	678	None
LINESTRING (3131925.491 228580.374, 3131928.366 228586.369)	48	1617	0	513	false	678	None
LINESTRING (3131928.366 228586.369, 3131931.332 228592.637)	48	1617	0	514	false	678	None
LINESTRING (3131931.332 228592.637, 3131937.307 228605.31)	48	1617	0	515	false	678	None
LINESTRING (3131937.307 228605.31, 3131941.161 228613.589)	48	1617	0	516	false	678	None
LINESTRING (3131941.161 228613.589, 3131945.626 228622.819)	48	1617	0	517	false	678	None
LINESTRING (3131945.626 228622.819, 3131958.897 228650.58)	48	1617	0	518	false	678	None
LINESTRING (3131958.897 228650.58, 3131963.237 228659.881)	48	1617	0	519	false	678	None
LINESTRING (3131963.237 228659.881, 3131976.276 228686.719)	48	1617	0	520	false	678	None
LINESTRING (3131976.276 228686.719, 3132015.179 228767.032)	48	1617	0	521	false	678	None
LINESTRING (3132015.179 228767.032, 3132028.008 228793.908)	48	1617	0	522	false	678	None
LINESTRING (3132028.008 228793.908, 3132035.162 228808.347)	48	1617	0	523	false	678	None
LINESTRING (3132035.162 228808.347, 3132056.544 228851.871)	48	1617	0	524	false	678	None
LINESTRING (3132056.544 228851.871, 3132063.573 228866.38)	48	1617	0	525	false	678	None
LINESTRING (3132063.573 228866.38, 3132073.335 228886.235)	48	1617	0	526	false	678	None
LINESTRING (3132073.335 228886.235, 3132102.623 228945.799)	48	1617	0	527	false	678	None
LINESTRING (3132102.623 228945.799, 3132112.26 228965.725)	48	1617	0	528	false	678	None
LINESTRING (3132112.26 228965.725, 3132136.305 229013.257)	48	1617	0	529	false	678	N:3132114.1544821383 228969.47
LINESTRING (3133746.737 225796.272, 3133687.22 225774.162)	48	1620	0	83	false	272	E:3133703.884 225780.35251766717
LINESTRING (3133687.22 225774.162, 3133641.207 225746.57)	48	1620	0	84	false	272	None
LINESTRING (3133641.207 225746.57, 3133538.813 225685.226)	48	1620	0	85	false	272	None
LINESTRING (3133538.813 225685.226, 3133501.221 225667.803)	48	1620	0	86	false	272	None
LINESTRING (3133501.221 225667.803, 3133452.57 225645.5)	48	1620	0	87	false	272	None
LINESTRING (3133452.57 225645.5, 3133422.93 225632.111)	48	1620	0	88	false	272	None
LINESTRING (3133422.93 225632.111, 3133373.391 225609.821)	48	1620	0	89	false	272	None
LINESTRING (3133373.391 225609.821, 3133341.553 225592.485)	48	1620	0	90	false	272	None
LINESTRING (3133341.553 225592.485, 3133335.501 225588.354)	48	1620	0	91	false	272	None
LINESTRING (3133335.501 225588.354, 3133308.087 225570.233)	48	1620	0	92	false	272	None
LINESTRING (3133308.087 225570.233, 3133282.715 225550.641)	48	1620	0	93	false	272	None
LINESTRING (3133282.715 225550.641, 3133206.182 225492.179)	48	1620	0	94	false	272	None
LINESTRING (3133206.182 225492.179, 3133180.644 225472.761)	48	1620	0	95	false	272	None
LINESTRING (3133180.644 225472.761, 3133146.66 225446.024)	48	1620	0	96	false	272	None
LINESTRING (3133146.66 225446.024, 3133107.774 225419.53)	48	1620	0	97	false	272	None
LINESTRING (3133107.774 225419.53, 3133087.591 225409.33)	48	1620	0	98	false	272	None
LINESTRING (3133087.591 225409.33, 3133066.537 225399.864)	48	1620	0	99	false	272	None
LINESTRING (3133066.537 225399.864, 3133012.957 225378.631)	48	1620	0	100	false	272	None
LINESTRING (3133012.957 225378.631, 3132997.475 225366.681)	48	1620	0	101	false	272	None
LINESTRING (3132997.475 225366.681, 3132980.864 225367.27)	48	1620	0	102	false	272	None
LINESTRING (3132980.864 225367.27, 3132916.371 225344.072)	48	1620	0	103	false	272	None
LINESTRING (3132916.371 225344.072, 3132877.208 225328.424)	48	1620	0	104	false	272	None
LINESTRING (3132877.208 225328.424, 3132866.721 225324.6)	48	1620	0	105	false	272	None
LINESTRING (3132866.721 225324.6, 3132834.923 225313.235)	48	1620	0	106	false	272	None
LINESTRING (3132834.923 225313.235, 3132824.311 225309.481)	48	1620	0	107	false	272	None
LINESTRING (3132824.311 225309.481, 3132786.673 225295.972)	48	1620	0	108	false	272	None
LINESTRING (3132786.673 225295.972, 3132732.907 225275.979)	48	1620	0	109	false	272	None
LINESTRING (3132732.907 225275.979, 3132658.634 225248.399)	48	1620	0	110	false	272	None
LINESTRING (3132658.634 225248.399, 3132634.97 225239.59)	48	1620	0	111	false	272	None
LINESTRING (3132634.97 225239.59, 3132568.414 225214.882)	48	1620	0	112	false	272	None
LINESTRING (3132568.414 225214.882, 3132511.562 225192.98)	48	1620	0	113	false	272	None
LINESTRING (3132511.562 225192.98, 3132502.861 225189.61)	48	1620	0	114	false	272	None
LINESTRING (3132502.861 225189.61, 3132476.502 225179.401)	48	1620	0	115	false	272	None
LINESTRING (3132476.502 225179.401, 3132467.716 225175.998)	48	1620	0	116	false	272	None
LINESTRING (3132467.716 225175.998, 3132471.064 225168.366)	48	1620	0	117	false	272	None
LINESTRING (3132471.064 225168.366, 3132481.023 225145.439)	48	1620	0	118	false	272	None
LINESTRING (3132481.023 225145.439, 3132484.246 225137.878)	48	1620	0	119	false	272	None
LINESTRING (3132484.246 225137.878, 3132494.871 225110.446)	48	1620	0	120	false	272	None
LINESTRING (3132494.871 225110.446, 3132526.535 225028.189)	48	1620	0	121	false	272	S:3132519.449411564 225046.596
LINESTRING (3129464.153 224978.024, 3129434.065 225057.559)	48	1623	0	37	false	457	S:3129438.2122904253 225046.596
LINESTRING (3129434.065 225057.559, 3129504.085 225113.339)	48	1623	0	38	false	457	None
LINESTRING (3129504.085 225113.339, 3129532.088 225129.174)	48	1623	0	39	false	457	None
LINESTRING (3129532.088 225129.174, 3129569.903 225150.83)	48	1623	0	40	false	457	None
LINESTRING (3129569.903 225150.83, 3129603.378 225165.45)	48	1623	0	41	false	457	None
LINESTRING (3129603.378 225165.45, 3129632.721 225174.781)	48	1623	0	42	false	457	None
LINESTRING (3129632.721 225174.781, 3129665.103 225181.837)	48	1623	0	43	false	457	None
LINESTRING (3129665.103 225181.837, 3129709.254 225189.399)	48	1623	0	44	false	457	None
LINESTRING (3129709.254 225189.399, 3129766.646 225193.159)	48	1623	0	45	false	457	None
LINESTRING (3129766.646 225193.159, 3129789.039 225192.065)	48	1623	0	46	false	457	None
LINESTRING (3129789.039 225192.065, 3129804.634 225189.529)	48	1623	0	47	false	457	None
LINESTRING (3129804.634 225189.529, 3129843.728 225174.424)	48	1623	0	48	false	457	None
LINESTRING (3129843.728 225174.424, 3129883.944 225156.421)	48	1623	0	49	false	457	None
LINESTRING (3129883.944 225156.421, 3129941.293 225130.645)	48	1623	0	50	false	457	None
LINESTRING (3129941.293 225130.645, 3129962.886 225125.789)	48	1623	0	51	false	457	None
LINESTRING (3129962.886 225125.789, 3129977.558 225123.611)	48	1623	0	52	false	457	None
LINESTRING (3129977.558 225123.611, 3130005.671 225122.945)	48	1623	0	53	false	457	None
LINESTRING (3130005.671 225122.945, 3130026.497 225125.648)	48	1623	0	54	false	457	None
LINESTRING (3130026.497 225125.648, 3130035.447 225126.851)	48	1623	0	55	false	457	None
LINESTRING (3130035.447 225126.851, 3130085.53 225144.686)	48	1623	0	56	false	457	None
LINESTRING (3130085.53 225144.686, 3130105.009 225151.63)	48	1623	0	57	false	457	None
LINESTRING (3130105.009 225151.63, 3130110.679 225153.706)	48	1623	0	58	false	457	None
LINESTRING (3130110.679 225153.706, 3130127.564 225160.003)	48	1623	0	59	false	457	None
LINESTRING (3130127.564 225160.003, 3130133.109 225162.149)	48	1623	0	60	false	457	None
LINESTRING (3130133.109 225162.149, 3130164.28 225173.856)	48	1623	0	61	false	457	None
LINESTRING (3130164.28 225173.856, 3130257.707 225208.944)	48	1623	0	62	false	457	None
LINESTRING (3130257.707 225208.944, 3130288.752 225220.722)	48	1623	0	63	false	457	None
LINESTRING (3130288.752 225220.722, 3130322.497 225234.141)	48	1623	0	64	false	457	None
LINESTRING (3130322.497 225234.141, 3130395.918 225263.393)	48	1623	0	65	false	457	None
LINESTRING (3130395.918 225263.393, 3130424.158 225272.538)	48	1623	0	66	false	457	None
LINESTRING (3130424.158 225272.538, 3130425.864 225273.198)	48	1623	0	67	false	457	None
LINESTRING (3130425.864 225273.198, 3130459.64 225280.201)	48	1623	0	68	false	457	None
LINESTRING (3130459.64 225280.201, 3130480.118 225280.51)	48	1623	0	69	false	457	None
LINESTRING (3130480.118 225280.51, 3130492.6 225280.699)	48	1623	0	70	false	457	None
LINESTRING (3130492.6 225280.699, 3130521.293 225277.521)	48	1623	0	71	false	457	None
LINESTRING (3130521.293 225277.521, 3130541.722 225271.621)	48	1623	0	72	false	457	None
LINESTRING (3130541.722 225271.621, 3130562.152 225265.721)	48	1623	0	73	false	457	None
LINESTRING (3130562.152 225265.721, 3130582.35 225258.898)	48	1623	0	74	false	457	None
LINESTRING (3130582.35 225258.898, 3130614.709 225243.212)	48	1623	0	75	false	457	None
LINESTRING (3130614.709 225243.212, 3130639.135 225226.48)	48	1623	0	76	false	457	None
LINESTRING (3130639.135 225226.48, 3130644.095 225223.043)	48	1623	0	77	false	457	None
LINESTRING (3130644.095 225223.043, 3130677.956 225194.607)	48	1623	0	78	false	457	None
LINESTRING (3130677.956 225194.607, 3130716.731 225160.574)	48	1623	0	79	false	457	None
LINESTRING (3130716.731 225160.574, 3130770.181 225110.676)	48	1623	0	80	false	457	None
LINESTRING (3130770.181 225110.676, 3130822.669 225071.119)	48	1623	0	81	false	457	None
LINESTRING (3130822.669 225071.119, 3130848.542 225054.709)	48	1623	0	82	false	457	None
LINESTRING (3130848.542 225054.709, 3130869.113 225041.603)	48	1623	0	83	false	457	S:3130861.27605486 225046.596
LINESTRING (3132526.535 225028.189, 3132494.871 225110.446)	48	1623	0	223	false	457	S:3132519.449411564 225046.596
LINESTRING (3132494.871 225110.446, 3132484.246 225137.878)	48	1623	0	224	false	457	None
LINESTRING (3132484.246 225137.878, 3132481.023 225145.439)	48	1623	0	225	false	457	None
LINESTRING (3132481.023 225145.439, 3132471.064 225168.366)	48	1623	0	226	false	457	None
LINESTRING (3132471.064 225168.366, 3132467.716 225175.998)	48	1623	0	227	false	457	None
LINESTRING (3132467.716 225175.998, 3132465.02 225184.477)	48	1623	0	228	false	457	None
LINESTRING (3132465.02 225184.477, 3132456.722 225209.953)	48	1623	0	229	false	457	None
LINESTRING (3132456.722 225209.953, 3132453.816 225218.47)	48	1623	0	230	false	457	None
LINESTRING (3132453.816 225218.47, 3132439.672 225253.467)	48	1623	0	231	false	457	None
LINESTRING (3132439.672 225253.467, 3132396.91 225358.806)	48	1623	0	232	false	457	None
LINESTRING (3132396.91 225358.806, 3132382.641 225393.874)	48	1623	0	233	false	457	None
LINESTRING (3132382.641 225393.874, 3132378.173 225410.476)	48	1623	0	234	false	457	None
LINESTRING (3132378.173 225410.476, 3132376.212 225425.668)	48	1623	0	235	false	457	None
LINESTRING (3132376.212 225425.668, 3132371.642 225475.206)	48	1623	0	236	false	457	None
LINESTRING (3132371.642 225475.206, 3132361.39 225583.733)	48	1623	0	237	false	457	None
LINESTRING (3132361.39 225583.733, 3132347.751 225719.996)	48	1623	0	238	false	457	None
LINESTRING (3132347.751 225719.996, 3132339.465 225801.665)	48	1623	0	239	false	457	None
LINESTRING (3132339.465 225801.665, 3132334.09 225851.249)	48	1623	0	240	false	457	None
LINESTRING (3132334.09 225851.249, 3132323.52 225946.916)	48	1623	0	241	false	457	None
LINESTRING (3132323.52 225946.916, 3132315.091 226000.079)	48	1623	0	242	false	457	None
LINESTRING (3132315.091 226000.079, 3132307.052 226049.702)	48	1623	0	243	false	457	None
LINESTRING (3132307.052 226049.702, 3132302.61 226069.529)	48	1623	0	244	false	457	None
LINESTRING (3132302.61 226069.529, 3132289.111 226128.942)	48	1623	0	245	false	457	None
LINESTRING (3132289.111 226128.942, 3132284.543 226148.839)	48	1623	0	246	false	457	None
LINESTRING (3132284.543 226148.839, 3132281.999 226160.473)	48	1623	0	247	false	457	None
LINESTRING (3132281.999 226160.473, 3132274.115 226195.514)	48	1623	0	248	false	457	None
LINESTRING (3132274.115 226195.514, 3132271.36 226207.185)	48	1623	0	249	false	457	None
LINESTRING (3132271.36 226207.185, 3132258.252 226267.107)	48	1623	0	250	false	457	None
LINESTRING (3132258.252 226267.107, 3132253.579 226288.035)	48	1623	0	251	false	457	None
LINESTRING (3132253.579 226288.035, 3132241.289 226346.607)	48	1623	0	252	false	457	None
LINESTRING (3132241.289 226346.607, 3132223.213 226447.462)	48	1623	0	253	false	457	None
LINESTRING (3132223.213 226447.462, 3132212.313 226507.763)	48	1623	0	254	false	457	None
LINESTRING (3132212.313 226507.763, 3132207.889 226526.526)	48	1623	0	255	false	457	None
LINESTRING (3132207.889 226526.526, 3132194.404 226582.611)	48	1623	0	256	false	457	None
LINESTRING (3132194.404 226582.611, 3132189.77 226601.411)	48	1623	0	257	false	457	None
LINESTRING (3132189.77 226601.411, 3132186.238 226616.353)	48	1623	0	258	false	457	None
LINESTRING (3132186.238 226616.353, 3132175.518 226661.248)	48	1623	0	259	false	457	None
LINESTRING (3132175.518 226661.248, 3132171.86 226676.259)	48	1623	0	260	false	457	None
LINESTRING (3132171.86 226676.259, 3132171.841 226677.323)	48	1623	0	261	false	457	None
LINESTRING (3132171.841 226677.323, 3132171.571 226680.552)	48	1623	0	262	false	457	None
LINESTRING (3132171.571 226680.552, 3132171.426 226681.686)	48	1623	0	263	false	457	None
LINESTRING (3132171.426 226681.686, 3132171.036 226687.25)	48	1623	0	264	false	457	None
LINESTRING (3132171.036 226687.25, 3132169.652 226703.737)	48	1623	0	265	false	457	None
LINESTRING (3132169.652 226703.737, 3132169.137 226709.371)	48	1623	0	266	false	457	None
LINESTRING (3132169.137 226709.371, 3132172.204 226764.25)	48	1623	0	267	false	457	None
LINESTRING (3132172.204 226764.25, 3132173.799 226793.558)	48	1623	0	268	false	457	None
LINESTRING (3132173.799 226793.558, 3132172.138 226842.915)	48	1623	0	269	false	457	None
LINESTRING (3132172.138 226842.915, 3132162.913 226874.579)	48	1623	0	270	false	457	None
LINESTRING (3132162.913 226874.579, 3132141.54 226927.729)	48	1623	0	271	false	457	None
LINESTRING (3132141.54 226927.729, 3132120.122 226980.742)	48	1623	0	272	false	457	None
LINESTRING (3132120.122 226980.742, 3132103.013 227017.567)	48	1623	0	273	false	457	None
LINESTRING (3132103.013 227017.567, 3132077.09 227069.55)	48	1623	0	274	false	457	None
LINESTRING (3132077.09 227069.55, 3132053.559 227116.625)	48	1623	0	275	false	457	None
LINESTRING (3132053.559 227116.625, 3131960.682 227341.959)	48	1623	0	276	false	457	None
LINESTRING (3131960.682 227341.959, 3131922.908 227433.399)	48	1623	0	277	false	457	None
LINESTRING (3131922.908 227433.399, 3131915.67 227451.071)	48	1623	0	278	false	457	None
LINESTRING (3131915.67 227451.071, 3131909.004 227467.775)	48	1623	0	279	false	457	None
LINESTRING (3131909.004 227467.775, 3131885.541 227526.067)	48	1623	0	280	false	457	None
LINESTRING (3131885.541 227526.067, 3131868.745 227571.705)	48	1623	0	281	false	457	None
LINESTRING (3131868.745 227571.705, 3131855.824 227606.581)	48	1623	0	282	false	457	None
LINESTRING (3131855.824 227606.581, 3131855.709 227607.131)	48	1623	0	283	false	457	None
LINESTRING (3131855.709 227607.131, 3131854.987 227608.995)	48	1623	0	284	false	457	None
LINESTRING (3131854.987 227608.995, 3131854.746 227609.616)	48	1623	0	285	false	457	None
LINESTRING (3131854.746 227609.616, 3131854.03 227611.719)	48	1623	0	286	false	457	None
LINESTRING (3131854.03 227611.719, 3131851.584 227618.034)	48	1623	0	287	false	457	None
LINESTRING (3131851.584 227618.034, 3131850.742 227620.207)	48	1623	0	288	false	457	None
LINESTRING (3131850.742 227620.207, 3131841.144 227646.252)	48	1623	0	289	false	457	None
LINESTRING (3131841.144 227646.252, 3131814.785 227717.59)	48	1623	0	290	false	457	None
LINESTRING (3131814.785 227717.59, 3131805.743 227741.944)	48	1623	0	291	false	457	None
LINESTRING (3131805.743 227741.944, 3131779.538 227712.627)	48	1623	0	292	false	457	None
LINESTRING (3131779.538 227712.627, 3131770.968 227703.355)	48	1623	0	293	false	457	None
LINESTRING (3131770.968 227703.355, 3131699.056 227626.452)	48	1623	0	294	false	457	None
LINESTRING (3131699.056 227626.452, 3131671.246 227601.275)	48	1623	0	295	false	457	None
LINESTRING (3131671.246 227601.275, 3131661.658 227593.871)	48	1623	0	296	false	457	None
LINESTRING (3131661.658 227593.871, 3131648.981 227584.318)	48	1623	0	297	false	457	None
LINESTRING (3131648.981 227584.318, 3131620.555 227564.022)	48	1623	0	298	false	457	None
LINESTRING (3131620.555 227564.022, 3131616.903 227561.298)	48	1623	0	299	false	457	None
LINESTRING (3131616.903 227561.298, 3131612.091 227557.767)	48	1623	0	300	false	457	None
LINESTRING (3131612.091 227557.767, 3131605.74 227553.403)	48	1623	0	301	false	457	None
LINESTRING (3131605.74 227553.403, 3131601.722 227551.37)	48	1623	0	302	false	457	None
LINESTRING (3131601.722 227551.37, 3131578.676 227539.467)	48	1623	0	303	false	457	None
LINESTRING (3131578.676 227539.467, 3131573.428 227537.316)	48	1623	0	304	false	457	None
LINESTRING (3131573.428 227537.316, 3131532.906 227520.906)	48	1623	0	305	false	457	None
LINESTRING (3131532.906 227520.906, 3131484.754 227503.685)	48	1623	0	306	false	457	None
LINESTRING (3131484.754 227503.685, 3131484.202 227503.59)	48	1623	0	307	false	457	None
LINESTRING (3131484.202 227503.59, 3131454.886 227493.188)	48	1623	0	308	false	457	None
LINESTRING (3131454.886 227493.188, 3131402.199 227475.521)	48	1623	0	309	false	457	None
LINESTRING (3131402.199 227475.521, 3131244.018 227422.83)	48	1623	0	310	false	457	None
LINESTRING (3131244.018 227422.83, 3131191.206 227405.235)	48	1623	0	311	false	457	None
LINESTRING (3131191.206 227405.235, 3131149.118 227390.84)	48	1623	0	312	false	457	None
LINESTRING (3131149.118 227390.84, 3131143.836 227389.033)	48	1623	0	313	false	457	None
LINESTRING (3131143.836 227389.033, 3131120.059 227382.563)	48	1623	0	314	false	457	None
LINESTRING (3131120.059 227382.563, 3131096.964 227378.381)	48	1623	0	315	false	457	None
LINESTRING (3131096.964 227378.381, 3131053.573 227380.268)	48	1623	0	316	false	457	None
LINESTRING (3131053.573 227380.268, 3131014.858 227383.251)	48	1623	0	317	false	457	None
LINESTRING (3131014.858 227383.251, 3130990.667 227385.192)	48	1623	0	318	false	457	None
LINESTRING (3130990.667 227385.192, 3130984.293 227385.7)	48	1623	0	319	false	457	None
LINESTRING (3130984.293 227385.7, 3130969.015 227387.164)	48	1623	0	320	false	457	None
LINESTRING (3130969.015 227387.164, 3130949.053 227389.077)	48	1623	0	321	false	457	None
LINESTRING (3130949.053 227389.077, 3130889.082 227394.781)	48	1623	0	322	false	457	None
LINESTRING (3130889.082 227394.781, 3130868.994 227396.764)	48	1623	0	323	false	457	None
LINESTRING (3130868.994 227396.764, 3130790.698 227407.754)	48	1623	0	324	false	457	None
LINESTRING (3130790.698 227407.754, 3130717.813 227416.673)	48	1623	0	325	false	457	None
LINESTRING (3130717.813 227416.673, 3130524.262 227440.654)	48	1623	0	326	false	457	None
LINESTRING (3130524.262 227440.654, 3130446.61 227452.015)	48	1623	0	327	false	457	None
LINESTRING (3130446.61 227452.015, 3130358.534 227460.412)	48	1623	0	328	false	457	None
LINESTRING (3130358.534 227460.412, 3130284.585 227462.97)	48	1623	0	329	false	457	None
LINESTRING (3130284.585 227462.97, 3130264.938 227461.792)	48	1623	0	330	false	457	None
LINESTRING (3130264.938 227461.792, 3130219.169 227459.191)	48	1623	0	331	false	457	None
LINESTRING (3130219.169 227459.191, 3130152.321 227445.691)	48	1623	0	332	false	457	None
LINESTRING (3130152.321 227445.691, 3130133.851 227440.207)	48	1623	0	333	false	457	None
LINESTRING (3130133.851 227440.207, 3130119.85 227436.096)	48	1623	0	334	false	457	None
LINESTRING (3130119.85 227436.096, 3130105.594 227431.886)	48	1623	0	335	false	457	None
LINESTRING (3130105.594 227431.886, 3130062.785 227419.361)	48	1623	0	336	false	457	None
LINESTRING (3130062.785 227419.361, 3130048.404 227415.222)	48	1623	0	337	false	457	None
LINESTRING (3130048.404 227415.222, 3130033.807 227410.88)	48	1623	0	338	false	457	None
LINESTRING (3130033.807 227410.88, 3129989.804 227397.893)	48	1623	0	339	false	457	None
LINESTRING (3129989.804 227397.893, 3129975.081 227393.622)	48	1623	0	340	false	457	None
LINESTRING (3129975.081 227393.622, 3129962.611 227389.866)	48	1623	0	341	false	457	None
LINESTRING (3129962.611 227389.866, 3129924.988 227378.635)	48	1623	0	342	false	457	None
LINESTRING (3129924.988 227378.635, 3129912.393 227374.949)	48	1623	0	343	false	457	None
LINESTRING (3129912.393 227374.949, 3129884.728 227366.621)	48	1623	0	344	false	457	None
LINESTRING (3129884.728 227366.621, 3129801.527 227341.913)	48	1623	0	345	false	457	None
LINESTRING (3129801.527 227341.913, 3129773.737 227333.656)	48	1623	0	346	false	457	None
LINESTRING (3129773.737 227333.656, 3129638.545 227288.229)	48	1623	0	347	false	457	None
LINESTRING (3129638.545 227288.229, 3129632.119 227286.337)	48	1623	0	348	false	457	None
LINESTRING (3129632.119 227286.337, 3129467.86 227240.258)	48	1623	0	349	false	457	None
LINESTRING (3129467.86 227240.258, 3129346.072 227202.763)	48	1623	0	350	false	457	W:3129426.05 227227.3859112063
LINESTRING (3131945.626 228622.819, 3131941.161 228613.589)	48	1624	0	0	false	829	None
LINESTRING (3131941.161 228613.589, 3131937.307 228605.31)	48	1624	0	1	false	829	None
LINESTRING (3131937.307 228605.31, 3131931.332 228592.637)	48	1624	0	2	false	829	None
LINESTRING (3131931.332 228592.637, 3131928.366 228586.369)	48	1624	0	3	false	829	None
LINESTRING (3131928.366 228586.369, 3131925.491 228580.374)	48	1624	0	4	false	829	None
LINESTRING (3131925.491 228580.374, 3131923.59 228576.423)	48	1624	0	5	false	829	None
LINESTRING (3131923.59 228576.423, 3131921.513 228572.166)	48	1624	0	6	false	829	None
LINESTRING (3131921.513 228572.166, 3131920.534 228569.882)	48	1624	0	7	false	829	None
LINESTRING (3131920.534 228569.882, 3131917.393 228563.308)	48	1624	0	8	false	829	None
LINESTRING (3131917.393 228563.308, 3131916.249 228561.198)	48	1624	0	9	false	829	None
LINESTRING (3131916.249 228561.198, 3131913.415 228555.1)	48	1624	0	10	false	829	None
LINESTRING (3131913.415 228555.1, 3131904.739 228536.738)	48	1624	0	11	false	829	None
LINESTRING (3131904.739 228536.738, 3131901.779 228530.71)	48	1624	0	12	false	829	None
LINESTRING (3131901.779 228530.71, 3131900.58 228527.984)	48	1624	0	13	false	829	None
LINESTRING (3131900.58 228527.984, 3131896.601 228519.775)	48	1624	0	14	false	829	None
LINESTRING (3131896.601 228519.775, 3131882.838 228490.752)	48	1624	0	15	false	829	None
LINESTRING (3131882.838 228490.752, 3131872.396 228468.849)	48	1624	0	16	false	829	None
LINESTRING (3131872.396 228468.849, 3131803.373 228324.012)	48	1624	0	17	false	829	None
LINESTRING (3131803.373 228324.012, 3131780.366 228275.813)	48	1624	0	18	false	829	None
LINESTRING (3131780.366 228275.813, 3131769.773 228250.756)	48	1624	0	19	false	829	None
LINESTRING (3131769.773 228250.756, 3131757.945 228223.316)	48	1624	0	20	false	829	None
LINESTRING (3131757.945 228223.316, 3131746.854 228194.734)	48	1624	0	21	false	829	None
LINESTRING (3131746.854 228194.734, 3131741.713 228173.575)	48	1624	0	22	false	829	None
LINESTRING (3131741.713 228173.575, 3131741.708 228173.335)	48	1624	0	23	false	829	None
LINESTRING (3131741.708 228173.335, 3131740.015 228165.299)	48	1624	0	24	false	829	None
LINESTRING (3131740.015 228165.299, 3131735.838 228145.704)	48	1624	0	25	false	829	None
LINESTRING (3131735.838 228145.704, 3131734.903 228139.509)	48	1624	0	26	false	829	None
LINESTRING (3131734.903 228139.509, 3131731.759 228120.79)	48	1624	0	27	false	829	None
LINESTRING (3131731.759 228120.79, 3131730.614 228114.632)	48	1624	0	28	false	829	None
LINESTRING (3131730.614 228114.632, 3131724.436 228078.429)	48	1624	0	29	false	829	None
LINESTRING (3131724.436 228078.429, 3131724.104 228054.729)	48	1624	0	30	false	829	None
LINESTRING (3131724.104 228054.729, 3131723.709 228022.076)	48	1624	0	31	false	829	None
LINESTRING (3131723.709 228022.076, 3131721.05 227996.283)	48	1624	0	32	false	829	None
LINESTRING (3131721.05 227996.283, 3131721.446 227995.008)	48	1624	0	33	false	829	None
LINESTRING (3131721.446 227995.008, 3131723.19 227991.517)	48	1624	0	34	false	829	None
LINESTRING (3131723.19 227991.517, 3131728.892 227951.225)	48	1624	0	35	false	829	None
LINESTRING (3131728.892 227951.225, 3131737.955 227907.83)	48	1624	0	36	false	829	None
LINESTRING (3131737.955 227907.83, 3131751.267 227871.439)	48	1624	0	37	false	829	None
LINESTRING (3131751.267 227871.439, 3131764.249 227839.444)	48	1624	0	38	false	829	None
LINESTRING (3131764.249 227839.444, 3131772.263 227818.5)	48	1624	0	39	false	829	None
LINESTRING (3131772.263 227818.5, 3131787.542 227783.109)	48	1624	0	40	false	829	None
LINESTRING (3131787.542 227783.109, 3131790.61 227776.202)	48	1624	0	41	false	829	None
LINESTRING (3131790.61 227776.202, 3131799.813 227755.481)	48	1624	0	42	false	829	None
LINESTRING (3131799.813 227755.481, 3131802.795 227748.541)	48	1624	0	43	false	829	None
LINESTRING (3131802.795 227748.541, 3131803.402 227747.228)	48	1624	0	44	false	829	None
LINESTRING (3131803.402 227747.228, 3131805.222 227743.29)	48	1624	0	45	false	829	None
LINESTRING (3131805.222 227743.29, 3131805.743 227741.944)	48	1624	0	46	false	829	None
LINESTRING (3131805.743 227741.944, 3131814.785 227717.59)	48	1624	0	47	false	829	None
LINESTRING (3131814.785 227717.59, 3131841.144 227646.252)	48	1624	0	48	false	829	None
LINESTRING (3131841.144 227646.252, 3131850.742 227620.207)	48	1624	0	49	false	829	None
LINESTRING (3131850.742 227620.207, 3131851.584 227618.034)	48	1624	0	50	false	829	None
LINESTRING (3131851.584 227618.034, 3131854.03 227611.719)	48	1624	0	51	false	829	None
LINESTRING (3131854.03 227611.719, 3131854.746 227609.616)	48	1624	0	52	false	829	None
LINESTRING (3131854.746 227609.616, 3131854.987 227608.995)	48	1624	0	53	false	829	None
LINESTRING (3131854.987 227608.995, 3131855.709 227607.131)	48	1624	0	54	false	829	None
LINESTRING (3131855.709 227607.131, 3131855.824 227606.581)	48	1624	0	55	false	829	None
LINESTRING (3131855.824 227606.581, 3131868.745 227571.705)	48	1624	0	56	false	829	None
LINESTRING (3131868.745 227571.705, 3131885.541 227526.067)	48	1624	0	57	false	829	None
LINESTRING (3131885.541 227526.067, 3131909.004 227467.775)	48	1624	0	58	false	829	None
LINESTRING (3131909.004 227467.775, 3131915.67 227451.071)	48	1624	0	59	false	829	None
LINESTRING (3131915.67 227451.071, 3131922.908 227433.399)	48	1624	0	60	false	829	None
LINESTRING (3131922.908 227433.399, 3131960.682 227341.959)	48	1624	0	61	false	829	None
LINESTRING (3131960.682 227341.959, 3132053.559 227116.625)	48	1624	0	62	false	829	None
LINESTRING (3132053.559 227116.625, 3132077.09 227069.55)	48	1624	0	63	false	829	None
LINESTRING (3132077.09 227069.55, 3132103.013 227017.567)	48	1624	0	64	false	829	None
LINESTRING (3132103.013 227017.567, 3132120.122 226980.742)	48	1624	0	65	false	829	None
LINESTRING (3132120.122 226980.742, 3132141.54 226927.729)	48	1624	0	66	false	829	None
LINESTRING (3132141.54 226927.729, 3132162.913 226874.579)	48	1624	0	67	false	829	None
LINESTRING (3132162.913 226874.579, 3132172.138 226842.915)	48	1624	0	68	false	829	None
LINESTRING (3132172.138 226842.915, 3132173.799 226793.558)	48	1624	0	69	false	829	None
LINESTRING (3132173.799 226793.558, 3132172.204 226764.25)	48	1624	0	70	false	829	None
LINESTRING (3132172.204 226764.25, 3132169.137 226709.371)	48	1624	0	71	false	829	None
LINESTRING (3132169.137 226709.371, 3132169.652 226703.737)	48	1624	0	72	false	829	None
LINESTRING (3132169.652 226703.737, 3132171.036 226687.25)	48	1624	0	73	false	829	None
LINESTRING (3132171.036 226687.25, 3132171.426 226681.686)	48	1624	0	74	false	829	None
LINESTRING (3132171.426 226681.686, 3132171.571 226680.552)	48	1624	0	75	false	829	None
LINESTRING (3132171.571 226680.552, 3132171.841 226677.323)	48	1624	0	76	false	829	None
LINESTRING (3132171.841 226677.323, 3132171.86 226676.259)	48	1624	0	77	false	829	None
LINESTRING (3132171.86 226676.259, 3132175.518 226661.248)	48	1624	0	78	false	829	None
LINESTRING (3132175.518 226661.248, 3132186.238 226616.353)	48	1624	0	79	false	829	None
LINESTRING (3132186.238 226616.353, 3132189.77 226601.411)	48	1624	0	80	false	829	None
LINESTRING (3132189.77 226601.411, 3132194.404 226582.611)	48	1624	0	81	false	829	None
LINESTRING (3132194.404 226582.611, 3132207.889 226526.526)	48	1624	0	82	false	829	None
LINESTRING (3132207.889 226526.526, 3132212.313 226507.763)	48	1624	0	83	false	829	None
LINESTRING (3132212.313 226507.763, 3132223.213 226447.462)	48	1624	0	84	false	829	None
LINESTRING (3132223.213 226447.462, 3132241.289 226346.607)	48	1624	0	85	false	829	None
LINESTRING (3132241.289 226346.607, 3132253.579 226288.035)	48	1624	0	86	false	829	None
LINESTRING (3132253.579 226288.035, 3132258.252 226267.107)	48	1624	0	87	false	829	None
LINESTRING (3132258.252 226267.107, 3132271.36 226207.185)	48	1624	0	88	false	829	None
LINESTRING (3132271.36 226207.185, 3132274.115 226195.514)	48	1624	0	89	false	829	None
LINESTRING (3132274.115 226195.514, 3132281.999 226160.473)	48	1624	0	90	false	829	None
LINESTRING (3132281.999 226160.473, 3132284.543 226148.839)	48	1624	0	91	false	829	None
LINESTRING (3132284.543 226148.839, 3132289.111 226128.942)	48	1624	0	92	false	829	None
LINESTRING (3132289.111 226128.942, 3132302.61 226069.529)	48	1624	0	93	false	829	None
LINESTRING (3132302.61 226069.529, 3132307.052 226049.702)	48	1624	0	94	false	829	None
LINESTRING (3132307.052 226049.702, 3132315.091 226000.079)	48	1624	0	95	false	829	None
LINESTRING (3132315.091 226000.079, 3132323.52 225946.916)	48	1624	0	96	false	829	None
LINESTRING (3132323.52 225946.916, 3132334.09 225851.249)	48	1624	0	97	false	829	None
LINESTRING (3132334.09 225851.249, 3132339.465 225801.665)	48	1624	0	98	false	829	None
LINESTRING (3132339.465 225801.665, 3132347.751 225719.996)	48	1624	0	99	false	829	None
LINESTRING (3132347.751 225719.996, 3132361.39 225583.733)	48	1624	0	100	false	829	None
LINESTRING (3132361.39 225583.733, 3132371.642 225475.206)	48	1624	0	101	false	829	None
LINESTRING (3132371.642 225475.206, 3132376.212 225425.668)	48	1624	0	102	false	829	None
LINESTRING (3132376.212 225425.668, 3132378.173 225410.476)	48	1624	0	103	false	829	None
LINESTRING (3132378.173 225410.476, 3132382.641 225393.874)	48	1624	0	104	false	829	None
LINESTRING (3132382.641 225393.874, 3132396.91 225358.806)	48	1624	0	105	false	829	None
LINESTRING (3132396.91 225358.806, 3132439.672 225253.467)	48	1624	0	106	false	829	None
LINESTRING (3132439.672 225253.467, 3132453.816 225218.47)	48	1624	0	107	false	829	None
LINESTRING (3132453.816 225218.47, 3132456.722 225209.953)	48	1624	0	108	false	829	None
LINESTRING (3132456.722 225209.953, 3132465.02 225184.477)	48	1624	0	109	false	829	None
LINESTRING (3132465.02 225184.477, 3132467.716 225175.998)	48	1624	0	110	false	829	None
LINESTRING (3132467.716 225175.998, 3132476.502 225179.401)	48	1624	0	111	false	829	None
LINESTRING (3132476.502 225179.401, 3132502.861 225189.61)	48	1624	0	112	false	829	None
LINESTRING (3132502.861 225189.61, 3132511.562 225192.98)	48	1624	0	113	false	829	None
LINESTRING (3132511.562 225192.98, 3132568.414 225214.882)	48	1624	0	114	false	829	None
LINESTRING (3132568.414 225214.882, 3132634.97 225239.59)	48	1624	0	115	false	829	None
LINESTRING (3132634.97 225239.59, 3132658.634 225248.399)	48	1624	0	116	false	829	None
LINESTRING (3132658.634 225248.399, 3132732.907 225275.979)	48	1624	0	117	false	829	None
LINESTRING (3132732.907 225275.979, 3132786.673 225295.972)	48	1624	0	118	false	829	None
LINESTRING (3132786.673 225295.972, 3132824.311 225309.481)	48	1624	0	119	false	829	None
LINESTRING (3132824.311 225309.481, 3132834.923 225313.235)	48	1624	0	120	false	829	None
LINESTRING (3132834.923 225313.235, 3132866.721 225324.6)	48	1624	0	121	false	829	None
LINESTRING (3132866.721 225324.6, 3132877.208 225328.424)	48	1624	0	122	false	829	None
LINESTRING (3132877.208 225328.424, 3132916.371 225344.072)	48	1624	0	123	false	829	None
LINESTRING (3132916.371 225344.072, 3132980.864 225367.27)	48	1624	0	124	false	829	None
LINESTRING (3132980.864 225367.27, 3132997.475 225366.681)	48	1624	0	125	false	829	None
LINESTRING (3132997.475 225366.681, 3133012.957 225378.631)	48	1624	0	126	false	829	None
LINESTRING (3133012.957 225378.631, 3133066.537 225399.864)	48	1624	0	127	false	829	None
LINESTRING (3133066.537 225399.864, 3133087.591 225409.33)	48	1624	0	128	false	829	None
LINESTRING (3133087.591 225409.33, 3133107.774 225419.53)	48	1624	0	129	false	829	None
LINESTRING (3133107.774 225419.53, 3133146.66 225446.024)	48	1624	0	130	false	829	None
LINESTRING (3133146.66 225446.024, 3133180.644 225472.761)	48	1624	0	131	false	829	None
LINESTRING (3133180.644 225472.761, 3133206.182 225492.179)	48	1624	0	132	false	829	None
LINESTRING (3133206.182 225492.179, 3133282.715 225550.641)	48	1624	0	133	false	829	None
LINESTRING (3133282.715 225550.641, 3133308.087 225570.233)	48	1624	0	134	false	829	None
LINESTRING (3133308.087 225570.233, 3133335.501 225588.354)	48	1624	0	135	false	829	None
LINESTRING (3133335.501 225588.354, 3133341.553 225592.485)	48	1624	0	136	false	829	None
LINESTRING (3133341.553 225592.485, 3133373.391 225609.821)	48	1624	0	137	false	829	None
LINESTRING (3133373.391 225609.821, 3133422.93 225632.111)	48	1624	0	138	false	829	None
LINESTRING (3133422.93 225632.111, 3133452.57 225645.5)	48	1624	0	139	false	829	None
LINESTRING (3133452.57 225645.5, 3133501.221 225667.803)	48	1624	0	140	false	829	None
LINESTRING (3133501.221 225667.803, 3133538.813 225685.226)	48	1624	0	141	false	829	None
LINESTRING (3133538.813 225685.226, 3133641.207 225746.57)	48	1624	0	142	false	829	None
LINESTRING (3133641.207 225746.57, 3133687.22 225774.162)	48	1624	0	143	false	829	None
LINESTRING (3133687.22 225774.162, 3133746.737 225796.272)	48	1624	0	144	false	829	E:3133703.884 225780.35251766717
LINESTRING (3132136.305 229013.257, 3132112.26 228965.725)	48	1624	0	818	false	829	N:3132114.1544821383 228969.47
LINESTRING (3132112.26 228965.725, 3132102.623 228945.799)	48	1624	0	819	false	829	None
LINESTRING (3132102.623 228945.799, 3132073.335 228886.235)	48	1624	0	820	false	829	None
LINESTRING (3132073.335 228886.235, 3132063.573 228866.38)	48	1624	0	821	false	829	None
LINESTRING (3132063.573 228866.38, 3132056.544 228851.871)	48	1624	0	822	false	829	None
LINESTRING (3132056.544 228851.871, 3132035.162 228808.347)	48	1624	0	823	false	829	None
LINESTRING (3132035.162 228808.347, 3132028.008 228793.908)	48	1624	0	824	false	829	None
LINESTRING (3132028.008 228793.908, 3132015.179 228767.032)	48	1624	0	825	false	829	None
LINESTRING (3132015.179 228767.032, 3131976.276 228686.719)	48	1624	0	826	false	829	None
LINESTRING (3131976.276 228686.719, 3131963.237 228659.881)	48	1624	0	827	false	829	None
LINESTRING (3131963.237 228659.881, 3131958.897 228650.58)	48	1624	0	828	false	829	None
LINESTRING (3131958.897 228650.58, 3131945.626 228622.819)	48	1624	0	829	false	829	None
