LINESTRING (3197867.204 267470.12, 3197873.093 267460.991)	8	101	0	504	false	1511	W:3197871.386 267463.63715435547
LINESTRING (3197873.093 267460.991, 3197883.507 267448.882)	8	101	0	505	false	1511	None
LINESTRING (3197883.507 267448.882, 3197918.128 267409.001)	8	101	0	506	false	1511	None
LINESTRING (3197918.128 267409.001, 3197935.974 267386.107)	8	101	0	507	false	1511	None
LINESTRING (3197935.974 267386.107, 3197955.925 267366.321)	8	101	0	508	false	1511	None
LINESTRING (3197955.925 267366.321, 3197978.314 267341.887)	8	101	0	509	false	1511	None
LINESTRING (3197978.314 267341.887, 3198004.159 267299.115)	8	101	0	510	false	1511	None
LINESTRING (3198004.159 267299.115, 3198045.563 267264.917)	8	101	0	511	false	1511	None
LINESTRING (3198045.563 267264.917, 3198094.564 267262.532)	8	101	0	512	false	1511	None
LINESTRING (3198094.564 267262.532, 3198097.117 267260.56)	8	101	0	513	false	1511	None
LINESTRING (3198097.117 267260.56, 3198183.939 267260.187)	8	101	0	514	false	1511	None
LINESTRING (3198183.939 267260.187, 3198274.417 267240.48)	8	101	0	515	false	1511	None
LINESTRING (3198274.417 267240.48, 3198344.965 267192.301)	8	101	0	516	false	1511	None
LINESTRING (3198344.965 267192.301, 3198431.536 267177.732)	8	101	0	517	false	1511	None
LINESTRING (3198431.536 267177.732, 3198458.015 267159.824)	8	101	0	518	false	1511	None
LINESTRING (3198458.015 267159.824, 3198469.579 267151.996)	8	101	0	519	false	1511	None
LINESTRING (3198469.579 267151.996, 3198499.697 267084.639)	8	101	0	520	false	1511	None
LINESTRING (3198499.697 267084.639, 3198499.416 267078.673)	8	101	0	521	false	1511	None
LINESTRING (3198499.416 267078.673, 3198498.717 267062.385)	8	101	0	522	false	1511	None
LINESTRING (3198498.717 267062.385, 3198495.266 267016.928)	8	101	0	523	false	1511	None
LINESTRING (3198495.266 267016.928, 3198508.234 266942.036)	8	101	0	524	false	1511	None
LINESTRING (3198508.234 266942.036, 3198522.541 266898.382)	8	101	0	525	false	1511	None
LINESTRING (3198522.541 266898.382, 3198538.318 266871.799)	8	101	0	526	false	1511	None
LINESTRING (3198538.318 266871.799, 3198558.435 266851.601)	8	101	0	527	false	1511	None
LINESTRING (3198558.435 266851.601, 3198636.759 266807.111)	8	101	0	528	false	1511	None
LINESTRING (3198636.759 266807.111, 3198713.055 266751.9)	8	101	0	529	false	1511	None
LINESTRING (3198713.055 266751.9, 3198728.341 266740.892)	8	101	0	530	false	1511	None
LINESTRING (3198728.341 266740.892, 3198864.664 266636.548)	8	101	0	531	false	1511	None
LINESTRING (3198864.664 266636.548, 3198872.867 266630.252)	8	101	0	532	false	1511	None
LINESTRING (3198872.867 266630.252, 3198890.505 266621.732)	8	101	0	533	false	1511	None
LINESTRING (3198890.505 266621.732, 3198911.697 266617.374)	8	101	0	534	false	1511	None
LINESTRING (3198911.697 266617.374, 3198959.174 266596.345)	8	101	0	535	false	1511	None
LINESTRING (3198959.174 266596.345, 3199112.166 266522.765)	8	101	0	536	false	1511	None
LINESTRING (3199112.166 266522.765, 3199127.357 266492.962)	8	101	0	537	false	1511	None
LINESTRING (3199127.357 266492.962, 3199134.617 266460.365)	8	101	0	538	false	1511	None
LINESTRING (3199134.617 266460.365, 3199467.794 266082.442)	8	101	0	539	false	1511	None
LINESTRING (3199467.794 266082.442, 3199562.164 265979.582)	8	101	0	540	false	1511	None
LINESTRING (3199562.164 265979.582, 3199725.573 265874.903)	8	101	0	541	false	1511	None
LINESTRING (3199725.573 265874.903, 3199828.851 265857.428)	8	101	0	542	false	1511	None
LINESTRING (3199828.851 265857.428, 3199901.859 265826.841)	8	101	0	543	false	1511	None
LINESTRING (3199901.859 265826.841, 3200003.146 265758.515)	8	101	0	544	false	1511	None
LINESTRING (3200003.146 265758.515, 3200025.477 265725.101)	8	101	0	545	false	1511	None
LINESTRING (3200025.477 265725.101, 3200039.7 265713.313)	8	101	0	546	false	1511	None
LINESTRING (3200039.7 265713.313, 3200064.622 265713.427)	8	101	0	547	false	1511	None
LINESTRING (3200064.622 265713.427, 3200127.004 265673.479)	8	101	0	548	false	1511	None
LINESTRING (3200127.004 265673.479, 3200149.362 265620.719)	8	101	0	549	false	1511	None
LINESTRING (3200149.362 265620.719, 3200183.649 265544.389)	8	101	0	550	false	1511	None
LINESTRING (3200183.649 265544.389, 3200226.357 265533.893)	8	101	0	551	false	1511	None
LINESTRING (3200226.357 265533.893, 3200298.471 265527.565)	8	101	0	552	false	1511	None
LINESTRING (3200298.471 265527.565, 3200374.86 265507.525)	8	101	0	553	false	1511	None
LINESTRING (3200374.86 265507.525, 3200441.205 265466.765)	8	101	0	554	false	1511	None
LINESTRING (3200441.205 265466.765, 3200499.011 265475.656)	8	101	0	555	false	1511	None
LINESTRING (3200499.011 265475.656, 3200694.346 265588.354)	8	101	0	556	false	1511	None
LINESTRING (3200694.346 265588.354, 3200799.2 265596.606)	8	101	0	557	false	1511	None
LINESTRING (3200799.2 265596.606, 3200857.321 265563.927)	8	101	0	558	false	1511	None
LINESTRING (3200857.321 265563.927, 3200893.336 265511.941)	8	101	0	559	false	1511	None
LINESTRING (3200893.336 265511.941, 3200909.242 265495.925)	8	101	0	560	false	1511	None
LINESTRING (3200909.242 265495.925, 3200926.407 265223.409)	8	101	0	561	false	1511	None
LINESTRING (3200926.407 265223.409, 3200906.117 265013.658)	8	101	0	562	false	1511	None
LINESTRING (3200906.117 265013.658, 3200942.857 264689.43)	8	101	0	563	false	1511	None
LINESTRING (3200942.857 264689.43, 3200960.584 264616.431)	8	101	0	564	false	1511	None
LINESTRING (3200960.584 264616.431, 3200982.474 264523.82)	8	101	0	565	false	1511	None
LINESTRING (3200982.474 264523.82, 3201004.319 264477.548)	8	101	0	566	false	1511	None
LINESTRING (3201004.319 264477.548, 3201005.782 264472.634)	8	101	0	567	false	1511	None
LINESTRING (3201005.782 264472.634, 3201030.554 264427.408)	8	101	0	568	false	1511	None
LINESTRING (3201030.554 264427.408, 3201033.491 264418.54)	8	101	0	569	false	1511	None
LINESTRING (3201033.491 264418.54, 3201038.881 264402.762)	8	101	0	570	false	1511	None
LINESTRING (3201038.881 264402.762, 3201039.146 264400.119)	8	101	0	571	false	1511	None
LINESTRING (3201039.146 264400.119, 3201039.648 264396.137)	8	101	0	572	false	1511	None
LINESTRING (3201039.648 264396.137, 3201039.754 264394.387)	8	101	0	573	false	1511	None
LINESTRING (3201039.754 264394.387, 3201038.993 264379.986)	8	101	0	574	false	1511	None
LINESTRING (3201038.993 264379.986, 3201038.437 264372.238)	8	101	0	575	false	1511	None
LINESTRING (3201038.437 264372.238, 3201037.303 264351.356)	8	101	0	576	false	1511	None
LINESTRING (3201037.303 264351.356, 3201029.699 264226.107)	8	101	0	577	false	1511	S:3201032.687441393 264275.331
LINESTRING (3202705.127 264223.059, 3202779.617 264292.37)	8	101	0	637	false	1511	S:3202761.304825742 264275.331
LINESTRING (3202779.617 264292.37, 3202810.412 264320.994)	8	101	0	638	false	1511	None
LINESTRING (3202810.412 264320.994, 3202816.575 264331.453)	8	101	0	639	false	1511	None
LINESTRING (3202816.575 264331.453, 3202822.278 264338.621)	8	101	0	640	false	1511	None
LINESTRING (3202822.278 264338.621, 3202828.511 264344.208)	8	101	0	641	false	1511	None
LINESTRING (3202828.511 264344.208, 3202839.2 264351.449)	8	101	0	642	false	1511	None
LINESTRING (3202839.2 264351.449, 3202850.881 264353.23)	8	101	0	643	false	1511	None
LINESTRING (3202850.881 264353.23, 3202865.268 264369.709)	8	101	0	644	false	1511	None
LINESTRING (3202865.268 264369.709, 3202877.032 264385.861)	8	101	0	645	false	1511	None
LINESTRING (3202877.032 264385.861, 3202887.329 264402.983)	8	101	0	646	false	1511	None
LINESTRING (3202887.329 264402.983, 3202901.871 264429.202)	8	101	0	647	false	1511	None
LINESTRING (3202901.871 264429.202, 3202915.406 264455.977)	8	101	0	648	false	1511	None
LINESTRING (3202915.406 264455.977, 3202921.831 264463.552)	8	101	0	649	false	1511	None
LINESTRING (3202921.831 264463.552, 3202929.718 264469.678)	8	101	0	650	false	1511	None
LINESTRING (3202929.718 264469.678, 3202938.643 264474.186)	8	101	0	651	false	1511	None
LINESTRING (3202938.643 264474.186, 3203052.648 264446.67)	8	101	0	652	false	1511	None
LINESTRING (3203052.648 264446.67, 3203109.247 264536.467)	8	101	0	653	false	1511	None
LINESTRING (3203109.247 264536.467, 3203122.127 264550.554)	8	101	0	654	false	1511	None
LINESTRING (3203122.127 264550.554, 3203129.264 264557.577)	8	101	0	655	false	1511	None
LINESTRING (3203129.264 264557.577, 3203134.936 264565.809)	8	101	0	656	false	1511	None
LINESTRING (3203134.936 264565.809, 3203139.223 264574.804)	8	101	0	657	false	1511	None
LINESTRING (3203139.223 264574.804, 3203142.921 264584.042)	8	101	0	658	false	1511	None
LINESTRING (3203142.921 264584.042, 3203148.426 264592.447)	8	101	0	659	false	1511	None
LINESTRING (3203148.426 264592.447, 3203155.478 264599.435)	8	101	0	660	false	1511	None
LINESTRING (3203155.478 264599.435, 3203163.198 264605.734)	8	101	0	661	false	1511	None
LINESTRING (3203163.198 264605.734, 3203171.542 264611.206)	8	101	0	662	false	1511	None
LINESTRING (3203171.542 264611.206, 3203180.507 264615.611)	8	101	0	663	false	1511	None
LINESTRING (3203180.507 264615.611, 3203189.842 264619.087)	8	101	0	664	false	1511	None
LINESTRING (3203189.842 264619.087, 3203207.732 264628)	8	101	0	665	false	1511	None
LINESTRING (3203207.732 264628, 3203242.312 264648.096)	8	101	0	666	false	1511	None
LINESTRING (3203242.312 264648.096, 3203260.12 264657.215)	8	101	0	667	false	1511	None
LINESTRING (3203260.12 264657.215, 3203287.632 264668.882)	8	101	0	668	false	1511	None
LINESTRING (3203287.632 264668.882, 3203299.384 264673.201)	8	101	0	669	false	1511	None
LINESTRING (3203299.384 264673.201, 3203306.427 264675.766)	8	101	0	670	false	1511	None
LINESTRING (3203306.427 264675.766, 3203325.466 264681.79)	8	101	0	671	false	1511	None
LINESTRING (3203325.466 264681.79, 3203344.749 264686.956)	8	101	0	672	false	1511	None
LINESTRING (3203344.749 264686.956, 3203380.902 264700.629)	8	101	0	673	false	1511	None
LINESTRING (3203380.902 264700.629, 3203460.366 264725.807)	8	101	0	674	false	1511	None
LINESTRING (3203460.366 264725.807, 3203479.46 264732.929)	8	101	0	675	false	1511	None
LINESTRING (3203479.46 264732.929, 3203498.581 264738.748)	8	101	0	676	false	1511	None
LINESTRING (3203498.581 264738.748, 3203518.066 264743.158)	8	101	0	677	false	1511	None
LINESTRING (3203518.066 264743.158, 3203527.524 264746.326)	8	101	0	678	false	1511	None
LINESTRING (3203527.524 264746.326, 3203536.613 264750.421)	8	101	0	679	false	1511	None
LINESTRING (3203536.613 264750.421, 3203545.373 264755.342)	8	101	0	680	false	1511	None
LINESTRING (3203545.373 264755.342, 3203572.887 264767.25)	8	101	0	681	false	1511	None
LINESTRING (3203572.887 264767.25, 3203591.597 264774.101)	8	101	0	682	false	1511	None
LINESTRING (3203591.597 264774.101, 3203660.343 264796.806)	8	101	0	683	false	1511	None
LINESTRING (3203660.343 264796.806, 3203698.673 264808.719)	8	101	0	684	false	1511	None
LINESTRING (3203698.673 264808.719, 3203735.768 264823.486)	8	101	0	685	false	1511	None
LINESTRING (3203735.768 264823.486, 3203753.616 264832.503)	8	101	0	686	false	1511	None
LINESTRING (3203753.616 264832.503, 3203770.594 264842.965)	8	101	0	687	false	1511	None
LINESTRING (3203770.594 264842.965, 3203816.014 264876.342)	8	101	0	688	false	1511	None
LINESTRING (3203816.014 264876.342, 3203863.217 264914.133)	8	101	0	689	false	1511	None
LINESTRING (3203863.217 264914.133, 3203866 264917.272)	8	101	0	690	false	1511	None
LINESTRING (3203866 264917.272, 3204142.777 264859.097)	8	101	0	691	false	1511	None
LINESTRING (3204142.777 264859.097, 3204156.117 264902.407)	8	101	0	692	false	1511	None
LINESTRING (3204156.117 264902.407, 3204158.763 264912.064)	8	101	0	693	false	1511	None
LINESTRING (3204158.763 264912.064, 3204157.652 264922.018)	8	101	0	694	false	1511	None
LINESTRING (3204157.652 264922.018, 3204153.233 264930.893)	8	101	0	695	false	1511	None
LINESTRING (3204153.233 264930.893, 3204145.917 264937.66)	8	101	0	696	false	1511	None
LINESTRING (3204145.917 264937.66, 3204136.665 264941.385)	8	101	0	697	false	1511	None
LINESTRING (3204136.665 264941.385, 3204110.596 264955.98)	8	101	0	698	false	1511	None
LINESTRING (3204110.596 264955.98, 3204092.484 264964.422)	8	101	0	699	false	1511	None
LINESTRING (3204092.484 264964.422, 3204083.147 264968.114)	8	101	0	700	false	1511	None
LINESTRING (3204083.147 264968.114, 3204073.72 264971.291)	8	101	0	701	false	1511	None
LINESTRING (3204073.72 264971.291, 3204064.687 264975.701)	8	101	0	702	false	1511	None
LINESTRING (3204064.687 264975.701, 3204056.085 264980.76)	8	101	0	703	false	1511	None
LINESTRING (3204056.085 264980.76, 3204047.912 264986.468)	8	101	0	704	false	1511	None
LINESTRING (3204047.912 264986.468, 3204040.169 264992.825)	8	101	0	705	false	1511	None
LINESTRING (3204040.169 264992.825, 3204032.812 264999.695)	8	101	0	706	false	1511	None
LINESTRING (3204032.812 264999.695, 3204017.11 265011.965)	8	101	0	707	false	1511	None
LINESTRING (3204017.11 265011.965, 3204008.852 265017.639)	8	101	0	708	false	1511	None
LINESTRING (3204008.852 265017.639, 3204007.147 265027.356)	8	101	0	709	false	1511	None
LINESTRING (3204007.147 265027.356, 3204010.8 265036.458)	8	101	0	710	false	1511	None
LINESTRING (3204010.8 265036.458, 3204018.85 265042.173)	8	101	0	711	false	1511	None
LINESTRING (3204018.85 265042.173, 3204026.654 265048.506)	8	101	0	712	false	1511	None
LINESTRING (3204026.654 265048.506, 3204034.748 265054.357)	8	101	0	713	false	1511	None
LINESTRING (3204034.748 265054.357, 3204043.133 265059.727)	8	101	0	714	false	1511	None
LINESTRING (3204043.133 265059.727, 3204052.421 265066.532)	8	101	0	715	false	1511	None
LINESTRING (3204052.421 265066.532, 3204066.791 265078.108)	8	101	0	716	false	1511	None
LINESTRING (3204066.791 265078.108, 3204081.605 265091.534)	8	101	0	717	false	1511	None
LINESTRING (3204081.605 265091.534, 3204097.251 265103.858)	8	101	0	718	false	1511	None
LINESTRING (3204097.251 265103.858, 3204114.105 265114.631)	8	101	0	719	false	1511	None
LINESTRING (3204114.105 265114.631, 3204122.905 265119.449)	8	101	0	720	false	1511	None
LINESTRING (3204122.905 265119.449, 3204141.081 265127.642)	8	101	0	721	false	1511	None
LINESTRING (3204141.081 265127.642, 3204150.456 265131.016)	8	101	0	722	false	1511	None
LINESTRING (3204150.456 265131.016, 3204234.829 265157.201)	8	101	0	723	false	1511	None
LINESTRING (3204234.829 265157.201, 3204358.808 265196.289)	8	101	0	724	false	1511	None
LINESTRING (3204358.808 265196.289, 3204368.742 265196.779)	8	101	0	725	false	1511	None
LINESTRING (3204368.742 265196.779, 3204378.303 265194.253)	8	101	0	726	false	1511	None
LINESTRING (3204378.303 265194.253, 3204386.778 265189.024)	8	101	0	727	false	1511	None
LINESTRING (3204386.778 265189.024, 3204392.451 265182.679)	8	101	0	728	false	1511	None
LINESTRING (3204392.451 265182.679, 3204416.562 265148.306)	8	101	0	729	false	1511	None
LINESTRING (3204416.562 265148.306, 3204424.587 265140.747)	8	101	0	730	false	1511	None
LINESTRING (3204424.587 265140.747, 3204426.802 265138.641)	8	101	0	731	false	1511	None
LINESTRING (3204426.802 265138.641, 3204434.368 265138.905)	8	101	0	732	false	1511	None
LINESTRING (3204434.368 265138.905, 3204443.105 265149.315)	8	101	0	733	false	1511	None
LINESTRING (3204443.105 265149.315, 3204448.636 265160.121)	8	101	0	734	false	1511	None
LINESTRING (3204448.636 265160.121, 3204455.712 265165.568)	8	101	0	735	false	1511	None
LINESTRING (3204455.712 265165.568, 3204476.303 265207.704)	8	101	0	736	false	1511	None
LINESTRING (3204476.303 265207.704, 3204475.429 265231.136)	8	101	0	737	false	1511	None
LINESTRING (3204475.429 265231.136, 3204455.524 265271.247)	8	101	0	738	false	1511	None
LINESTRING (3204455.524 265271.247, 3204434.32 265301.281)	8	101	0	739	false	1511	None
LINESTRING (3204434.32 265301.281, 3204420.145 265314.159)	8	101	0	740	false	1511	None
LINESTRING (3204420.145 265314.159, 3204417.738 265317.98)	8	101	0	741	false	1511	None
LINESTRING (3204417.738 265317.98, 3204411.017 265328.687)	8	101	0	742	false	1511	None
LINESTRING (3204411.017 265328.687, 3204400.716 265362.705)	8	101	0	743	false	1511	None
LINESTRING (3204400.716 265362.705, 3204404.478 265381.411)	8	101	0	744	false	1511	None
LINESTRING (3204404.478 265381.411, 3204415.691 265397.706)	8	101	0	745	false	1511	None
LINESTRING (3204415.691 265397.706, 3204468.31 265451.52)	8	101	0	746	false	1511	None
LINESTRING (3204468.31 265451.52, 3204481.701 265469.998)	8	101	0	747	false	1511	None
LINESTRING (3204481.701 265469.998, 3204488.979 265493.21)	8	101	0	748	false	1511	None
LINESTRING (3204488.979 265493.21, 3204482.207 265507.004)	8	101	0	749	false	1511	None
LINESTRING (3204482.207 265507.004, 3204476.674 265514.48)	8	101	0	750	false	1511	None
LINESTRING (3204476.674 265514.48, 3204421.581 265588.378)	8	101	0	751	false	1511	None
LINESTRING (3204421.581 265588.378, 3204403.2 265636.266)	8	101	0	752	false	1511	None
LINESTRING (3204403.2 265636.266, 3204402.104 265658.773)	8	101	0	753	false	1511	None
LINESTRING (3204402.104 265658.773, 3204406.468 265671.027)	8	101	0	754	false	1511	None
LINESTRING (3204406.468 265671.027, 3204418.482 265683.578)	8	101	0	755	false	1511	None
LINESTRING (3204418.482 265683.578, 3204452.701 265694.695)	8	101	0	756	false	1511	None
LINESTRING (3204452.701 265694.695, 3204478.364 265707.544)	8	101	0	757	false	1511	None
LINESTRING (3204478.364 265707.544, 3204546.351 265760.788)	8	101	0	758	false	1511	None
LINESTRING (3204546.351 265760.788, 3204571.521 265774.874)	8	101	0	759	false	1511	None
LINESTRING (3204571.521 265774.874, 3204621.299 265794.578)	8	101	0	760	false	1511	None
LINESTRING (3204621.299 265794.578, 3204638.673 265806.756)	8	101	0	761	false	1511	None
LINESTRING (3204638.673 265806.756, 3204654.008 265821.586)	8	101	0	762	false	1511	None
LINESTRING (3204654.008 265821.586, 3204703.311 265851.618)	8	101	0	763	false	1511	None
LINESTRING (3204703.311 265851.618, 3204736.634 265873.134)	8	101	0	764	false	1511	None
LINESTRING (3204736.634 265873.134, 3204765.823 265876.633)	8	101	0	765	false	1511	None
LINESTRING (3204765.823 265876.633, 3204789.905 265888.017)	8	101	0	766	false	1511	None
LINESTRING (3204789.905 265888.017, 3204796.607 265894.151)	8	101	0	767	false	1511	None
LINESTRING (3204796.607 265894.151, 3204803.833 265920.451)	8	101	0	768	false	1511	None
LINESTRING (3204803.833 265920.451, 3204801.991 265948.039)	8	101	0	769	false	1511	None
LINESTRING (3204801.991 265948.039, 3204809.848 265962.879)	8	101	0	770	false	1511	None
LINESTRING (3204809.848 265962.879, 3204838.96 265996.94)	8	101	0	771	false	1511	None
LINESTRING (3204838.96 265996.94, 3204834.641 266010.994)	8	101	0	772	false	1511	None
LINESTRING (3204834.641 266010.994, 3204820.027 266026.206)	8	101	0	773	false	1511	None
LINESTRING (3204820.027 266026.206, 3204804.111 266038.269)	8	101	0	774	false	1511	None
LINESTRING (3204804.111 266038.269, 3204770.898 266052.527)	8	101	0	775	false	1511	None
LINESTRING (3204770.898 266052.527, 3204747.244 266064.018)	8	101	0	776	false	1511	None
LINESTRING (3204747.244 266064.018, 3204726.21 266079.302)	8	101	0	777	false	1511	None
LINESTRING (3204726.21 266079.302, 3204666.004 266108.502)	8	101	0	778	false	1511	None
LINESTRING (3204666.004 266108.502, 3204605.898 266127.822)	8	101	0	779	false	1511	None
LINESTRING (3204605.898 266127.822, 3204562.871 266137.096)	8	101	0	780	false	1511	None
LINESTRING (3204562.871 266137.096, 3204507.753 266160.436)	8	101	0	781	false	1511	None
LINESTRING (3204507.753 266160.436, 3204494.085 266173.276)	8	101	0	782	false	1511	None
LINESTRING (3204494.085 266173.276, 3204484.794 266188.457)	8	101	0	783	false	1511	None
LINESTRING (3204484.794 266188.457, 3204468.293 266234.584)	8	101	0	784	false	1511	None
LINESTRING (3204468.293 266234.584, 3204448.274 266268.556)	8	101	0	785	false	1511	None
LINESTRING (3204448.274 266268.556, 3204334.433 266373.43)	8	101	0	786	false	1511	None
LINESTRING (3204334.433 266373.43, 3204294.671 266417.226)	8	101	0	787	false	1511	None
LINESTRING (3204294.671 266417.226, 3204266.894 266452.41)	8	101	0	788	false	1511	None
LINESTRING (3204266.894 266452.41, 3204260.546 266470.077)	8	101	0	789	false	1511	None
LINESTRING (3204260.546 266470.077, 3204259.171 266486.618)	8	101	0	790	false	1511	None
LINESTRING (3204259.171 266486.618, 3204260.419 266492.373)	8	101	0	791	false	1511	None
LINESTRING (3204260.419 266492.373, 3204269.475 266534.816)	8	101	0	792	false	1511	None
LINESTRING (3204269.475 266534.816, 3204282.124 266558.854)	8	101	0	793	false	1511	None
LINESTRING (3204282.124 266558.854, 3204287.946 266565.714)	8	101	0	794	false	1511	None
LINESTRING (3204287.946 266565.714, 3204298.424 266565.823)	8	101	0	795	false	1511	None
LINESTRING (3204298.424 266565.823, 3204328.15 266542.29)	8	101	0	796	false	1511	None
LINESTRING (3204328.15 266542.29, 3204370.475 266519.711)	8	101	0	797	false	1511	None
LINESTRING (3204370.475 266519.711, 3204414.814 266507.135)	8	101	0	798	false	1511	None
LINESTRING (3204414.814 266507.135, 3204507.536 266514.546)	8	101	0	799	false	1511	None
LINESTRING (3204507.536 266514.546, 3204566.796 266513.889)	8	101	0	800	false	1511	None
LINESTRING (3204566.796 266513.889, 3204629.469 266486.389)	8	101	0	801	false	1511	None
LINESTRING (3204629.469 266486.389, 3204687.211 266474.732)	8	101	0	802	false	1511	None
LINESTRING (3204687.211 266474.732, 3204718.312 266475.647)	8	101	0	803	false	1511	None
LINESTRING (3204718.312 266475.647, 3204756.864 266492.914)	8	101	0	804	false	1511	None
LINESTRING (3204756.864 266492.914, 3204807.411 266483.768)	8	101	0	805	false	1511	None
LINESTRING (3204807.411 266483.768, 3204860.483 266447.546)	8	101	0	806	false	1511	None
LINESTRING (3204860.483 266447.546, 3204899.454 266438.332)	8	101	0	807	false	1511	None
LINESTRING (3204899.454 266438.332, 3204931.082 266538.405)	8	101	0	808	false	1511	None
LINESTRING (3204931.082 266538.405, 3204915.455 266609.977)	8	101	0	809	false	1511	None
LINESTRING (3204915.455 266609.977, 3204821.488 266690.855)	8	101	0	810	false	1511	None
LINESTRING (3204821.488 266690.855, 3204767.917 266934.215)	8	101	0	811	false	1511	None
LINESTRING (3204767.917 266934.215, 3204857.949 267304.568)	8	101	0	812	false	1511	None
LINESTRING (3204857.949 267304.568, 3204826.564 267447.78)	8	101	0	813	false	1511	None
LINESTRING (3204826.564 267447.78, 3204822.738 267596.592)	8	101	0	814	false	1511	None
LINESTRING (3204822.738 267596.592, 3204813.105 267679.516)	8	101	0	815	false	1511	None
LINESTRING (3204813.105 267679.516, 3204889.31 267770.821)	8	101	0	816	false	1511	None
LINESTRING (3204889.31 267770.821, 3205000.639 267815.172)	8	101	0	817	false	1511	None
LINESTRING (3205000.639 267815.172, 3205125.879 267724.408)	8	101	0	818	false	1511	None
LINESTRING (3205125.879 267724.408, 3205233.523 267760.244)	8	101	0	819	false	1511	None
LINESTRING (3205233.523 267760.244, 3205656.326 267915.204)	8	101	0	820	false	1511	None
LINESTRING (3205656.326 267915.204, 3205675.454 267922.228)	8	101	0	821	false	1511	None
LINESTRING (3205675.454 267922.228, 3205834.614 267956.85)	8	101	0	822	false	1511	None
LINESTRING (3205834.614 267956.85, 3205999.109 267992.645)	8	101	0	823	false	1511	None
LINESTRING (3205999.109 267992.645, 3206040.848 268046.806)	8	101	0	824	false	1511	None
LINESTRING (3206040.848 268046.806, 3205998.019 268123.434)	8	101	0	825	false	1511	None
LINESTRING (3205998.019 268123.434, 3205967.383 268160.583)	8	101	0	826	false	1511	None
LINESTRING (3205967.383 268160.583, 3205994.033 268175.626)	8	101	0	827	false	1511	None
LINESTRING (3205994.033 268175.626, 3205999.813 268178.886)	8	101	0	828	false	1511	None
LINESTRING (3205999.813 268178.886, 3206188.933 268264.895)	8	101	0	829	false	1511	None
LINESTRING (3206188.933 268264.895, 3206207.542 268267.054)	8	101	0	830	false	1511	None
LINESTRING (3206207.542 268267.054, 3206296.827 268277.9)	8	101	0	831	false	1511	None
LINESTRING (3206296.827 268277.9, 3206367.517 268268.548)	8	101	0	832	false	1511	None
LINESTRING (3206367.517 268268.548, 3206411.804 268262.776)	8	101	0	833	false	1511	None
LINESTRING (3206411.804 268262.776, 3206474.329 268256.146)	8	101	0	834	false	1511	E:3206427.053 268261.1590328669
LINESTRING (3206474.329 268256.146, 3206411.804 268262.776)	8	102	0	260	false	2537	E:3206427.053 268261.1590328669
LINESTRING (3206411.804 268262.776, 3206367.517 268268.548)	8	102	0	261	false	2537	None
LINESTRING (3206367.517 268268.548, 3206296.827 268277.9)	8	102	0	262	false	2537	None
LINESTRING (3206296.827 268277.9, 3206207.542 268267.054)	8	102	0	263	false	2537	None
LINESTRING (3206207.542 268267.054, 3206188.933 268264.895)	8	102	0	264	false	2537	None
LINESTRING (3206188.933 268264.895, 3205999.813 268178.886)	8	102	0	265	false	2537	None
LINESTRING (3205999.813 268178.886, 3205994.033 268175.626)	8	102	0	266	false	2537	None
LINESTRING (3205994.033 268175.626, 3205967.383 268160.583)	8	102	0	267	false	2537	None
LINESTRING (3205967.383 268160.583, 3205998.019 268123.434)	8	102	0	268	false	2537	None
LINESTRING (3205998.019 268123.434, 3206040.848 268046.806)	8	102	0	269	false	2537	None
LINESTRING (3206040.848 268046.806, 3205999.109 267992.645)	8	102	0	270	false	2537	None
LINESTRING (3205999.109 267992.645, 3205834.614 267956.85)	8	102	0	271	false	2537	None
LINESTRING (3205834.614 267956.85, 3205675.454 267922.228)	8	102	0	272	false	2537	None
LINESTRING (3205675.454 267922.228, 3205656.326 267915.204)	8	102	0	273	false	2537	None
LINESTRING (3205656.326 267915.204, 3205233.523 267760.244)	8	102	0	274	false	2537	None
LINESTRING (3205233.523 267760.244, 3205125.879 267724.408)	8	102	0	275	false	2537	None
LINESTRING (3205125.879 267724.408, 3205000.639 267815.172)	8	102	0	276	false	2537	None
LINESTRING (3205000.639 267815.172, 3204889.31 267770.821)	8	102	0	277	false	2537	None
LINESTRING (3204889.31 267770.821, 3204813.105 267679.516)	8	102	0	278	false	2537	None
LINESTRING (3204813.105 267679.516, 3204822.738 267596.592)	8	102	0	279	false	2537	None
LINESTRING (3204822.738 267596.592, 3204826.564 267447.78)	8	102	0	280	false	2537	None
LINESTRING (3204826.564 267447.78, 3204857.949 267304.568)	8	102	0	281	false	2537	None
LINESTRING (3204857.949 267304.568, 3204767.917 266934.215)	8	102	0	282	false	2537	None
LINESTRING (3204767.917 266934.215, 3204821.488 266690.855)	8	102	0	283	false	2537	None
LINESTRING (3204821.488 266690.855, 3204915.455 266609.977)	8	102	0	284	false	2537	None
LINESTRING (3204915.455 266609.977, 3204931.082 266538.405)	8	102	0	285	false	2537	None
LINESTRING (3204931.082 266538.405, 3204899.454 266438.332)	8	102	0	286	false	2537	None
LINESTRING (3204899.454 266438.332, 3204860.483 266447.546)	8	102	0	287	false	2537	None
LINESTRING (3204860.483 266447.546, 3204807.411 266483.768)	8	102	0	288	false	2537	None
LINESTRING (3204807.411 266483.768, 3204756.864 266492.914)	8	102	0	289	false	2537	None
LINESTRING (3204756.864 266492.914, 3204718.312 266475.647)	8	102	0	290	false	2537	None
LINESTRING (3204718.312 266475.647, 3204687.211 266474.732)	8	102	0	291	false	2537	None
LINESTRING (3204687.211 266474.732, 3204629.469 266486.389)	8	102	0	292	false	2537	None
LINESTRING (3204629.469 266486.389, 3204566.796 266513.889)	8	102	0	293	false	2537	None
LINESTRING (3204566.796 266513.889, 3204507.536 266514.546)	8	102	0	294	false	2537	None
LINESTRING (3204507.536 266514.546, 3204414.814 266507.135)	8	102	0	295	false	2537	None
LINESTRING (3204414.814 266507.135, 3204370.475 266519.711)	8	102	0	296	false	2537	None
LINESTRING (3204370.475 266519.711, 3204328.15 266542.29)	8	102	0	297	false	2537	None
LINESTRING (3204328.15 266542.29, 3204298.424 266565.823)	8	102	0	298	false	2537	None
LINESTRING (3204298.424 266565.823, 3204287.946 266565.714)	8	102	0	299	false	2537	None
LINESTRING (3204287.946 266565.714, 3204282.124 266558.854)	8	102	0	300	false	2537	None
LINESTRING (3204282.124 266558.854, 3204269.475 266534.816)	8	102	0	301	false	2537	None
LINESTRING (3204269.475 266534.816, 3204260.419 266492.373)	8	102	0	302	false	2537	None
LINESTRING (3204260.419 266492.373, 3204259.171 266486.618)	8	102	0	303	false	2537	None
LINESTRING (3204259.171 266486.618, 3204260.546 266470.077)	8	102	0	304	false	2537	None
LINESTRING (3204260.546 266470.077, 3204266.894 266452.41)	8	102	0	305	false	2537	None
LINESTRING (3204266.894 266452.41, 3204294.671 266417.226)	8	102	0	306	false	2537	None
LINESTRING (3204294.671 266417.226, 3204334.433 266373.43)	8	102	0	307	false	2537	None
LINESTRING (3204334.433 266373.43, 3204448.274 266268.556)	8	102	0	308	false	2537	None
LINESTRING (3204448.274 266268.556, 3204468.293 266234.584)	8	102	0	309	false	2537	None
LINESTRING (3204468.293 266234.584, 3204484.794 266188.457)	8	102	0	310	false	2537	None
LINESTRING (3204484.794 266188.457, 3204494.085 266173.276)	8	102	0	311	false	2537	None
LINESTRING (3204494.085 266173.276, 3204507.753 266160.436)	8	102	0	312	false	2537	None
LINESTRING (3204507.753 266160.436, 3204562.871 266137.096)	8	102	0	313	false	2537	None
LINESTRING (3204562.871 266137.096, 3204605.898 266127.822)	8	102	0	314	false	2537	None
LINESTRING (3204605.898 266127.822, 3204666.004 266108.502)	8	102	0	315	false	2537	None
LINESTRING (3204666.004 266108.502, 3204726.21 266079.302)	8	102	0	316	false	2537	None
LINESTRING (3204726.21 266079.302, 3204747.244 266064.018)	8	102	0	317	false	2537	None
LINESTRING (3204747.244 266064.018, 3204770.898 266052.527)	8	102	0	318	false	2537	None
LINESTRING (3204770.898 266052.527, 3204804.111 266038.269)	8	102	0	319	false	2537	None
LINESTRING (3204804.111 266038.269, 3204820.027 266026.206)	8	102	0	320	false	2537	None
LINESTRING (3204820.027 266026.206, 3204834.641 266010.994)	8	102	0	321	false	2537	None
LINESTRING (3204834.641 266010.994, 3204838.96 265996.94)	8	102	0	322	false	2537	None
LINESTRING (3204838.96 265996.94, 3204809.848 265962.879)	8	102	0	323	false	2537	None
LINESTRING (3204809.848 265962.879, 3204801.991 265948.039)	8	102	0	324	false	2537	None
LINESTRING (3204801.991 265948.039, 3204803.833 265920.451)	8	102	0	325	false	2537	None
LINESTRING (3204803.833 265920.451, 3204796.607 265894.151)	8	102	0	326	false	2537	None
LINESTRING (3204796.607 265894.151, 3204789.905 265888.017)	8	102	0	327	false	2537	None
LINESTRING (3204789.905 265888.017, 3204765.823 265876.633)	8	102	0	328	false	2537	None
LINESTRING (3204765.823 265876.633, 3204736.634 265873.134)	8	102	0	329	false	2537	None
LINESTRING (3204736.634 265873.134, 3204703.311 265851.618)	8	102	0	330	false	2537	None
LINESTRING (3204703.311 265851.618, 3204654.008 265821.586)	8	102	0	331	false	2537	None
LINESTRING (3204654.008 265821.586, 3204638.673 265806.756)	8	102	0	332	false	2537	None
LINESTRING (3204638.673 265806.756, 3204621.299 265794.578)	8	102	0	333	false	2537	None
LINESTRING (3204621.299 265794.578, 3204571.521 265774.874)	8	102	0	334	false	2537	None
LINESTRING (3204571.521 265774.874, 3204546.351 265760.788)	8	102	0	335	false	2537	None
LINESTRING (3204546.351 265760.788, 3204478.364 265707.544)	8	102	0	336	false	2537	None
LINESTRING (3204478.364 265707.544, 3204452.701 265694.695)	8	102	0	337	false	2537	None
LINESTRING (3204452.701 265694.695, 3204418.482 265683.578)	8	102	0	338	false	2537	None
LINESTRING (3204418.482 265683.578, 3204406.468 265671.027)	8	102	0	339	false	2537	None
LINESTRING (3204406.468 265671.027, 3204402.104 265658.773)	8	102	0	340	false	2537	None
LINESTRING (3204402.104 265658.773, 3204403.2 265636.266)	8	102	0	341	false	2537	None
LINESTRING (3204403.2 265636.266, 3204421.581 265588.378)	8	102	0	342	false	2537	None
LINESTRING (3204421.581 265588.378, 3204476.674 265514.48)	8	102	0	343	false	2537	None
LINESTRING (3204476.674 265514.48, 3204482.207 265507.004)	8	102	0	344	false	2537	None
LINESTRING (3204482.207 265507.004, 3204488.979 265493.21)	8	102	0	345	false	2537	None
LINESTRING (3204488.979 265493.21, 3204481.701 265469.998)	8	102	0	346	false	2537	None
LINESTRING (3204481.701 265469.998, 3204468.31 265451.52)	8	102	0	347	false	2537	None
LINESTRING (3204468.31 265451.52, 3204415.691 265397.706)	8	102	0	348	false	2537	None
LINESTRING (3204415.691 265397.706, 3204404.478 265381.411)	8	102	0	349	false	2537	None
LINESTRING (3204404.478 265381.411, 3204400.716 265362.705)	8	102	0	350	false	2537	None
LINESTRING (3204400.716 265362.705, 3204411.017 265328.687)	8	102	0	351	false	2537	None
LINESTRING (3204411.017 265328.687, 3204417.738 265317.98)	8	102	0	352	false	2537	None
LINESTRING (3204417.738 265317.98, 3204420.145 265314.159)	8	102	0	353	false	2537	None
LINESTRING (3204420.145 265314.159, 3204434.32 265301.281)	8	102	0	354	false	2537	None
LINESTRING (3204434.32 265301.281, 3204455.524 265271.247)	8	102	0	355	false	2537	None
LINESTRING (3204455.524 265271.247, 3204475.429 265231.136)	8	102	0	356	false	2537	None
LINESTRING (3204475.429 265231.136, 3204476.303 265207.704)	8	102	0	357	false	2537	None
LINESTRING (3204476.303 265207.704, 3204455.712 265165.568)	8	102	0	358	false	2537	None
LINESTRING (3204455.712 265165.568, 3204448.636 265160.121)	8	102	0	359	false	2537	None
LINESTRING (3204448.636 265160.121, 3204443.105 265149.315)	8	102	0	360	false	2537	None
LINESTRING (3204443.105 265149.315, 3204434.368 265138.905)	8	102	0	361	false	2537	None
LINESTRING (3204434.368 265138.905, 3204426.802 265138.641)	8	102	0	362	false	2537	None
LINESTRING (3204426.802 265138.641, 3204424.587 265140.747)	8	102	0	363	false	2537	None
LINESTRING (3204424.587 265140.747, 3204416.562 265148.306)	8	102	0	364	false	2537	None
LINESTRING (3204416.562 265148.306, 3204392.451 265182.679)	8	102	0	365	false	2537	None
LINESTRING (3204392.451 265182.679, 3204386.778 265189.024)	8	102	0	366	false	2537	None
LINESTRING (3204386.778 265189.024, 3204378.303 265194.253)	8	102	0	367	false	2537	None
LINESTRING (3204378.303 265194.253, 3204368.742 265196.779)	8	102	0	368	false	2537	None
LINESTRING (3204368.742 265196.779, 3204358.808 265196.289)	8	102	0	369	false	2537	None
LINESTRING (3204358.808 265196.289, 3204234.829 265157.201)	8	102	0	370	false	2537	None
LINESTRING (3204234.829 265157.201, 3204150.456 265131.016)	8	102	0	371	false	2537	None
LINESTRING (3204150.456 265131.016, 3204141.081 265127.642)	8	102	0	372	false	2537	None
LINESTRING (3204141.081 265127.642, 3204122.905 265119.449)	8	102	0	373	false	2537	None
LINESTRING (3204122.905 265119.449, 3204114.105 265114.631)	8	102	0	374	false	2537	None
LINESTRING (3204114.105 265114.631, 3204097.251 265103.858)	8	102	0	375	false	2537	None
LINESTRING (3204097.251 265103.858, 3204081.605 265091.534)	8	102	0	376	false	2537	None
LINESTRING (3204081.605 265091.534, 3204066.791 265078.108)	8	102	0	377	false	2537	None
LINESTRING (3204066.791 265078.108, 3204052.421 265066.532)	8	102	0	378	false	2537	None
LINESTRING (3204052.421 265066.532, 3204043.133 265059.727)	8	102	0	379	false	2537	None
LINESTRING (3204043.133 265059.727, 3204034.748 265054.357)	8	102	0	380	false	2537	None
LINESTRING (3204034.748 265054.357, 3204026.654 265048.506)	8	102	0	381	false	2537	None
LINESTRING (3204026.654 265048.506, 3204018.85 265042.173)	8	102	0	382	false	2537	None
LINESTRING (3204018.85 265042.173, 3204010.8 265036.458)	8	102	0	383	false	2537	None
LINESTRING (3204010.8 265036.458, 3204007.147 265027.356)	8	102	0	384	false	2537	None
LINESTRING (3204007.147 265027.356, 3204008.852 265017.639)	8	102	0	385	false	2537	None
LINESTRING (3204008.852 265017.639, 3204017.11 265011.965)	8	102	0	386	false	2537	None
LINESTRING (3204017.11 265011.965, 3204032.812 264999.695)	8	102	0	387	false	2537	None
LINESTRING (3204032.812 264999.695, 3204040.169 264992.825)	8	102	0	388	false	2537	None
LINESTRING (3204040.169 264992.825, 3204047.912 264986.468)	8	102	0	389	false	2537	None
LINESTRING (3204047.912 264986.468, 3204056.085 264980.76)	8	102	0	390	false	2537	None
LINESTRING (3204056.085 264980.76, 3204064.687 264975.701)	8	102	0	391	false	2537	None
LINESTRING (3204064.687 264975.701, 3204073.72 264971.291)	8	102	0	392	false	2537	None
LINESTRING (3204073.72 264971.291, 3204083.147 264968.114)	8	102	0	393	false	2537	None
LINESTRING (3204083.147 264968.114, 3204092.484 264964.422)	8	102	0	394	false	2537	None
LINESTRING (3204092.484 264964.422, 3204110.596 264955.98)	8	102	0	395	false	2537	None
LINESTRING (3204110.596 264955.98, 3204136.665 264941.385)	8	102	0	396	false	2537	None
LINESTRING (3204136.665 264941.385, 3204145.917 264937.66)	8	102	0	397	false	2537	None
LINESTRING (3204145.917 264937.66, 3204153.233 264930.893)	8	102	0	398	false	2537	None
LINESTRING (3204153.233 264930.893, 3204157.652 264922.018)	8	102	0	399	false	2537	None
LINESTRING (3204157.652 264922.018, 3204158.763 264912.064)	8	102	0	400	false	2537	None
LINESTRING (3204158.763 264912.064, 3204156.117 264902.407)	8	102	0	401	false	2537	None
LINESTRING (3204156.117 264902.407, 3204142.777 264859.097)	8	102	0	402	false	2537	None
LINESTRING (3204142.777 264859.097, 3203866 264917.272)	8	102	0	403	false	2537	None
LINESTRING (3203866 264917.272, 3203863.217 264914.133)	8	102	0	404	false	2537	None
LINESTRING (3203863.217 264914.133, 3203816.014 264876.342)	8	102	0	405	false	2537	None
LINESTRING (3203816.014 264876.342, 3203770.594 264842.965)	8	102	0	406	false	2537	None
LINESTRING (3203770.594 264842.965, 3203753.616 264832.503)	8	102	0	407	false	2537	None
LINESTRING (3203753.616 264832.503, 3203735.768 264823.486)	8	102	0	408	false	2537	None
LINESTRING (3203735.768 264823.486, 3203698.673 264808.719)	8	102	0	409	false	2537	None
LINESTRING (3203698.673 264808.719, 3203660.343 264796.806)	8	102	0	410	false	2537	None
LINESTRING (3203660.343 264796.806, 3203591.597 264774.101)	8	102	0	411	false	2537	None
LINESTRING (3203591.597 264774.101, 3203572.887 264767.25)	8	102	0	412	false	2537	None
LINESTRING (3203572.887 264767.25, 3203545.373 264755.342)	8	102	0	413	false	2537	None
LINESTRING (3203545.373 264755.342, 3203536.613 264750.421)	8	102	0	414	false	2537	None
LINESTRING (3203536.613 264750.421, 3203527.524 264746.326)	8	102	0	415	false	2537	None
LINESTRING (3203527.524 264746.326, 3203518.066 264743.158)	8	102	0	416	false	2537	None
LINESTRING (3203518.066 264743.158, 3203498.581 264738.748)	8	102	0	417	false	2537	None
LINESTRING (3203498.581 264738.748, 3203479.46 264732.929)	8	102	0	418	false	2537	None
LINESTRING (3203479.46 264732.929, 3203460.366 264725.807)	8	102	0	419	false	2537	None
LINESTRING (3203460.366 264725.807, 3203380.902 264700.629)	8	102	0	420	false	2537	None
LINESTRING (3203380.902 264700.629, 3203344.749 264686.956)	8	102	0	421	false	2537	None
LINESTRING (3203344.749 264686.956, 3203325.466 264681.79)	8	102	0	422	false	2537	None
LINESTRING (3203325.466 264681.79, 3203306.427 264675.766)	8	102	0	423	false	2537	None
LINESTRING (3203306.427 264675.766, 3203299.384 264673.201)	8	102	0	424	false	2537	None
LINESTRING (3203299.384 264673.201, 3203287.632 264668.882)	8	102	0	425	false	2537	None
LINESTRING (3203287.632 264668.882, 3203260.12 264657.215)	8	102	0	426	false	2537	None
LINESTRING (3203260.12 264657.215, 3203242.312 264648.096)	8	102	0	427	false	2537	None
LINESTRING (3203242.312 264648.096, 3203207.732 264628)	8	102	0	428	false	2537	None
LINESTRING (3203207.732 264628, 3203189.842 264619.087)	8	102	0	429	false	2537	None
LINESTRING (3203189.842 264619.087, 3203180.507 264615.611)	8	102	0	430	false	2537	None
LINESTRING (3203180.507 264615.611, 3203171.542 264611.206)	8	102	0	431	false	2537	None
LINESTRING (3203171.542 264611.206, 3203163.198 264605.734)	8	102	0	432	false	2537	None
LINESTRING (3203163.198 264605.734, 3203155.478 264599.435)	8	102	0	433	false	2537	None
LINESTRING (3203155.478 264599.435, 3203148.426 264592.447)	8	102	0	434	false	2537	None
LINESTRING (3203148.426 264592.447, 3203142.921 264584.042)	8	102	0	435	false	2537	None
LINESTRING (3203142.921 264584.042, 3203139.223 264574.804)	8	102	0	436	false	2537	None
LINESTRING (3203139.223 264574.804, 3203134.936 264565.809)	8	102	0	437	false	2537	None
LINESTRING (3203134.936 264565.809, 3203129.264 264557.577)	8	102	0	438	false	2537	None
LINESTRING (3203129.264 264557.577, 3203122.127 264550.554)	8	102	0	439	false	2537	None
LINESTRING (3203122.127 264550.554, 3203109.247 264536.467)	8	102	0	440	false	2537	None
LINESTRING (3203109.247 264536.467, 3203052.648 264446.67)	8	102	0	441	false	2537	None
LINESTRING (3203052.648 264446.67, 3202938.643 264474.186)	8	102	0	442	false	2537	None
LINESTRING (3202938.643 264474.186, 3202929.718 264469.678)	8	102	0	443	false	2537	None
LINESTRING (3202929.718 264469.678, 3202921.831 264463.552)	8	102	0	444	false	2537	None
LINESTRING (3202921.831 264463.552, 3202915.406 264455.977)	8	102	0	445	false	2537	None
LINESTRING (3202915.406 264455.977, 3202901.871 264429.202)	8	102	0	446	false	2537	None
LINESTRING (3202901.871 264429.202, 3202887.329 264402.983)	8	102	0	447	false	2537	None
LINESTRING (3202887.329 264402.983, 3202877.032 264385.861)	8	102	0	448	false	2537	None
LINESTRING (3202877.032 264385.861, 3202865.268 264369.709)	8	102	0	449	false	2537	None
LINESTRING (3202865.268 264369.709, 3202850.881 264353.23)	8	102	0	450	false	2537	None
LINESTRING (3202850.881 264353.23, 3202839.2 264351.449)	8	102	0	451	false	2537	None
LINESTRING (3202839.2 264351.449, 3202828.511 264344.208)	8	102	0	452	false	2537	None
LINESTRING (3202828.511 264344.208, 3202822.278 264338.621)	8	102	0	453	false	2537	None
LINESTRING (3202822.278 264338.621, 3202816.575 264331.453)	8	102	0	454	false	2537	None
LINESTRING (3202816.575 264331.453, 3202810.412 264320.994)	8	102	0	455	false	2537	None
LINESTRING (3202810.412 264320.994, 3202779.617 264292.37)	8	102	0	456	false	2537	None
LINESTRING (3202779.617 264292.37, 3202705.127 264223.059)	8	102	0	457	false	2537	S:3202761.304825742 264275.331
LINESTRING (3201029.699 264226.107, 3201037.303 264351.356)	8	591	0	1477	false	2171	S:3201032.687441393 264275.331
LINESTRING (3201037.303 264351.356, 3201038.437 264372.238)	8	591	0	1478	false	2171	None
LINESTRING (3201038.437 264372.238, 3201038.993 264379.986)	8	591	0	1479	false	2171	None
LINESTRING (3201038.993 264379.986, 3201039.754 264394.387)	8	591	0	1480	false	2171	None
LINESTRING (3201039.754 264394.387, 3201039.648 264396.137)	8	591	0	1481	false	2171	None
LINESTRING (3201039.648 264396.137, 3201039.146 264400.119)	8	591	0	1482	false	2171	None
LINESTRING (3201039.146 264400.119, 3201038.881 264402.762)	8	591	0	1483	false	2171	None
LINESTRING (3201038.881 264402.762, 3201033.491 264418.54)	8	591	0	1484	false	2171	None
LINESTRING (3201033.491 264418.54, 3201030.554 264427.408)	8	591	0	1485	false	2171	None
LINESTRING (3201030.554 264427.408, 3201005.782 264472.634)	8	591	0	1486	false	2171	None
LINESTRING (3201005.782 264472.634, 3201004.319 264477.548)	8	591	0	1487	false	2171	None
LINESTRING (3201004.319 264477.548, 3200982.474 264523.82)	8	591	0	1488	false	2171	None
LINESTRING (3200982.474 264523.82, 3200960.584 264616.431)	8	591	0	1489	false	2171	None
LINESTRING (3200960.584 264616.431, 3200942.857 264689.43)	8	591	0	1490	false	2171	None
LINESTRING (3200942.857 264689.43, 3200906.117 265013.658)	8	591	0	1491	false	2171	None
LINESTRING (3200906.117 265013.658, 3200926.407 265223.409)	8	591	0	1492	false	2171	None
LINESTRING (3200926.407 265223.409, 3200909.242 265495.925)	8	591	0	1493	false	2171	None
LINESTRING (3200909.242 265495.925, 3200893.336 265511.941)	8	591	0	1494	false	2171	None
LINESTRING (3200893.336 265511.941, 3200857.321 265563.927)	8	591	0	1495	false	2171	None
LINESTRING (3200857.321 265563.927, 3200799.2 265596.606)	8	591	0	1496	false	2171	None
LINESTRING (3200799.2 265596.606, 3200694.346 265588.354)	8	591	0	1497	false	2171	None
LINESTRING (3200694.346 265588.354, 3200499.011 265475.656)	8	591	0	1498	false	2171	None
LINESTRING (3200499.011 265475.656, 3200441.205 265466.765)	8	591	0	1499	false	2171	None
LINESTRING (3200441.205 265466.765, 3200374.86 265507.525)	8	591	0	1500	false	2171	None
LINESTRING (3200374.86 265507.525, 3200298.471 265527.565)	8	591	0	1501	false	2171	None
LINESTRING (3200298.471 265527.565, 3200226.357 265533.893)	8	591	0	1502	false	2171	None
LINESTRING (3200226.357 265533.893, 3200183.649 265544.389)	8	591	0	1503	false	2171	None
LINESTRING (3200183.649 265544.389, 3200149.362 265620.719)	8	591	0	1504	false	2171	None
LINESTRING (3200149.362 265620.719, 3200127.004 265673.479)	8	591	0	1505	false	2171	None
LINESTRING (3200127.004 265673.479, 3200064.622 265713.427)	8	591	0	1506	false	2171	None
LINESTRING (3200064.622 265713.427, 3200039.7 265713.313)	8	591	0	1507	false	2171	None
LINESTRING (3200039.7 265713.313, 3200025.477 265725.101)	8	591	0	1508	false	2171	None
LINESTRING (3200025.477 265725.101, 3200003.146 265758.515)	8	591	0	1509	false	2171	None
LINESTRING (3200003.146 265758.515, 3199901.859 265826.841)	8	591	0	1510	false	2171	None
LINESTRING (3199901.859 265826.841, 3199828.851 265857.428)	8	591	0	1511	false	2171	None
LINESTRING (3199828.851 265857.428, 3199725.573 265874.903)	8	591	0	1512	false	2171	None
LINESTRING (3199725.573 265874.903, 3199562.164 265979.582)	8	591	0	1513	false	2171	None
LINESTRING (3199562.164 265979.582, 3199467.794 266082.442)	8	591	0	1514	false	2171	None
LINESTRING (3199467.794 266082.442, 3199134.617 266460.365)	8	591	0	1515	false	2171	None
LINESTRING (3199134.617 266460.365, 3199127.357 266492.962)	8	591	0	1516	false	2171	None
LINESTRING (3199127.357 266492.962, 3199112.166 266522.765)	8	591	0	1517	false	2171	None
LINESTRING (3199112.166 266522.765, 3198959.174 266596.345)	8	591	0	1518	false	2171	None
LINESTRING (3198959.174 266596.345, 3198911.697 266617.374)	8	591	0	1519	false	2171	None
LINESTRING (3198911.697 266617.374, 3198890.505 266621.732)	8	591	0	1520	false	2171	None
LINESTRING (3198890.505 266621.732, 3198872.867 266630.252)	8	591	0	1521	false	2171	None
LINESTRING (3198872.867 266630.252, 3198864.664 266636.548)	8	591	0	1522	false	2171	None
LINESTRING (3198864.664 266636.548, 3198728.341 266740.892)	8	591	0	1523	false	2171	None
LINESTRING (3198728.341 266740.892, 3198713.055 266751.9)	8	591	0	1524	false	2171	None
LINESTRING (3198713.055 266751.9, 3198636.759 266807.111)	8	591	0	1525	false	2171	None
LINESTRING (3198636.759 266807.111, 3198558.435 266851.601)	8	591	0	1526	false	2171	None
LINESTRING (3198558.435 266851.601, 3198538.318 266871.799)	8	591	0	1527	false	2171	None
LINESTRING (3198538.318 266871.799, 3198522.541 266898.382)	8	591	0	1528	false	2171	None
LINESTRING (3198522.541 266898.382, 3198508.234 266942.036)	8	591	0	1529	false	2171	None
LINESTRING (3198508.234 266942.036, 3198495.266 267016.928)	8	591	0	1530	false	2171	None
LINESTRING (3198495.266 267016.928, 3198498.717 267062.385)	8	591	0	1531	false	2171	None
LINESTRING (3198498.717 267062.385, 3198499.416 267078.673)	8	591	0	1532	false	2171	None
LINESTRING (3198499.416 267078.673, 3198499.697 267084.639)	8	591	0	1533	false	2171	None
LINESTRING (3198499.697 267084.639, 3198469.579 267151.996)	8	591	0	1534	false	2171	None
LINESTRING (3198469.579 267151.996, 3198458.015 267159.824)	8	591	0	1535	false	2171	None
LINESTRING (3198458.015 267159.824, 3198431.536 267177.732)	8	591	0	1536	false	2171	None
LINESTRING (3198431.536 267177.732, 3198344.965 267192.301)	8	591	0	1537	false	2171	None
LINESTRING (3198344.965 267192.301, 3198274.417 267240.48)	8	591	0	1538	false	2171	None
LINESTRING (3198274.417 267240.48, 3198183.939 267260.187)	8	591	0	1539	false	2171	None
LINESTRING (3198183.939 267260.187, 3198097.117 267260.56)	8	591	0	1540	false	2171	None
LINESTRING (3198097.117 267260.56, 3198094.564 267262.532)	8	591	0	1541	false	2171	None
LINESTRING (3198094.564 267262.532, 3198045.563 267264.917)	8	591	0	1542	false	2171	None
LINESTRING (3198045.563 267264.917, 3198004.159 267299.115)	8	591	0	1543	false	2171	None
LINESTRING (3198004.159 267299.115, 3197978.314 267341.887)	8	591	0	1544	false	2171	None
LINESTRING (3197978.314 267341.887, 3197955.925 267366.321)	8	591	0	1545	false	2171	None
LINESTRING (3197955.925 267366.321, 3197935.974 267386.107)	8	591	0	1546	false	2171	None
LINESTRING (3197935.974 267386.107, 3197918.128 267409.001)	8	591	0	1547	false	2171	None
LINESTRING (3197918.128 267409.001, 3197883.507 267448.882)	8	591	0	1548	false	2171	None
LINESTRING (3197883.507 267448.882, 3197873.093 267460.991)	8	591	0	1549	false	2171	None
LINESTRING (3197873.093 267460.991, 3197867.204 267470.12)	8	591	0	1550	false	2171	W:3197871.386 267463.63715435547
