LINESTRING (3188698.24 217248.8, 3188760.574 217190.213)	124	590	0	666	false	1002	N:3188749.2577621997 217200.849
LINESTRING (3188760.574 217190.213, 3188844.405 217106.099)	124	590	0	667	false	1002	None
LINESTRING (3188844.405 217106.099, 3188862.924 217092.639)	124	590	0	668	false	1002	None
LINESTRING (3188862.924 217092.639, 3188896.281 217083.831)	124	590	0	669	false	1002	None
LINESTRING (3188896.281 217083.831, 3188922.209 217079.61)	124	590	0	670	false	1002	None
LINESTRING (3188922.209 217079.61, 3188924.754 217079.659)	124	590	0	671	false	1002	None
LINESTRING (3188924.754 217079.659, 3188936.291 217074.661)	124	590	0	672	false	1002	None
LINESTRING (3188936.291 217074.661, 3188956.825 217080.125)	124	590	0	673	false	1002	None
LINESTRING (3188956.825 217080.125, 3188962.376 217082.311)	124	590	0	674	false	1002	None
LINESTRING (3188962.376 217082.311, 3188973.455 217095.503)	124	590	0	675	false	1002	None
LINESTRING (3188973.455 217095.503, 3188990.124 217118.291)	124	590	0	676	false	1002	None
LINESTRING (3188990.124 217118.291, 3188991.99 217120.816)	124	590	0	677	false	1002	None
LINESTRING (3188991.99 217120.816, 3188996.665 217133.989)	124	590	0	678	false	1002	None
LINESTRING (3188996.665 217133.989, 3188998.183 217153.672)	124	590	0	679	false	1002	None
LINESTRING (3188998.183 217153.672, 3188998.558 217181.016)	124	590	0	680	false	1002	None
LINESTRING (3188998.558 217181.016, 3188993.181 217219.455)	124	590	0	681	false	1002	N:3188995.783681183 217200.849
LINESTRING (3185285.278 209345.12, 3185356.185 209366.315)	124	1077	0	1279	false	1972	S:3185318.6723700874 209355.102
LINESTRING (3185356.185 209366.315, 3185392.279 209377.164)	124	1077	0	1280	false	1972	None
LINESTRING (3185392.279 209377.164, 3185403.544 209380.639)	124	1077	0	1281	false	1972	None
LINESTRING (3185403.544 209380.639, 3185437.042 209391.064)	124	1077	0	1282	false	1972	None
LINESTRING (3185437.042 209391.064, 3185448.181 209394.608)	124	1077	0	1283	false	1972	None
LINESTRING (3185448.181 209394.608, 3185448.694 209394.81)	124	1077	0	1284	false	1972	None
LINESTRING (3185448.694 209394.81, 3185454.11 209396.343)	124	1077	0	1285	false	1972	None
LINESTRING (3185454.11 209396.343, 3185471.773 209401.617)	124	1077	0	1286	false	1972	None
LINESTRING (3185471.773 209401.617, 3185477.491 209403.387)	124	1077	0	1287	false	1972	None
LINESTRING (3185477.491 209403.387, 3185495.41 209408.762)	124	1077	0	1288	false	1972	None
LINESTRING (3185495.41 209408.762, 3185549.166 209424.886)	124	1077	0	1289	false	1972	None
LINESTRING (3185549.166 209424.886, 3185556.504 209427.055)	124	1077	0	1290	false	1972	None
LINESTRING (3185556.504 209427.055, 3185567.085 209430.261)	124	1077	0	1291	false	1972	None
LINESTRING (3185567.085 209430.261, 3185577.495 209433.4)	124	1077	0	1292	false	1972	None
LINESTRING (3185577.495 209433.4, 3185598.303 209438.956)	124	1077	0	1293	false	1972	None
LINESTRING (3185598.303 209438.956, 3185654.634 209454.305)	124	1077	0	1294	false	1972	None
LINESTRING (3185654.634 209454.305, 3185692.508 209462.636)	124	1077	0	1295	false	1972	None
LINESTRING (3185692.508 209462.636, 3185724.079 209469.682)	124	1077	0	1296	false	1972	None
LINESTRING (3185724.079 209469.682, 3185748.149 209474.971)	124	1077	0	1297	false	1972	None
LINESTRING (3185748.149 209474.971, 3185805.878 209487.77)	124	1077	0	1298	false	1972	None
LINESTRING (3185805.878 209487.77, 3185820.352 209490.36)	124	1077	0	1299	false	1972	None
LINESTRING (3185820.352 209490.36, 3185844.577 209494.757)	124	1077	0	1300	false	1972	None
LINESTRING (3185844.577 209494.757, 3185884.468 209501.974)	124	1077	0	1301	false	1972	None
LINESTRING (3185884.468 209501.974, 3185890.344 209503.092)	124	1077	0	1302	false	1972	None
LINESTRING (3185890.344 209503.092, 3185927.881 209506.76)	124	1077	0	1303	false	1972	None
LINESTRING (3185927.881 209506.76, 3185982.333 209507.062)	124	1077	0	1304	false	1972	None
LINESTRING (3185982.333 209507.062, 3186006.923 209505.76)	124	1077	0	1305	false	1972	None
LINESTRING (3186006.923 209505.76, 3186012.265 209505.476)	124	1077	0	1306	false	1972	None
LINESTRING (3186012.265 209505.476, 3186048.153 209502.295)	124	1077	0	1307	false	1972	None
LINESTRING (3186048.153 209502.295, 3186170.732 209491.465)	124	1077	0	1308	false	1972	None
LINESTRING (3186170.732 209491.465, 3186394.243 209471.91)	124	1077	0	1309	false	1972	None
LINESTRING (3186394.243 209471.91, 3186565.754 209458.623)	124	1077	0	1310	false	1972	None
LINESTRING (3186565.754 209458.623, 3186596.7 209456.721)	124	1077	0	1311	false	1972	None
LINESTRING (3186596.7 209456.721, 3186628.795 209457.418)	124	1077	0	1312	false	1972	None
LINESTRING (3186628.795 209457.418, 3186662.704 209462.286)	124	1077	0	1313	false	1972	None
LINESTRING (3186662.704 209462.286, 3186691.78 209467.4)	124	1077	0	1314	false	1972	None
LINESTRING (3186691.78 209467.4, 3186724.393 209475.814)	124	1077	0	1315	false	1972	None
LINESTRING (3186724.393 209475.814, 3186752.87 209485.462)	124	1077	0	1316	false	1972	None
LINESTRING (3186752.87 209485.462, 3186870.504 209538.165)	124	1077	0	1317	false	1972	None
LINESTRING (3186870.504 209538.165, 3186867.444 209549.96)	124	1077	0	1318	false	1972	None
LINESTRING (3186867.444 209549.96, 3186867.153 209552.707)	124	1077	0	1319	false	1972	None
LINESTRING (3186867.153 209552.707, 3186866.316 209560.607)	124	1077	0	1320	false	1972	None
LINESTRING (3186866.316 209560.607, 3186866.581 209590.046)	124	1077	0	1321	false	1972	None
LINESTRING (3186866.581 209590.046, 3186866.041 209609.987)	124	1077	0	1322	false	1972	None
LINESTRING (3186866.041 209609.987, 3186861.557 209639.706)	124	1077	0	1323	false	1972	None
LINESTRING (3186861.557 209639.706, 3186854.153 209665.056)	124	1077	0	1324	false	1972	None
LINESTRING (3186854.153 209665.056, 3186842.409 209699.433)	124	1077	0	1325	false	1972	None
LINESTRING (3186842.409 209699.433, 3186836.945 209728.885)	124	1077	0	1326	false	1972	None
LINESTRING (3186836.945 209728.885, 3186833.475 209760.792)	124	1077	0	1327	false	1972	None
LINESTRING (3186833.475 209760.792, 3186833.761 209774.618)	124	1077	0	1328	false	1972	None
LINESTRING (3186833.761 209774.618, 3186834.09 209786.076)	124	1077	0	1329	false	1972	None
LINESTRING (3186834.09 209786.076, 3186835.76 209806.171)	124	1077	0	1330	false	1972	None
LINESTRING (3186835.76 209806.171, 3186842.81 209835.417)	124	1077	0	1331	false	1972	None
LINESTRING (3186842.81 209835.417, 3186847.702 209855.348)	124	1077	0	1332	false	1972	None
LINESTRING (3186847.702 209855.348, 3186857.496 209881.381)	124	1077	0	1333	false	1972	None
LINESTRING (3186857.496 209881.381, 3186903.019 210003.75)	124	1077	0	1334	false	1972	None
LINESTRING (3186903.019 210003.75, 3186910.231 210025.309)	124	1077	0	1335	false	1972	None
LINESTRING (3186910.231 210025.309, 3186915.325 210044.724)	124	1077	0	1336	false	1972	None
LINESTRING (3186915.325 210044.724, 3186919.105 210064.218)	124	1077	0	1337	false	1972	None
LINESTRING (3186919.105 210064.218, 3186921.579 210084.271)	124	1077	0	1338	false	1972	None
LINESTRING (3186921.579 210084.271, 3186922.65 210104.13)	124	1077	0	1339	false	1972	None
LINESTRING (3186922.65 210104.13, 3186922.069 210124.175)	124	1077	0	1340	false	1972	None
LINESTRING (3186922.069 210124.175, 3186919.787 210144.027)	124	1077	0	1341	false	1972	None
LINESTRING (3186919.787 210144.027, 3186915.804 210163.687)	124	1077	0	1342	false	1972	None
LINESTRING (3186915.804 210163.687, 3186910.242 210182.846)	124	1077	0	1343	false	1972	None
LINESTRING (3186910.242 210182.846, 3186903.3 210200.746)	124	1077	0	1344	false	1972	None
LINESTRING (3186903.3 210200.746, 3186858.924 210310.058)	124	1077	0	1345	false	1972	None
LINESTRING (3186858.924 210310.058, 3186856.324 210316.667)	124	1077	0	1346	false	1972	None
LINESTRING (3186856.324 210316.667, 3186848.232 210336.739)	124	1077	0	1347	false	1972	None
LINESTRING (3186848.232 210336.739, 3186845.506 210343.418)	124	1077	0	1348	false	1972	None
LINESTRING (3186845.506 210343.418, 3186836.029 210366.761)	124	1077	0	1349	false	1972	None
LINESTRING (3186836.029 210366.761, 3186807.516 210436.996)	124	1077	0	1350	false	1972	None
LINESTRING (3186807.516 210436.996, 3186797.998 210460.442)	124	1077	0	1351	false	1972	None
LINESTRING (3186797.998 210460.442, 3186781.769 210500.448)	124	1077	0	1352	false	1972	None
LINESTRING (3186781.769 210500.448, 3186746.22 210588.069)	124	1077	0	1353	false	1972	None
LINESTRING (3186746.22 210588.069, 3186728.801 210618.306)	124	1077	0	1354	false	1972	None
LINESTRING (3186728.801 210618.306, 3186724.351 210625.857)	124	1077	0	1355	false	1972	None
LINESTRING (3186724.351 210625.857, 3186714.673 210640.177)	124	1077	0	1356	false	1972	None
LINESTRING (3186714.673 210640.177, 3186704.465 210653.335)	124	1077	0	1357	false	1972	None
LINESTRING (3186704.465 210653.335, 3186675.384 210686.378)	124	1077	0	1358	false	1972	None
LINESTRING (3186675.384 210686.378, 3186653.68 210706.939)	124	1077	0	1359	false	1972	None
LINESTRING (3186653.68 210706.939, 3186608.779 210742.823)	124	1077	0	1360	false	1972	None
LINESTRING (3186608.779 210742.823, 3186554.546 210786.128)	124	1077	0	1361	false	1972	None
LINESTRING (3186554.546 210786.128, 3186535.297 210801.453)	124	1077	0	1362	false	1972	None
LINESTRING (3186535.297 210801.453, 3186521.546 210815.841)	124	1077	0	1363	false	1972	None
LINESTRING (3186521.546 210815.841, 3186513.046 210827.166)	124	1077	0	1364	false	1972	None
LINESTRING (3186513.046 210827.166, 3186504.625 210840.549)	124	1077	0	1365	false	1972	None
LINESTRING (3186504.625 210840.549, 3186495.991 210858.738)	124	1077	0	1366	false	1972	None
LINESTRING (3186495.991 210858.738, 3186489.705 210877.732)	124	1077	0	1367	false	1972	None
LINESTRING (3186489.705 210877.732, 3186484.229 210904.199)	124	1077	0	1368	false	1972	None
LINESTRING (3186484.229 210904.199, 3186483.756 210915.938)	124	1077	0	1369	false	1972	None
LINESTRING (3186483.756 210915.938, 3186485.21 210931.058)	124	1077	0	1370	false	1972	None
LINESTRING (3186485.21 210931.058, 3186487.516 210944.01)	124	1077	0	1371	false	1972	None
LINESTRING (3186487.516 210944.01, 3186492.109 210963.943)	124	1077	0	1372	false	1972	None
LINESTRING (3186492.109 210963.943, 3186500.426 210985.698)	124	1077	0	1373	false	1972	None
LINESTRING (3186500.426 210985.698, 3186509.405 210999.247)	124	1077	0	1374	false	1972	None
LINESTRING (3186509.405 210999.247, 3186510.434 210999.89)	124	1077	0	1375	false	1972	None
LINESTRING (3186510.434 210999.89, 3186525.948 211015.89)	124	1077	0	1376	false	1972	None
LINESTRING (3186525.948 211015.89, 3186527.031 211017.151)	124	1077	0	1377	false	1972	None
LINESTRING (3186527.031 211017.151, 3186555.945 211047.246)	124	1077	0	1378	false	1972	None
LINESTRING (3186555.945 211047.246, 3186581.838 211071.979)	124	1077	0	1379	false	1972	None
LINESTRING (3186581.838 211071.979, 3186586.674 211076.743)	124	1077	0	1380	false	1972	None
LINESTRING (3186586.674 211076.743, 3186599.699 211088.783)	124	1077	0	1381	false	1972	None
LINESTRING (3186599.699 211088.783, 3186653.36 211138.749)	124	1077	0	1382	false	1972	None
LINESTRING (3186653.36 211138.749, 3186660.91 211145.893)	124	1077	0	1383	false	1972	None
LINESTRING (3186660.91 211145.893, 3186671.176 211155.417)	124	1077	0	1384	false	1972	None
LINESTRING (3186671.176 211155.417, 3186686.794 211170.146)	124	1077	0	1385	false	1972	None
LINESTRING (3186686.794 211170.146, 3186733.648 211214.335)	124	1077	0	1386	false	1972	None
LINESTRING (3186733.648 211214.335, 3186749.14 211229.135)	124	1077	0	1387	false	1972	None
LINESTRING (3186749.14 211229.135, 3186752.762 211232.468)	124	1077	0	1388	false	1972	None
LINESTRING (3186752.762 211232.468, 3186759.711 211239.136)	124	1077	0	1389	false	1972	None
LINESTRING (3186759.711 211239.136, 3186763.423 211242.743)	124	1077	0	1390	false	1972	None
LINESTRING (3186763.423 211242.743, 3186766.879 211246.249)	124	1077	0	1391	false	1972	None
LINESTRING (3186766.879 211246.249, 3186781.304 211260.748)	124	1077	0	1392	false	1972	None
LINESTRING (3186781.304 211260.748, 3186789.662 211270.356)	124	1077	0	1393	false	1972	None
LINESTRING (3186789.662 211270.356, 3186791.4 211272.71)	124	1077	0	1394	false	1972	None
LINESTRING (3186791.4 211272.71, 3186804.477 211290.137)	124	1077	0	1395	false	1972	None
LINESTRING (3186804.477 211290.137, 3186815.204 211311.529)	124	1077	0	1396	false	1972	None
LINESTRING (3186815.204 211311.529, 3186824.316 211332.764)	124	1077	0	1397	false	1972	None
LINESTRING (3186824.316 211332.764, 3186839.379 211381.263)	124	1077	0	1398	false	1972	None
LINESTRING (3186839.379 211381.263, 3186845.248 211401.46)	124	1077	0	1399	false	1972	None
LINESTRING (3186845.248 211401.46, 3186848.982 211416.047)	124	1077	0	1400	false	1972	None
LINESTRING (3186848.982 211416.047, 3186851.57 211425.771)	124	1077	0	1401	false	1972	None
LINESTRING (3186851.57 211425.771, 3186865.989 211481.173)	124	1077	0	1402	false	1972	None
LINESTRING (3186865.989 211481.173, 3186878.186 211528.426)	124	1077	0	1403	false	1972	None
LINESTRING (3186878.186 211528.426, 3186910.039 211646.857)	124	1077	0	1404	false	1972	None
LINESTRING (3186910.039 211646.857, 3186924.749 211702.016)	124	1077	0	1405	false	1972	None
LINESTRING (3186924.749 211702.016, 3186971.035 211874.545)	124	1077	0	1406	false	1972	None
LINESTRING (3186971.035 211874.545, 3187007.884 212012.116)	124	1077	0	1407	false	1972	None
LINESTRING (3187007.884 212012.116, 3187085.127 212308.573)	124	1077	0	1408	false	1972	None
LINESTRING (3187085.127 212308.573, 3187094.061 212349.059)	124	1077	0	1409	false	1972	None
LINESTRING (3187094.061 212349.059, 3187101.786 212395.628)	124	1077	0	1410	false	1972	None
LINESTRING (3187101.786 212395.628, 3187103.214 212404.538)	124	1077	0	1411	false	1972	None
LINESTRING (3187103.214 212404.538, 3187105.306 212434.58)	124	1077	0	1412	false	1972	None
LINESTRING (3187105.306 212434.58, 3187106.261 212499.356)	124	1077	0	1413	false	1972	None
LINESTRING (3187106.261 212499.356, 3187106.432 212518.982)	124	1077	0	1414	false	1972	None
LINESTRING (3187106.432 212518.982, 3187106.948 212536.478)	124	1077	0	1415	false	1972	None
LINESTRING (3187106.948 212536.478, 3187107.25 212549)	124	1077	0	1416	false	1972	None
LINESTRING (3187107.25 212549, 3187108.992 212561.373)	124	1077	0	1417	false	1972	None
LINESTRING (3187108.992 212561.373, 3187112.331 212580.218)	124	1077	0	1418	false	1972	None
LINESTRING (3187112.331 212580.218, 3187141.22 212560.458)	124	1077	0	1419	false	1972	None
LINESTRING (3187141.22 212560.458, 3187227.807 212501.385)	124	1077	0	1420	false	1972	None
LINESTRING (3187227.807 212501.385, 3187256.656 212481.728)	124	1077	0	1421	false	1972	None
LINESTRING (3187256.656 212481.728, 3187256.342 212500.329)	124	1077	0	1422	false	1972	None
LINESTRING (3187256.342 212500.329, 3187256.214 212505.168)	124	1077	0	1423	false	1972	None
LINESTRING (3187256.214 212505.168, 3187253.078 212546.988)	124	1077	0	1424	false	1972	None
LINESTRING (3187253.078 212546.988, 3187253.835 212556.349)	124	1077	0	1425	false	1972	None
LINESTRING (3187253.835 212556.349, 3187254.384 212565.987)	124	1077	0	1426	false	1972	None
LINESTRING (3187254.384 212565.987, 3187255.425 212574.625)	124	1077	0	1427	false	1972	None
LINESTRING (3187255.425 212574.625, 3187255.71 212576.407)	124	1077	0	1428	false	1972	None
LINESTRING (3187255.71 212576.407, 3187256.314 212581.893)	124	1077	0	1429	false	1972	None
LINESTRING (3187256.314 212581.893, 3187256.474 212583.744)	124	1077	0	1430	false	1972	None
LINESTRING (3187256.474 212583.744, 3187257.661 212593.514)	124	1077	0	1431	false	1972	None
LINESTRING (3187257.661 212593.514, 3187259.042 212607.057)	124	1077	0	1432	false	1972	None
LINESTRING (3187259.042 212607.057, 3187259.154 212623.32)	124	1077	0	1433	false	1972	None
LINESTRING (3187259.154 212623.32, 3187259.145 212630.114)	124	1077	0	1434	false	1972	None
LINESTRING (3187259.145 212630.114, 3187258.735 212633.412)	124	1077	0	1435	false	1972	None
LINESTRING (3187258.735 212633.412, 3187256.915 212648.319)	124	1077	0	1436	false	1972	None
LINESTRING (3187256.915 212648.319, 3187250.774 212673.452)	124	1077	0	1437	false	1972	None
LINESTRING (3187250.774 212673.452, 3187247.43 212693.484)	124	1077	0	1438	false	1972	None
LINESTRING (3187247.43 212693.484, 3187244.111 212712.452)	124	1077	0	1439	false	1972	None
LINESTRING (3187244.111 212712.452, 3187243.862 212732.391)	124	1077	0	1440	false	1972	None
LINESTRING (3187243.862 212732.391, 3187247.63 212756.414)	124	1077	0	1441	false	1972	None
LINESTRING (3187247.63 212756.414, 3187255.85 212775.391)	124	1077	0	1442	false	1972	None
LINESTRING (3187255.85 212775.391, 3187313.67 212833.802)	124	1077	0	1443	false	1972	None
LINESTRING (3187313.67 212833.802, 3187323.347 212843.812)	124	1077	0	1444	false	1972	None
LINESTRING (3187323.347 212843.812, 3187343.792 212877.856)	124	1077	0	1445	false	1972	None
LINESTRING (3187343.792 212877.856, 3187352.437 212891.992)	124	1077	0	1446	false	1972	None
LINESTRING (3187352.437 212891.992, 3187353.051 212893.187)	124	1077	0	1447	false	1972	None
LINESTRING (3187353.051 212893.187, 3187365.18 212922.29)	124	1077	0	1448	false	1972	None
LINESTRING (3187365.18 212922.29, 3187369.897 212939.889)	124	1077	0	1449	false	1972	None
LINESTRING (3187369.897 212939.889, 3187370.161 212940.47)	124	1077	0	1450	false	1972	None
LINESTRING (3187370.161 212940.47, 3187375.41 212956.966)	124	1077	0	1451	false	1972	None
LINESTRING (3187375.41 212956.966, 3187379.274 212976.734)	124	1077	0	1452	false	1972	None
LINESTRING (3187379.274 212976.734, 3187380.586 212983.929)	124	1077	0	1453	false	1972	None
LINESTRING (3187380.586 212983.929, 3187380.32 213002.906)	124	1077	0	1454	false	1972	None
LINESTRING (3187380.32 213002.906, 3187379.971 213014.576)	124	1077	0	1455	false	1972	None
LINESTRING (3187379.971 213014.576, 3187370.789 213057.714)	124	1077	0	1456	false	1972	None
LINESTRING (3187370.789 213057.714, 3187369.881 213066.54)	124	1077	0	1457	false	1972	None
LINESTRING (3187369.881 213066.54, 3187369.119 213073.992)	124	1077	0	1458	false	1972	None
LINESTRING (3187369.119 213073.992, 3187370.217 213083.488)	124	1077	0	1459	false	1972	None
LINESTRING (3187370.217 213083.488, 3187375.214 213090.344)	124	1077	0	1460	false	1972	None
LINESTRING (3187375.214 213090.344, 3187386.631 213100.443)	124	1077	0	1461	false	1972	None
LINESTRING (3187386.631 213100.443, 3187410.409 213118.745)	124	1077	0	1462	false	1972	None
LINESTRING (3187410.409 213118.745, 3187415.397 213122.616)	124	1077	0	1463	false	1972	None
LINESTRING (3187415.397 213122.616, 3187434.953 213144.623)	124	1077	0	1464	false	1972	None
LINESTRING (3187434.953 213144.623, 3187438.514 213149.364)	124	1077	0	1465	false	1972	None
LINESTRING (3187438.514 213149.364, 3187441.464 213153.149)	124	1077	0	1466	false	1972	None
LINESTRING (3187441.464 213153.149, 3187446.201 213159.664)	124	1077	0	1467	false	1972	None
LINESTRING (3187446.201 213159.664, 3187449.315 213165.541)	124	1077	0	1468	false	1972	None
LINESTRING (3187449.315 213165.541, 3187451.513 213169.984)	124	1077	0	1469	false	1972	None
LINESTRING (3187451.513 213169.984, 3187459.857 213186.387)	124	1077	0	1470	false	1972	None
LINESTRING (3187459.857 213186.387, 3187465.627 213206.07)	124	1077	0	1471	false	1972	None
LINESTRING (3187465.627 213206.07, 3187466.804 213210.35)	124	1077	0	1472	false	1972	None
LINESTRING (3187466.804 213210.35, 3187470.328 213225.213)	124	1077	0	1473	false	1972	None
LINESTRING (3187470.328 213225.213, 3187477.408 213271.65)	124	1077	0	1474	false	1972	None
LINESTRING (3187477.408 213271.65, 3187485.14 213318.94)	124	1077	0	1475	false	1972	None
LINESTRING (3187485.14 213318.94, 3187487.493 213324.995)	124	1077	0	1476	false	1972	None
LINESTRING (3187487.493 213324.995, 3187492.83 213339.26)	124	1077	0	1477	false	1972	None
LINESTRING (3187492.83 213339.26, 3187504.124 213359.448)	124	1077	0	1478	false	1972	None
LINESTRING (3187504.124 213359.448, 3187510.341 213365.711)	124	1077	0	1479	false	1972	None
LINESTRING (3187510.341 213365.711, 3187528.993 213384.501)	124	1077	0	1480	false	1972	None
LINESTRING (3187528.993 213384.501, 3187535.21 213390.764)	124	1077	0	1481	false	1972	None
LINESTRING (3187535.21 213390.764, 3187544.975 213401.047)	124	1077	0	1482	false	1972	None
LINESTRING (3187544.975 213401.047, 3187574.185 213431.864)	124	1077	0	1483	false	1972	None
LINESTRING (3187574.185 213431.864, 3187583.824 213442.217)	124	1077	0	1484	false	1972	None
LINESTRING (3187583.824 213442.217, 3187590.175 213448.891)	124	1077	0	1485	false	1972	None
LINESTRING (3187590.175 213448.891, 3187633.073 213496.068)	124	1077	0	1486	false	1972	None
LINESTRING (3187633.073 213496.068, 3187638.847 213503.708)	124	1077	0	1487	false	1972	None
LINESTRING (3187638.847 213503.708, 3187663.087 213536.624)	124	1077	0	1488	false	1972	None
LINESTRING (3187663.087 213536.624, 3187680.063 213573.957)	124	1077	0	1489	false	1972	None
LINESTRING (3187680.063 213573.957, 3187680.978 213587.675)	124	1077	0	1490	false	1972	None
LINESTRING (3187680.978 213587.675, 3187677.509 213605.511)	124	1077	0	1491	false	1972	None
LINESTRING (3187677.509 213605.511, 3187670.489 213621.592)	124	1077	0	1492	false	1972	None
LINESTRING (3187670.489 213621.592, 3187659.784 213638.012)	124	1077	0	1493	false	1972	None
LINESTRING (3187659.784 213638.012, 3187630.667 213671.635)	124	1077	0	1494	false	1972	None
LINESTRING (3187630.667 213671.635, 3187584.084 213715.796)	124	1077	0	1495	false	1972	None
LINESTRING (3187584.084 213715.796, 3187574.199 213725.621)	124	1077	0	1496	false	1972	None
LINESTRING (3187574.199 213725.621, 3187543.251 213756.376)	124	1077	0	1497	false	1972	None
LINESTRING (3187543.251 213756.376, 3187519.354 213782.751)	124	1077	0	1498	false	1972	None
LINESTRING (3187519.354 213782.751, 3187512.366 213795.744)	124	1077	0	1499	false	1972	None
LINESTRING (3187512.366 213795.744, 3187511.748 213796.813)	124	1077	0	1500	false	1972	None
LINESTRING (3187511.748 213796.813, 3187506.637 213817.82)	124	1077	0	1501	false	1972	None
LINESTRING (3187506.637 213817.82, 3187499.597 213891.856)	124	1077	0	1502	false	1972	None
LINESTRING (3187499.597 213891.856, 3187498.62 213901.609)	124	1077	0	1503	false	1972	None
LINESTRING (3187498.62 213901.609, 3187494.14 213969.14)	124	1077	0	1504	false	1972	None
LINESTRING (3187494.14 213969.14, 3187474.152 214087.099)	124	1077	0	1505	false	1972	None
LINESTRING (3187474.152 214087.099, 3187457.013 214180.776)	124	1077	0	1506	false	1972	None
LINESTRING (3187457.013 214180.776, 3187444.479 214248.715)	124	1077	0	1507	false	1972	None
LINESTRING (3187444.479 214248.715, 3187442.701 214261.254)	124	1077	0	1508	false	1972	None
LINESTRING (3187442.701 214261.254, 3187442.294 214277.076)	124	1077	0	1509	false	1972	None
LINESTRING (3187442.294 214277.076, 3187453.917 214306.697)	124	1077	0	1510	false	1972	None
LINESTRING (3187453.917 214306.697, 3187454.813 214309.434)	124	1077	0	1511	false	1972	None
LINESTRING (3187454.813 214309.434, 3187461.952 214332.4)	124	1077	0	1512	false	1972	None
LINESTRING (3187461.952 214332.4, 3187478.663 214413.759)	124	1077	0	1513	false	1972	None
LINESTRING (3187478.663 214413.759, 3187483.492 214438.082)	124	1077	0	1514	false	1972	None
LINESTRING (3187483.492 214438.082, 3187486.935 214448.382)	124	1077	0	1515	false	1972	None
LINESTRING (3187486.935 214448.382, 3187487.558 214450.058)	124	1077	0	1516	false	1972	None
LINESTRING (3187487.558 214450.058, 3187489.3 214455.157)	124	1077	0	1517	false	1972	None
LINESTRING (3187489.3 214455.157, 3187489.797 214456.903)	124	1077	0	1518	false	1972	None
LINESTRING (3187489.797 214456.903, 3187502.33 214470.424)	124	1077	0	1519	false	1972	None
LINESTRING (3187502.33 214470.424, 3187512.076 214474.737)	124	1077	0	1520	false	1972	None
LINESTRING (3187512.076 214474.737, 3187548.142 214487.621)	124	1077	0	1521	false	1972	None
LINESTRING (3187548.142 214487.621, 3187551.595 214488.622)	124	1077	0	1522	false	1972	None
LINESTRING (3187551.595 214488.622, 3187563.174 214488.528)	124	1077	0	1523	false	1972	None
LINESTRING (3187563.174 214488.528, 3187575.318 214486.748)	124	1077	0	1524	false	1972	None
LINESTRING (3187575.318 214486.748, 3187631.5 214463.063)	124	1077	0	1525	false	1972	None
LINESTRING (3187631.5 214463.063, 3187691.189 214443.502)	124	1077	0	1526	false	1972	None
LINESTRING (3187691.189 214443.502, 3187757.601 214405.358)	124	1077	0	1527	false	1972	None
LINESTRING (3187757.601 214405.358, 3187786.044 214391.746)	124	1077	0	1528	false	1972	None
LINESTRING (3187786.044 214391.746, 3187812.421 214376.367)	124	1077	0	1529	false	1972	None
LINESTRING (3187812.421 214376.367, 3187839.443 214356.591)	124	1077	0	1530	false	1972	None
LINESTRING (3187839.443 214356.591, 3187856.136 214345.51)	124	1077	0	1531	false	1972	None
LINESTRING (3187856.136 214345.51, 3187865.352 214343.651)	124	1077	0	1532	false	1972	None
LINESTRING (3187865.352 214343.651, 3187891.407 214344.127)	124	1077	0	1533	false	1972	None
LINESTRING (3187891.407 214344.127, 3187934.947 214347.551)	124	1077	0	1534	false	1972	None
LINESTRING (3187934.947 214347.551, 3187994.614 214353.864)	124	1077	0	1535	false	1972	None
LINESTRING (3187994.614 214353.864, 3188047.229 214359.549)	124	1077	0	1536	false	1972	None
LINESTRING (3188047.229 214359.549, 3188086.286 214361.328)	124	1077	0	1537	false	1972	None
LINESTRING (3188086.286 214361.328, 3188113.472 214365.948)	124	1077	0	1538	false	1972	None
LINESTRING (3188113.472 214365.948, 3188115.537 214379.999)	124	1077	0	1539	false	1972	None
LINESTRING (3188115.537 214379.999, 3188114.583 214391.193)	124	1077	0	1540	false	1972	None
LINESTRING (3188114.583 214391.193, 3188106.732 214403.369)	124	1077	0	1541	false	1972	None
LINESTRING (3188106.732 214403.369, 3188054.554 214470.253)	124	1077	0	1542	false	1972	None
LINESTRING (3188054.554 214470.253, 3188044.446 214491.917)	124	1077	0	1543	false	1972	None
LINESTRING (3188044.446 214491.917, 3188039.081 214510.558)	124	1077	0	1544	false	1972	None
LINESTRING (3188039.081 214510.558, 3188040.914 214528.455)	124	1077	0	1545	false	1972	None
LINESTRING (3188040.914 214528.455, 3188044.715 214537.346)	124	1077	0	1546	false	1972	None
LINESTRING (3188044.715 214537.346, 3188050.874 214547.762)	124	1077	0	1547	false	1972	None
LINESTRING (3188050.874 214547.762, 3188066.312 214562.426)	124	1077	0	1548	false	1972	None
LINESTRING (3188066.312 214562.426, 3188106.772 214591.714)	124	1077	0	1549	false	1972	None
LINESTRING (3188106.772 214591.714, 3188123.425 214605.545)	124	1077	0	1550	false	1972	None
LINESTRING (3188123.425 214605.545, 3188132.143 214614.225)	124	1077	0	1551	false	1972	None
LINESTRING (3188132.143 214614.225, 3188147.597 214637.365)	124	1077	0	1552	false	1972	None
LINESTRING (3188147.597 214637.365, 3188151.87 214654.076)	124	1077	0	1553	false	1972	None
LINESTRING (3188151.87 214654.076, 3188159.061 214682.669)	124	1077	0	1554	false	1972	None
LINESTRING (3188159.061 214682.669, 3188174.098 214738.445)	124	1077	0	1555	false	1972	None
LINESTRING (3188174.098 214738.445, 3188185.238 214772.291)	124	1077	0	1556	false	1972	None
LINESTRING (3188185.238 214772.291, 3188194.051 214796.514)	124	1077	0	1557	false	1972	None
LINESTRING (3188194.051 214796.514, 3188203.102 214809.858)	124	1077	0	1558	false	1972	None
LINESTRING (3188203.102 214809.858, 3188219.356 214827.707)	124	1077	0	1559	false	1972	None
LINESTRING (3188219.356 214827.707, 3188250.39 214873.919)	124	1077	0	1560	false	1972	None
LINESTRING (3188250.39 214873.919, 3188257.785 214882.197)	124	1077	0	1561	false	1972	None
LINESTRING (3188257.785 214882.197, 3188262.294 214902.818)	124	1077	0	1562	false	1972	None
LINESTRING (3188262.294 214902.818, 3188258.241 214921.379)	124	1077	0	1563	false	1972	None
LINESTRING (3188258.241 214921.379, 3188241.893 214930.329)	124	1077	0	1564	false	1972	None
LINESTRING (3188241.893 214930.329, 3188166.528 214968.403)	124	1077	0	1565	false	1972	None
LINESTRING (3188166.528 214968.403, 3188126.316 214990.858)	124	1077	0	1566	false	1972	None
LINESTRING (3188126.316 214990.858, 3188002.409 215060.274)	124	1077	0	1567	false	1972	None
LINESTRING (3188002.409 215060.274, 3187949.808 215094.908)	124	1077	0	1568	false	1972	None
LINESTRING (3187949.808 215094.908, 3187906.045 215132.902)	124	1077	0	1569	false	1972	None
LINESTRING (3187906.045 215132.902, 3187883.425 215159.539)	124	1077	0	1570	false	1972	None
LINESTRING (3187883.425 215159.539, 3187854.718 215197.378)	124	1077	0	1571	false	1972	None
LINESTRING (3187854.718 215197.378, 3187818.287 215257.342)	124	1077	0	1572	false	1972	None
LINESTRING (3187818.287 215257.342, 3187804.439 215286.002)	124	1077	0	1573	false	1972	None
LINESTRING (3187804.439 215286.002, 3187799.086 215305.364)	124	1077	0	1574	false	1972	None
LINESTRING (3187799.086 215305.364, 3187790.167 215337.038)	124	1077	0	1575	false	1972	None
LINESTRING (3187790.167 215337.038, 3187779.736 215401.871)	124	1077	0	1576	false	1972	None
LINESTRING (3187779.736 215401.871, 3187778.193 215450.642)	124	1077	0	1577	false	1972	None
LINESTRING (3187778.193 215450.642, 3187778.337 215464.057)	124	1077	0	1578	false	1972	None
LINESTRING (3187778.337 215464.057, 3187740.487 215458.22)	124	1077	0	1579	false	1972	None
LINESTRING (3187740.487 215458.22, 3187626.937 215440.713)	124	1077	0	1580	false	1972	None
LINESTRING (3187626.937 215440.713, 3187588.916 215434.81)	124	1077	0	1581	false	1972	None
LINESTRING (3187588.916 215434.81, 3187592.467 215441.575)	124	1077	0	1582	false	1972	None
LINESTRING (3187592.467 215441.575, 3187598.499 215449.555)	124	1077	0	1583	false	1972	None
LINESTRING (3187598.499 215449.555, 3187605.41 215456.808)	124	1077	0	1584	false	1972	None
LINESTRING (3187605.41 215456.808, 3187613.235 215462.99)	124	1077	0	1585	false	1972	None
LINESTRING (3187613.235 215462.99, 3187638.988 215478.256)	124	1077	0	1586	false	1972	None
LINESTRING (3187638.988 215478.256, 3187656.992 215486.895)	124	1077	0	1587	false	1972	None
LINESTRING (3187656.992 215486.895, 3187657.761 215487.197)	124	1077	0	1588	false	1972	None
LINESTRING (3187657.761 215487.197, 3187675.611 215494.224)	124	1077	0	1589	false	1972	None
LINESTRING (3187675.611 215494.224, 3187684.591 215498.475)	124	1077	0	1590	false	1972	None
LINESTRING (3187684.591 215498.475, 3187693.286 215503.449)	124	1077	0	1591	false	1972	None
LINESTRING (3187693.286 215503.449, 3187701.526 215509.078)	124	1077	0	1592	false	1972	None
LINESTRING (3187701.526 215509.078, 3187709.477 215515.19)	124	1077	0	1593	false	1972	None
LINESTRING (3187709.477 215515.19, 3187716.888 215521.924)	124	1077	0	1594	false	1972	None
LINESTRING (3187716.888 215521.924, 3187730.289 215536.742)	124	1077	0	1595	false	1972	None
LINESTRING (3187730.289 215536.742, 3187736.321 215544.723)	124	1077	0	1596	false	1972	None
LINESTRING (3187736.321 215544.723, 3187747.043 215561.586)	124	1077	0	1597	false	1972	None
LINESTRING (3187747.043 215561.586, 3187751.648 215570.436)	124	1077	0	1598	false	1972	None
LINESTRING (3187751.648 215570.436, 3187756.883 215578.938)	124	1077	0	1599	false	1972	None
LINESTRING (3187756.883 215578.938, 3187762.536 215587.127)	124	1077	0	1600	false	1972	None
LINESTRING (3187762.536 215587.127, 3187774.726 215603.019)	124	1077	0	1601	false	1972	None
LINESTRING (3187774.726 215603.019, 3187781.343 215610.514)	124	1077	0	1602	false	1972	None
LINESTRING (3187781.343 215610.514, 3187787.501 215618.425)	124	1077	0	1603	false	1972	None
LINESTRING (3187787.501 215618.425, 3187798.935 215634.734)	124	1077	0	1604	false	1972	None
LINESTRING (3187798.935 215634.734, 3187829.379 215686.438)	124	1077	0	1605	false	1972	None
LINESTRING (3187829.379 215686.438, 3187830.807 215688.074)	124	1077	0	1606	false	1972	None
LINESTRING (3187830.807 215688.074, 3187835.704 215694.176)	124	1077	0	1607	false	1972	None
LINESTRING (3187835.704 215694.176, 3187842.78 215701.256)	124	1077	0	1608	false	1972	None
LINESTRING (3187842.78 215701.256, 3187850.565 215707.541)	124	1077	0	1609	false	1972	None
LINESTRING (3187850.565 215707.541, 3187858.886 215712.964)	124	1077	0	1610	false	1972	None
LINESTRING (3187858.886 215712.964, 3187866.837 215719.076)	124	1077	0	1611	false	1972	None
LINESTRING (3187866.837 215719.076, 3187897.819 215745.11)	124	1077	0	1612	false	1972	None
LINESTRING (3187897.819 215745.11, 3187928.069 215770.498)	124	1077	0	1613	false	1972	None
LINESTRING (3187928.069 215770.498, 3187942.97 215783.76)	124	1077	0	1614	false	1972	None
LINESTRING (3187942.97 215783.76, 3187956.872 215798.06)	124	1077	0	1615	false	1972	None
LINESTRING (3187956.872 215798.06, 3187959.901 215801.638)	124	1077	0	1616	false	1972	None
LINESTRING (3187959.901 215801.638, 3187969.772 215813.397)	124	1077	0	1617	false	1972	None
LINESTRING (3187969.772 215813.397, 3187981.709 215829.428)	124	1077	0	1618	false	1972	None
LINESTRING (3187981.709 215829.428, 3187992.43 215846.292)	124	1077	0	1619	false	1972	None
LINESTRING (3187992.43 215846.292, 3188002.102 215863.816)	124	1077	0	1620	false	1972	None
LINESTRING (3188002.102 215863.816, 3188012.611 215880.717)	124	1077	0	1621	false	1972	None
LINESTRING (3188012.611 215880.717, 3188024.34 215897.024)	124	1077	0	1622	false	1972	None
LINESTRING (3188024.34 215897.024, 3188037.155 215912.327)	124	1077	0	1623	false	1972	None
LINESTRING (3188037.155 215912.327, 3188042.935 215920.447)	124	1077	0	1624	false	1972	None
LINESTRING (3188042.935 215920.447, 3188048.128 215929.052)	124	1077	0	1625	false	1972	None
LINESTRING (3188048.128 215929.052, 3188052.732 215937.902)	124	1077	0	1626	false	1972	None
LINESTRING (3188052.732 215937.902, 3188056.746 215946.997)	124	1077	0	1627	false	1972	None
LINESTRING (3188056.746 215946.997, 3188061.31 215955.951)	124	1077	0	1628	false	1972	None
LINESTRING (3188061.31 215955.951, 3188066.292 215964.592)	124	1077	0	1629	false	1972	None
LINESTRING (3188066.292 215964.592, 3188071.819 215972.851)	124	1077	0	1630	false	1972	None
LINESTRING (3188071.819 215972.851, 3188084.133 215988.673)	124	1077	0	1631	false	1972	None
LINESTRING (3188084.133 215988.673, 3188090.917 215995.996)	124	1077	0	1632	false	1972	None
LINESTRING (3188090.917 215995.996, 3188096.655 216004.219)	124	1077	0	1633	false	1972	None
LINESTRING (3188096.655 216004.219, 3188101.511 216012.93)	124	1077	0	1634	false	1972	None
LINESTRING (3188101.511 216012.93, 3188103.976 216018.194)	124	1077	0	1635	false	1972	None
LINESTRING (3188103.976 216018.194, 3188105.652 216021.955)	124	1077	0	1636	false	1972	None
LINESTRING (3188105.652 216021.955, 3188108.909 216031.468)	124	1077	0	1637	false	1972	None
LINESTRING (3188108.909 216031.468, 3188111.195 216041.194)	124	1077	0	1638	false	1972	None
LINESTRING (3188111.195 216041.194, 3188112.635 216051.065)	124	1077	0	1639	false	1972	None
LINESTRING (3188112.635 216051.065, 3188117.005 216111.111)	124	1077	0	1640	false	1972	None
LINESTRING (3188117.005 216111.111, 3188110.028 216127.329)	124	1077	0	1641	false	1972	None
LINESTRING (3188110.028 216127.329, 3188105.128 216136.015)	124	1077	0	1642	false	1972	None
LINESTRING (3188105.128 216136.015, 3188099.285 216144.091)	124	1077	0	1643	false	1972	None
LINESTRING (3188099.285 216144.091, 3188094.299 216152.744)	124	1077	0	1644	false	1972	None
LINESTRING (3188094.299 216152.744, 3188089.786 216161.701)	124	1077	0	1645	false	1972	None
LINESTRING (3188089.786 216161.701, 3188083.942 216169.777)	124	1077	0	1646	false	1972	None
LINESTRING (3188083.942 216169.777, 3188077.241 216177.277)	124	1077	0	1647	false	1972	None
LINESTRING (3188077.241 216177.277, 3188069.804 216183.89)	124	1077	0	1648	false	1972	None
LINESTRING (3188069.804 216183.89, 3188061.675 216189.755)	124	1077	0	1649	false	1972	None
LINESTRING (3188061.675 216189.755, 3188053.021 216194.697)	124	1077	0	1650	false	1972	None
LINESTRING (3188053.021 216194.697, 3188044.807 216200.527)	124	1077	0	1651	false	1972	None
LINESTRING (3188044.807 216200.527, 3188037.195 216206.833)	124	1077	0	1652	false	1972	None
LINESTRING (3188037.195 216206.833, 3188029.932 216213.754)	124	1077	0	1653	false	1972	None
LINESTRING (3188029.932 216213.754, 3188023.186 216221.117)	124	1077	0	1654	false	1972	None
LINESTRING (3188023.186 216221.117, 3188017.001 216229.059)	124	1077	0	1655	false	1972	None
LINESTRING (3188017.001 216229.059, 3188011.374 216237.339)	124	1077	0	1656	false	1972	None
LINESTRING (3188011.374 216237.339, 3188006.389 216245.992)	124	1077	0	1657	false	1972	None
LINESTRING (3188006.389 216245.992, 3188004.051 216255.687)	124	1077	0	1658	false	1972	None
LINESTRING (3188004.051 216255.687, 3188004.051 216265.706)	124	1077	0	1659	false	1972	None
LINESTRING (3188004.051 216265.706, 3188006.166 216275.365)	124	1077	0	1660	false	1972	None
LINESTRING (3188006.166 216275.365, 3188006.646 216276.15)	124	1077	0	1661	false	1972	None
LINESTRING (3188006.646 216276.15, 3188010.477 216284.458)	124	1077	0	1662	false	1972	None
LINESTRING (3188010.477 216284.458, 3188013.015 216294.045)	124	1077	0	1663	false	1972	None
LINESTRING (3188013.015 216294.045, 3188013.946 216303.954)	124	1077	0	1664	false	1972	None
LINESTRING (3188013.946 216303.954, 3188013.056 216313.98)	124	1077	0	1665	false	1972	None
LINESTRING (3188013.056 216313.98, 3188009.864 216323.339)	124	1077	0	1666	false	1972	None
LINESTRING (3188009.864 216323.339, 3188004.623 216331.89)	124	1077	0	1667	false	1972	None
LINESTRING (3188004.623 216331.89, 3188000.878 216341.151)	124	1077	0	1668	false	1972	None
LINESTRING (3188000.878 216341.151, 3187998.711 216350.913)	124	1077	0	1669	false	1972	None
LINESTRING (3187998.711 216350.913, 3187998.243 216360.867)	124	1077	0	1670	false	1972	None
LINESTRING (3187998.243 216360.867, 3187999.346 216370.844)	124	1077	0	1671	false	1972	None
LINESTRING (3187999.346 216370.844, 3188001.46 216380.503)	124	1077	0	1672	false	1972	None
LINESTRING (3188001.46 216380.503, 3188004.718 216390.015)	124	1077	0	1673	false	1972	None
LINESTRING (3188004.718 216390.015, 3188008.943 216399.074)	124	1077	0	1674	false	1972	None
LINESTRING (3188008.943 216399.074, 3188013.925 216407.715)	124	1077	0	1675	false	1972	None
LINESTRING (3188013.925 216407.715, 3188019.577 216415.905)	124	1077	0	1676	false	1972	None
LINESTRING (3188019.577 216415.905, 3188025.986 216423.677)	124	1077	0	1677	false	1972	None
LINESTRING (3188025.986 216423.677, 3188032.977 216430.723)	124	1077	0	1678	false	1972	None
LINESTRING (3188032.977 216430.723, 3188038.422 216439.189)	124	1077	0	1679	false	1972	None
LINESTRING (3188038.422 216439.189, 3188042.688 216448.144)	124	1077	0	1680	false	1972	None
LINESTRING (3188042.688 216448.144, 3188056.177 216485.78)	124	1077	0	1681	false	1972	None
LINESTRING (3188056.177 216485.78, 3188095.902 216577.522)	124	1077	0	1682	false	1972	None
LINESTRING (3188095.902 216577.522, 3188112.424 216613.966)	124	1077	0	1683	false	1972	None
LINESTRING (3188112.424 216613.966, 3188115.283 216622.487)	124	1077	0	1684	false	1972	None
LINESTRING (3188115.283 216622.487, 3188121.061 216640.626)	124	1077	0	1685	false	1972	None
LINESTRING (3188121.061 216640.626, 3188124.696 216649.93)	124	1077	0	1686	false	1972	None
LINESTRING (3188124.696 216649.93, 3188153.681 216713.587)	124	1077	0	1687	false	1972	None
LINESTRING (3188153.681 216713.587, 3188158.495 216722.401)	124	1077	0	1688	false	1972	None
LINESTRING (3188158.495 216722.401, 3188163.729 216730.903)	124	1077	0	1689	false	1972	None
LINESTRING (3188163.729 216730.903, 3188175.663 216746.934)	124	1077	0	1690	false	1972	None
LINESTRING (3188175.663 216746.934, 3188176.932 216756.738)	124	1077	0	1691	false	1972	None
LINESTRING (3188176.932 216756.738, 3188174.252 216766.298)	124	1077	0	1692	false	1972	None
LINESTRING (3188174.252 216766.298, 3188168.022 216774.103)	124	1077	0	1693	false	1972	None
LINESTRING (3188168.022 216774.103, 3188167.172 216784.026)	124	1077	0	1694	false	1972	None
LINESTRING (3188167.172 216784.026, 3188169.457 216793.752)	124	1077	0	1695	false	1972	None
LINESTRING (3188169.457 216793.752, 3188171.827 216813.532)	124	1077	0	1696	false	1972	None
LINESTRING (3188171.827 216813.532, 3188171.961 216816.447)	124	1077	0	1697	false	1972	None
LINESTRING (3188171.961 216816.447, 3188172.632 216833.529)	124	1077	0	1698	false	1972	None
LINESTRING (3188172.632 216833.529, 3188174.368 216843.397)	124	1077	0	1699	false	1972	None
LINESTRING (3188174.368 216843.397, 3188177.328 216852.913)	124	1077	0	1700	false	1972	None
LINESTRING (3188177.328 216852.913, 3188181.553 216861.971)	124	1077	0	1701	false	1972	None
LINESTRING (3188181.553 216861.971, 3188186.826 216870.37)	124	1077	0	1702	false	1972	None
LINESTRING (3188186.826 216870.37, 3188190.335 216879.744)	124	1077	0	1703	false	1972	None
LINESTRING (3188190.335 216879.744, 3188192.917 216889.468)	124	1077	0	1704	false	1972	None
LINESTRING (3188192.917 216889.468, 3188194.568 216899.302)	124	1077	0	1705	false	1972	None
LINESTRING (3188194.568 216899.302, 3188204.342 216938.1)	124	1077	0	1706	false	1972	None
LINESTRING (3188204.342 216938.1, 3188214.108 216966.398)	124	1077	0	1707	false	1972	None
LINESTRING (3188214.108 216966.398, 3188220.097 216974.482)	124	1077	0	1708	false	1972	None
LINESTRING (3188220.097 216974.482, 3188227.628 216980.907)	124	1077	0	1709	false	1972	None
LINESTRING (3188227.628 216980.907, 3188236.484 216985.468)	124	1077	0	1710	false	1972	None
LINESTRING (3188236.484 216985.468, 3188243.978 216987.226)	124	1077	0	1711	false	1972	None
LINESTRING (3188243.978 216987.226, 3188258.112 216990.407)	124	1077	0	1712	false	1972	None
LINESTRING (3188258.112 216990.407, 3188268.05 216991.22)	124	1077	0	1713	false	1972	None
LINESTRING (3188268.05 216991.22, 3188278.053 216990.865)	124	1077	0	1714	false	1972	None
LINESTRING (3188278.053 216990.865, 3188287.955 216989.516)	124	1077	0	1715	false	1972	None
LINESTRING (3188287.955 216989.516, 3188297.929 216989.985)	124	1077	0	1716	false	1972	None
LINESTRING (3188297.929 216989.985, 3188307.712 216991.691)	124	1077	0	1717	false	1972	None
LINESTRING (3188307.712 216991.691, 3188317.305 216994.634)	124	1077	0	1718	false	1972	None
LINESTRING (3188317.305 216994.634, 3188325.831 216999.781)	124	1077	0	1719	false	1972	None
LINESTRING (3188325.831 216999.781, 3188332.988 217006.655)	124	1077	0	1720	false	1972	None
LINESTRING (3188332.988 217006.655, 3188338.473 217015.018)	124	1077	0	1721	false	1972	None
LINESTRING (3188338.473 217015.018, 3188344.376 217023.068)	124	1077	0	1722	false	1972	None
LINESTRING (3188344.376 217023.068, 3188357.148 217038.475)	124	1077	0	1723	false	1972	None
LINESTRING (3188357.148 217038.475, 3188364.263 217045.452)	124	1077	0	1724	false	1972	None
LINESTRING (3188364.263 217045.452, 3188371.838 217052.014)	124	1077	0	1725	false	1972	None
LINESTRING (3188371.838 217052.014, 3188379.869 217057.92)	124	1077	0	1726	false	1972	None
LINESTRING (3188379.869 217057.92, 3188397.007 217068.249)	124	1077	0	1727	false	1972	None
LINESTRING (3188397.007 217068.249, 3188405.904 217072.707)	124	1077	0	1728	false	1972	None
LINESTRING (3188405.904 217072.707, 3188415.252 217076.269)	124	1077	0	1729	false	1972	None
LINESTRING (3188415.252 217076.269, 3188424.881 217078.869)	124	1077	0	1730	false	1972	None
LINESTRING (3188424.881 217078.869, 3188434.705 217080.471)	124	1077	0	1731	false	1972	None
LINESTRING (3188434.705 217080.471, 3188441.694 217087.518)	124	1077	0	1732	false	1972	None
LINESTRING (3188441.694 217087.518, 3188445.329 217096.822)	124	1077	0	1733	false	1972	None
LINESTRING (3188445.329 217096.822, 3188450.183 217105.533)	124	1077	0	1734	false	1972	None
LINESTRING (3188450.183 217105.533, 3188455.668 217113.896)	124	1077	0	1735	false	1972	None
LINESTRING (3188455.668 217113.896, 3188460.523 217122.607)	124	1077	0	1736	false	1972	None
LINESTRING (3188460.523 217122.607, 3188464.747 217131.666)	124	1077	0	1737	false	1972	None
LINESTRING (3188464.747 217131.666, 3188469.475 217140.446)	124	1077	0	1738	false	1972	None
LINESTRING (3188469.475 217140.446, 3188480.444 217157.172)	124	1077	0	1739	false	1972	None
LINESTRING (3188480.444 217157.172, 3188486.641 217164.98)	124	1077	0	1740	false	1972	None
LINESTRING (3188486.641 217164.98, 3188491.873 217173.482)	124	1077	0	1741	false	1972	None
LINESTRING (3188491.873 217173.482, 3188496.687 217182.296)	124	1077	0	1742	false	1972	None
LINESTRING (3188496.687 217182.296, 3188500.826 217191.322)	124	1077	0	1743	false	1972	None
LINESTRING (3188500.826 217191.322, 3188504.46 217200.626)	124	1077	0	1744	false	1972	None
LINESTRING (3188504.46 217200.626, 3188507.464 217210.278)	124	1077	0	1745	false	1972	N:3188504.529404476 217200.849
LINESTRING (3187548.142 214487.621, 3187512.076 214474.737)	124	1078	0	0	false	1188	None
LINESTRING (3187512.076 214474.737, 3187502.33 214470.424)	124	1078	0	1	false	1188	None
LINESTRING (3187502.33 214470.424, 3187489.797 214456.903)	124	1078	0	2	false	1188	None
LINESTRING (3187489.797 214456.903, 3187489.3 214455.157)	124	1078	0	3	false	1188	None
LINESTRING (3187489.3 214455.157, 3187487.558 214450.058)	124	1078	0	4	false	1188	None
LINESTRING (3187487.558 214450.058, 3187486.935 214448.382)	124	1078	0	5	false	1188	None
LINESTRING (3187486.935 214448.382, 3187483.492 214438.082)	124	1078	0	6	false	1188	None
LINESTRING (3187483.492 214438.082, 3187478.663 214413.759)	124	1078	0	7	false	1188	None
LINESTRING (3187478.663 214413.759, 3187461.952 214332.4)	124	1078	0	8	false	1188	None
LINESTRING (3187461.952 214332.4, 3187454.813 214309.434)	124	1078	0	9	false	1188	None
LINESTRING (3187454.813 214309.434, 3187453.917 214306.697)	124	1078	0	10	false	1188	None
LINESTRING (3187453.917 214306.697, 3187442.294 214277.076)	124	1078	0	11	false	1188	None
LINESTRING (3187442.294 214277.076, 3187442.701 214261.254)	124	1078	0	12	false	1188	None
LINESTRING (3187442.701 214261.254, 3187444.479 214248.715)	124	1078	0	13	false	1188	None
LINESTRING (3187444.479 214248.715, 3187457.013 214180.776)	124	1078	0	14	false	1188	None
LINESTRING (3187457.013 214180.776, 3187474.152 214087.099)	124	1078	0	15	false	1188	None
LINESTRING (3187474.152 214087.099, 3187494.14 213969.14)	124	1078	0	16	false	1188	None
LINESTRING (3187494.14 213969.14, 3187498.62 213901.609)	124	1078	0	17	false	1188	None
LINESTRING (3187498.62 213901.609, 3187499.597 213891.856)	124	1078	0	18	false	1188	None
LINESTRING (3187499.597 213891.856, 3187506.637 213817.82)	124	1078	0	19	false	1188	None
LINESTRING (3187506.637 213817.82, 3187511.748 213796.813)	124	1078	0	20	false	1188	None
LINESTRING (3187511.748 213796.813, 3187512.366 213795.744)	124	1078	0	21	false	1188	None
LINESTRING (3187512.366 213795.744, 3187519.354 213782.751)	124	1078	0	22	false	1188	None
LINESTRING (3187519.354 213782.751, 3187543.251 213756.376)	124	1078	0	23	false	1188	None
LINESTRING (3187543.251 213756.376, 3187574.199 213725.621)	124	1078	0	24	false	1188	None
LINESTRING (3187574.199 213725.621, 3187584.084 213715.796)	124	1078	0	25	false	1188	None
LINESTRING (3187584.084 213715.796, 3187630.667 213671.635)	124	1078	0	26	false	1188	None
LINESTRING (3187630.667 213671.635, 3187659.784 213638.012)	124	1078	0	27	false	1188	None
LINESTRING (3187659.784 213638.012, 3187670.489 213621.592)	124	1078	0	28	false	1188	None
LINESTRING (3187670.489 213621.592, 3187677.509 213605.511)	124	1078	0	29	false	1188	None
LINESTRING (3187677.509 213605.511, 3187680.978 213587.675)	124	1078	0	30	false	1188	None
LINESTRING (3187680.978 213587.675, 3187680.063 213573.957)	124	1078	0	31	false	1188	None
LINESTRING (3187680.063 213573.957, 3187663.087 213536.624)	124	1078	0	32	false	1188	None
LINESTRING (3187663.087 213536.624, 3187638.847 213503.708)	124	1078	0	33	false	1188	None
LINESTRING (3187638.847 213503.708, 3187633.073 213496.068)	124	1078	0	34	false	1188	None
LINESTRING (3187633.073 213496.068, 3187590.175 213448.891)	124	1078	0	35	false	1188	None
LINESTRING (3187590.175 213448.891, 3187583.824 213442.217)	124	1078	0	36	false	1188	None
LINESTRING (3187583.824 213442.217, 3187574.185 213431.864)	124	1078	0	37	false	1188	None
LINESTRING (3187574.185 213431.864, 3187544.975 213401.047)	124	1078	0	38	false	1188	None
LINESTRING (3187544.975 213401.047, 3187535.21 213390.764)	124	1078	0	39	false	1188	None
LINESTRING (3187535.21 213390.764, 3187528.993 213384.501)	124	1078	0	40	false	1188	None
LINESTRING (3187528.993 213384.501, 3187510.341 213365.711)	124	1078	0	41	false	1188	None
LINESTRING (3187510.341 213365.711, 3187504.124 213359.448)	124	1078	0	42	false	1188	None
LINESTRING (3187504.124 213359.448, 3187492.83 213339.26)	124	1078	0	43	false	1188	None
LINESTRING (3187492.83 213339.26, 3187487.493 213324.995)	124	1078	0	44	false	1188	None
LINESTRING (3187487.493 213324.995, 3187485.14 213318.94)	124	1078	0	45	false	1188	None
LINESTRING (3187485.14 213318.94, 3187477.408 213271.65)	124	1078	0	46	false	1188	None
LINESTRING (3187477.408 213271.65, 3187470.328 213225.213)	124	1078	0	47	false	1188	None
LINESTRING (3187470.328 213225.213, 3187466.804 213210.35)	124	1078	0	48	false	1188	None
LINESTRING (3187466.804 213210.35, 3187465.627 213206.07)	124	1078	0	49	false	1188	None
LINESTRING (3187465.627 213206.07, 3187459.857 213186.387)	124	1078	0	50	false	1188	None
LINESTRING (3187459.857 213186.387, 3187451.513 213169.984)	124	1078	0	51	false	1188	None
LINESTRING (3187451.513 213169.984, 3187449.315 213165.541)	124	1078	0	52	false	1188	None
LINESTRING (3187449.315 213165.541, 3187446.201 213159.664)	124	1078	0	53	false	1188	None
LINESTRING (3187446.201 213159.664, 3187441.464 213153.149)	124	1078	0	54	false	1188	None
LINESTRING (3187441.464 213153.149, 3187438.514 213149.364)	124	1078	0	55	false	1188	None
LINESTRING (3187438.514 213149.364, 3187434.953 213144.623)	124	1078	0	56	false	1188	None
LINESTRING (3187434.953 213144.623, 3187415.397 213122.616)	124	1078	0	57	false	1188	None
LINESTRING (3187415.397 213122.616, 3187410.409 213118.745)	124	1078	0	58	false	1188	None
LINESTRING (3187410.409 213118.745, 3187386.631 213100.443)	124	1078	0	59	false	1188	None
LINESTRING (3187386.631 213100.443, 3187375.214 213090.344)	124	1078	0	60	false	1188	None
LINESTRING (3187375.214 213090.344, 3187370.217 213083.488)	124	1078	0	61	false	1188	None
LINESTRING (3187370.217 213083.488, 3187369.119 213073.992)	124	1078	0	62	false	1188	None
LINESTRING (3187369.119 213073.992, 3187369.881 213066.54)	124	1078	0	63	false	1188	None
LINESTRING (3187369.881 213066.54, 3187370.789 213057.714)	124	1078	0	64	false	1188	None
LINESTRING (3187370.789 213057.714, 3187379.971 213014.576)	124	1078	0	65	false	1188	None
LINESTRING (3187379.971 213014.576, 3187380.32 213002.906)	124	1078	0	66	false	1188	None
LINESTRING (3187380.32 213002.906, 3187380.586 212983.929)	124	1078	0	67	false	1188	None
LINESTRING (3187380.586 212983.929, 3187379.274 212976.734)	124	1078	0	68	false	1188	None
LINESTRING (3187379.274 212976.734, 3187375.41 212956.966)	124	1078	0	69	false	1188	None
LINESTRING (3187375.41 212956.966, 3187370.161 212940.47)	124	1078	0	70	false	1188	None
LINESTRING (3187370.161 212940.47, 3187369.897 212939.889)	124	1078	0	71	false	1188	None
LINESTRING (3187369.897 212939.889, 3187365.18 212922.29)	124	1078	0	72	false	1188	None
LINESTRING (3187365.18 212922.29, 3187353.051 212893.187)	124	1078	0	73	false	1188	None
LINESTRING (3187353.051 212893.187, 3187352.437 212891.992)	124	1078	0	74	false	1188	None
LINESTRING (3187352.437 212891.992, 3187343.792 212877.856)	124	1078	0	75	false	1188	None
LINESTRING (3187343.792 212877.856, 3187323.347 212843.812)	124	1078	0	76	false	1188	None
LINESTRING (3187323.347 212843.812, 3187313.67 212833.802)	124	1078	0	77	false	1188	None
LINESTRING (3187313.67 212833.802, 3187255.85 212775.391)	124	1078	0	78	false	1188	None
LINESTRING (3187255.85 212775.391, 3187247.63 212756.414)	124	1078	0	79	false	1188	None
LINESTRING (3187247.63 212756.414, 3187243.862 212732.391)	124	1078	0	80	false	1188	None
LINESTRING (3187243.862 212732.391, 3187244.111 212712.452)	124	1078	0	81	false	1188	None
LINESTRING (3187244.111 212712.452, 3187247.43 212693.484)	124	1078	0	82	false	1188	None
LINESTRING (3187247.43 212693.484, 3187250.774 212673.452)	124	1078	0	83	false	1188	None
LINESTRING (3187250.774 212673.452, 3187256.915 212648.319)	124	1078	0	84	false	1188	None
LINESTRING (3187256.915 212648.319, 3187258.735 212633.412)	124	1078	0	85	false	1188	None
LINESTRING (3187258.735 212633.412, 3187259.145 212630.114)	124	1078	0	86	false	1188	None
LINESTRING (3187259.145 212630.114, 3187259.154 212623.32)	124	1078	0	87	false	1188	None
LINESTRING (3187259.154 212623.32, 3187259.042 212607.057)	124	1078	0	88	false	1188	None
LINESTRING (3187259.042 212607.057, 3187257.661 212593.514)	124	1078	0	89	false	1188	None
LINESTRING (3187257.661 212593.514, 3187256.474 212583.744)	124	1078	0	90	false	1188	None
LINESTRING (3187256.474 212583.744, 3187256.314 212581.893)	124	1078	0	91	false	1188	None
LINESTRING (3187256.314 212581.893, 3187255.71 212576.407)	124	1078	0	92	false	1188	None
LINESTRING (3187255.71 212576.407, 3187255.425 212574.625)	124	1078	0	93	false	1188	None
LINESTRING (3187255.425 212574.625, 3187254.384 212565.987)	124	1078	0	94	false	1188	None
LINESTRING (3187254.384 212565.987, 3187253.835 212556.349)	124	1078	0	95	false	1188	None
LINESTRING (3187253.835 212556.349, 3187253.078 212546.988)	124	1078	0	96	false	1188	None
LINESTRING (3187253.078 212546.988, 3187256.214 212505.168)	124	1078	0	97	false	1188	None
LINESTRING (3187256.214 212505.168, 3187256.342 212500.329)	124	1078	0	98	false	1188	None
LINESTRING (3187256.342 212500.329, 3187256.656 212481.728)	124	1078	0	99	false	1188	None
LINESTRING (3187256.656 212481.728, 3187227.807 212501.385)	124	1078	0	100	false	1188	None
LINESTRING (3187227.807 212501.385, 3187141.22 212560.458)	124	1078	0	101	false	1188	None
LINESTRING (3187141.22 212560.458, 3187112.331 212580.218)	124	1078	0	102	false	1188	None
LINESTRING (3187112.331 212580.218, 3187108.992 212561.373)	124	1078	0	103	false	1188	None
LINESTRING (3187108.992 212561.373, 3187107.25 212549)	124	1078	0	104	false	1188	None
LINESTRING (3187107.25 212549, 3187106.948 212536.478)	124	1078	0	105	false	1188	None
LINESTRING (3187106.948 212536.478, 3187106.432 212518.982)	124	1078	0	106	false	1188	None
LINESTRING (3187106.432 212518.982, 3187106.261 212499.356)	124	1078	0	107	false	1188	None
LINESTRING (3187106.261 212499.356, 3187105.306 212434.58)	124	1078	0	108	false	1188	None
LINESTRING (3187105.306 212434.58, 3187103.214 212404.538)	124	1078	0	109	false	1188	None
LINESTRING (3187103.214 212404.538, 3187101.786 212395.628)	124	1078	0	110	false	1188	None
LINESTRING (3187101.786 212395.628, 3187094.061 212349.059)	124	1078	0	111	false	1188	None
LINESTRING (3187094.061 212349.059, 3187085.127 212308.573)	124	1078	0	112	false	1188	None
LINESTRING (3187085.127 212308.573, 3187007.884 212012.116)	124	1078	0	113	false	1188	None
LINESTRING (3187007.884 212012.116, 3186971.035 211874.545)	124	1078	0	114	false	1188	None
LINESTRING (3186971.035 211874.545, 3186924.749 211702.016)	124	1078	0	115	false	1188	None
LINESTRING (3186924.749 211702.016, 3186910.039 211646.857)	124	1078	0	116	false	1188	None
LINESTRING (3186910.039 211646.857, 3186878.186 211528.426)	124	1078	0	117	false	1188	None
LINESTRING (3186878.186 211528.426, 3186865.989 211481.173)	124	1078	0	118	false	1188	None
LINESTRING (3186865.989 211481.173, 3186851.57 211425.771)	124	1078	0	119	false	1188	None
LINESTRING (3186851.57 211425.771, 3186848.982 211416.047)	124	1078	0	120	false	1188	None
LINESTRING (3186848.982 211416.047, 3186845.248 211401.46)	124	1078	0	121	false	1188	None
LINESTRING (3186845.248 211401.46, 3186839.379 211381.263)	124	1078	0	122	false	1188	None
LINESTRING (3186839.379 211381.263, 3186824.316 211332.764)	124	1078	0	123	false	1188	None
LINESTRING (3186824.316 211332.764, 3186815.204 211311.529)	124	1078	0	124	false	1188	None
LINESTRING (3186815.204 211311.529, 3186804.477 211290.137)	124	1078	0	125	false	1188	None
LINESTRING (3186804.477 211290.137, 3186791.4 211272.71)	124	1078	0	126	false	1188	None
LINESTRING (3186791.4 211272.71, 3186789.662 211270.356)	124	1078	0	127	false	1188	None
LINESTRING (3186789.662 211270.356, 3186781.304 211260.748)	124	1078	0	128	false	1188	None
LINESTRING (3186781.304 211260.748, 3186766.879 211246.249)	124	1078	0	129	false	1188	None
LINESTRING (3186766.879 211246.249, 3186763.423 211242.743)	124	1078	0	130	false	1188	None
LINESTRING (3186763.423 211242.743, 3186759.711 211239.136)	124	1078	0	131	false	1188	None
LINESTRING (3186759.711 211239.136, 3186752.762 211232.468)	124	1078	0	132	false	1188	None
LINESTRING (3186752.762 211232.468, 3186749.14 211229.135)	124	1078	0	133	false	1188	None
LINESTRING (3186749.14 211229.135, 3186733.648 211214.335)	124	1078	0	134	false	1188	None
LINESTRING (3186733.648 211214.335, 3186686.794 211170.146)	124	1078	0	135	false	1188	None
LINESTRING (3186686.794 211170.146, 3186671.176 211155.417)	124	1078	0	136	false	1188	None
LINESTRING (3186671.176 211155.417, 3186660.91 211145.893)	124	1078	0	137	false	1188	None
LINESTRING (3186660.91 211145.893, 3186653.36 211138.749)	124	1078	0	138	false	1188	None
LINESTRING (3186653.36 211138.749, 3186599.699 211088.783)	124	1078	0	139	false	1188	None
LINESTRING (3186599.699 211088.783, 3186586.674 211076.743)	124	1078	0	140	false	1188	None
LINESTRING (3186586.674 211076.743, 3186581.838 211071.979)	124	1078	0	141	false	1188	None
LINESTRING (3186581.838 211071.979, 3186555.945 211047.246)	124	1078	0	142	false	1188	None
LINESTRING (3186555.945 211047.246, 3186527.031 211017.151)	124	1078	0	143	false	1188	None
LINESTRING (3186527.031 211017.151, 3186525.948 211015.89)	124	1078	0	144	false	1188	None
LINESTRING (3186525.948 211015.89, 3186510.434 210999.89)	124	1078	0	145	false	1188	None
LINESTRING (3186510.434 210999.89, 3186509.405 210999.247)	124	1078	0	146	false	1188	None
LINESTRING (3186509.405 210999.247, 3186500.426 210985.698)	124	1078	0	147	false	1188	None
LINESTRING (3186500.426 210985.698, 3186492.109 210963.943)	124	1078	0	148	false	1188	None
LINESTRING (3186492.109 210963.943, 3186487.516 210944.01)	124	1078	0	149	false	1188	None
LINESTRING (3186487.516 210944.01, 3186485.21 210931.058)	124	1078	0	150	false	1188	None
LINESTRING (3186485.21 210931.058, 3186483.756 210915.938)	124	1078	0	151	false	1188	None
LINESTRING (3186483.756 210915.938, 3186484.229 210904.199)	124	1078	0	152	false	1188	None
LINESTRING (3186484.229 210904.199, 3186489.705 210877.732)	124	1078	0	153	false	1188	None
LINESTRING (3186489.705 210877.732, 3186495.991 210858.738)	124	1078	0	154	false	1188	None
LINESTRING (3186495.991 210858.738, 3186504.625 210840.549)	124	1078	0	155	false	1188	None
LINESTRING (3186504.625 210840.549, 3186513.046 210827.166)	124	1078	0	156	false	1188	None
LINESTRING (3186513.046 210827.166, 3186521.546 210815.841)	124	1078	0	157	false	1188	None
LINESTRING (3186521.546 210815.841, 3186535.297 210801.453)	124	1078	0	158	false	1188	None
LINESTRING (3186535.297 210801.453, 3186554.546 210786.128)	124	1078	0	159	false	1188	None
LINESTRING (3186554.546 210786.128, 3186608.779 210742.823)	124	1078	0	160	false	1188	None
LINESTRING (3186608.779 210742.823, 3186653.68 210706.939)	124	1078	0	161	false	1188	None
LINESTRING (3186653.68 210706.939, 3186675.384 210686.378)	124	1078	0	162	false	1188	None
LINESTRING (3186675.384 210686.378, 3186704.465 210653.335)	124	1078	0	163	false	1188	None
LINESTRING (3186704.465 210653.335, 3186714.673 210640.177)	124	1078	0	164	false	1188	None
LINESTRING (3186714.673 210640.177, 3186724.351 210625.857)	124	1078	0	165	false	1188	None
LINESTRING (3186724.351 210625.857, 3186728.801 210618.306)	124	1078	0	166	false	1188	None
LINESTRING (3186728.801 210618.306, 3186746.22 210588.069)	124	1078	0	167	false	1188	None
LINESTRING (3186746.22 210588.069, 3186781.769 210500.448)	124	1078	0	168	false	1188	None
LINESTRING (3186781.769 210500.448, 3186797.998 210460.442)	124	1078	0	169	false	1188	None
LINESTRING (3186797.998 210460.442, 3186807.516 210436.996)	124	1078	0	170	false	1188	None
LINESTRING (3186807.516 210436.996, 3186836.029 210366.761)	124	1078	0	171	false	1188	None
LINESTRING (3186836.029 210366.761, 3186845.506 210343.418)	124	1078	0	172	false	1188	None
LINESTRING (3186845.506 210343.418, 3186848.232 210336.739)	124	1078	0	173	false	1188	None
LINESTRING (3186848.232 210336.739, 3186856.324 210316.667)	124	1078	0	174	false	1188	None
LINESTRING (3186856.324 210316.667, 3186858.924 210310.058)	124	1078	0	175	false	1188	None
LINESTRING (3186858.924 210310.058, 3186903.3 210200.746)	124	1078	0	176	false	1188	None
LINESTRING (3186903.3 210200.746, 3186910.242 210182.846)	124	1078	0	177	false	1188	None
LINESTRING (3186910.242 210182.846, 3186915.804 210163.687)	124	1078	0	178	false	1188	None
LINESTRING (3186915.804 210163.687, 3186919.787 210144.027)	124	1078	0	179	false	1188	None
LINESTRING (3186919.787 210144.027, 3186922.069 210124.175)	124	1078	0	180	false	1188	None
LINESTRING (3186922.069 210124.175, 3186922.65 210104.13)	124	1078	0	181	false	1188	None
LINESTRING (3186922.65 210104.13, 3186921.579 210084.271)	124	1078	0	182	false	1188	None
LINESTRING (3186921.579 210084.271, 3186919.105 210064.218)	124	1078	0	183	false	1188	None
LINESTRING (3186919.105 210064.218, 3186915.325 210044.724)	124	1078	0	184	false	1188	None
LINESTRING (3186915.325 210044.724, 3186910.231 210025.309)	124	1078	0	185	false	1188	None
LINESTRING (3186910.231 210025.309, 3186903.019 210003.75)	124	1078	0	186	false	1188	None
LINESTRING (3186903.019 210003.75, 3186857.496 209881.381)	124	1078	0	187	false	1188	None
LINESTRING (3186857.496 209881.381, 3186847.702 209855.348)	124	1078	0	188	false	1188	None
LINESTRING (3186847.702 209855.348, 3186842.81 209835.417)	124	1078	0	189	false	1188	None
LINESTRING (3186842.81 209835.417, 3186835.76 209806.171)	124	1078	0	190	false	1188	None
LINESTRING (3186835.76 209806.171, 3186834.09 209786.076)	124	1078	0	191	false	1188	None
LINESTRING (3186834.09 209786.076, 3186833.761 209774.618)	124	1078	0	192	false	1188	None
LINESTRING (3186833.761 209774.618, 3186833.475 209760.792)	124	1078	0	193	false	1188	None
LINESTRING (3186833.475 209760.792, 3186836.945 209728.885)	124	1078	0	194	false	1188	None
LINESTRING (3186836.945 209728.885, 3186842.409 209699.433)	124	1078	0	195	false	1188	None
LINESTRING (3186842.409 209699.433, 3186854.153 209665.056)	124	1078	0	196	false	1188	None
LINESTRING (3186854.153 209665.056, 3186861.557 209639.706)	124	1078	0	197	false	1188	None
LINESTRING (3186861.557 209639.706, 3186866.041 209609.987)	124	1078	0	198	false	1188	None
LINESTRING (3186866.041 209609.987, 3186866.581 209590.046)	124	1078	0	199	false	1188	None
LINESTRING (3186866.581 209590.046, 3186866.316 209560.607)	124	1078	0	200	false	1188	None
LINESTRING (3186866.316 209560.607, 3186867.153 209552.707)	124	1078	0	201	false	1188	None
LINESTRING (3186867.153 209552.707, 3186867.444 209549.96)	124	1078	0	202	false	1188	None
LINESTRING (3186867.444 209549.96, 3186870.504 209538.165)	124	1078	0	203	false	1188	None
LINESTRING (3186870.504 209538.165, 3186998.74 209595.278)	124	1078	0	204	false	1188	None
LINESTRING (3186998.74 209595.278, 3187021.675 209605.968)	124	1078	0	205	false	1188	None
LINESTRING (3187021.675 209605.968, 3187116.5 209650.419)	124	1078	0	206	false	1188	None
LINESTRING (3187116.5 209650.419, 3187265.878 209717.761)	124	1078	0	207	false	1188	None
LINESTRING (3187265.878 209717.761, 3187297.746 209732.085)	124	1078	0	208	false	1188	None
LINESTRING (3187297.746 209732.085, 3187399.289 209779.779)	124	1078	0	209	false	1188	None
LINESTRING (3187399.289 209779.779, 3187584.879 209864.95)	124	1078	0	210	false	1188	None
LINESTRING (3187584.879 209864.95, 3187615.338 209878.84)	124	1078	0	211	false	1188	None
LINESTRING (3187615.338 209878.84, 3187666.635 209902.479)	124	1078	0	212	false	1188	None
LINESTRING (3187666.635 209902.479, 3187714.029 209923.748)	124	1078	0	213	false	1188	None
LINESTRING (3187714.029 209923.748, 3187730.455 209931.164)	124	1078	0	214	false	1188	None
LINESTRING (3187730.455 209931.164, 3187745.725 209938.006)	124	1078	0	215	false	1188	None
LINESTRING (3187745.725 209938.006, 3187840.085 209980.376)	124	1078	0	216	false	1188	None
LINESTRING (3187840.085 209980.376, 3187843.593 209981.995)	124	1078	0	217	false	1188	None
LINESTRING (3187843.593 209981.995, 3187880.592 209998.579)	124	1078	0	218	false	1188	None
LINESTRING (3187880.592 209998.579, 3187887.905 210001.814)	124	1078	0	219	false	1188	None
LINESTRING (3187887.905 210001.814, 3187924.115 210019.4)	124	1078	0	220	false	1188	None
LINESTRING (3187924.115 210019.4, 3187971.497 210042.454)	124	1078	0	221	false	1188	None
LINESTRING (3187971.497 210042.454, 3188033.444 210070.882)	124	1078	0	222	false	1188	None
LINESTRING (3188033.444 210070.882, 3188066.556 210086.057)	124	1078	0	223	false	1188	None
LINESTRING (3188066.556 210086.057, 3188069.677 210087.404)	124	1078	0	224	false	1188	None
LINESTRING (3188069.677 210087.404, 3188078.875 210091.62)	124	1078	0	225	false	1188	None
LINESTRING (3188078.875 210091.62, 3188081.87 210093.037)	124	1078	0	226	false	1188	None
LINESTRING (3188081.87 210093.037, 3188097.698 210100.218)	124	1078	0	227	false	1188	None
LINESTRING (3188097.698 210100.218, 3188111.218 210106.492)	124	1078	0	228	false	1188	None
LINESTRING (3188111.218 210106.492, 3188145.086 210121.249)	124	1078	0	229	false	1188	None
LINESTRING (3188145.086 210121.249, 3188160.909 210128.191)	124	1078	0	230	false	1188	None
LINESTRING (3188160.909 210128.191, 3188180.623 210136.783)	124	1078	0	231	false	1188	None
LINESTRING (3188180.623 210136.783, 3188209.97 210150.238)	124	1078	0	232	false	1188	None
LINESTRING (3188209.97 210150.238, 3188286.035 210068.543)	124	1078	0	233	false	1188	None
LINESTRING (3188286.035 210068.543, 3188376.663 209977.432)	124	1078	0	234	false	1188	None
LINESTRING (3188376.663 209977.432, 3188381.71 209972.382)	124	1078	0	235	false	1188	None
LINESTRING (3188381.71 209972.382, 3188384.837 209969.2)	124	1078	0	236	false	1188	None
LINESTRING (3188384.837 209969.2, 3188394.097 209959.964)	124	1078	0	237	false	1188	None
LINESTRING (3188394.097 209959.964, 3188397.099 209956.851)	124	1078	0	238	false	1188	None
LINESTRING (3188397.099 209956.851, 3188413.199 209940.766)	124	1078	0	239	false	1188	None
LINESTRING (3188413.199 209940.766, 3188461.245 209892.41)	124	1078	0	240	false	1188	None
LINESTRING (3188461.245 209892.41, 3188477.26 209876.291)	124	1078	0	241	false	1188	None
LINESTRING (3188477.26 209876.291, 3188497.696 209855.711)	124	1078	0	242	false	1188	None
LINESTRING (3188497.696 209855.711, 3188600.853 209752.835)	124	1078	0	243	false	1188	None
LINESTRING (3188600.853 209752.835, 3188616.453 209737.269)	124	1078	0	244	false	1188	None
LINESTRING (3188616.453 209737.269, 3188808.63 209543.129)	124	1078	0	245	false	1188	None
LINESTRING (3188808.63 209543.129, 3188834.988 209516.532)	124	1078	0	246	false	1188	None
LINESTRING (3188834.988 209516.532, 3188978.16 209369.179)	124	1078	0	247	false	1188	None
LINESTRING (3188978.16 209369.179, 3189006.516 209340.267)	124	1078	0	248	false	1188	S:3188991.9662884613 209355.102
LINESTRING (3188993.181 217219.455, 3188998.558 217181.016)	124	1078	0	930	false	1188	N:3188995.783681183 217200.849
LINESTRING (3188998.558 217181.016, 3188998.183 217153.672)	124	1078	0	931	false	1188	None
LINESTRING (3188998.183 217153.672, 3188996.665 217133.989)	124	1078	0	932	false	1188	None
LINESTRING (3188996.665 217133.989, 3188991.99 217120.816)	124	1078	0	933	false	1188	None
LINESTRING (3188991.99 217120.816, 3188990.124 217118.291)	124	1078	0	934	false	1188	None
LINESTRING (3188990.124 217118.291, 3188973.455 217095.503)	124	1078	0	935	false	1188	None
LINESTRING (3188973.455 217095.503, 3188962.376 217082.311)	124	1078	0	936	false	1188	None
LINESTRING (3188962.376 217082.311, 3188956.825 217080.125)	124	1078	0	937	false	1188	None
LINESTRING (3188956.825 217080.125, 3188936.291 217074.661)	124	1078	0	938	false	1188	None
LINESTRING (3188936.291 217074.661, 3188924.754 217079.659)	124	1078	0	939	false	1188	None
LINESTRING (3188924.754 217079.659, 3188922.209 217079.61)	124	1078	0	940	false	1188	None
LINESTRING (3188922.209 217079.61, 3188896.281 217083.831)	124	1078	0	941	false	1188	None
LINESTRING (3188896.281 217083.831, 3188862.924 217092.639)	124	1078	0	942	false	1188	None
LINESTRING (3188862.924 217092.639, 3188844.405 217106.099)	124	1078	0	943	false	1188	None
LINESTRING (3188844.405 217106.099, 3188760.574 217190.213)	124	1078	0	944	false	1188	None
LINESTRING (3188760.574 217190.213, 3188698.24 217248.8)	124	1078	0	945	false	1188	N:3188749.2577621997 217200.849
LINESTRING (3188507.464 217210.278, 3188504.46 217200.626)	124	1078	0	965	false	1188	N:3188504.529404476 217200.849
LINESTRING (3188504.46 217200.626, 3188500.826 217191.322)	124	1078	0	966	false	1188	None
LINESTRING (3188500.826 217191.322, 3188496.687 217182.296)	124	1078	0	967	false	1188	None
LINESTRING (3188496.687 217182.296, 3188491.873 217173.482)	124	1078	0	968	false	1188	None
LINESTRING (3188491.873 217173.482, 3188486.641 217164.98)	124	1078	0	969	false	1188	None
LINESTRING (3188486.641 217164.98, 3188480.444 217157.172)	124	1078	0	970	false	1188	None
LINESTRING (3188480.444 217157.172, 3188469.475 217140.446)	124	1078	0	971	false	1188	None
LINESTRING (3188469.475 217140.446, 3188464.747 217131.666)	124	1078	0	972	false	1188	None
LINESTRING (3188464.747 217131.666, 3188460.523 217122.607)	124	1078	0	973	false	1188	None
LINESTRING (3188460.523 217122.607, 3188455.668 217113.896)	124	1078	0	974	false	1188	None
LINESTRING (3188455.668 217113.896, 3188450.183 217105.533)	124	1078	0	975	false	1188	None
LINESTRING (3188450.183 217105.533, 3188445.329 217096.822)	124	1078	0	976	false	1188	None
LINESTRING (3188445.329 217096.822, 3188441.694 217087.518)	124	1078	0	977	false	1188	None
LINESTRING (3188441.694 217087.518, 3188434.705 217080.471)	124	1078	0	978	false	1188	None
LINESTRING (3188434.705 217080.471, 3188424.881 217078.869)	124	1078	0	979	false	1188	None
LINESTRING (3188424.881 217078.869, 3188415.252 217076.269)	124	1078	0	980	false	1188	None
LINESTRING (3188415.252 217076.269, 3188405.904 217072.707)	124	1078	0	981	false	1188	None
LINESTRING (3188405.904 217072.707, 3188397.007 217068.249)	124	1078	0	982	false	1188	None
LINESTRING (3188397.007 217068.249, 3188379.869 217057.92)	124	1078	0	983	false	1188	None
LINESTRING (3188379.869 217057.92, 3188371.838 217052.014)	124	1078	0	984	false	1188	None
LINESTRING (3188371.838 217052.014, 3188364.263 217045.452)	124	1078	0	985	false	1188	None
LINESTRING (3188364.263 217045.452, 3188357.148 217038.475)	124	1078	0	986	false	1188	None
LINESTRING (3188357.148 217038.475, 3188344.376 217023.068)	124	1078	0	987	false	1188	None
LINESTRING (3188344.376 217023.068, 3188338.473 217015.018)	124	1078	0	988	false	1188	None
LINESTRING (3188338.473 217015.018, 3188332.988 217006.655)	124	1078	0	989	false	1188	None
LINESTRING (3188332.988 217006.655, 3188325.831 216999.781)	124	1078	0	990	false	1188	None
LINESTRING (3188325.831 216999.781, 3188317.305 216994.634)	124	1078	0	991	false	1188	None
LINESTRING (3188317.305 216994.634, 3188307.712 216991.691)	124	1078	0	992	false	1188	None
LINESTRING (3188307.712 216991.691, 3188297.929 216989.985)	124	1078	0	993	false	1188	None
LINESTRING (3188297.929 216989.985, 3188287.955 216989.516)	124	1078	0	994	false	1188	None
LINESTRING (3188287.955 216989.516, 3188278.053 216990.865)	124	1078	0	995	false	1188	None
LINESTRING (3188278.053 216990.865, 3188268.05 216991.22)	124	1078	0	996	false	1188	None
LINESTRING (3188268.05 216991.22, 3188258.112 216990.407)	124	1078	0	997	false	1188	None
LINESTRING (3188258.112 216990.407, 3188243.978 216987.226)	124	1078	0	998	false	1188	None
LINESTRING (3188243.978 216987.226, 3188236.484 216985.468)	124	1078	0	999	false	1188	None
LINESTRING (3188236.484 216985.468, 3188227.628 216980.907)	124	1078	0	1000	false	1188	None
LINESTRING (3188227.628 216980.907, 3188220.097 216974.482)	124	1078	0	1001	false	1188	None
LINESTRING (3188220.097 216974.482, 3188214.108 216966.398)	124	1078	0	1002	false	1188	None
LINESTRING (3188214.108 216966.398, 3188204.342 216938.1)	124	1078	0	1003	false	1188	None
LINESTRING (3188204.342 216938.1, 3188194.568 216899.302)	124	1078	0	1004	false	1188	None
LINESTRING (3188194.568 216899.302, 3188192.917 216889.468)	124	1078	0	1005	false	1188	None
LINESTRING (3188192.917 216889.468, 3188190.335 216879.744)	124	1078	0	1006	false	1188	None
LINESTRING (3188190.335 216879.744, 3188186.826 216870.37)	124	1078	0	1007	false	1188	None
LINESTRING (3188186.826 216870.37, 3188181.553 216861.971)	124	1078	0	1008	false	1188	None
LINESTRING (3188181.553 216861.971, 3188177.328 216852.913)	124	1078	0	1009	false	1188	None
LINESTRING (3188177.328 216852.913, 3188174.368 216843.397)	124	1078	0	1010	false	1188	None
LINESTRING (3188174.368 216843.397, 3188172.632 216833.529)	124	1078	0	1011	false	1188	None
LINESTRING (3188172.632 216833.529, 3188171.961 216816.447)	124	1078	0	1012	false	1188	None
LINESTRING (3188171.961 216816.447, 3188171.827 216813.532)	124	1078	0	1013	false	1188	None
LINESTRING (3188171.827 216813.532, 3188169.457 216793.752)	124	1078	0	1014	false	1188	None
LINESTRING (3188169.457 216793.752, 3188167.172 216784.026)	124	1078	0	1015	false	1188	None
LINESTRING (3188167.172 216784.026, 3188168.022 216774.103)	124	1078	0	1016	false	1188	None
LINESTRING (3188168.022 216774.103, 3188174.252 216766.298)	124	1078	0	1017	false	1188	None
LINESTRING (3188174.252 216766.298, 3188176.932 216756.738)	124	1078	0	1018	false	1188	None
LINESTRING (3188176.932 216756.738, 3188175.663 216746.934)	124	1078	0	1019	false	1188	None
LINESTRING (3188175.663 216746.934, 3188163.729 216730.903)	124	1078	0	1020	false	1188	None
LINESTRING (3188163.729 216730.903, 3188158.495 216722.401)	124	1078	0	1021	false	1188	None
LINESTRING (3188158.495 216722.401, 3188153.681 216713.587)	124	1078	0	1022	false	1188	None
LINESTRING (3188153.681 216713.587, 3188124.696 216649.93)	124	1078	0	1023	false	1188	None
LINESTRING (3188124.696 216649.93, 3188121.061 216640.626)	124	1078	0	1024	false	1188	None
LINESTRING (3188121.061 216640.626, 3188115.283 216622.487)	124	1078	0	1025	false	1188	None
LINESTRING (3188115.283 216622.487, 3188112.424 216613.966)	124	1078	0	1026	false	1188	None
LINESTRING (3188112.424 216613.966, 3188095.902 216577.522)	124	1078	0	1027	false	1188	None
LINESTRING (3188095.902 216577.522, 3188056.177 216485.78)	124	1078	0	1028	false	1188	None
LINESTRING (3188056.177 216485.78, 3188042.688 216448.144)	124	1078	0	1029	false	1188	None
LINESTRING (3188042.688 216448.144, 3188038.422 216439.189)	124	1078	0	1030	false	1188	None
LINESTRING (3188038.422 216439.189, 3188032.977 216430.723)	124	1078	0	1031	false	1188	None
LINESTRING (3188032.977 216430.723, 3188025.986 216423.677)	124	1078	0	1032	false	1188	None
LINESTRING (3188025.986 216423.677, 3188019.577 216415.905)	124	1078	0	1033	false	1188	None
LINESTRING (3188019.577 216415.905, 3188013.925 216407.715)	124	1078	0	1034	false	1188	None
LINESTRING (3188013.925 216407.715, 3188008.943 216399.074)	124	1078	0	1035	false	1188	None
LINESTRING (3188008.943 216399.074, 3188004.718 216390.015)	124	1078	0	1036	false	1188	None
LINESTRING (3188004.718 216390.015, 3188001.46 216380.503)	124	1078	0	1037	false	1188	None
LINESTRING (3188001.46 216380.503, 3187999.346 216370.844)	124	1078	0	1038	false	1188	None
LINESTRING (3187999.346 216370.844, 3187998.243 216360.867)	124	1078	0	1039	false	1188	None
LINESTRING (3187998.243 216360.867, 3187998.711 216350.913)	124	1078	0	1040	false	1188	None
LINESTRING (3187998.711 216350.913, 3188000.878 216341.151)	124	1078	0	1041	false	1188	None
LINESTRING (3188000.878 216341.151, 3188004.623 216331.89)	124	1078	0	1042	false	1188	None
LINESTRING (3188004.623 216331.89, 3188009.864 216323.339)	124	1078	0	1043	false	1188	None
LINESTRING (3188009.864 216323.339, 3188013.056 216313.98)	124	1078	0	1044	false	1188	None
LINESTRING (3188013.056 216313.98, 3188013.946 216303.954)	124	1078	0	1045	false	1188	None
LINESTRING (3188013.946 216303.954, 3188013.015 216294.045)	124	1078	0	1046	false	1188	None
LINESTRING (3188013.015 216294.045, 3188010.477 216284.458)	124	1078	0	1047	false	1188	None
LINESTRING (3188010.477 216284.458, 3188006.646 216276.15)	124	1078	0	1048	false	1188	None
LINESTRING (3188006.646 216276.15, 3188006.166 216275.365)	124	1078	0	1049	false	1188	None
LINESTRING (3188006.166 216275.365, 3188004.051 216265.706)	124	1078	0	1050	false	1188	None
LINESTRING (3188004.051 216265.706, 3188004.051 216255.687)	124	1078	0	1051	false	1188	None
LINESTRING (3188004.051 216255.687, 3188006.389 216245.992)	124	1078	0	1052	false	1188	None
LINESTRING (3188006.389 216245.992, 3188011.374 216237.339)	124	1078	0	1053	false	1188	None
LINESTRING (3188011.374 216237.339, 3188017.001 216229.059)	124	1078	0	1054	false	1188	None
LINESTRING (3188017.001 216229.059, 3188023.186 216221.117)	124	1078	0	1055	false	1188	None
LINESTRING (3188023.186 216221.117, 3188029.932 216213.754)	124	1078	0	1056	false	1188	None
LINESTRING (3188029.932 216213.754, 3188037.195 216206.833)	124	1078	0	1057	false	1188	None
LINESTRING (3188037.195 216206.833, 3188044.807 216200.527)	124	1078	0	1058	false	1188	None
LINESTRING (3188044.807 216200.527, 3188053.021 216194.697)	124	1078	0	1059	false	1188	None
LINESTRING (3188053.021 216194.697, 3188061.675 216189.755)	124	1078	0	1060	false	1188	None
LINESTRING (3188061.675 216189.755, 3188069.804 216183.89)	124	1078	0	1061	false	1188	None
LINESTRING (3188069.804 216183.89, 3188077.241 216177.277)	124	1078	0	1062	false	1188	None
LINESTRING (3188077.241 216177.277, 3188083.942 216169.777)	124	1078	0	1063	false	1188	None
LINESTRING (3188083.942 216169.777, 3188089.786 216161.701)	124	1078	0	1064	false	1188	None
LINESTRING (3188089.786 216161.701, 3188094.299 216152.744)	124	1078	0	1065	false	1188	None
LINESTRING (3188094.299 216152.744, 3188099.285 216144.091)	124	1078	0	1066	false	1188	None
LINESTRING (3188099.285 216144.091, 3188105.128 216136.015)	124	1078	0	1067	false	1188	None
LINESTRING (3188105.128 216136.015, 3188110.028 216127.329)	124	1078	0	1068	false	1188	None
LINESTRING (3188110.028 216127.329, 3188117.005 216111.111)	124	1078	0	1069	false	1188	None
LINESTRING (3188117.005 216111.111, 3188112.635 216051.065)	124	1078	0	1070	false	1188	None
LINESTRING (3188112.635 216051.065, 3188111.195 216041.194)	124	1078	0	1071	false	1188	None
LINESTRING (3188111.195 216041.194, 3188108.909 216031.468)	124	1078	0	1072	false	1188	None
LINESTRING (3188108.909 216031.468, 3188105.652 216021.955)	124	1078	0	1073	false	1188	None
LINESTRING (3188105.652 216021.955, 3188103.976 216018.194)	124	1078	0	1074	false	1188	None
LINESTRING (3188103.976 216018.194, 3188101.511 216012.93)	124	1078	0	1075	false	1188	None
LINESTRING (3188101.511 216012.93, 3188096.655 216004.219)	124	1078	0	1076	false	1188	None
LINESTRING (3188096.655 216004.219, 3188090.917 215995.996)	124	1078	0	1077	false	1188	None
LINESTRING (3188090.917 215995.996, 3188084.133 215988.673)	124	1078	0	1078	false	1188	None
LINESTRING (3188084.133 215988.673, 3188071.819 215972.851)	124	1078	0	1079	false	1188	None
LINESTRING (3188071.819 215972.851, 3188066.292 215964.592)	124	1078	0	1080	false	1188	None
LINESTRING (3188066.292 215964.592, 3188061.31 215955.951)	124	1078	0	1081	false	1188	None
LINESTRING (3188061.31 215955.951, 3188056.746 215946.997)	124	1078	0	1082	false	1188	None
LINESTRING (3188056.746 215946.997, 3188052.732 215937.902)	124	1078	0	1083	false	1188	None
LINESTRING (3188052.732 215937.902, 3188048.128 215929.052)	124	1078	0	1084	false	1188	None
LINESTRING (3188048.128 215929.052, 3188042.935 215920.447)	124	1078	0	1085	false	1188	None
LINESTRING (3188042.935 215920.447, 3188037.155 215912.327)	124	1078	0	1086	false	1188	None
LINESTRING (3188037.155 215912.327, 3188024.34 215897.024)	124	1078	0	1087	false	1188	None
LINESTRING (3188024.34 215897.024, 3188012.611 215880.717)	124	1078	0	1088	false	1188	None
LINESTRING (3188012.611 215880.717, 3188002.102 215863.816)	124	1078	0	1089	false	1188	None
LINESTRING (3188002.102 215863.816, 3187992.43 215846.292)	124	1078	0	1090	false	1188	None
LINESTRING (3187992.43 215846.292, 3187981.709 215829.428)	124	1078	0	1091	false	1188	None
LINESTRING (3187981.709 215829.428, 3187969.772 215813.397)	124	1078	0	1092	false	1188	None
LINESTRING (3187969.772 215813.397, 3187959.901 215801.638)	124	1078	0	1093	false	1188	None
LINESTRING (3187959.901 215801.638, 3187956.872 215798.06)	124	1078	0	1094	false	1188	None
LINESTRING (3187956.872 215798.06, 3187942.97 215783.76)	124	1078	0	1095	false	1188	None
LINESTRING (3187942.97 215783.76, 3187928.069 215770.498)	124	1078	0	1096	false	1188	None
LINESTRING (3187928.069 215770.498, 3187897.819 215745.11)	124	1078	0	1097	false	1188	None
LINESTRING (3187897.819 215745.11, 3187866.837 215719.076)	124	1078	0	1098	false	1188	None
LINESTRING (3187866.837 215719.076, 3187858.886 215712.964)	124	1078	0	1099	false	1188	None
LINESTRING (3187858.886 215712.964, 3187850.565 215707.541)	124	1078	0	1100	false	1188	None
LINESTRING (3187850.565 215707.541, 3187842.78 215701.256)	124	1078	0	1101	false	1188	None
LINESTRING (3187842.78 215701.256, 3187835.704 215694.176)	124	1078	0	1102	false	1188	None
LINESTRING (3187835.704 215694.176, 3187830.807 215688.074)	124	1078	0	1103	false	1188	None
LINESTRING (3187830.807 215688.074, 3187829.379 215686.438)	124	1078	0	1104	false	1188	None
LINESTRING (3187829.379 215686.438, 3187798.935 215634.734)	124	1078	0	1105	false	1188	None
LINESTRING (3187798.935 215634.734, 3187787.501 215618.425)	124	1078	0	1106	false	1188	None
LINESTRING (3187787.501 215618.425, 3187781.343 215610.514)	124	1078	0	1107	false	1188	None
LINESTRING (3187781.343 215610.514, 3187774.726 215603.019)	124	1078	0	1108	false	1188	None
LINESTRING (3187774.726 215603.019, 3187762.536 215587.127)	124	1078	0	1109	false	1188	None
LINESTRING (3187762.536 215587.127, 3187756.883 215578.938)	124	1078	0	1110	false	1188	None
LINESTRING (3187756.883 215578.938, 3187751.648 215570.436)	124	1078	0	1111	false	1188	None
LINESTRING (3187751.648 215570.436, 3187747.043 215561.586)	124	1078	0	1112	false	1188	None
LINESTRING (3187747.043 215561.586, 3187736.321 215544.723)	124	1078	0	1113	false	1188	None
LINESTRING (3187736.321 215544.723, 3187730.289 215536.742)	124	1078	0	1114	false	1188	None
LINESTRING (3187730.289 215536.742, 3187716.888 215521.924)	124	1078	0	1115	false	1188	None
LINESTRING (3187716.888 215521.924, 3187709.477 215515.19)	124	1078	0	1116	false	1188	None
LINESTRING (3187709.477 215515.19, 3187701.526 215509.078)	124	1078	0	1117	false	1188	None
LINESTRING (3187701.526 215509.078, 3187693.286 215503.449)	124	1078	0	1118	false	1188	None
LINESTRING (3187693.286 215503.449, 3187684.591 215498.475)	124	1078	0	1119	false	1188	None
LINESTRING (3187684.591 215498.475, 3187675.611 215494.224)	124	1078	0	1120	false	1188	None
LINESTRING (3187675.611 215494.224, 3187657.761 215487.197)	124	1078	0	1121	false	1188	None
LINESTRING (3187657.761 215487.197, 3187656.992 215486.895)	124	1078	0	1122	false	1188	None
LINESTRING (3187656.992 215486.895, 3187638.988 215478.256)	124	1078	0	1123	false	1188	None
LINESTRING (3187638.988 215478.256, 3187613.235 215462.99)	124	1078	0	1124	false	1188	None
LINESTRING (3187613.235 215462.99, 3187605.41 215456.808)	124	1078	0	1125	false	1188	None
LINESTRING (3187605.41 215456.808, 3187598.499 215449.555)	124	1078	0	1126	false	1188	None
LINESTRING (3187598.499 215449.555, 3187592.467 215441.575)	124	1078	0	1127	false	1188	None
LINESTRING (3187592.467 215441.575, 3187588.916 215434.81)	124	1078	0	1128	false	1188	None
LINESTRING (3187588.916 215434.81, 3187626.937 215440.713)	124	1078	0	1129	false	1188	None
LINESTRING (3187626.937 215440.713, 3187740.487 215458.22)	124	1078	0	1130	false	1188	None
LINESTRING (3187740.487 215458.22, 3187778.337 215464.057)	124	1078	0	1131	false	1188	None
LINESTRING (3187778.337 215464.057, 3187778.193 215450.642)	124	1078	0	1132	false	1188	None
LINESTRING (3187778.193 215450.642, 3187779.736 215401.871)	124	1078	0	1133	false	1188	None
LINESTRING (3187779.736 215401.871, 3187790.167 215337.038)	124	1078	0	1134	false	1188	None
LINESTRING (3187790.167 215337.038, 3187799.086 215305.364)	124	1078	0	1135	false	1188	None
LINESTRING (3187799.086 215305.364, 3187804.439 215286.002)	124	1078	0	1136	false	1188	None
LINESTRING (3187804.439 215286.002, 3187818.287 215257.342)	124	1078	0	1137	false	1188	None
LINESTRING (3187818.287 215257.342, 3187854.718 215197.378)	124	1078	0	1138	false	1188	None
LINESTRING (3187854.718 215197.378, 3187883.425 215159.539)	124	1078	0	1139	false	1188	None
LINESTRING (3187883.425 215159.539, 3187906.045 215132.902)	124	1078	0	1140	false	1188	None
LINESTRING (3187906.045 215132.902, 3187949.808 215094.908)	124	1078	0	1141	false	1188	None
LINESTRING (3187949.808 215094.908, 3188002.409 215060.274)	124	1078	0	1142	false	1188	None
LINESTRING (3188002.409 215060.274, 3188126.316 214990.858)	124	1078	0	1143	false	1188	None
LINESTRING (3188126.316 214990.858, 3188166.528 214968.403)	124	1078	0	1144	false	1188	None
LINESTRING (3188166.528 214968.403, 3188241.893 214930.329)	124	1078	0	1145	false	1188	None
LINESTRING (3188241.893 214930.329, 3188258.241 214921.379)	124	1078	0	1146	false	1188	None
LINESTRING (3188258.241 214921.379, 3188262.294 214902.818)	124	1078	0	1147	false	1188	None
LINESTRING (3188262.294 214902.818, 3188257.785 214882.197)	124	1078	0	1148	false	1188	None
LINESTRING (3188257.785 214882.197, 3188250.39 214873.919)	124	1078	0	1149	false	1188	None
LINESTRING (3188250.39 214873.919, 3188219.356 214827.707)	124	1078	0	1150	false	1188	None
LINESTRING (3188219.356 214827.707, 3188203.102 214809.858)	124	1078	0	1151	false	1188	None
LINESTRING (3188203.102 214809.858, 3188194.051 214796.514)	124	1078	0	1152	false	1188	None
LINESTRING (3188194.051 214796.514, 3188185.238 214772.291)	124	1078	0	1153	false	1188	None
LINESTRING (3188185.238 214772.291, 3188174.098 214738.445)	124	1078	0	1154	false	1188	None
LINESTRING (3188174.098 214738.445, 3188159.061 214682.669)	124	1078	0	1155	false	1188	None
LINESTRING (3188159.061 214682.669, 3188151.87 214654.076)	124	1078	0	1156	false	1188	None
LINESTRING (3188151.87 214654.076, 3188147.597 214637.365)	124	1078	0	1157	false	1188	None
LINESTRING (3188147.597 214637.365, 3188132.143 214614.225)	124	1078	0	1158	false	1188	None
LINESTRING (3188132.143 214614.225, 3188123.425 214605.545)	124	1078	0	1159	false	1188	None
LINESTRING (3188123.425 214605.545, 3188106.772 214591.714)	124	1078	0	1160	false	1188	None
LINESTRING (3188106.772 214591.714, 3188066.312 214562.426)	124	1078	0	1161	false	1188	None
LINESTRING (3188066.312 214562.426, 3188050.874 214547.762)	124	1078	0	1162	false	1188	None
LINESTRING (3188050.874 214547.762, 3188044.715 214537.346)	124	1078	0	1163	false	1188	None
LINESTRING (3188044.715 214537.346, 3188040.914 214528.455)	124	1078	0	1164	false	1188	None
LINESTRING (3188040.914 214528.455, 3188039.081 214510.558)	124	1078	0	1165	false	1188	None
LINESTRING (3188039.081 214510.558, 3188044.446 214491.917)	124	1078	0	1166	false	1188	None
LINESTRING (3188044.446 214491.917, 3188054.554 214470.253)	124	1078	0	1167	false	1188	None
LINESTRING (3188054.554 214470.253, 3188106.732 214403.369)	124	1078	0	1168	false	1188	None
LINESTRING (3188106.732 214403.369, 3188114.583 214391.193)	124	1078	0	1169	false	1188	None
LINESTRING (3188114.583 214391.193, 3188115.537 214379.999)	124	1078	0	1170	false	1188	None
LINESTRING (3188115.537 214379.999, 3188113.472 214365.948)	124	1078	0	1171	false	1188	None
LINESTRING (3188113.472 214365.948, 3188086.286 214361.328)	124	1078	0	1172	false	1188	None
LINESTRING (3188086.286 214361.328, 3188047.229 214359.549)	124	1078	0	1173	false	1188	None
LINESTRING (3188047.229 214359.549, 3187994.614 214353.864)	124	1078	0	1174	false	1188	None
LINESTRING (3187994.614 214353.864, 3187934.947 214347.551)	124	1078	0	1175	false	1188	None
LINESTRING (3187934.947 214347.551, 3187891.407 214344.127)	124	1078	0	1176	false	1188	None
LINESTRING (3187891.407 214344.127, 3187865.352 214343.651)	124	1078	0	1177	false	1188	None
LINESTRING (3187865.352 214343.651, 3187856.136 214345.51)	124	1078	0	1178	false	1188	None
LINESTRING (3187856.136 214345.51, 3187839.443 214356.591)	124	1078	0	1179	false	1188	None
LINESTRING (3187839.443 214356.591, 3187812.421 214376.367)	124	1078	0	1180	false	1188	None
LINESTRING (3187812.421 214376.367, 3187786.044 214391.746)	124	1078	0	1181	false	1188	None
LINESTRING (3187786.044 214391.746, 3187757.601 214405.358)	124	1078	0	1182	false	1188	None
LINESTRING (3187757.601 214405.358, 3187691.189 214443.502)	124	1078	0	1183	false	1188	None
LINESTRING (3187691.189 214443.502, 3187631.5 214463.063)	124	1078	0	1184	false	1188	None
LINESTRING (3187631.5 214463.063, 3187575.318 214486.748)	124	1078	0	1185	false	1188	None
LINESTRING (3187575.318 214486.748, 3187563.174 214488.528)	124	1078	0	1186	false	1188	None
LINESTRING (3187563.174 214488.528, 3187551.595 214488.622)	124	1078	0	1187	false	1188	None
LINESTRING (3187551.595 214488.622, 3187548.142 214487.621)	124	1078	0	1188	false	1188	None
LINESTRING (3189006.516 209340.267, 3188978.16 209369.179)	124	1079	0	907	false	1284	S:3188991.9662884613 209355.102
LINESTRING (3188978.16 209369.179, 3188834.988 209516.532)	124	1079	0	908	false	1284	None
LINESTRING (3188834.988 209516.532, 3188808.63 209543.129)	124	1079	0	909	false	1284	None
LINESTRING (3188808.63 209543.129, 3188616.453 209737.269)	124	1079	0	910	false	1284	None
LINESTRING (3188616.453 209737.269, 3188600.853 209752.835)	124	1079	0	911	false	1284	None
LINESTRING (3188600.853 209752.835, 3188497.696 209855.711)	124	1079	0	912	false	1284	None
LINESTRING (3188497.696 209855.711, 3188477.26 209876.291)	124	1079	0	913	false	1284	None
LINESTRING (3188477.26 209876.291, 3188461.245 209892.41)	124	1079	0	914	false	1284	None
LINESTRING (3188461.245 209892.41, 3188413.199 209940.766)	124	1079	0	915	false	1284	None
LINESTRING (3188413.199 209940.766, 3188397.099 209956.851)	124	1079	0	916	false	1284	None
LINESTRING (3188397.099 209956.851, 3188394.097 209959.964)	124	1079	0	917	false	1284	None
LINESTRING (3188394.097 209959.964, 3188384.837 209969.2)	124	1079	0	918	false	1284	None
LINESTRING (3188384.837 209969.2, 3188381.71 209972.382)	124	1079	0	919	false	1284	None
LINESTRING (3188381.71 209972.382, 3188376.663 209977.432)	124	1079	0	920	false	1284	None
LINESTRING (3188376.663 209977.432, 3188286.035 210068.543)	124	1079	0	921	false	1284	None
LINESTRING (3188286.035 210068.543, 3188209.97 210150.238)	124	1079	0	922	false	1284	None
LINESTRING (3188209.97 210150.238, 3188180.623 210136.783)	124	1079	0	923	false	1284	None
LINESTRING (3188180.623 210136.783, 3188160.909 210128.191)	124	1079	0	924	false	1284	None
LINESTRING (3188160.909 210128.191, 3188145.086 210121.249)	124	1079	0	925	false	1284	None
LINESTRING (3188145.086 210121.249, 3188111.218 210106.492)	124	1079	0	926	false	1284	None
LINESTRING (3188111.218 210106.492, 3188097.698 210100.218)	124	1079	0	927	false	1284	None
LINESTRING (3188097.698 210100.218, 3188081.87 210093.037)	124	1079	0	928	false	1284	None
LINESTRING (3188081.87 210093.037, 3188078.875 210091.62)	124	1079	0	929	false	1284	None
LINESTRING (3188078.875 210091.62, 3188069.677 210087.404)	124	1079	0	930	false	1284	None
LINESTRING (3188069.677 210087.404, 3188066.556 210086.057)	124	1079	0	931	false	1284	None
LINESTRING (3188066.556 210086.057, 3188033.444 210070.882)	124	1079	0	932	false	1284	None
LINESTRING (3188033.444 210070.882, 3187971.497 210042.454)	124	1079	0	933	false	1284	None
LINESTRING (3187971.497 210042.454, 3187924.115 210019.4)	124	1079	0	934	false	1284	None
LINESTRING (3187924.115 210019.4, 3187887.905 210001.814)	124	1079	0	935	false	1284	None
LINESTRING (3187887.905 210001.814, 3187880.592 209998.579)	124	1079	0	936	false	1284	None
LINESTRING (3187880.592 209998.579, 3187843.593 209981.995)	124	1079	0	937	false	1284	None
LINESTRING (3187843.593 209981.995, 3187840.085 209980.376)	124	1079	0	938	false	1284	None
LINESTRING (3187840.085 209980.376, 3187745.725 209938.006)	124	1079	0	939	false	1284	None
LINESTRING (3187745.725 209938.006, 3187730.455 209931.164)	124	1079	0	940	false	1284	None
LINESTRING (3187730.455 209931.164, 3187714.029 209923.748)	124	1079	0	941	false	1284	None
LINESTRING (3187714.029 209923.748, 3187666.635 209902.479)	124	1079	0	942	false	1284	None
LINESTRING (3187666.635 209902.479, 3187615.338 209878.84)	124	1079	0	943	false	1284	None
LINESTRING (3187615.338 209878.84, 3187584.879 209864.95)	124	1079	0	944	false	1284	None
LINESTRING (3187584.879 209864.95, 3187399.289 209779.779)	124	1079	0	945	false	1284	None
LINESTRING (3187399.289 209779.779, 3187297.746 209732.085)	124	1079	0	946	false	1284	None
LINESTRING (3187297.746 209732.085, 3187265.878 209717.761)	124	1079	0	947	false	1284	None
LINESTRING (3187265.878 209717.761, 3187116.5 209650.419)	124	1079	0	948	false	1284	None
LINESTRING (3187116.5 209650.419, 3187021.675 209605.968)	124	1079	0	949	false	1284	None
LINESTRING (3187021.675 209605.968, 3186998.74 209595.278)	124	1079	0	950	false	1284	None
LINESTRING (3186998.74 209595.278, 3186870.504 209538.165)	124	1079	0	951	false	1284	None
LINESTRING (3186870.504 209538.165, 3186752.87 209485.462)	124	1079	0	952	false	1284	None
LINESTRING (3186752.87 209485.462, 3186724.393 209475.814)	124	1079	0	953	false	1284	None
LINESTRING (3186724.393 209475.814, 3186691.78 209467.4)	124	1079	0	954	false	1284	None
LINESTRING (3186691.78 209467.4, 3186662.704 209462.286)	124	1079	0	955	false	1284	None
LINESTRING (3186662.704 209462.286, 3186628.795 209457.418)	124	1079	0	956	false	1284	None
LINESTRING (3186628.795 209457.418, 3186596.7 209456.721)	124	1079	0	957	false	1284	None
LINESTRING (3186596.7 209456.721, 3186565.754 209458.623)	124	1079	0	958	false	1284	None
LINESTRING (3186565.754 209458.623, 3186394.243 209471.91)	124	1079	0	959	false	1284	None
LINESTRING (3186394.243 209471.91, 3186170.732 209491.465)	124	1079	0	960	false	1284	None
LINESTRING (3186170.732 209491.465, 3186048.153 209502.295)	124	1079	0	961	false	1284	None
LINESTRING (3186048.153 209502.295, 3186012.265 209505.476)	124	1079	0	962	false	1284	None
LINESTRING (3186012.265 209505.476, 3186006.923 209505.76)	124	1079	0	963	false	1284	None
LINESTRING (3186006.923 209505.76, 3185982.333 209507.062)	124	1079	0	964	false	1284	None
LINESTRING (3185982.333 209507.062, 3185927.881 209506.76)	124	1079	0	965	false	1284	None
LINESTRING (3185927.881 209506.76, 3185890.344 209503.092)	124	1079	0	966	false	1284	None
LINESTRING (3185890.344 209503.092, 3185884.468 209501.974)	124	1079	0	967	false	1284	None
LINESTRING (3185884.468 209501.974, 3185844.577 209494.757)	124	1079	0	968	false	1284	None
LINESTRING (3185844.577 209494.757, 3185820.352 209490.36)	124	1079	0	969	false	1284	None
LINESTRING (3185820.352 209490.36, 3185805.878 209487.77)	124	1079	0	970	false	1284	None
LINESTRING (3185805.878 209487.77, 3185748.149 209474.971)	124	1079	0	971	false	1284	None
LINESTRING (3185748.149 209474.971, 3185724.079 209469.682)	124	1079	0	972	false	1284	None
LINESTRING (3185724.079 209469.682, 3185692.508 209462.636)	124	1079	0	973	false	1284	None
LINESTRING (3185692.508 209462.636, 3185654.634 209454.305)	124	1079	0	974	false	1284	None
LINESTRING (3185654.634 209454.305, 3185598.303 209438.956)	124	1079	0	975	false	1284	None
LINESTRING (3185598.303 209438.956, 3185577.495 209433.4)	124	1079	0	976	false	1284	None
LINESTRING (3185577.495 209433.4, 3185567.085 209430.261)	124	1079	0	977	false	1284	None
LINESTRING (3185567.085 209430.261, 3185556.504 209427.055)	124	1079	0	978	false	1284	None
LINESTRING (3185556.504 209427.055, 3185549.166 209424.886)	124	1079	0	979	false	1284	None
LINESTRING (3185549.166 209424.886, 3185495.41 209408.762)	124	1079	0	980	false	1284	None
LINESTRING (3185495.41 209408.762, 3185477.491 209403.387)	124	1079	0	981	false	1284	None
LINESTRING (3185477.491 209403.387, 3185471.773 209401.617)	124	1079	0	982	false	1284	None
LINESTRING (3185471.773 209401.617, 3185454.11 209396.343)	124	1079	0	983	false	1284	None
LINESTRING (3185454.11 209396.343, 3185448.694 209394.81)	124	1079	0	984	false	1284	None
LINESTRING (3185448.694 209394.81, 3185448.181 209394.608)	124	1079	0	985	false	1284	None
LINESTRING (3185448.181 209394.608, 3185437.042 209391.064)	124	1079	0	986	false	1284	None
LINESTRING (3185437.042 209391.064, 3185403.544 209380.639)	124	1079	0	987	false	1284	None
LINESTRING (3185403.544 209380.639, 3185392.279 209377.164)	124	1079	0	988	false	1284	None
LINESTRING (3185392.279 209377.164, 3185356.185 209366.315)	124	1079	0	989	false	1284	None
LINESTRING (3185356.185 209366.315, 3185285.278 209345.12)	124	1079	0	990	false	1284	S:3185318.6723700874 209355.102
