LINESTRING (3142244.364 231616.706, 3142263.951 231621.345)	84	1612	0	875	false	1573	W:3142259.551 231620.3029006484
LINESTRING (3142263.951 231621.345, 3142287.793 231625.136)	84	1612	0	876	false	1573	None
LINESTRING (3142287.793 231625.136, 3142307.335 231629.638)	84	1612	0	877	false	1573	None
LINESTRING (3142307.335 231629.638, 3142322.618 231634.747)	84	1612	0	878	false	1573	None
LINESTRING (3142322.618 231634.747, 3142330.119 231637.664)	84	1612	0	879	false	1573	None
LINESTRING (3142330.119 231637.664, 3142340.636 231643.421)	84	1612	0	880	false	1573	None
LINESTRING (3142340.636 231643.421, 3142343.859 231645.985)	84	1612	0	881	false	1573	None
LINESTRING (3142343.859 231645.985, 3142346.539 231648.933)	84	1612	0	882	false	1573	None
LINESTRING (3142346.539 231648.933, 3142350.65 231655.772)	84	1612	0	883	false	1573	None
LINESTRING (3142350.65 231655.772, 3142353.883 231663.104)	84	1612	0	884	false	1573	None
LINESTRING (3142353.883 231663.104, 3142355.058 231666.896)	84	1612	0	885	false	1573	None
LINESTRING (3142355.058 231666.896, 3142359.408 231694.315)	84	1612	0	886	false	1573	None
LINESTRING (3142359.408 231694.315, 3142361.656 231718.058)	84	1612	0	887	false	1573	None
LINESTRING (3142361.656 231718.058, 3142362.469 231727.069)	84	1612	0	888	false	1573	None
LINESTRING (3142362.469 231727.069, 3142362.959 231738.932)	84	1612	0	889	false	1573	None
LINESTRING (3142362.959 231738.932, 3142361.879 231754.83)	84	1612	0	890	false	1573	None
LINESTRING (3142361.879 231754.83, 3142360.633 231766.614)	84	1612	0	891	false	1573	None
LINESTRING (3142360.633 231766.614, 3142358.454 231778.273)	84	1612	0	892	false	1573	None
LINESTRING (3142358.454 231778.273, 3142355.639 231789.803)	84	1612	0	893	false	1573	None
LINESTRING (3142355.639 231789.803, 3142347.199 231812.011)	84	1612	0	894	false	1573	None
LINESTRING (3142347.199 231812.011, 3142340.673 231821.98)	84	1612	0	895	false	1573	None
LINESTRING (3142340.673 231821.98, 3142323.838 231838.778)	84	1612	0	896	false	1573	None
LINESTRING (3142323.838 231838.778, 3142311.373 231854.18)	84	1612	0	897	false	1573	None
LINESTRING (3142311.373 231854.18, 3142300.196 231870.559)	84	1612	0	898	false	1573	None
LINESTRING (3142300.196 231870.559, 3142290.688 231887.944)	84	1612	0	899	false	1573	None
LINESTRING (3142290.688 231887.944, 3142285.742 231898.646)	84	1612	0	900	false	1573	None
LINESTRING (3142285.742 231898.646, 3142281.948 231909.915)	84	1612	0	901	false	1573	None
LINESTRING (3142281.948 231909.915, 3142278.281 231925.402)	84	1612	0	902	false	1573	None
LINESTRING (3142278.281 231925.402, 3142275.731 231960.977)	84	1612	0	903	false	1573	None
LINESTRING (3142275.731 231960.977, 3142275.884 231972.948)	84	1612	0	904	false	1573	None
LINESTRING (3142275.884 231972.948, 3142276.292 231976.441)	84	1612	0	905	false	1573	None
LINESTRING (3142276.292 231976.441, 3142276.674 231980.759)	84	1612	0	906	false	1573	None
LINESTRING (3142276.674 231980.759, 3142283.082 232016.006)	84	1612	0	907	false	1573	None
LINESTRING (3142283.082 232016.006, 3142286.051 232035.622)	84	1612	0	908	false	1573	None
LINESTRING (3142286.051 232035.622, 3142286.8 232043.536)	84	1612	0	909	false	1573	None
LINESTRING (3142286.8 232043.536, 3142287.729 232071.174)	84	1612	0	910	false	1573	None
LINESTRING (3142287.729 232071.174, 3142287.909 232090.897)	84	1612	0	911	false	1573	None
LINESTRING (3142287.909 232090.897, 3142286.174 232118.57)	84	1612	0	912	false	1573	None
LINESTRING (3142286.174 232118.57, 3142285.063 232126.476)	84	1612	0	913	false	1573	None
LINESTRING (3142285.063 232126.476, 3142281.098 232137.679)	84	1612	0	914	false	1573	None
LINESTRING (3142281.098 232137.679, 3142270.949 232154.695)	84	1612	0	915	false	1573	None
LINESTRING (3142270.949 232154.695, 3142263.692 232164.022)	84	1612	0	916	false	1573	None
LINESTRING (3142263.692 232164.022, 3142257.708 232169.318)	84	1612	0	917	false	1573	W:3142259.551 232167.68689572194
LINESTRING (3143832.411 231804.847, 3143825.315 231824.6)	84	185	0	0	false	1188	None
LINESTRING (3143825.315 231824.6, 3143809.106 231869.037)	84	185	0	1	false	1188	None
LINESTRING (3143809.106 231869.037, 3143803.987 231883.96)	84	185	0	2	false	1188	None
LINESTRING (3143803.987 231883.96, 3143796.937 231903.849)	84	185	0	3	false	1188	None
LINESTRING (3143796.937 231903.849, 3143778.4 231956.791)	84	185	0	4	false	1188	None
LINESTRING (3143778.4 231956.791, 3143774.354 231968.201)	84	185	0	5	false	1188	None
LINESTRING (3143774.354 231968.201, 3143735.681 232078.703)	84	185	0	6	false	1188	None
LINESTRING (3143735.681 232078.703, 3143728.33 232098.356)	84	185	0	7	false	1188	None
LINESTRING (3143728.33 232098.356, 3143721.859 232115.493)	84	185	0	8	false	1188	None
LINESTRING (3143721.859 232115.493, 3143701.879 232168.112)	84	185	0	9	false	1188	None
LINESTRING (3143701.879 232168.112, 3143695.252 232185.902)	84	185	0	10	false	1188	None
LINESTRING (3143695.252 232185.902, 3143692.837 232192.11)	84	185	0	11	false	1188	None
LINESTRING (3143692.837 232192.11, 3143675.586 232239.477)	84	185	0	12	false	1188	None
LINESTRING (3143675.586 232239.477, 3143671.289 232251.027)	84	185	0	13	false	1188	None
LINESTRING (3143671.289 232251.027, 3143668.663 232257.272)	84	185	0	14	false	1188	None
LINESTRING (3143668.663 232257.272, 3143658.317 232281.596)	84	185	0	15	false	1188	None
LINESTRING (3143658.317 232281.596, 3143630.623 232346.223)	84	185	0	16	false	1188	None
LINESTRING (3143630.623 232346.223, 3143626.766 232354.371)	84	185	0	17	false	1188	None
LINESTRING (3143626.766 232354.371, 3143615.311 232378.264)	84	185	0	18	false	1188	None
LINESTRING (3143615.311 232378.264, 3143580.018 232452.084)	84	185	0	19	false	1188	None
LINESTRING (3143580.018 232452.084, 3143519.211 232578.871)	84	185	0	20	false	1188	None
LINESTRING (3143519.211 232578.871, 3143477.042 232664.31)	84	185	0	21	false	1188	None
LINESTRING (3143477.042 232664.31, 3143472.778 232673.253)	84	185	0	22	false	1188	None
LINESTRING (3143472.778 232673.253, 3143450.312 232719.902)	84	185	0	23	false	1188	None
LINESTRING (3143450.312 232719.902, 3143439.961 232748.274)	84	185	0	24	false	1188	None
LINESTRING (3143439.961 232748.274, 3143431.898 232742.517)	84	185	0	25	false	1188	None
LINESTRING (3143431.898 232742.517, 3143412.368 232721.34)	84	185	0	26	false	1188	None
LINESTRING (3143412.368 232721.34, 3143405.638 232708.12)	84	185	0	27	false	1188	None
LINESTRING (3143405.638 232708.12, 3143384.167 232682.853)	84	185	0	28	false	1188	None
LINESTRING (3143384.167 232682.853, 3143373.05 232668.046)	84	185	0	29	false	1188	None
LINESTRING (3143373.05 232668.046, 3143372.058 232667.064)	84	185	0	30	false	1188	None
LINESTRING (3143372.058 232667.064, 3143337.774 232635.383)	84	185	0	31	false	1188	None
LINESTRING (3143337.774 232635.383, 3143320.988 232622.54)	84	185	0	32	false	1188	None
LINESTRING (3143320.988 232622.54, 3143313.796 232618.074)	84	185	0	33	false	1188	None
LINESTRING (3143313.796 232618.074, 3143305.027 232610.851)	84	185	0	34	false	1188	None
LINESTRING (3143305.027 232610.851, 3143287.563 232602.271)	84	185	0	35	false	1188	None
LINESTRING (3143287.563 232602.271, 3143249.183 232585.911)	84	185	0	36	false	1188	None
LINESTRING (3143249.183 232585.911, 3143229.991 232579.755)	84	185	0	37	false	1188	None
LINESTRING (3143229.991 232579.755, 3143212.043 232572.416)	84	185	0	38	false	1188	None
LINESTRING (3143212.043 232572.416, 3143195.02 232564.722)	84	185	0	39	false	1188	None
LINESTRING (3143195.02 232564.722, 3143187.207 232558.824)	84	185	0	40	false	1188	None
LINESTRING (3143187.207 232558.824, 3143175.47 232546.873)	84	185	0	41	false	1188	None
LINESTRING (3143175.47 232546.873, 3143162.454 232534.425)	84	185	0	42	false	1188	None
LINESTRING (3143162.454 232534.425, 3143151.119 232525.727)	84	185	0	43	false	1188	None
LINESTRING (3143151.119 232525.727, 3143139.019 232518.996)	84	185	0	44	false	1188	None
LINESTRING (3143139.019 232518.996, 3143129.206 232512.439)	84	185	0	45	false	1188	None
LINESTRING (3143129.206 232512.439, 3143120.473 232509.161)	84	185	0	46	false	1188	None
LINESTRING (3143120.473 232509.161, 3143111.387 232507.294)	84	185	0	47	false	1188	None
LINESTRING (3143111.387 232507.294, 3143092.582 232503.672)	84	185	0	48	false	1188	None
LINESTRING (3143092.582 232503.672, 3143075.637 232502.083)	84	185	0	49	false	1188	None
LINESTRING (3143075.637 232502.083, 3143068.582 232500.292)	84	185	0	50	false	1188	None
LINESTRING (3143068.582 232500.292, 3143053.764 232488.691)	84	185	0	51	false	1188	None
LINESTRING (3143053.764 232488.691, 3143046.034 232480.563)	84	185	0	52	false	1188	None
LINESTRING (3143046.034 232480.563, 3143036.78 232468.03)	84	185	0	53	false	1188	None
LINESTRING (3143036.78 232468.03, 3143027.893 232454.805)	84	185	0	54	false	1188	None
LINESTRING (3143027.893 232454.805, 3143010.307 232442.247)	84	185	0	55	false	1188	None
LINESTRING (3143010.307 232442.247, 3142989.554 232432.031)	84	185	0	56	false	1188	None
LINESTRING (3142989.554 232432.031, 3142969.28 232424.621)	84	185	0	57	false	1188	None
LINESTRING (3142969.28 232424.621, 3142955.94 232423.601)	84	185	0	58	false	1188	None
LINESTRING (3142955.94 232423.601, 3142944.06 232425.889)	84	185	0	59	false	1188	None
LINESTRING (3142944.06 232425.889, 3142943.598 232426.067)	84	185	0	60	false	1188	None
LINESTRING (3142943.598 232426.067, 3142924.48 232434.353)	84	185	0	61	false	1188	None
LINESTRING (3142924.48 232434.353, 3142900.155 232442.402)	84	185	0	62	false	1188	None
LINESTRING (3142900.155 232442.402, 3142884.248 232444.195)	84	185	0	63	false	1188	None
LINESTRING (3142884.248 232444.195, 3142872.468 232442.949)	84	185	0	64	false	1188	None
LINESTRING (3142872.468 232442.949, 3142861.209 232438.093)	84	185	0	65	false	1188	None
LINESTRING (3142861.209 232438.093, 3142854.161 232430.229)	84	185	0	66	false	1188	None
LINESTRING (3142854.161 232430.229, 3142840.825 232412.297)	84	185	0	67	false	1188	None
LINESTRING (3142840.825 232412.297, 3142829.93 232404.486)	84	185	0	68	false	1188	None
LINESTRING (3142829.93 232404.486, 3142817.988 232399.365)	84	185	0	69	false	1188	None
LINESTRING (3142817.988 232399.365, 3142806.449 232397.498)	84	185	0	70	false	1188	None
LINESTRING (3142806.449 232397.498, 3142789.98 232400.74)	84	185	0	71	false	1188	None
LINESTRING (3142789.98 232400.74, 3142775.633 232402.307)	84	185	0	72	false	1188	None
LINESTRING (3142775.633 232402.307, 3142766.299 232402.845)	84	185	0	73	false	1188	None
LINESTRING (3142766.299 232402.845, 3142757.966 232400.557)	84	185	0	74	false	1188	None
LINESTRING (3142757.966 232400.557, 3142749.23 232395.015)	84	185	0	75	false	1188	None
LINESTRING (3142749.23 232395.015, 3142737.454 232385.432)	84	185	0	76	false	1188	None
LINESTRING (3142737.454 232385.432, 3142724.755 232376.205)	84	185	0	77	false	1188	None
LINESTRING (3142724.755 232376.205, 3142711.535 232370.587)	84	185	0	78	false	1188	None
LINESTRING (3142711.535 232370.587, 3142700.716 232366.617)	84	185	0	79	false	1188	None
LINESTRING (3142700.716 232366.617, 3142694.693 232365.704)	84	185	0	80	false	1188	None
LINESTRING (3142694.693 232365.704, 3142693.464 232365.584)	84	185	0	81	false	1188	None
LINESTRING (3142693.464 232365.584, 3142680.041 232366.795)	84	185	0	82	false	1188	None
LINESTRING (3142680.041 232366.795, 3142665.337 232365.245)	84	185	0	83	false	1188	None
LINESTRING (3142665.337 232365.245, 3142656.322 232362.692)	84	185	0	84	false	1188	None
LINESTRING (3142656.322 232362.692, 3142648.509 232356.795)	84	185	0	85	false	1188	None
LINESTRING (3142648.509 232356.795, 3142639.295 232352.735)	84	185	0	86	false	1188	None
LINESTRING (3142639.295 232352.735, 3142628.879 232352.018)	84	185	0	87	false	1188	None
LINESTRING (3142628.879 232352.018, 3142605.636 232352.746)	84	185	0	88	false	1188	None
LINESTRING (3142605.636 232352.746, 3142599.452 232352.247)	84	185	0	89	false	1188	None
LINESTRING (3142599.452 232352.247, 3142580.054 232354.946)	84	185	0	90	false	1188	None
LINESTRING (3142580.054 232354.946, 3142570.135 232353.709)	84	185	0	91	false	1188	None
LINESTRING (3142570.135 232353.709, 3142560.331 232351.921)	84	185	0	92	false	1188	None
LINESTRING (3142560.331 232351.921, 3142523.868 232342.743)	84	185	0	93	false	1188	None
LINESTRING (3142523.868 232342.743, 3142521.531 232342.191)	84	185	0	94	false	1188	None
LINESTRING (3142521.531 232342.191, 3142512.93 232337.06)	84	185	0	95	false	1188	None
LINESTRING (3142512.93 232337.06, 3142505.69 232330.194)	84	185	0	96	false	1188	None
LINESTRING (3142505.69 232330.194, 3142500.032 232322.038)	84	185	0	97	false	1188	None
LINESTRING (3142500.032 232322.038, 3142494.83 232313.464)	84	185	0	98	false	1188	None
LINESTRING (3142494.83 232313.464, 3142477.079 232277.616)	84	185	0	99	false	1188	None
LINESTRING (3142477.079 232277.616, 3142469.758 232270.958)	84	185	0	100	false	1188	None
LINESTRING (3142469.758 232270.958, 3142460.83 232266.414)	84	185	0	101	false	1188	None
LINESTRING (3142460.83 232266.414, 3142451.661 232262.491)	84	185	0	102	false	1188	None
LINESTRING (3142451.661 232262.491, 3142442.21 232259.292)	84	185	0	103	false	1188	None
LINESTRING (3142442.21 232259.292, 3142434.889 232252.633)	84	185	0	104	false	1188	None
LINESTRING (3142434.889 232252.633, 3142430.525 232243.67)	84	185	0	105	false	1188	None
LINESTRING (3142430.525 232243.67, 3142423.491 232236.528)	84	185	0	106	false	1188	None
LINESTRING (3142423.491 232236.528, 3142415.221 232231.048)	84	185	0	107	false	1188	None
LINESTRING (3142415.221 232231.048, 3142406.294 232226.504)	84	185	0	108	false	1188	None
LINESTRING (3142406.294 232226.504, 3142396.963 232222.995)	84	185	0	109	false	1188	None
LINESTRING (3142396.963 232222.995, 3142387.316 232220.554)	84	185	0	110	false	1188	None
LINESTRING (3142387.316 232220.554, 3142377.437 232219.213)	84	185	0	111	false	1188	None
LINESTRING (3142377.437 232219.213, 3142364.238 232216.82)	84	185	0	112	false	1188	None
LINESTRING (3142364.238 232216.82, 3142339.4 232218.119)	84	185	0	113	false	1188	None
LINESTRING (3142339.4 232218.119, 3142326.267 232214.799)	84	185	0	114	false	1188	None
LINESTRING (3142326.267 232214.799, 3142324.442 232214.446)	84	185	0	115	false	1188	None
LINESTRING (3142324.442 232214.446, 3142312.389 232210.116)	84	185	0	116	false	1188	None
LINESTRING (3142312.389 232210.116, 3142299.406 232203.638)	84	185	0	117	false	1188	None
LINESTRING (3142299.406 232203.638, 3142265.649 232177.409)	84	185	0	118	false	1188	None
LINESTRING (3142265.649 232177.409, 3142257.708 232169.318)	84	185	0	119	false	1188	W:3142259.551 232171.1958129957
LINESTRING (3142257.708 232169.318, 3142263.692 232164.022)	84	185	0	120	false	1188	W:3142259.551 232167.68689572194
LINESTRING (3142263.692 232164.022, 3142270.949 232154.695)	84	185	0	121	false	1188	None
LINESTRING (3142270.949 232154.695, 3142281.098 232137.679)	84	185	0	122	false	1188	None
LINESTRING (3142281.098 232137.679, 3142285.063 232126.476)	84	185	0	123	false	1188	None
LINESTRING (3142285.063 232126.476, 3142286.174 232118.57)	84	185	0	124	false	1188	None
LINESTRING (3142286.174 232118.57, 3142287.909 232090.897)	84	185	0	125	false	1188	None
LINESTRING (3142287.909 232090.897, 3142287.729 232071.174)	84	185	0	126	false	1188	None
LINESTRING (3142287.729 232071.174, 3142286.8 232043.536)	84	185	0	127	false	1188	None
LINESTRING (3142286.8 232043.536, 3142286.051 232035.622)	84	185	0	128	false	1188	None
LINESTRING (3142286.051 232035.622, 3142283.082 232016.006)	84	185	0	129	false	1188	None
LINESTRING (3142283.082 232016.006, 3142276.674 231980.759)	84	185	0	130	false	1188	None
LINESTRING (3142276.674 231980.759, 3142276.292 231976.441)	84	185	0	131	false	1188	None
LINESTRING (3142276.292 231976.441, 3142275.884 231972.948)	84	185	0	132	false	1188	None
LINESTRING (3142275.884 231972.948, 3142275.731 231960.977)	84	185	0	133	false	1188	None
LINESTRING (3142275.731 231960.977, 3142278.281 231925.402)	84	185	0	134	false	1188	None
LINESTRING (3142278.281 231925.402, 3142281.948 231909.915)	84	185	0	135	false	1188	None
LINESTRING (3142281.948 231909.915, 3142285.742 231898.646)	84	185	0	136	false	1188	None
LINESTRING (3142285.742 231898.646, 3142290.688 231887.944)	84	185	0	137	false	1188	None
LINESTRING (3142290.688 231887.944, 3142300.196 231870.559)	84	185	0	138	false	1188	None
LINESTRING (3142300.196 231870.559, 3142311.373 231854.18)	84	185	0	139	false	1188	None
LINESTRING (3142311.373 231854.18, 3142323.838 231838.778)	84	185	0	140	false	1188	None
LINESTRING (3142323.838 231838.778, 3142340.673 231821.98)	84	185	0	141	false	1188	None
LINESTRING (3142340.673 231821.98, 3142347.199 231812.011)	84	185	0	142	false	1188	None
LINESTRING (3142347.199 231812.011, 3142355.639 231789.803)	84	185	0	143	false	1188	None
LINESTRING (3142355.639 231789.803, 3142358.454 231778.273)	84	185	0	144	false	1188	None
LINESTRING (3142358.454 231778.273, 3142360.633 231766.614)	84	185	0	145	false	1188	None
LINESTRING (3142360.633 231766.614, 3142361.879 231754.83)	84	185	0	146	false	1188	None
LINESTRING (3142361.879 231754.83, 3142362.959 231738.932)	84	185	0	147	false	1188	None
LINESTRING (3142362.959 231738.932, 3142362.469 231727.069)	84	185	0	148	false	1188	None
LINESTRING (3142362.469 231727.069, 3142361.656 231718.058)	84	185	0	149	false	1188	None
LINESTRING (3142361.656 231718.058, 3142359.408 231694.315)	84	185	0	150	false	1188	None
LINESTRING (3142359.408 231694.315, 3142355.058 231666.896)	84	185	0	151	false	1188	None
LINESTRING (3142355.058 231666.896, 3142353.883 231663.104)	84	185	0	152	false	1188	None
LINESTRING (3142353.883 231663.104, 3142350.65 231655.772)	84	185	0	153	false	1188	None
LINESTRING (3142350.65 231655.772, 3142346.539 231648.933)	84	185	0	154	false	1188	None
LINESTRING (3142346.539 231648.933, 3142343.859 231645.985)	84	185	0	155	false	1188	None
LINESTRING (3142343.859 231645.985, 3142340.636 231643.421)	84	185	0	156	false	1188	None
LINESTRING (3142340.636 231643.421, 3142330.119 231637.664)	84	185	0	157	false	1188	None
LINESTRING (3142330.119 231637.664, 3142322.618 231634.747)	84	185	0	158	false	1188	None
LINESTRING (3142322.618 231634.747, 3142307.335 231629.638)	84	185	0	159	false	1188	None
LINESTRING (3142307.335 231629.638, 3142287.793 231625.136)	84	185	0	160	false	1188	None
LINESTRING (3142287.793 231625.136, 3142263.951 231621.345)	84	185	0	161	false	1188	None
LINESTRING (3142263.951 231621.345, 3142244.364 231616.706)	84	185	0	162	false	1188	W:3142259.551 231620.3029006484
LINESTRING (3145065.604 228925.238, 3145040.304 228974.117)	84	185	0	1102	false	1188	S:3145042.7093090285 228969.47
LINESTRING (3145040.304 228974.117, 3145017.433 229013.222)	84	185	0	1103	false	1188	None
LINESTRING (3145017.433 229013.222, 3145006.259 229032.102)	84	185	0	1104	false	1188	None
LINESTRING (3145006.259 229032.102, 3144959.721 229104.283)	84	185	0	1105	false	1188	None
LINESTRING (3144959.721 229104.283, 3144886.182 229220.634)	84	185	0	1106	false	1188	None
LINESTRING (3144886.182 229220.634, 3144857.789 229267.119)	84	185	0	1107	false	1188	None
LINESTRING (3144857.789 229267.119, 3144812.559 229341.24)	84	185	0	1108	false	1188	None
LINESTRING (3144812.559 229341.24, 3144805.724 229352.755)	84	185	0	1109	false	1188	None
LINESTRING (3144805.724 229352.755, 3144782.633 229391.417)	84	185	0	1110	false	1188	None
LINESTRING (3144782.633 229391.417, 3144769.655 229413.168)	84	185	0	1111	false	1188	None
LINESTRING (3144769.655 229413.168, 3144745.316 229450.749)	84	185	0	1112	false	1188	None
LINESTRING (3144745.316 229450.749, 3144712.553 229507.208)	84	185	0	1113	false	1188	None
LINESTRING (3144712.553 229507.208, 3144689.809 229546.243)	84	185	0	1114	false	1188	None
LINESTRING (3144689.809 229546.243, 3144678.971 229565.015)	84	185	0	1115	false	1188	None
LINESTRING (3144678.971 229565.015, 3144646.124 229621.441)	84	185	0	1116	false	1188	None
LINESTRING (3144646.124 229621.441, 3144635.161 229640.284)	84	185	0	1117	false	1188	None
LINESTRING (3144635.161 229640.284, 3144615.142 229678.116)	84	185	0	1118	false	1188	None
LINESTRING (3144615.142 229678.116, 3144554.794 229791.857)	84	185	0	1119	false	1188	None
LINESTRING (3144554.794 229791.857, 3144547.942 229804.676)	84	185	0	1120	false	1188	None
LINESTRING (3144547.942 229804.676, 3144536.49 229830.833)	84	185	0	1121	false	1188	None
LINESTRING (3144536.49 229830.833, 3144528.518 229849.053)	84	185	0	1122	false	1188	None
LINESTRING (3144528.518 229849.053, 3144504.603 229903.713)	84	185	0	1123	false	1188	None
LINESTRING (3144504.603 229903.713, 3144496.506 229922.004)	84	185	0	1124	false	1188	None
LINESTRING (3144496.506 229922.004, 3144494.077 229927.491)	84	185	0	1125	false	1188	None
LINESTRING (3144494.077 229927.491, 3144486.709 229944.159)	84	185	0	1126	false	1188	None
LINESTRING (3144486.709 229944.159, 3144484.24 229949.75)	84	185	0	1127	false	1188	None
LINESTRING (3144484.24 229949.75, 3144479.019 229961.655)	84	185	0	1128	false	1188	None
LINESTRING (3144479.019 229961.655, 3144463.237 229997.681)	84	185	0	1129	false	1188	None
LINESTRING (3144463.237 229997.681, 3144457.936 230009.793)	84	185	0	1130	false	1188	None
LINESTRING (3144457.936 230009.793, 3144455.23 230016.245)	84	185	0	1131	false	1188	None
LINESTRING (3144455.23 230016.245, 3144446.946 230035.773)	84	185	0	1132	false	1188	None
LINESTRING (3144446.946 230035.773, 3144444.114 230042.294)	84	185	0	1133	false	1188	None
LINESTRING (3144444.114 230042.294, 3144429.085 230077.899)	84	185	0	1134	false	1188	None
LINESTRING (3144429.085 230077.899, 3144383.746 230184.853)	84	185	0	1135	false	1188	None
LINESTRING (3144383.746 230184.853, 3144376.955 230200.793)	84	185	0	1136	false	1188	None
LINESTRING (3144376.955 230200.793, 3144369.017 230220.694)	84	185	0	1137	false	1188	None
LINESTRING (3144369.017 230220.694, 3144356.249 230253.009)	84	185	0	1138	false	1188	None
LINESTRING (3144356.249 230253.009, 3144317.608 230350.063)	84	185	0	1139	false	1188	None
LINESTRING (3144317.608 230350.063, 3144304.715 230382.449)	84	185	0	1140	false	1188	None
LINESTRING (3144304.715 230382.449, 3144302.35 230389.033)	84	185	0	1141	false	1188	None
LINESTRING (3144302.35 230389.033, 3144295.209 230408.648)	84	185	0	1142	false	1188	None
LINESTRING (3144295.209 230408.648, 3144292.719 230415.303)	84	185	0	1143	false	1188	None
LINESTRING (3144292.719 230415.303, 3144278.196 230455.154)	84	185	0	1144	false	1188	None
LINESTRING (3144278.196 230455.154, 3144234.419 230574.747)	84	185	0	1145	false	1188	None
LINESTRING (3144234.419 230574.747, 3144228.114 230591.71)	84	185	0	1146	false	1188	None
LINESTRING (3144228.114 230591.71, 3144220.408 230614.798)	84	185	0	1147	false	1188	None
LINESTRING (3144220.408 230614.798, 3144210.467 230644.64)	84	185	0	1148	false	1188	None
LINESTRING (3144210.467 230644.64, 3144180.603 230734.269)	84	185	0	1149	false	1188	None
LINESTRING (3144180.603 230734.269, 3144170.537 230764.181)	84	185	0	1150	false	1188	None
LINESTRING (3144170.537 230764.181, 3144165.705 230778.62)	84	185	0	1151	false	1188	None
LINESTRING (3144165.705 230778.62, 3144151.043 230822.11)	84	185	0	1152	false	1188	None
LINESTRING (3144151.043 230822.11, 3144146.085 230836.619)	84	185	0	1153	false	1188	None
LINESTRING (3144146.085 230836.619, 3144141.012 230851.679)	84	185	0	1154	false	1188	None
LINESTRING (3144141.012 230851.679, 3144125.876 230896.891)	84	185	0	1155	false	1188	None
LINESTRING (3144125.876 230896.891, 3144120.677 230912.021)	84	185	0	1156	false	1188	None
LINESTRING (3144120.677 230912.021, 3144108.018 230949.858)	84	185	0	1157	false	1188	None
LINESTRING (3144108.018 230949.858, 3144070.081 231063.266)	84	185	0	1158	false	1188	None
LINESTRING (3144070.081 231063.266, 3144057.296 231101.174)	84	185	0	1159	false	1188	None
LINESTRING (3144057.296 231101.174, 3144043.943 231144.578)	84	185	0	1160	false	1188	None
LINESTRING (3144043.943 231144.578, 3144003.845 231274.894)	84	185	0	1161	false	1188	None
LINESTRING (3144003.845 231274.894, 3144003.482 231275.825)	84	185	0	1162	false	1188	None
LINESTRING (3144003.482 231275.825, 3143991.344 231318.629)	84	185	0	1163	false	1188	None
LINESTRING (3143991.344 231318.629, 3143981.462 231353.616)	84	185	0	1164	false	1188	None
LINESTRING (3143981.462 231353.616, 3143969.868 231394.012)	84	185	0	1165	false	1188	None
LINESTRING (3143969.868 231394.012, 3143949.353 231458.096)	84	185	0	1166	false	1188	None
LINESTRING (3143949.353 231458.096, 3143938.112 231492.792)	84	185	0	1167	false	1188	None
LINESTRING (3143938.112 231492.792, 3143933.017 231508.916)	84	185	0	1168	false	1188	None
LINESTRING (3143933.017 231508.916, 3143928.234 231523.731)	84	185	0	1169	false	1188	None
LINESTRING (3143928.234 231523.731, 3143917.516 231557.083)	84	185	0	1170	false	1188	None
LINESTRING (3143917.516 231557.083, 3143912.296 231573.277)	84	185	0	1171	false	1188	None
LINESTRING (3143912.296 231573.277, 3143904.407 231597.842)	84	185	0	1172	false	1188	None
LINESTRING (3143904.407 231597.842, 3143899.227 231613.932)	84	185	0	1173	false	1188	None
LINESTRING (3143899.227 231613.932, 3143882.566 231659.028)	84	185	0	1174	false	1188	None
LINESTRING (3143882.566 231659.028, 3143879.995 231665.889)	84	185	0	1175	false	1188	None
LINESTRING (3143879.995 231665.889, 3143878.619 231671.19)	84	185	0	1176	false	1188	None
LINESTRING (3143878.619 231671.19, 3143871.753 231696.154)	84	185	0	1177	false	1188	None
LINESTRING (3143871.753 231696.154, 3143870.389 231699.912)	84	185	0	1178	false	1188	None
LINESTRING (3143870.389 231699.912, 3143866.343 231711.321)	84	185	0	1179	false	1188	None
LINESTRING (3143866.343 231711.321, 3143864.854 231715.149)	84	185	0	1180	false	1188	None
LINESTRING (3143864.854 231715.149, 3143863.253 231719.767)	84	185	0	1181	false	1188	None
LINESTRING (3143863.253 231719.767, 3143858.161 231733.867)	84	185	0	1182	false	1188	None
LINESTRING (3143858.161 231733.867, 3143856.435 231738.555)	84	185	0	1183	false	1188	None
LINESTRING (3143856.435 231738.555, 3143851.664 231751.827)	84	185	0	1184	false	1188	None
LINESTRING (3143851.664 231751.827, 3143840.598 231782.542)	84	185	0	1185	false	1188	None
LINESTRING (3143840.598 231782.542, 3143838.791 231787.438)	84	185	0	1186	false	1188	None
LINESTRING (3143838.791 231787.438, 3143837.307 231791.506)	84	185	0	1187	false	1188	None
LINESTRING (3143837.307 231791.506, 3143832.411 231804.847)	84	185	0	1188	false	1188	None
LINESTRING (3142257.708 232169.318, 3142265.649 232177.409)	84	186	0	3354	false	4058	W:3142259.551 232171.1958129957
LINESTRING (3142265.649 232177.409, 3142299.406 232203.638)	84	186	0	3355	false	4058	None
LINESTRING (3142299.406 232203.638, 3142312.389 232210.116)	84	186	0	3356	false	4058	None
LINESTRING (3142312.389 232210.116, 3142324.442 232214.446)	84	186	0	3357	false	4058	None
LINESTRING (3142324.442 232214.446, 3142326.267 232214.799)	84	186	0	3358	false	4058	None
LINESTRING (3142326.267 232214.799, 3142339.4 232218.119)	84	186	0	3359	false	4058	None
LINESTRING (3142339.4 232218.119, 3142364.238 232216.82)	84	186	0	3360	false	4058	None
LINESTRING (3142364.238 232216.82, 3142377.437 232219.213)	84	186	0	3361	false	4058	None
LINESTRING (3142377.437 232219.213, 3142387.316 232220.554)	84	186	0	3362	false	4058	None
LINESTRING (3142387.316 232220.554, 3142396.963 232222.995)	84	186	0	3363	false	4058	None
LINESTRING (3142396.963 232222.995, 3142406.294 232226.504)	84	186	0	3364	false	4058	None
LINESTRING (3142406.294 232226.504, 3142415.221 232231.048)	84	186	0	3365	false	4058	None
LINESTRING (3142415.221 232231.048, 3142423.491 232236.528)	84	186	0	3366	false	4058	None
LINESTRING (3142423.491 232236.528, 3142430.525 232243.67)	84	186	0	3367	false	4058	None
LINESTRING (3142430.525 232243.67, 3142434.889 232252.633)	84	186	0	3368	false	4058	None
LINESTRING (3142434.889 232252.633, 3142442.21 232259.292)	84	186	0	3369	false	4058	None
LINESTRING (3142442.21 232259.292, 3142451.661 232262.491)	84	186	0	3370	false	4058	None
LINESTRING (3142451.661 232262.491, 3142460.83 232266.414)	84	186	0	3371	false	4058	None
LINESTRING (3142460.83 232266.414, 3142469.758 232270.958)	84	186	0	3372	false	4058	None
LINESTRING (3142469.758 232270.958, 3142477.079 232277.616)	84	186	0	3373	false	4058	None
LINESTRING (3142477.079 232277.616, 3142494.83 232313.464)	84	186	0	3374	false	4058	None
LINESTRING (3142494.83 232313.464, 3142500.032 232322.038)	84	186	0	3375	false	4058	None
LINESTRING (3142500.032 232322.038, 3142505.69 232330.194)	84	186	0	3376	false	4058	None
LINESTRING (3142505.69 232330.194, 3142512.93 232337.06)	84	186	0	3377	false	4058	None
LINESTRING (3142512.93 232337.06, 3142521.531 232342.191)	84	186	0	3378	false	4058	None
LINESTRING (3142521.531 232342.191, 3142523.868 232342.743)	84	186	0	3379	false	4058	None
LINESTRING (3142523.868 232342.743, 3142560.331 232351.921)	84	186	0	3380	false	4058	None
LINESTRING (3142560.331 232351.921, 3142570.135 232353.709)	84	186	0	3381	false	4058	None
LINESTRING (3142570.135 232353.709, 3142580.054 232354.946)	84	186	0	3382	false	4058	None
LINESTRING (3142580.054 232354.946, 3142599.452 232352.247)	84	186	0	3383	false	4058	None
LINESTRING (3142599.452 232352.247, 3142605.636 232352.746)	84	186	0	3384	false	4058	None
LINESTRING (3142605.636 232352.746, 3142628.879 232352.018)	84	186	0	3385	false	4058	None
LINESTRING (3142628.879 232352.018, 3142639.295 232352.735)	84	186	0	3386	false	4058	None
LINESTRING (3142639.295 232352.735, 3142648.509 232356.795)	84	186	0	3387	false	4058	None
LINESTRING (3142648.509 232356.795, 3142656.322 232362.692)	84	186	0	3388	false	4058	None
LINESTRING (3142656.322 232362.692, 3142665.337 232365.245)	84	186	0	3389	false	4058	None
LINESTRING (3142665.337 232365.245, 3142680.041 232366.795)	84	186	0	3390	false	4058	None
LINESTRING (3142680.041 232366.795, 3142693.464 232365.584)	84	186	0	3391	false	4058	None
LINESTRING (3142693.464 232365.584, 3142694.693 232365.704)	84	186	0	3392	false	4058	None
LINESTRING (3142694.693 232365.704, 3142700.716 232366.617)	84	186	0	3393	false	4058	None
LINESTRING (3142700.716 232366.617, 3142711.535 232370.587)	84	186	0	3394	false	4058	None
LINESTRING (3142711.535 232370.587, 3142724.755 232376.205)	84	186	0	3395	false	4058	None
LINESTRING (3142724.755 232376.205, 3142737.454 232385.432)	84	186	0	3396	false	4058	None
LINESTRING (3142737.454 232385.432, 3142749.23 232395.015)	84	186	0	3397	false	4058	None
LINESTRING (3142749.23 232395.015, 3142757.966 232400.557)	84	186	0	3398	false	4058	None
LINESTRING (3142757.966 232400.557, 3142766.299 232402.845)	84	186	0	3399	false	4058	None
LINESTRING (3142766.299 232402.845, 3142775.633 232402.307)	84	186	0	3400	false	4058	None
LINESTRING (3142775.633 232402.307, 3142789.98 232400.74)	84	186	0	3401	false	4058	None
LINESTRING (3142789.98 232400.74, 3142806.449 232397.498)	84	186	0	3402	false	4058	None
LINESTRING (3142806.449 232397.498, 3142817.988 232399.365)	84	186	0	3403	false	4058	None
LINESTRING (3142817.988 232399.365, 3142829.93 232404.486)	84	186	0	3404	false	4058	None
LINESTRING (3142829.93 232404.486, 3142840.825 232412.297)	84	186	0	3405	false	4058	None
LINESTRING (3142840.825 232412.297, 3142854.161 232430.229)	84	186	0	3406	false	4058	None
LINESTRING (3142854.161 232430.229, 3142861.209 232438.093)	84	186	0	3407	false	4058	None
LINESTRING (3142861.209 232438.093, 3142872.468 232442.949)	84	186	0	3408	false	4058	None
LINESTRING (3142872.468 232442.949, 3142884.248 232444.195)	84	186	0	3409	false	4058	None
LINESTRING (3142884.248 232444.195, 3142900.155 232442.402)	84	186	0	3410	false	4058	None
LINESTRING (3142900.155 232442.402, 3142924.48 232434.353)	84	186	0	3411	false	4058	None
LINESTRING (3142924.48 232434.353, 3142943.598 232426.067)	84	186	0	3412	false	4058	None
LINESTRING (3142943.598 232426.067, 3142944.06 232425.889)	84	186	0	3413	false	4058	None
LINESTRING (3142944.06 232425.889, 3142955.94 232423.601)	84	186	0	3414	false	4058	None
LINESTRING (3142955.94 232423.601, 3142969.28 232424.621)	84	186	0	3415	false	4058	None
LINESTRING (3142969.28 232424.621, 3142989.554 232432.031)	84	186	0	3416	false	4058	None
LINESTRING (3142989.554 232432.031, 3143010.307 232442.247)	84	186	0	3417	false	4058	None
LINESTRING (3143010.307 232442.247, 3143027.893 232454.805)	84	186	0	3418	false	4058	None
LINESTRING (3143027.893 232454.805, 3143036.78 232468.03)	84	186	0	3419	false	4058	None
LINESTRING (3143036.78 232468.03, 3143046.034 232480.563)	84	186	0	3420	false	4058	None
LINESTRING (3143046.034 232480.563, 3143053.764 232488.691)	84	186	0	3421	false	4058	None
LINESTRING (3143053.764 232488.691, 3143068.582 232500.292)	84	186	0	3422	false	4058	None
LINESTRING (3143068.582 232500.292, 3143075.637 232502.083)	84	186	0	3423	false	4058	None
LINESTRING (3143075.637 232502.083, 3143092.582 232503.672)	84	186	0	3424	false	4058	None
LINESTRING (3143092.582 232503.672, 3143111.387 232507.294)	84	186	0	3425	false	4058	None
LINESTRING (3143111.387 232507.294, 3143120.473 232509.161)	84	186	0	3426	false	4058	None
LINESTRING (3143120.473 232509.161, 3143129.206 232512.439)	84	186	0	3427	false	4058	None
LINESTRING (3143129.206 232512.439, 3143139.019 232518.996)	84	186	0	3428	false	4058	None
LINESTRING (3143139.019 232518.996, 3143151.119 232525.727)	84	186	0	3429	false	4058	None
LINESTRING (3143151.119 232525.727, 3143162.454 232534.425)	84	186	0	3430	false	4058	None
LINESTRING (3143162.454 232534.425, 3143175.47 232546.873)	84	186	0	3431	false	4058	None
LINESTRING (3143175.47 232546.873, 3143187.207 232558.824)	84	186	0	3432	false	4058	None
LINESTRING (3143187.207 232558.824, 3143195.02 232564.722)	84	186	0	3433	false	4058	None
LINESTRING (3143195.02 232564.722, 3143212.043 232572.416)	84	186	0	3434	false	4058	None
LINESTRING (3143212.043 232572.416, 3143229.991 232579.755)	84	186	0	3435	false	4058	None
LINESTRING (3143229.991 232579.755, 3143249.183 232585.911)	84	186	0	3436	false	4058	None
LINESTRING (3143249.183 232585.911, 3143287.563 232602.271)	84	186	0	3437	false	4058	None
LINESTRING (3143287.563 232602.271, 3143305.027 232610.851)	84	186	0	3438	false	4058	None
LINESTRING (3143305.027 232610.851, 3143313.796 232618.074)	84	186	0	3439	false	4058	None
LINESTRING (3143313.796 232618.074, 3143320.988 232622.54)	84	186	0	3440	false	4058	None
LINESTRING (3143320.988 232622.54, 3143337.774 232635.383)	84	186	0	3441	false	4058	None
LINESTRING (3143337.774 232635.383, 3143372.058 232667.064)	84	186	0	3442	false	4058	None
LINESTRING (3143372.058 232667.064, 3143373.05 232668.046)	84	186	0	3443	false	4058	None
LINESTRING (3143373.05 232668.046, 3143384.167 232682.853)	84	186	0	3444	false	4058	None
LINESTRING (3143384.167 232682.853, 3143405.638 232708.12)	84	186	0	3445	false	4058	None
LINESTRING (3143405.638 232708.12, 3143412.368 232721.34)	84	186	0	3446	false	4058	None
LINESTRING (3143412.368 232721.34, 3143431.898 232742.517)	84	186	0	3447	false	4058	None
LINESTRING (3143431.898 232742.517, 3143439.961 232748.274)	84	186	0	3448	false	4058	None
LINESTRING (3143439.961 232748.274, 3143446.436 232752.818)	84	186	0	3449	false	4058	None
LINESTRING (3143446.436 232752.818, 3143458.75 232759.753)	84	186	0	3450	false	4058	None
LINESTRING (3143458.75 232759.753, 3143473.563 232766.826)	84	186	0	3451	false	4058	None
LINESTRING (3143473.563 232766.826, 3143480.324 232770.886)	84	186	0	3452	false	4058	None
LINESTRING (3143480.324 232770.886, 3143483.425 232773.76)	84	186	0	3453	false	4058	None
LINESTRING (3143483.425 232773.76, 3143487.977 232779.462)	84	186	0	3454	false	4058	None
LINESTRING (3143487.977 232779.462, 3143491.604 232783.255)	84	186	0	3455	false	4058	None
LINESTRING (3143491.604 232783.255, 3143496.234 232790.774)	84	186	0	3456	false	4058	None
LINESTRING (3143496.234 232790.774, 3143503.402 232798.328)	84	186	0	3457	false	4058	None
LINESTRING (3143503.402 232798.328, 3143507.632 232804.857)	84	186	0	3458	false	4058	None
LINESTRING (3143507.632 232804.857, 3143512.707 232809.214)	84	186	0	3459	false	4058	None
LINESTRING (3143512.707 232809.214, 3143529.807 232812.174)	84	186	0	3460	false	4058	None
LINESTRING (3143529.807 232812.174, 3143539.903 232811.695)	84	186	0	3461	false	4058	None
LINESTRING (3143539.903 232811.695, 3143554.825 232807.137)	84	186	0	3462	false	4058	None
LINESTRING (3143554.825 232807.137, 3143561.702 232806.359)	84	186	0	3463	false	4058	None
LINESTRING (3143561.702 232806.359, 3143571.196 232803.143)	84	186	0	3464	false	4058	None
LINESTRING (3143571.196 232803.143, 3143578.911 232797.688)	84	186	0	3465	false	4058	None
LINESTRING (3143578.911 232797.688, 3143587.55 232787.589)	84	186	0	3466	false	4058	None
LINESTRING (3143587.55 232787.589, 3143593.455 232778.212)	84	186	0	3467	false	4058	None
LINESTRING (3143593.455 232778.212, 3143604.985 232762.448)	84	186	0	3468	false	4058	None
LINESTRING (3143604.985 232762.448, 3143613.906 232751.625)	84	186	0	3469	false	4058	None
LINESTRING (3143613.906 232751.625, 3143620.618 232742.444)	84	186	0	3470	false	4058	None
LINESTRING (3143620.618 232742.444, 3143633.127 232742.07)	84	186	0	3471	false	4058	None
LINESTRING (3143633.127 232742.07, 3143640.005 232741.291)	84	186	0	3472	false	4058	None
LINESTRING (3143640.005 232741.291, 3143650.462 232737.617)	84	186	0	3473	false	4058	None
LINESTRING (3143650.462 232737.617, 3143659.868 232727.816)	84	186	0	3474	false	4058	None
LINESTRING (3143659.868 232727.816, 3143664.529 232726.175)	84	186	0	3475	false	4058	None
LINESTRING (3143664.529 232726.175, 3143685.772 232724.792)	84	186	0	3476	false	4058	None
LINESTRING (3143685.772 232724.792, 3143693.135 232725.036)	84	186	0	3477	false	4058	None
LINESTRING (3143693.135 232725.036, 3143704.642 232727.488)	84	186	0	3478	false	4058	None
LINESTRING (3143704.642 232727.488, 3143713.619 232732.41)	84	186	0	3479	false	4058	None
LINESTRING (3143713.619 232732.41, 3143718.209 232735.745)	84	186	0	3480	false	4058	None
LINESTRING (3143718.209 232735.745, 3143721.029 232739.343)	84	186	0	3481	false	4058	None
LINESTRING (3143721.029 232739.343, 3143719.423 232743.721)	84	186	0	3482	false	4058	None
LINESTRING (3143719.423 232743.721, 3143716.291 232750.007)	84	186	0	3483	false	4058	None
LINESTRING (3143716.291 232750.007, 3143709.814 232751.775)	84	186	0	3484	false	4058	None
LINESTRING (3143709.814 232751.775, 3143702.576 232755.749)	84	186	0	3485	false	4058	None
LINESTRING (3143702.576 232755.749, 3143696.788 232760.286)	84	186	0	3486	false	4058	None
LINESTRING (3143696.788 232760.286, 3143688.994 232768.213)	84	186	0	3487	false	4058	None
LINESTRING (3143688.994 232768.213, 3143679.713 232782.231)	84	186	0	3488	false	4058	None
LINESTRING (3143679.713 232782.231, 3143670.76 232802.214)	84	186	0	3489	false	4058	None
LINESTRING (3143670.76 232802.214, 3143664.801 232838.967)	84	186	0	3490	false	4058	None
LINESTRING (3143664.801 232838.967, 3143664.028 232868.445)	84	186	0	3491	false	4058	None
LINESTRING (3143664.028 232868.445, 3143665.33 232926.128)	84	186	0	3492	false	4058	N:3143664.56741709 232892.343
LINESTRING (3143868.951 232905.415, 3143870.829 232891.256)	84	186	0	3529	false	4058	N:3143870.68482414 232892.343
LINESTRING (3143870.829 232891.256, 3143878.427 232884.087)	84	186	0	3530	false	4058	None
LINESTRING (3143878.427 232884.087, 3143894.713 232880.06)	84	186	0	3531	false	4058	None
LINESTRING (3143894.713 232880.06, 3143903.361 232879.018)	84	186	0	3532	false	4058	None
LINESTRING (3143903.361 232879.018, 3143966.158 232877.009)	84	186	0	3533	false	4058	None
LINESTRING (3143966.158 232877.009, 3143996.612 232877.423)	84	186	0	3534	false	4058	None
LINESTRING (3143996.612 232877.423, 3144088.709 232888.126)	84	186	0	3535	false	4058	None
LINESTRING (3144088.709 232888.126, 3144126.215 232900.934)	84	186	0	3536	false	4058	N:3144101.0577509366 232892.343
LINESTRING (3144332.643 232911.103, 3144355.837 232890.587)	84	186	0	3545	false	4058	N:3144353.851785338 232892.343
LINESTRING (3144355.837 232890.587, 3144376.987 232880.116)	84	186	0	3546	false	4058	None
LINESTRING (3144376.987 232880.116, 3144398.912 232878.999)	84	186	0	3547	false	4058	None
LINESTRING (3144398.912 232878.999, 3144411.062 232877.533)	84	186	0	3548	false	4058	None
LINESTRING (3144411.062 232877.533, 3144428.028 232867.221)	84	186	0	3549	false	4058	None
LINESTRING (3144428.028 232867.221, 3144443.357 232866.158)	84	186	0	3550	false	4058	None
LINESTRING (3144443.357 232866.158, 3144442.254 232850.839)	84	186	0	3551	false	4058	None
LINESTRING (3144442.254 232850.839, 3144435.604 232835.147)	84	186	0	3552	false	4058	None
LINESTRING (3144435.604 232835.147, 3144417.886 232817.889)	84	186	0	3553	false	4058	None
LINESTRING (3144417.886 232817.889, 3144393.093 232806.453)	84	186	0	3554	false	4058	None
LINESTRING (3144393.093 232806.453, 3144339.452 232790.224)	84	186	0	3555	false	4058	None
LINESTRING (3144339.452 232790.224, 3144322.509 232782.32)	84	186	0	3556	false	4058	None
LINESTRING (3144322.509 232782.32, 3144309.74 232769.489)	84	186	0	3557	false	4058	None
LINESTRING (3144309.74 232769.489, 3144302.526 232755.247)	84	186	0	3558	false	4058	None
LINESTRING (3144302.526 232755.247, 3144302.988 232731.364)	84	186	0	3559	false	4058	None
LINESTRING (3144302.988 232731.364, 3144311.097 232713.554)	84	186	0	3560	false	4058	None
LINESTRING (3144311.097 232713.554, 3144325.447 232701.39)	84	186	0	3561	false	4058	None
LINESTRING (3144325.447 232701.39, 3144368.76 232680.365)	84	186	0	3562	false	4058	None
LINESTRING (3144368.76 232680.365, 3144402.46 232669.417)	84	186	0	3563	false	4058	None
LINESTRING (3144402.46 232669.417, 3144434.067 232655.272)	84	186	0	3564	false	4058	None
LINESTRING (3144434.067 232655.272, 3144451.551 232636.822)	84	186	0	3565	false	4058	None
LINESTRING (3144451.551 232636.822, 3144472.051 232616.926)	84	186	0	3566	false	4058	None
LINESTRING (3144472.051 232616.926, 3144480.041 232597.403)	84	186	0	3567	false	4058	None
LINESTRING (3144480.041 232597.403, 3144481.757 232585.682)	84	186	0	3568	false	4058	None
LINESTRING (3144481.757 232585.682, 3144491.924 232573.676)	84	186	0	3569	false	4058	None
LINESTRING (3144491.924 232573.676, 3144500.127 232564.956)	84	186	0	3570	false	4058	None
LINESTRING (3144500.127 232564.956, 3144510.341 232559.64)	84	186	0	3571	false	4058	None
LINESTRING (3144510.341 232559.64, 3144521.48 232556.232)	84	186	0	3572	false	4058	None
LINESTRING (3144521.48 232556.232, 3144529.008 232560.591)	84	186	0	3573	false	4058	None
LINESTRING (3144529.008 232560.591, 3144538.87 232567.526)	84	186	0	3574	false	4058	None
LINESTRING (3144538.87 232567.526, 3144546.445 232578.574)	84	186	0	3575	false	4058	None
LINESTRING (3144546.445 232578.574, 3144557.34 232612.357)	84	186	0	3576	false	4058	None
LINESTRING (3144557.34 232612.357, 3144565.518 232626.141)	84	186	0	3577	false	4058	None
LINESTRING (3144565.518 232626.141, 3144573.571 232635.707)	84	186	0	3578	false	4058	None
LINESTRING (3144573.571 232635.707, 3144582.141 232637.137)	84	186	0	3579	false	4058	None
LINESTRING (3144582.141 232637.137, 3144597.064 232632.581)	84	186	0	3580	false	4058	None
LINESTRING (3144597.064 232632.581, 3144611.383 232629.577)	84	186	0	3581	false	4058	None
LINESTRING (3144611.383 232629.577, 3144626.948 232621.102)	84	186	0	3582	false	4058	None
LINESTRING (3144626.948 232621.102, 3144657.453 232591.638)	84	186	0	3583	false	4058	None
LINESTRING (3144657.453 232591.638, 3144665.81 232575.712)	84	186	0	3584	false	4058	None
LINESTRING (3144665.81 232575.712, 3144670.221 232559.084)	84	186	0	3585	false	4058	None
LINESTRING (3144670.221 232559.084, 3144665.663 232546.589)	84	186	0	3586	false	4058	None
LINESTRING (3144665.663 232546.589, 3144661.479 232531.619)	84	186	0	3587	false	4058	None
LINESTRING (3144661.479 232531.619, 3144660.575 232528.647)	84	186	0	3588	false	4058	None
LINESTRING (3144660.575 232528.647, 3144661.328 232513.096)	84	186	0	3589	false	4058	None
LINESTRING (3144661.328 232513.096, 3144663.764 232494.985)	84	186	0	3590	false	4058	None
LINESTRING (3144663.764 232494.985, 3144670.955 232484.323)	84	186	0	3591	false	4058	None
LINESTRING (3144670.955 232484.323, 3144678.554 232477.155)	84	186	0	3592	false	4058	None
LINESTRING (3144678.554 232477.155, 3144697.895 232469.316)	84	186	0	3593	false	4058	None
LINESTRING (3144697.895 232469.316, 3144717.205 232466.348)	84	186	0	3594	false	4058	None
LINESTRING (3144717.205 232466.348, 3144736.553 232461.013)	84	186	0	3595	false	4058	None
LINESTRING (3144736.553 232461.013, 3144761.252 232456.808)	84	186	0	3596	false	4058	None
LINESTRING (3144761.252 232456.808, 3144772.877 232454.423)	84	186	0	3597	false	4058	None
LINESTRING (3144772.877 232454.423, 3144792.712 232456.663)	84	186	0	3598	false	4058	None
LINESTRING (3144792.712 232456.663, 3144821.289 232471.239)	84	186	0	3599	false	4058	None
LINESTRING (3144821.289 232471.239, 3144845.596 232475.101)	84	186	0	3600	false	4058	None
LINESTRING (3144845.596 232475.101, 3144865.994 232475.893)	84	186	0	3601	false	4058	None
LINESTRING (3144865.994 232475.893, 3144883.284 232464.754)	84	186	0	3602	false	4058	None
LINESTRING (3144883.284 232464.754, 3144897.197 232458.256)	84	186	0	3603	false	4058	None
LINESTRING (3144897.197 232458.256, 3144905.274 232449.607)	84	186	0	3604	false	4058	None
LINESTRING (3144905.274 232449.607, 3144917.416 232439.085)	84	186	0	3605	false	4058	None
LINESTRING (3144917.416 232439.085, 3144927.021 232428.529)	84	186	0	3606	false	4058	None
LINESTRING (3144927.021 232428.529, 3144943.753 232421.342)	84	186	0	3607	false	4058	None
LINESTRING (3144943.753 232421.342, 3144968.336 232421.976)	84	186	0	3608	false	4058	None
LINESTRING (3144968.336 232421.976, 3144991.115 232432.033)	84	186	0	3609	false	4058	None
LINESTRING (3144991.115 232432.033, 3145191.454 232502.03)	84	186	0	3610	false	4058	None
LINESTRING (3145191.454 232502.03, 3145191.825 232505.867)	84	186	0	3611	false	4058	None
LINESTRING (3145191.825 232505.867, 3145201.055 232508.627)	84	186	0	3612	false	4058	None
LINESTRING (3145201.055 232508.627, 3145203.793 232505.88)	84	186	0	3613	false	4058	None
LINESTRING (3145203.793 232505.88, 3145207.34 232505.593)	84	186	0	3614	false	4058	None
LINESTRING (3145207.34 232505.593, 3145227.997 232504.461)	84	186	0	3615	false	4058	None
LINESTRING (3145227.997 232504.461, 3145234.799 232504.131)	84	186	0	3616	false	4058	None
LINESTRING (3145234.799 232504.131, 3145263.739 232487.521)	84	186	0	3617	false	4058	None
LINESTRING (3145263.739 232487.521, 3145277.808 232480.37)	84	186	0	3618	false	4058	None
LINESTRING (3145277.808 232480.37, 3145312.802 232464.091)	84	186	0	3619	false	4058	None
LINESTRING (3145312.802 232464.091, 3145325.433 232452.569)	84	186	0	3620	false	4058	None
LINESTRING (3145325.433 232452.569, 3145345.76 232432.368)	84	186	0	3621	false	4058	None
LINESTRING (3145345.76 232432.368, 3145358.109 232421.57)	84	186	0	3622	false	4058	None
LINESTRING (3145358.109 232421.57, 3145373.782 232412.066)	84	186	0	3623	false	4058	None
LINESTRING (3145373.782 232412.066, 3145400.96 232400.488)	84	186	0	3624	false	4058	None
LINESTRING (3145400.96 232400.488, 3145412.813 232396.763)	84	186	0	3625	false	4058	None
LINESTRING (3145412.813 232396.763, 3145430.341 232391.316)	84	186	0	3626	false	4058	None
LINESTRING (3145430.341 232391.316, 3145456.63 232384.039)	84	186	0	3627	false	4058	None
LINESTRING (3145456.63 232384.039, 3145473.784 232381.067)	84	186	0	3628	false	4058	None
LINESTRING (3145473.784 232381.067, 3145499.954 232380.652)	84	186	0	3629	false	4058	None
LINESTRING (3145499.954 232380.652, 3145531.447 232382.191)	84	186	0	3630	false	4058	None
LINESTRING (3145531.447 232382.191, 3145559.7 232384.493)	84	186	0	3631	false	4058	None
LINESTRING (3145559.7 232384.493, 3145592.758 232390.334)	84	186	0	3632	false	4058	None
LINESTRING (3145592.758 232390.334, 3145660.512 232403.606)	84	186	0	3633	false	4058	None
LINESTRING (3145660.512 232403.606, 3145670.846 232406.557)	84	186	0	3634	false	4058	None
LINESTRING (3145670.846 232406.557, 3145682.105 232411.417)	84	186	0	3635	false	4058	None
LINESTRING (3145682.105 232411.417, 3145695.483 232418.65)	84	186	0	3636	false	4058	None
LINESTRING (3145695.483 232418.65, 3145734.299 232446.508)	84	186	0	3637	false	4058	None
LINESTRING (3145734.299 232446.508, 3145751.966 232456.841)	84	186	0	3638	false	4058	None
LINESTRING (3145751.966 232456.841, 3145774.672 232476.164)	84	186	0	3639	false	4058	None
LINESTRING (3145774.672 232476.164, 3145795.181 232491.296)	84	186	0	3640	false	4058	None
LINESTRING (3145795.181 232491.296, 3145831.146 232520.427)	84	186	0	3641	false	4058	None
LINESTRING (3145831.146 232520.427, 3145859.42 232549.899)	84	186	0	3642	false	4058	None
LINESTRING (3145859.42 232549.899, 3145913.369 232594.848)	84	186	0	3643	false	4058	None
LINESTRING (3145913.369 232594.848, 3145915.527 232597.118)	84	186	0	3644	false	4058	None
LINESTRING (3145915.527 232597.118, 3145937.038 232620.265)	84	186	0	3645	false	4058	None
LINESTRING (3145937.038 232620.265, 3145951.968 232639.897)	84	186	0	3646	false	4058	None
LINESTRING (3145951.968 232639.897, 3145968.108 232658.689)	84	186	0	3647	false	4058	None
LINESTRING (3145968.108 232658.689, 3145992.857 232683.097)	84	186	0	3648	false	4058	None
LINESTRING (3145992.857 232683.097, 3146018.28 232716.107)	84	186	0	3649	false	4058	None
LINESTRING (3146018.28 232716.107, 3146042.521 232744.844)	84	186	0	3650	false	4058	None
LINESTRING (3146042.521 232744.844, 3146047.068 232750.308)	84	186	0	3651	false	4058	None
LINESTRING (3146047.068 232750.308, 3146062.767 232768.214)	84	186	0	3652	false	4058	None
LINESTRING (3146062.767 232768.214, 3146076.661 232782.439)	84	186	0	3653	false	4058	None
LINESTRING (3146076.661 232782.439, 3146089.676 232797.157)	84	186	0	3654	false	4058	None
LINESTRING (3146089.676 232797.157, 3146098.402 232808.774)	84	186	0	3655	false	4058	None
LINESTRING (3146098.402 232808.774, 3146103.24 232837.938)	84	186	0	3656	false	4058	None
LINESTRING (3146103.24 232837.938, 3146104.69 232847.319)	84	186	0	3657	false	4058	None
LINESTRING (3146104.69 232847.319, 3146105.785 232853.582)	84	186	0	3658	false	4058	None
LINESTRING (3146105.785 232853.582, 3146109.89 232886.393)	84	186	0	3659	false	4058	None
LINESTRING (3146109.89 232886.393, 3146119.195 232930.044)	84	186	0	3660	false	4058	N:3146111.158350095 232892.343
LINESTRING (3143838.791 231787.438, 3143840.598 231782.542)	84	187	0	0	false	1000	None
LINESTRING (3143840.598 231782.542, 3143851.664 231751.827)	84	187	0	1	false	1000	None
LINESTRING (3143851.664 231751.827, 3143856.435 231738.555)	84	187	0	2	false	1000	None
LINESTRING (3143856.435 231738.555, 3143858.161 231733.867)	84	187	0	3	false	1000	None
LINESTRING (3143858.161 231733.867, 3143863.253 231719.767)	84	187	0	4	false	1000	None
LINESTRING (3143863.253 231719.767, 3143864.854 231715.149)	84	187	0	5	false	1000	None
LINESTRING (3143864.854 231715.149, 3143866.343 231711.321)	84	187	0	6	false	1000	None
LINESTRING (3143866.343 231711.321, 3143870.389 231699.912)	84	187	0	7	false	1000	None
LINESTRING (3143870.389 231699.912, 3143871.753 231696.154)	84	187	0	8	false	1000	None
LINESTRING (3143871.753 231696.154, 3143878.619 231671.19)	84	187	0	9	false	1000	None
LINESTRING (3143878.619 231671.19, 3143879.995 231665.889)	84	187	0	10	false	1000	None
LINESTRING (3143879.995 231665.889, 3143882.566 231659.028)	84	187	0	11	false	1000	None
LINESTRING (3143882.566 231659.028, 3143899.227 231613.932)	84	187	0	12	false	1000	None
LINESTRING (3143899.227 231613.932, 3143904.407 231597.842)	84	187	0	13	false	1000	None
LINESTRING (3143904.407 231597.842, 3143912.296 231573.277)	84	187	0	14	false	1000	None
LINESTRING (3143912.296 231573.277, 3143917.516 231557.083)	84	187	0	15	false	1000	None
LINESTRING (3143917.516 231557.083, 3143928.234 231523.731)	84	187	0	16	false	1000	None
LINESTRING (3143928.234 231523.731, 3143933.017 231508.916)	84	187	0	17	false	1000	None
LINESTRING (3143933.017 231508.916, 3143938.112 231492.792)	84	187	0	18	false	1000	None
LINESTRING (3143938.112 231492.792, 3143949.353 231458.096)	84	187	0	19	false	1000	None
LINESTRING (3143949.353 231458.096, 3143969.868 231394.012)	84	187	0	20	false	1000	None
LINESTRING (3143969.868 231394.012, 3143981.462 231353.616)	84	187	0	21	false	1000	None
LINESTRING (3143981.462 231353.616, 3143991.344 231318.629)	84	187	0	22	false	1000	None
LINESTRING (3143991.344 231318.629, 3144003.482 231275.825)	84	187	0	23	false	1000	None
LINESTRING (3144003.482 231275.825, 3144003.845 231274.894)	84	187	0	24	false	1000	None
LINESTRING (3144003.845 231274.894, 3144043.943 231144.578)	84	187	0	25	false	1000	None
LINESTRING (3144043.943 231144.578, 3144057.296 231101.174)	84	187	0	26	false	1000	None
LINESTRING (3144057.296 231101.174, 3144070.081 231063.266)	84	187	0	27	false	1000	None
LINESTRING (3144070.081 231063.266, 3144108.018 230949.858)	84	187	0	28	false	1000	None
LINESTRING (3144108.018 230949.858, 3144120.677 230912.021)	84	187	0	29	false	1000	None
LINESTRING (3144120.677 230912.021, 3144125.876 230896.891)	84	187	0	30	false	1000	None
LINESTRING (3144125.876 230896.891, 3144141.012 230851.679)	84	187	0	31	false	1000	None
LINESTRING (3144141.012 230851.679, 3144146.085 230836.619)	84	187	0	32	false	1000	None
LINESTRING (3144146.085 230836.619, 3144151.043 230822.11)	84	187	0	33	false	1000	None
LINESTRING (3144151.043 230822.11, 3144165.705 230778.62)	84	187	0	34	false	1000	None
LINESTRING (3144165.705 230778.62, 3144170.537 230764.181)	84	187	0	35	false	1000	None
LINESTRING (3144170.537 230764.181, 3144180.603 230734.269)	84	187	0	36	false	1000	None
LINESTRING (3144180.603 230734.269, 3144210.467 230644.64)	84	187	0	37	false	1000	None
LINESTRING (3144210.467 230644.64, 3144220.408 230614.798)	84	187	0	38	false	1000	None
LINESTRING (3144220.408 230614.798, 3144228.114 230591.71)	84	187	0	39	false	1000	None
LINESTRING (3144228.114 230591.71, 3144234.419 230574.747)	84	187	0	40	false	1000	None
LINESTRING (3144234.419 230574.747, 3144278.196 230455.154)	84	187	0	41	false	1000	None
LINESTRING (3144278.196 230455.154, 3144292.719 230415.303)	84	187	0	42	false	1000	None
LINESTRING (3144292.719 230415.303, 3144295.209 230408.648)	84	187	0	43	false	1000	None
LINESTRING (3144295.209 230408.648, 3144302.35 230389.033)	84	187	0	44	false	1000	None
LINESTRING (3144302.35 230389.033, 3144304.715 230382.449)	84	187	0	45	false	1000	None
LINESTRING (3144304.715 230382.449, 3144317.608 230350.063)	84	187	0	46	false	1000	None
LINESTRING (3144317.608 230350.063, 3144356.249 230253.009)	84	187	0	47	false	1000	None
LINESTRING (3144356.249 230253.009, 3144369.017 230220.694)	84	187	0	48	false	1000	None
LINESTRING (3144369.017 230220.694, 3144376.955 230200.793)	84	187	0	49	false	1000	None
LINESTRING (3144376.955 230200.793, 3144383.746 230184.853)	84	187	0	50	false	1000	None
LINESTRING (3144383.746 230184.853, 3144429.085 230077.899)	84	187	0	51	false	1000	None
LINESTRING (3144429.085 230077.899, 3144444.114 230042.294)	84	187	0	52	false	1000	None
LINESTRING (3144444.114 230042.294, 3144446.946 230035.773)	84	187	0	53	false	1000	None
LINESTRING (3144446.946 230035.773, 3144455.23 230016.245)	84	187	0	54	false	1000	None
LINESTRING (3144455.23 230016.245, 3144457.936 230009.793)	84	187	0	55	false	1000	None
LINESTRING (3144457.936 230009.793, 3144463.237 229997.681)	84	187	0	56	false	1000	None
LINESTRING (3144463.237 229997.681, 3144479.019 229961.655)	84	187	0	57	false	1000	None
LINESTRING (3144479.019 229961.655, 3144484.24 229949.75)	84	187	0	58	false	1000	None
LINESTRING (3144484.24 229949.75, 3144486.709 229944.159)	84	187	0	59	false	1000	None
LINESTRING (3144486.709 229944.159, 3144494.077 229927.491)	84	187	0	60	false	1000	None
LINESTRING (3144494.077 229927.491, 3144496.506 229922.004)	84	187	0	61	false	1000	None
LINESTRING (3144496.506 229922.004, 3144504.603 229903.713)	84	187	0	62	false	1000	None
LINESTRING (3144504.603 229903.713, 3144528.518 229849.053)	84	187	0	63	false	1000	None
LINESTRING (3144528.518 229849.053, 3144536.49 229830.833)	84	187	0	64	false	1000	None
LINESTRING (3144536.49 229830.833, 3144547.942 229804.676)	84	187	0	65	false	1000	None
LINESTRING (3144547.942 229804.676, 3144554.794 229791.857)	84	187	0	66	false	1000	None
LINESTRING (3144554.794 229791.857, 3144615.142 229678.116)	84	187	0	67	false	1000	None
LINESTRING (3144615.142 229678.116, 3144635.161 229640.284)	84	187	0	68	false	1000	None
LINESTRING (3144635.161 229640.284, 3144646.124 229621.441)	84	187	0	69	false	1000	None
LINESTRING (3144646.124 229621.441, 3144678.971 229565.015)	84	187	0	70	false	1000	None
LINESTRING (3144678.971 229565.015, 3144689.809 229546.243)	84	187	0	71	false	1000	None
LINESTRING (3144689.809 229546.243, 3144712.553 229507.208)	84	187	0	72	false	1000	None
LINESTRING (3144712.553 229507.208, 3144745.316 229450.749)	84	187	0	73	false	1000	None
LINESTRING (3144745.316 229450.749, 3144769.655 229413.168)	84	187	0	74	false	1000	None
LINESTRING (3144769.655 229413.168, 3144782.633 229391.417)	84	187	0	75	false	1000	None
LINESTRING (3144782.633 229391.417, 3144805.724 229352.755)	84	187	0	76	false	1000	None
LINESTRING (3144805.724 229352.755, 3144812.559 229341.24)	84	187	0	77	false	1000	None
LINESTRING (3144812.559 229341.24, 3144857.789 229267.119)	84	187	0	78	false	1000	None
LINESTRING (3144857.789 229267.119, 3144886.182 229220.634)	84	187	0	79	false	1000	None
LINESTRING (3144886.182 229220.634, 3144959.721 229104.283)	84	187	0	80	false	1000	None
LINESTRING (3144959.721 229104.283, 3145006.259 229032.102)	84	187	0	81	false	1000	None
LINESTRING (3145006.259 229032.102, 3145017.433 229013.222)	84	187	0	82	false	1000	None
LINESTRING (3145017.433 229013.222, 3145040.304 228974.117)	84	187	0	83	false	1000	None
LINESTRING (3145040.304 228974.117, 3145065.604 228925.238)	84	187	0	84	false	1000	S:3145042.7093090285 228969.47
LINESTRING (3146119.195 232930.044, 3146109.89 232886.393)	84	187	0	762	false	1000	N:3146111.158350095 232892.343
LINESTRING (3146109.89 232886.393, 3146105.785 232853.582)	84	187	0	763	false	1000	None
LINESTRING (3146105.785 232853.582, 3146104.69 232847.319)	84	187	0	764	false	1000	None
LINESTRING (3146104.69 232847.319, 3146103.24 232837.938)	84	187	0	765	false	1000	None
LINESTRING (3146103.24 232837.938, 3146098.402 232808.774)	84	187	0	766	false	1000	None
LINESTRING (3146098.402 232808.774, 3146089.676 232797.157)	84	187	0	767	false	1000	None
LINESTRING (3146089.676 232797.157, 3146076.661 232782.439)	84	187	0	768	false	1000	None
LINESTRING (3146076.661 232782.439, 3146062.767 232768.214)	84	187	0	769	false	1000	None
LINESTRING (3146062.767 232768.214, 3146047.068 232750.308)	84	187	0	770	false	1000	None
LINESTRING (3146047.068 232750.308, 3146042.521 232744.844)	84	187	0	771	false	1000	None
LINESTRING (3146042.521 232744.844, 3146018.28 232716.107)	84	187	0	772	false	1000	None
LINESTRING (3146018.28 232716.107, 3145992.857 232683.097)	84	187	0	773	false	1000	None
LINESTRING (3145992.857 232683.097, 3145968.108 232658.689)	84	187	0	774	false	1000	None
LINESTRING (3145968.108 232658.689, 3145951.968 232639.897)	84	187	0	775	false	1000	None
LINESTRING (3145951.968 232639.897, 3145937.038 232620.265)	84	187	0	776	false	1000	None
LINESTRING (3145937.038 232620.265, 3145915.527 232597.118)	84	187	0	777	false	1000	None
LINESTRING (3145915.527 232597.118, 3145913.369 232594.848)	84	187	0	778	false	1000	None
LINESTRING (3145913.369 232594.848, 3145859.42 232549.899)	84	187	0	779	false	1000	None
LINESTRING (3145859.42 232549.899, 3145831.146 232520.427)	84	187	0	780	false	1000	None
LINESTRING (3145831.146 232520.427, 3145795.181 232491.296)	84	187	0	781	false	1000	None
LINESTRING (3145795.181 232491.296, 3145774.672 232476.164)	84	187	0	782	false	1000	None
LINESTRING (3145774.672 232476.164, 3145751.966 232456.841)	84	187	0	783	false	1000	None
LINESTRING (3145751.966 232456.841, 3145734.299 232446.508)	84	187	0	784	false	1000	None
LINESTRING (3145734.299 232446.508, 3145695.483 232418.65)	84	187	0	785	false	1000	None
LINESTRING (3145695.483 232418.65, 3145682.105 232411.417)	84	187	0	786	false	1000	None
LINESTRING (3145682.105 232411.417, 3145670.846 232406.557)	84	187	0	787	false	1000	None
LINESTRING (3145670.846 232406.557, 3145660.512 232403.606)	84	187	0	788	false	1000	None
LINESTRING (3145660.512 232403.606, 3145592.758 232390.334)	84	187	0	789	false	1000	None
LINESTRING (3145592.758 232390.334, 3145559.7 232384.493)	84	187	0	790	false	1000	None
LINESTRING (3145559.7 232384.493, 3145531.447 232382.191)	84	187	0	791	false	1000	None
LINESTRING (3145531.447 232382.191, 3145499.954 232380.652)	84	187	0	792	false	1000	None
LINESTRING (3145499.954 232380.652, 3145473.784 232381.067)	84	187	0	793	false	1000	None
LINESTRING (3145473.784 232381.067, 3145456.63 232384.039)	84	187	0	794	false	1000	None
LINESTRING (3145456.63 232384.039, 3145430.341 232391.316)	84	187	0	795	false	1000	None
LINESTRING (3145430.341 232391.316, 3145412.813 232396.763)	84	187	0	796	false	1000	None
LINESTRING (3145412.813 232396.763, 3145400.96 232400.488)	84	187	0	797	false	1000	None
LINESTRING (3145400.96 232400.488, 3145373.782 232412.066)	84	187	0	798	false	1000	None
LINESTRING (3145373.782 232412.066, 3145358.109 232421.57)	84	187	0	799	false	1000	None
LINESTRING (3145358.109 232421.57, 3145345.76 232432.368)	84	187	0	800	false	1000	None
LINESTRING (3145345.76 232432.368, 3145325.433 232452.569)	84	187	0	801	false	1000	None
LINESTRING (3145325.433 232452.569, 3145312.802 232464.091)	84	187	0	802	false	1000	None
LINESTRING (3145312.802 232464.091, 3145277.808 232480.37)	84	187	0	803	false	1000	None
LINESTRING (3145277.808 232480.37, 3145263.739 232487.521)	84	187	0	804	false	1000	None
LINESTRING (3145263.739 232487.521, 3145234.799 232504.131)	84	187	0	805	false	1000	None
LINESTRING (3145234.799 232504.131, 3145227.997 232504.461)	84	187	0	806	false	1000	None
LINESTRING (3145227.997 232504.461, 3145207.34 232505.593)	84	187	0	807	false	1000	None
LINESTRING (3145207.34 232505.593, 3145203.793 232505.88)	84	187	0	808	false	1000	None
LINESTRING (3145203.793 232505.88, 3145201.055 232508.627)	84	187	0	809	false	1000	None
LINESTRING (3145201.055 232508.627, 3145191.825 232505.867)	84	187	0	810	false	1000	None
LINESTRING (3145191.825 232505.867, 3145191.454 232502.03)	84	187	0	811	false	1000	None
LINESTRING (3145191.454 232502.03, 3144991.115 232432.033)	84	187	0	812	false	1000	None
LINESTRING (3144991.115 232432.033, 3144968.336 232421.976)	84	187	0	813	false	1000	None
LINESTRING (3144968.336 232421.976, 3144943.753 232421.342)	84	187	0	814	false	1000	None
LINESTRING (3144943.753 232421.342, 3144927.021 232428.529)	84	187	0	815	false	1000	None
LINESTRING (3144927.021 232428.529, 3144917.416 232439.085)	84	187	0	816	false	1000	None
LINESTRING (3144917.416 232439.085, 3144905.274 232449.607)	84	187	0	817	false	1000	None
LINESTRING (3144905.274 232449.607, 3144897.197 232458.256)	84	187	0	818	false	1000	None
LINESTRING (3144897.197 232458.256, 3144883.284 232464.754)	84	187	0	819	false	1000	None
LINESTRING (3144883.284 232464.754, 3144865.994 232475.893)	84	187	0	820	false	1000	None
LINESTRING (3144865.994 232475.893, 3144845.596 232475.101)	84	187	0	821	false	1000	None
LINESTRING (3144845.596 232475.101, 3144821.289 232471.239)	84	187	0	822	false	1000	None
LINESTRING (3144821.289 232471.239, 3144792.712 232456.663)	84	187	0	823	false	1000	None
LINESTRING (3144792.712 232456.663, 3144772.877 232454.423)	84	187	0	824	false	1000	None
LINESTRING (3144772.877 232454.423, 3144761.252 232456.808)	84	187	0	825	false	1000	None
LINESTRING (3144761.252 232456.808, 3144736.553 232461.013)	84	187	0	826	false	1000	None
LINESTRING (3144736.553 232461.013, 3144717.205 232466.348)	84	187	0	827	false	1000	None
LINESTRING (3144717.205 232466.348, 3144697.895 232469.316)	84	187	0	828	false	1000	None
LINESTRING (3144697.895 232469.316, 3144678.554 232477.155)	84	187	0	829	false	1000	None
LINESTRING (3144678.554 232477.155, 3144670.955 232484.323)	84	187	0	830	false	1000	None
LINESTRING (3144670.955 232484.323, 3144663.764 232494.985)	84	187	0	831	false	1000	None
LINESTRING (3144663.764 232494.985, 3144661.328 232513.096)	84	187	0	832	false	1000	None
LINESTRING (3144661.328 232513.096, 3144660.575 232528.647)	84	187	0	833	false	1000	None
LINESTRING (3144660.575 232528.647, 3144661.479 232531.619)	84	187	0	834	false	1000	None
LINESTRING (3144661.479 232531.619, 3144665.663 232546.589)	84	187	0	835	false	1000	None
LINESTRING (3144665.663 232546.589, 3144670.221 232559.084)	84	187	0	836	false	1000	None
LINESTRING (3144670.221 232559.084, 3144665.81 232575.712)	84	187	0	837	false	1000	None
LINESTRING (3144665.81 232575.712, 3144657.453 232591.638)	84	187	0	838	false	1000	None
LINESTRING (3144657.453 232591.638, 3144626.948 232621.102)	84	187	0	839	false	1000	None
LINESTRING (3144626.948 232621.102, 3144611.383 232629.577)	84	187	0	840	false	1000	None
LINESTRING (3144611.383 232629.577, 3144597.064 232632.581)	84	187	0	841	false	1000	None
LINESTRING (3144597.064 232632.581, 3144582.141 232637.137)	84	187	0	842	false	1000	None
LINESTRING (3144582.141 232637.137, 3144573.571 232635.707)	84	187	0	843	false	1000	None
LINESTRING (3144573.571 232635.707, 3144565.518 232626.141)	84	187	0	844	false	1000	None
LINESTRING (3144565.518 232626.141, 3144557.34 232612.357)	84	187	0	845	false	1000	None
LINESTRING (3144557.34 232612.357, 3144546.445 232578.574)	84	187	0	846	false	1000	None
LINESTRING (3144546.445 232578.574, 3144538.87 232567.526)	84	187	0	847	false	1000	None
LINESTRING (3144538.87 232567.526, 3144529.008 232560.591)	84	187	0	848	false	1000	None
LINESTRING (3144529.008 232560.591, 3144521.48 232556.232)	84	187	0	849	false	1000	None
LINESTRING (3144521.48 232556.232, 3144510.341 232559.64)	84	187	0	850	false	1000	None
LINESTRING (3144510.341 232559.64, 3144500.127 232564.956)	84	187	0	851	false	1000	None
LINESTRING (3144500.127 232564.956, 3144491.924 232573.676)	84	187	0	852	false	1000	None
LINESTRING (3144491.924 232573.676, 3144481.757 232585.682)	84	187	0	853	false	1000	None
LINESTRING (3144481.757 232585.682, 3144480.041 232597.403)	84	187	0	854	false	1000	None
LINESTRING (3144480.041 232597.403, 3144472.051 232616.926)	84	187	0	855	false	1000	None
LINESTRING (3144472.051 232616.926, 3144451.551 232636.822)	84	187	0	856	false	1000	None
LINESTRING (3144451.551 232636.822, 3144434.067 232655.272)	84	187	0	857	false	1000	None
LINESTRING (3144434.067 232655.272, 3144402.46 232669.417)	84	187	0	858	false	1000	None
LINESTRING (3144402.46 232669.417, 3144368.76 232680.365)	84	187	0	859	false	1000	None
LINESTRING (3144368.76 232680.365, 3144325.447 232701.39)	84	187	0	860	false	1000	None
LINESTRING (3144325.447 232701.39, 3144311.097 232713.554)	84	187	0	861	false	1000	None
LINESTRING (3144311.097 232713.554, 3144302.988 232731.364)	84	187	0	862	false	1000	None
LINESTRING (3144302.988 232731.364, 3144302.526 232755.247)	84	187	0	863	false	1000	None
LINESTRING (3144302.526 232755.247, 3144309.74 232769.489)	84	187	0	864	false	1000	None
LINESTRING (3144309.74 232769.489, 3144322.509 232782.32)	84	187	0	865	false	1000	None
LINESTRING (3144322.509 232782.32, 3144339.452 232790.224)	84	187	0	866	false	1000	None
LINESTRING (3144339.452 232790.224, 3144393.093 232806.453)	84	187	0	867	false	1000	None
LINESTRING (3144393.093 232806.453, 3144417.886 232817.889)	84	187	0	868	false	1000	None
LINESTRING (3144417.886 232817.889, 3144435.604 232835.147)	84	187	0	869	false	1000	None
LINESTRING (3144435.604 232835.147, 3144442.254 232850.839)	84	187	0	870	false	1000	None
LINESTRING (3144442.254 232850.839, 3144443.357 232866.158)	84	187	0	871	false	1000	None
LINESTRING (3144443.357 232866.158, 3144428.028 232867.221)	84	187	0	872	false	1000	None
LINESTRING (3144428.028 232867.221, 3144411.062 232877.533)	84	187	0	873	false	1000	None
LINESTRING (3144411.062 232877.533, 3144398.912 232878.999)	84	187	0	874	false	1000	None
LINESTRING (3144398.912 232878.999, 3144376.987 232880.116)	84	187	0	875	false	1000	None
LINESTRING (3144376.987 232880.116, 3144355.837 232890.587)	84	187	0	876	false	1000	None
LINESTRING (3144355.837 232890.587, 3144332.643 232911.103)	84	187	0	877	false	1000	N:3144353.851785338 232892.343
LINESTRING (3144126.215 232900.934, 3144088.709 232888.126)	84	187	0	886	false	1000	N:3144101.0577509366 232892.343
LINESTRING (3144088.709 232888.126, 3143996.612 232877.423)	84	187	0	887	false	1000	None
LINESTRING (3143996.612 232877.423, 3143966.158 232877.009)	84	187	0	888	false	1000	None
LINESTRING (3143966.158 232877.009, 3143903.361 232879.018)	84	187	0	889	false	1000	None
LINESTRING (3143903.361 232879.018, 3143894.713 232880.06)	84	187	0	890	false	1000	None
LINESTRING (3143894.713 232880.06, 3143878.427 232884.087)	84	187	0	891	false	1000	None
LINESTRING (3143878.427 232884.087, 3143870.829 232891.256)	84	187	0	892	false	1000	None
LINESTRING (3143870.829 232891.256, 3143868.951 232905.415)	84	187	0	893	false	1000	N:3143870.68482414 232892.343
LINESTRING (3143665.33 232926.128, 3143664.028 232868.445)	84	187	0	930	false	1000	N:3143664.56741709 232892.343
LINESTRING (3143664.028 232868.445, 3143664.801 232838.967)	84	187	0	931	false	1000	None
LINESTRING (3143664.801 232838.967, 3143670.76 232802.214)	84	187	0	932	false	1000	None
LINESTRING (3143670.76 232802.214, 3143679.713 232782.231)	84	187	0	933	false	1000	None
LINESTRING (3143679.713 232782.231, 3143688.994 232768.213)	84	187	0	934	false	1000	None
LINESTRING (3143688.994 232768.213, 3143696.788 232760.286)	84	187	0	935	false	1000	None
LINESTRING (3143696.788 232760.286, 3143702.576 232755.749)	84	187	0	936	false	1000	None
LINESTRING (3143702.576 232755.749, 3143709.814 232751.775)	84	187	0	937	false	1000	None
LINESTRING (3143709.814 232751.775, 3143716.291 232750.007)	84	187	0	938	false	1000	None
LINESTRING (3143716.291 232750.007, 3143719.423 232743.721)	84	187	0	939	false	1000	None
LINESTRING (3143719.423 232743.721, 3143721.029 232739.343)	84	187	0	940	false	1000	None
LINESTRING (3143721.029 232739.343, 3143718.209 232735.745)	84	187	0	941	false	1000	None
LINESTRING (3143718.209 232735.745, 3143713.619 232732.41)	84	187	0	942	false	1000	None
LINESTRING (3143713.619 232732.41, 3143704.642 232727.488)	84	187	0	943	false	1000	None
LINESTRING (3143704.642 232727.488, 3143693.135 232725.036)	84	187	0	944	false	1000	None
LINESTRING (3143693.135 232725.036, 3143685.772 232724.792)	84	187	0	945	false	1000	None
LINESTRING (3143685.772 232724.792, 3143664.529 232726.175)	84	187	0	946	false	1000	None
LINESTRING (3143664.529 232726.175, 3143659.868 232727.816)	84	187	0	947	false	1000	None
LINESTRING (3143659.868 232727.816, 3143650.462 232737.617)	84	187	0	948	false	1000	None
LINESTRING (3143650.462 232737.617, 3143640.005 232741.291)	84	187	0	949	false	1000	None
LINESTRING (3143640.005 232741.291, 3143633.127 232742.07)	84	187	0	950	false	1000	None
LINESTRING (3143633.127 232742.07, 3143620.618 232742.444)	84	187	0	951	false	1000	None
LINESTRING (3143620.618 232742.444, 3143613.906 232751.625)	84	187	0	952	false	1000	None
LINESTRING (3143613.906 232751.625, 3143604.985 232762.448)	84	187	0	953	false	1000	None
LINESTRING (3143604.985 232762.448, 3143593.455 232778.212)	84	187	0	954	false	1000	None
LINESTRING (3143593.455 232778.212, 3143587.55 232787.589)	84	187	0	955	false	1000	None
LINESTRING (3143587.55 232787.589, 3143578.911 232797.688)	84	187	0	956	false	1000	None
LINESTRING (3143578.911 232797.688, 3143571.196 232803.143)	84	187	0	957	false	1000	None
LINESTRING (3143571.196 232803.143, 3143561.702 232806.359)	84	187	0	958	false	1000	None
LINESTRING (3143561.702 232806.359, 3143554.825 232807.137)	84	187	0	959	false	1000	None
LINESTRING (3143554.825 232807.137, 3143539.903 232811.695)	84	187	0	960	false	1000	None
LINESTRING (3143539.903 232811.695, 3143529.807 232812.174)	84	187	0	961	false	1000	None
LINESTRING (3143529.807 232812.174, 3143512.707 232809.214)	84	187	0	962	false	1000	None
LINESTRING (3143512.707 232809.214, 3143507.632 232804.857)	84	187	0	963	false	1000	None
LINESTRING (3143507.632 232804.857, 3143503.402 232798.328)	84	187	0	964	false	1000	None
LINESTRING (3143503.402 232798.328, 3143496.234 232790.774)	84	187	0	965	false	1000	None
LINESTRING (3143496.234 232790.774, 3143491.604 232783.255)	84	187	0	966	false	1000	None
LINESTRING (3143491.604 232783.255, 3143487.977 232779.462)	84	187	0	967	false	1000	None
LINESTRING (3143487.977 232779.462, 3143483.425 232773.76)	84	187	0	968	false	1000	None
LINESTRING (3143483.425 232773.76, 3143480.324 232770.886)	84	187	0	969	false	1000	None
LINESTRING (3143480.324 232770.886, 3143473.563 232766.826)	84	187	0	970	false	1000	None
LINESTRING (3143473.563 232766.826, 3143458.75 232759.753)	84	187	0	971	false	1000	None
LINESTRING (3143458.75 232759.753, 3143446.436 232752.818)	84	187	0	972	false	1000	None
LINESTRING (3143446.436 232752.818, 3143439.961 232748.274)	84	187	0	973	false	1000	None
LINESTRING (3143439.961 232748.274, 3143450.312 232719.902)	84	187	0	974	false	1000	None
LINESTRING (3143450.312 232719.902, 3143472.778 232673.253)	84	187	0	975	false	1000	None
LINESTRING (3143472.778 232673.253, 3143477.042 232664.31)	84	187	0	976	false	1000	None
LINESTRING (3143477.042 232664.31, 3143519.211 232578.871)	84	187	0	977	false	1000	None
LINESTRING (3143519.211 232578.871, 3143580.018 232452.084)	84	187	0	978	false	1000	None
LINESTRING (3143580.018 232452.084, 3143615.311 232378.264)	84	187	0	979	false	1000	None
LINESTRING (3143615.311 232378.264, 3143626.766 232354.371)	84	187	0	980	false	1000	None
LINESTRING (3143626.766 232354.371, 3143630.623 232346.223)	84	187	0	981	false	1000	None
LINESTRING (3143630.623 232346.223, 3143658.317 232281.596)	84	187	0	982	false	1000	None
LINESTRING (3143658.317 232281.596, 3143668.663 232257.272)	84	187	0	983	false	1000	None
LINESTRING (3143668.663 232257.272, 3143671.289 232251.027)	84	187	0	984	false	1000	None
LINESTRING (3143671.289 232251.027, 3143675.586 232239.477)	84	187	0	985	false	1000	None
LINESTRING (3143675.586 232239.477, 3143692.837 232192.11)	84	187	0	986	false	1000	None
LINESTRING (3143692.837 232192.11, 3143695.252 232185.902)	84	187	0	987	false	1000	None
LINESTRING (3143695.252 232185.902, 3143701.879 232168.112)	84	187	0	988	false	1000	None
LINESTRING (3143701.879 232168.112, 3143721.859 232115.493)	84	187	0	989	false	1000	None
LINESTRING (3143721.859 232115.493, 3143728.33 232098.356)	84	187	0	990	false	1000	None
LINESTRING (3143728.33 232098.356, 3143735.681 232078.703)	84	187	0	991	false	1000	None
LINESTRING (3143735.681 232078.703, 3143774.354 231968.201)	84	187	0	992	false	1000	None
LINESTRING (3143774.354 231968.201, 3143778.4 231956.791)	84	187	0	993	false	1000	None
LINESTRING (3143778.4 231956.791, 3143796.937 231903.849)	84	187	0	994	false	1000	None
LINESTRING (3143796.937 231903.849, 3143803.987 231883.96)	84	187	0	995	false	1000	None
LINESTRING (3143803.987 231883.96, 3143809.106 231869.037)	84	187	0	996	false	1000	None
LINESTRING (3143809.106 231869.037, 3143825.315 231824.6)	84	187	0	997	false	1000	None
LINESTRING (3143825.315 231824.6, 3143832.411 231804.847)	84	187	0	998	false	1000	None
LINESTRING (3143832.411 231804.847, 3143837.307 231791.506)	84	187	0	999	false	1000	None
LINESTRING (3143837.307 231791.506, 3143838.791 231787.438)	84	187	0	1000	false	1000	None
