LINESTRING (3167774.061 248603.406, 3167502.955 248497.749)	80	335	0	1511	false	2348	N:3167723.8487725663 248583.837
LINESTRING (3167502.955 248497.749, 3167499.638 248496.446)	80	335	0	1512	false	2348	None
LINESTRING (3167499.638 248496.446, 3167496.458 248495.794)	80	335	0	1513	false	2348	None
LINESTRING (3167496.458 248495.794, 3167475.988 248492.167)	80	335	0	1514	false	2348	None
LINESTRING (3167475.988 248492.167, 3167469.081 248491.004)	80	335	0	1515	false	2348	None
LINESTRING (3167469.081 248491.004, 3167464.123 248490.13)	80	335	0	1516	false	2348	None
LINESTRING (3167464.123 248490.13, 3167099.908 248350.065)	80	335	0	1517	false	2348	None
LINESTRING (3167099.908 248350.065, 3166290.707 248039.114)	80	335	0	1518	false	2348	None
LINESTRING (3166290.707 248039.114, 3165993.11 247924.665)	80	335	0	1519	false	2348	None
LINESTRING (3165993.11 247924.665, 3165624.066 247782.9)	80	335	0	1520	false	2348	None
LINESTRING (3165624.066 247782.9, 3165596.084 247772.155)	80	335	0	1521	false	2348	None
LINESTRING (3165596.084 247772.155, 3165349.894 247677.554)	80	335	0	1522	false	2348	None
LINESTRING (3165349.894 247677.554, 3165224.096 247629.136)	80	335	0	1523	false	2348	None
LINESTRING (3165224.096 247629.136, 3164555.725 247372.582)	80	335	0	1524	false	2348	None
LINESTRING (3164555.725 247372.582, 3164146.677 247215.437)	80	335	0	1525	false	2348	None
LINESTRING (3164146.677 247215.437, 3164024.019 247168.273)	80	335	0	1526	false	2348	None
LINESTRING (3164024.019 247168.273, 3163623.938 247014.795)	80	335	0	1527	false	2348	W:3163648.718 247024.3010371274
LINESTRING (3163623.938 247014.795, 3164024.019 247168.273)	80	338	0	202	false	1665	W:3163648.718 247024.3010371274
LINESTRING (3164024.019 247168.273, 3164146.677 247215.437)	80	338	0	203	false	1665	None
LINESTRING (3164146.677 247215.437, 3164555.725 247372.582)	80	338	0	204	false	1665	None
LINESTRING (3164555.725 247372.582, 3165224.096 247629.136)	80	338	0	205	false	1665	None
LINESTRING (3165224.096 247629.136, 3165349.894 247677.554)	80	338	0	206	false	1665	None
LINESTRING (3165349.894 247677.554, 3165596.084 247772.155)	80	338	0	207	false	1665	None
LINESTRING (3165596.084 247772.155, 3165624.066 247782.9)	80	338	0	208	false	1665	None
LINESTRING (3165624.066 247782.9, 3165993.11 247924.665)	80	338	0	209	false	1665	None
LINESTRING (3165993.11 247924.665, 3166290.707 248039.114)	80	338	0	210	false	1665	None
LINESTRING (3166290.707 248039.114, 3167099.908 248350.065)	80	338	0	211	false	1665	None
LINESTRING (3167099.908 248350.065, 3167464.123 248490.13)	80	338	0	212	false	1665	None
LINESTRING (3167464.123 248490.13, 3167469.081 248491.004)	80	338	0	213	false	1665	None
LINESTRING (3167469.081 248491.004, 3167475.988 248492.167)	80	338	0	214	false	1665	None
LINESTRING (3167475.988 248492.167, 3167496.458 248495.794)	80	338	0	215	false	1665	None
LINESTRING (3167496.458 248495.794, 3167499.638 248496.446)	80	338	0	216	false	1665	None
LINESTRING (3167499.638 248496.446, 3167502.955 248497.749)	80	338	0	217	false	1665	None
LINESTRING (3167502.955 248497.749, 3167774.061 248603.406)	80	338	0	218	false	1665	N:3167723.8487725663 248583.837
