LINESTRING (3100197.42 232877.795, 3100180.056 232922.029)	24	318	0	398	false	595	S:3100191.709201248 232892.343
LINESTRING (3100180.056 232922.029, 3100179.147 232924.653)	24	318	0	399	false	595	None
LINESTRING (3100179.147 232924.653, 3100176.17 232932.668)	24	318	0	400	false	595	None
LINESTRING (3100176.17 232932.668, 3100175.136 232935.363)	24	318	0	401	false	595	None
LINESTRING (3100175.136 232935.363, 3100173.386 232939.924)	24	318	0	402	false	595	None
LINESTRING (3100173.386 232939.924, 3100168.05 232953.574)	24	318	0	403	false	595	None
LINESTRING (3100168.05 232953.574, 3100166.175 232958.205)	24	318	0	404	false	595	None
LINESTRING (3100166.175 232958.205, 3100156.613 232982.363)	24	318	0	405	false	595	None
LINESTRING (3100156.613 232982.363, 3100150.13 232999.259)	24	318	0	406	false	595	None
LINESTRING (3100150.13 232999.259, 3100102.386 233122.927)	24	318	0	407	false	595	None
LINESTRING (3100102.386 233122.927, 3100086.431 233164.254)	24	318	0	408	false	595	None
LINESTRING (3100086.431 233164.254, 3100074.59 233193.84)	24	318	0	409	false	595	None
LINESTRING (3100074.59 233193.84, 3100039.028 233282.702)	24	318	0	410	false	595	None
LINESTRING (3100039.028 233282.702, 3100027.147 233312.392)	24	318	0	411	false	595	None
LINESTRING (3100027.147 233312.392, 3100005.835 233366.408)	24	318	0	412	false	595	None
LINESTRING (3100005.835 233366.408, 3099941.727 233528.392)	24	318	0	413	false	595	None
LINESTRING (3099941.727 233528.392, 3099920.329 233582.376)	24	318	0	414	false	595	None
LINESTRING (3099920.329 233582.376, 3099918.499 233587.145)	24	318	0	415	false	595	None
LINESTRING (3099918.499 233587.145, 3099912.801 233601.488)	24	318	0	416	false	595	None
LINESTRING (3099912.801 233601.488, 3099910.846 233606.327)	24	318	0	417	false	595	None
LINESTRING (3099910.846 233606.327, 3099893.835 233649.388)	24	318	0	418	false	595	None
LINESTRING (3099893.835 233649.388, 3099842.715 233778.541)	24	318	0	419	false	595	None
LINESTRING (3099842.715 233778.541, 3099835.062 233797.723)	24	318	0	420	false	595	None
LINESTRING (3099835.062 233797.723, 3099832.073 233805.257)	24	318	0	421	false	595	None
LINESTRING (3099832.073 233805.257, 3099825.619 233821.57)	24	318	0	422	false	595	None
LINESTRING (3099825.619 233821.57, 3099811.107 233857.861)	24	318	0	423	false	595	None
LINESTRING (3099811.107 233857.861, 3099767.488 233966.703)	24	318	0	424	false	595	None
LINESTRING (3099767.488 233966.703, 3099752.892 234002.961)	24	318	0	425	false	595	None
LINESTRING (3099752.892 234002.961, 3099742.255 234029.918)	24	318	0	426	false	595	None
LINESTRING (3099742.255 234029.918, 3099710.142 234111.066)	24	318	0	427	false	595	None
LINESTRING (3099710.142 234111.066, 3099699.38 234138.093)	24	318	0	428	false	595	None
LINESTRING (3099699.38 234138.093, 3099689.221 234163.806)	24	318	0	429	false	595	None
LINESTRING (3099689.221 234163.806, 3099658.579 234241.119)	24	318	0	430	false	595	None
LINESTRING (3099658.579 234241.119, 3099654.829 234250.383)	24	318	0	431	false	595	None
LINESTRING (3099654.829 234250.383, 3099652.164 234257.328)	24	318	0	432	false	595	None
LINESTRING (3099652.164 234257.328, 3099648.551 234267.001)	24	318	0	433	false	595	None
LINESTRING (3099648.551 234267.001, 3099646.806 234271.802)	24	318	0	434	false	595	None
LINESTRING (3099646.806 234271.802, 3099641.533 234286.308)	24	318	0	435	false	595	None
LINESTRING (3099641.533 234286.308, 3099639.664 234291.18)	24	318	0	436	false	595	None
LINESTRING (3099639.664 234291.18, 3099637.522 234297.018)	24	318	0	437	false	595	None
LINESTRING (3099637.522 234297.018, 3099630.721 234314.743)	24	318	0	438	false	595	None
LINESTRING (3099630.721 234314.743, 3099628.454 234320.652)	24	318	0	439	false	595	None
LINESTRING (3099628.454 234320.652, 3099609.181 234369.862)	24	318	0	440	false	595	None
LINESTRING (3099609.181 234369.862, 3099551.402 234517.39)	24	318	0	441	false	595	None
LINESTRING (3099551.402 234517.39, 3099532.09 234566.704)	24	318	0	442	false	595	None
LINESTRING (3099532.09 234566.704, 3099525.806 234583.082)	24	318	0	443	false	595	None
LINESTRING (3099525.806 234583.082, 3099506.828 234632.288)	24	318	0	444	false	595	None
LINESTRING (3099506.828 234632.288, 3099500.419 234648.736)	24	318	0	445	false	595	None
LINESTRING (3099500.419 234648.736, 3099492.232 234670.33)	24	318	0	446	false	595	None
LINESTRING (3099492.232 234670.33, 3099471.68 234724.402)	24	318	0	447	false	595	W:3099481.216 234699.31292876607
LINESTRING (3103459.257 235823.428, 3103597.808 235834.085)	24	1197	0	0	false	802	None
LINESTRING (3103597.808 235834.085, 3103628.145 235840.628)	24	1197	0	1	false	802	None
LINESTRING (3103628.145 235840.628, 3103673.23 235855.098)	24	1197	0	2	false	802	None
LINESTRING (3103673.23 235855.098, 3103740.173 235880.109)	24	1197	0	3	false	802	None
LINESTRING (3103740.173 235880.109, 3103744.773 235881.877)	24	1197	0	4	false	802	None
LINESTRING (3103744.773 235881.877, 3103836.557 235918.575)	24	1197	0	5	false	802	E:3103759.05 235887.58537342012
LINESTRING (3101110.502 236820.762, 3101129.814 236790.833)	24	1197	0	614	false	802	N:3101114.079969194 236815.217
LINESTRING (3101129.814 236790.833, 3101135.72 236779.78)	24	1197	0	615	false	802	None
LINESTRING (3101135.72 236779.78, 3101144.826 236762.94)	24	1197	0	616	false	802	None
LINESTRING (3101144.826 236762.94, 3101166.625 236749.189)	24	1197	0	617	false	802	None
LINESTRING (3101166.625 236749.189, 3101168.164 236748.234)	24	1197	0	618	false	802	None
LINESTRING (3101168.164 236748.234, 3101193.655 236733.522)	24	1197	0	619	false	802	None
LINESTRING (3101193.655 236733.522, 3101213.368 236722.658)	24	1197	0	620	false	802	None
LINESTRING (3101213.368 236722.658, 3101229.591 236706.885)	24	1197	0	621	false	802	None
LINESTRING (3101229.591 236706.885, 3101252.462 236682.961)	24	1197	0	622	false	802	None
LINESTRING (3101252.462 236682.961, 3101266.993 236663.446)	24	1197	0	623	false	802	None
LINESTRING (3101266.993 236663.446, 3101268.63 236661.22)	24	1197	0	624	false	802	None
LINESTRING (3101268.63 236661.22, 3101282.122 236640.593)	24	1197	0	625	false	802	None
LINESTRING (3101282.122 236640.593, 3101290.626 236623.283)	24	1197	0	626	false	802	None
LINESTRING (3101290.626 236623.283, 3101296.709 236610.753)	24	1197	0	627	false	802	None
LINESTRING (3101296.709 236610.753, 3101306.554 236593.006)	24	1197	0	628	false	802	None
LINESTRING (3101306.554 236593.006, 3101318.49 236572.614)	24	1197	0	629	false	802	None
LINESTRING (3101318.49 236572.614, 3101330.505 236553.798)	24	1197	0	630	false	802	None
LINESTRING (3101330.505 236553.798, 3101335.911 236543.029)	24	1197	0	631	false	802	None
LINESTRING (3101335.911 236543.029, 3101342.884 236534.29)	24	1197	0	632	false	802	None
LINESTRING (3101342.884 236534.29, 3101351.751 236518.071)	24	1197	0	633	false	802	None
LINESTRING (3101351.751 236518.071, 3101354.818 236504.739)	24	1197	0	634	false	802	None
LINESTRING (3101354.818 236504.739, 3101357.834 236491.03)	24	1197	0	635	false	802	None
LINESTRING (3101357.834 236491.03, 3101356.975 236466.795)	24	1197	0	636	false	802	None
LINESTRING (3101356.975 236466.795, 3101351.217 236449.717)	24	1197	0	637	false	802	None
LINESTRING (3101351.217 236449.717, 3101344.604 236441.231)	24	1197	0	638	false	802	None
LINESTRING (3101344.604 236441.231, 3101323.349 236427.598)	24	1197	0	639	false	802	None
LINESTRING (3101323.349 236427.598, 3101308.431 236421.394)	24	1197	0	640	false	802	None
LINESTRING (3101308.431 236421.394, 3101286.028 236411.007)	24	1197	0	641	false	802	None
LINESTRING (3101286.028 236411.007, 3101267.747 236403.631)	24	1197	0	642	false	802	None
LINESTRING (3101267.747 236403.631, 3101246.433 236396.517)	24	1197	0	643	false	802	None
LINESTRING (3101246.433 236396.517, 3101226.464 236394.557)	24	1197	0	644	false	802	None
LINESTRING (3101226.464 236394.557, 3101220.443 236380.709)	24	1197	0	645	false	802	None
LINESTRING (3101220.443 236380.709, 3101214.903 236371.208)	24	1197	0	646	false	802	None
LINESTRING (3101214.903 236371.208, 3101216.718 236362.153)	24	1197	0	647	false	802	None
LINESTRING (3101216.718 236362.153, 3101217.559 236347.49)	24	1197	0	648	false	802	None
LINESTRING (3101217.559 236347.49, 3101209.856 236335.731)	24	1197	0	649	false	802	None
LINESTRING (3101209.856 236335.731, 3101196.528 236327.165)	24	1197	0	650	false	802	None
LINESTRING (3101196.528 236327.165, 3101185.036 236317.638)	24	1197	0	651	false	802	None
LINESTRING (3101185.036 236317.638, 3101167.069 236307.408)	24	1197	0	652	false	802	None
LINESTRING (3101167.069 236307.408, 3101152.677 236289.395)	24	1197	0	653	false	802	None
LINESTRING (3101152.677 236289.395, 3101149.395 236271.722)	24	1197	0	654	false	802	None
LINESTRING (3101149.395 236271.722, 3101149.169 236267.473)	24	1197	0	655	false	802	None
LINESTRING (3101149.169 236267.473, 3101147.65 236245.719)	24	1197	0	656	false	802	None
LINESTRING (3101147.65 236245.719, 3101152.389 236209.957)	24	1197	0	657	false	802	None
LINESTRING (3101152.389 236209.957, 3101152.857 236188.372)	24	1197	0	658	false	802	None
LINESTRING (3101152.857 236188.372, 3101149.51 236162.468)	24	1197	0	659	false	802	None
LINESTRING (3101149.51 236162.468, 3101151.292 236135.68)	24	1197	0	660	false	802	None
LINESTRING (3101151.292 236135.68, 3101151.394 236134.649)	24	1197	0	661	false	802	None
LINESTRING (3101151.394 236134.649, 3101162.156 236092.874)	24	1197	0	662	false	802	None
LINESTRING (3101162.156 236092.874, 3101172.542 236069.389)	24	1197	0	663	false	802	None
LINESTRING (3101172.542 236069.389, 3101183.045 236036.434)	24	1197	0	664	false	802	None
LINESTRING (3101183.045 236036.434, 3101199.65 235999.043)	24	1197	0	665	false	802	None
LINESTRING (3101199.65 235999.043, 3101201.265 235995.857)	24	1197	0	666	false	802	None
LINESTRING (3101201.265 235995.857, 3101216.862 235964.145)	24	1197	0	667	false	802	None
LINESTRING (3101216.862 235964.145, 3101233.89 235935.837)	24	1197	0	668	false	802	None
LINESTRING (3101233.89 235935.837, 3101263.027 235878.283)	24	1197	0	669	false	802	None
LINESTRING (3101263.027 235878.283, 3101273.26 235855.452)	24	1197	0	670	false	802	None
LINESTRING (3101273.26 235855.452, 3101283.251 235840.379)	24	1197	0	671	false	802	None
LINESTRING (3101283.251 235840.379, 3101295.763 235828.414)	24	1197	0	672	false	802	None
LINESTRING (3101295.763 235828.414, 3101309.454 235807.268)	24	1197	0	673	false	802	None
LINESTRING (3101309.454 235807.268, 3101321.39 235786.876)	24	1197	0	674	false	802	None
LINESTRING (3101321.39 235786.876, 3101326.954 235761.183)	24	1197	0	675	false	802	None
LINESTRING (3101326.954 235761.183, 3101334.24 235749.59)	24	1197	0	676	false	802	None
LINESTRING (3101334.24 235749.59, 3101348.28 235739.758)	24	1197	0	677	false	802	None
LINESTRING (3101348.28 235739.758, 3101364.686 235733.689)	24	1197	0	678	false	802	None
LINESTRING (3101364.686 235733.689, 3101385.694 235729.386)	24	1197	0	679	false	802	None
LINESTRING (3101385.694 235729.386, 3101406.238 235732.399)	24	1197	0	680	false	802	None
LINESTRING (3101406.238 235732.399, 3101423.784 235733.546)	24	1197	0	681	false	802	None
LINESTRING (3101423.784 235733.546, 3101435.401 235730.277)	24	1197	0	682	false	802	None
LINESTRING (3101435.401 235730.277, 3101443.856 235723.533)	24	1197	0	683	false	802	None
LINESTRING (3101443.856 235723.533, 3101448.6 235704.304)	24	1197	0	684	false	802	None
LINESTRING (3101448.6 235704.304, 3101450.427 235695.729)	24	1197	0	685	false	802	None
LINESTRING (3101450.427 235695.729, 3101452.766 235683.782)	24	1197	0	686	false	802	None
LINESTRING (3101452.766 235683.782, 3101457.023 235676.259)	24	1197	0	687	false	802	None
LINESTRING (3101457.023 235676.259, 3101464.443 235672.21)	24	1197	0	688	false	802	None
LINESTRING (3101464.443 235672.21, 3101472.634 235672.263)	24	1197	0	689	false	802	None
LINESTRING (3101472.634 235672.263, 3101484.317 235677.225)	24	1197	0	690	false	802	None
LINESTRING (3101484.317 235677.225, 3101498.112 235682.285)	24	1197	0	691	false	802	None
LINESTRING (3101498.112 235682.285, 3101507.467 235683.379)	24	1197	0	692	false	802	None
LINESTRING (3101507.467 235683.379, 3101514.53 235678.48)	24	1197	0	693	false	802	None
LINESTRING (3101514.53 235678.48, 3101517.643 235661.717)	24	1197	0	694	false	802	None
LINESTRING (3101517.643 235661.717, 3101513.291 235648.866)	24	1197	0	695	false	802	None
LINESTRING (3101513.291 235648.866, 3101509.999 235627.145)	24	1197	0	696	false	802	None
LINESTRING (3101509.999 235627.145, 3101509.347 235622.733)	24	1197	0	697	false	802	None
LINESTRING (3101509.347 235622.733, 3101511.913 235595.175)	24	1197	0	698	false	802	None
LINESTRING (3101511.913 235595.175, 3101517.12 235568.631)	24	1197	0	699	false	802	None
LINESTRING (3101517.12 235568.631, 3101517.045 235540.058)	24	1197	0	700	false	802	None
LINESTRING (3101517.045 235540.058, 3101514.765 235514.683)	24	1197	0	701	false	802	None
LINESTRING (3101514.765 235514.683, 3101514.617 235513.794)	24	1197	0	702	false	802	None
LINESTRING (3101514.617 235513.794, 3101514.87 235488.44)	24	1197	0	703	false	802	None
LINESTRING (3101514.87 235488.44, 3101514.186 235464.51)	24	1197	0	704	false	802	None
LINESTRING (3101514.186 235464.51, 3101514.916 235437.912)	24	1197	0	705	false	802	None
LINESTRING (3101514.916 235437.912, 3101513.14 235399.767)	24	1197	0	706	false	802	None
LINESTRING (3101513.14 235399.767, 3101509.871 235357.362)	24	1197	0	707	false	802	None
LINESTRING (3101509.871 235357.362, 3101507.946 235323.679)	24	1197	0	708	false	802	None
LINESTRING (3101507.946 235323.679, 3101508.363 235299.934)	24	1197	0	709	false	802	None
LINESTRING (3101508.363 235299.934, 3101513.375 235277.716)	24	1197	0	710	false	802	None
LINESTRING (3101513.375 235277.716, 3101515.672 235253.147)	24	1197	0	711	false	802	None
LINESTRING (3101515.672 235253.147, 3101519.472 235202.515)	24	1197	0	712	false	802	None
LINESTRING (3101519.472 235202.515, 3101520.9 235176.899)	24	1197	0	713	false	802	None
LINESTRING (3101520.9 235176.899, 3101521.301 235168.727)	24	1197	0	714	false	802	None
LINESTRING (3101521.301 235168.727, 3101528.391 235114.363)	24	1197	0	715	false	802	None
LINESTRING (3101528.391 235114.363, 3101529.325 235089.271)	24	1197	0	716	false	802	None
LINESTRING (3101529.325 235089.271, 3101530.895 235064.304)	24	1197	0	717	false	802	None
LINESTRING (3101530.895 235064.304, 3101531.168 235063.338)	24	1197	0	718	false	802	None
LINESTRING (3101531.168 235063.338, 3101539.291 235062.295)	24	1197	0	719	false	802	None
LINESTRING (3101539.291 235062.295, 3101563.537 235059.236)	24	1197	0	720	false	802	None
LINESTRING (3101563.537 235059.236, 3101571.536 235058.264)	24	1197	0	721	false	802	None
LINESTRING (3101571.536 235058.264, 3101572.882 235058.067)	24	1197	0	722	false	802	None
LINESTRING (3101572.882 235058.067, 3101576.586 235057.586)	24	1197	0	723	false	802	None
LINESTRING (3101576.586 235057.586, 3101577.808 235057.461)	24	1197	0	724	false	802	None
LINESTRING (3101577.808 235057.461, 3101589.971 235055.828)	24	1197	0	725	false	802	None
LINESTRING (3101589.971 235055.828, 3101599.821 235054.615)	24	1197	0	726	false	802	None
LINESTRING (3101599.821 235054.615, 3101626.362 235052.199)	24	1197	0	727	false	802	None
LINESTRING (3101626.362 235052.199, 3101638.411 235051.117)	24	1197	0	728	false	802	None
LINESTRING (3101638.411 235051.117, 3101668.272 235058.897)	24	1197	0	729	false	802	None
LINESTRING (3101668.272 235058.897, 3101692.986 235066.84)	24	1197	0	730	false	802	None
LINESTRING (3101692.986 235066.84, 3101714.576 235074.774)	24	1197	0	731	false	802	None
LINESTRING (3101714.576 235074.774, 3101723.687 235078.034)	24	1197	0	732	false	802	None
LINESTRING (3101723.687 235078.034, 3101750.899 235088.127)	24	1197	0	733	false	802	None
LINESTRING (3101750.899 235088.127, 3101759.885 235091.458)	24	1197	0	734	false	802	None
LINESTRING (3101759.885 235091.458, 3101773.443 235097.14)	24	1197	0	735	false	802	None
LINESTRING (3101773.443 235097.14, 3101813.702 235114.502)	24	1197	0	736	false	802	None
LINESTRING (3101813.702 235114.502, 3101827.095 235120.359)	24	1197	0	737	false	802	None
LINESTRING (3101827.095 235120.359, 3101850.973 235130.48)	24	1197	0	738	false	802	None
LINESTRING (3101850.973 235130.48, 3101922.447 235161.257)	24	1197	0	739	false	802	None
LINESTRING (3101922.447 235161.257, 3101946.2 235171.449)	24	1197	0	740	false	802	None
LINESTRING (3101946.2 235171.449, 3101959.942 235172.326)	24	1197	0	741	false	802	None
LINESTRING (3101959.942 235172.326, 3101965.546 235179.116)	24	1197	0	742	false	802	None
LINESTRING (3101965.546 235179.116, 3101996.478 235191.233)	24	1197	0	743	false	802	None
LINESTRING (3101996.478 235191.233, 3101998.864 235192.149)	24	1197	0	744	false	802	None
LINESTRING (3101998.864 235192.149, 3102005.68 235194.766)	24	1197	0	745	false	802	None
LINESTRING (3102005.68 235194.766, 3102007.94 235195.754)	24	1197	0	746	false	802	None
LINESTRING (3102007.94 235195.754, 3102037.214 235207.352)	24	1197	0	747	false	802	None
LINESTRING (3102037.214 235207.352, 3102038.918 235208.007)	24	1197	0	748	false	802	None
LINESTRING (3102038.918 235208.007, 3102208.96 235276.403)	24	1197	0	749	false	802	None
LINESTRING (3102208.96 235276.403, 3102216.077 235279.255)	24	1197	0	750	false	802	None
LINESTRING (3102216.077 235279.255, 3102257.823 235295.289)	24	1197	0	751	false	802	None
LINESTRING (3102257.823 235295.289, 3102390.952 235346.777)	24	1197	0	752	false	802	None
LINESTRING (3102390.952 235346.777, 3102472.967 235378.873)	24	1197	0	753	false	802	None
LINESTRING (3102472.967 235378.873, 3102506.284 235391.908)	24	1197	0	754	false	802	None
LINESTRING (3102506.284 235391.908, 3102528.009 235400.252)	24	1197	0	755	false	802	None
LINESTRING (3102528.009 235400.252, 3102592.854 235425.636)	24	1197	0	756	false	802	None
LINESTRING (3102592.854 235425.636, 3102614.414 235434.155)	24	1197	0	757	false	802	None
LINESTRING (3102614.414 235434.155, 3102624.042 235437.853)	24	1197	0	758	false	802	None
LINESTRING (3102624.042 235437.853, 3102652.798 235449.018)	24	1197	0	759	false	802	None
LINESTRING (3102652.798 235449.018, 3102662.3 235452.787)	24	1197	0	760	false	802	None
LINESTRING (3102662.3 235452.787, 3102675.335 235457.794)	24	1197	0	761	false	802	None
LINESTRING (3102675.335 235457.794, 3102681.213 235460.052)	24	1197	0	762	false	802	None
LINESTRING (3102681.213 235460.052, 3102714.064 235473.028)	24	1197	0	763	false	802	None
LINESTRING (3102714.064 235473.028, 3102726.974 235478.106)	24	1197	0	764	false	802	None
LINESTRING (3102726.974 235478.106, 3102751.097 235484.28)	24	1197	0	765	false	802	None
LINESTRING (3102751.097 235484.28, 3102751.478 235484.307)	24	1197	0	766	false	802	None
LINESTRING (3102751.478 235484.307, 3102798.114 235500.081)	24	1197	0	767	false	802	None
LINESTRING (3102798.114 235500.081, 3102813.676 235506.654)	24	1197	0	768	false	802	None
LINESTRING (3102813.676 235506.654, 3102822.372 235510.232)	24	1197	0	769	false	802	None
LINESTRING (3102822.372 235510.232, 3102845.522 235519.958)	24	1197	0	770	false	802	None
LINESTRING (3102845.522 235519.958, 3102858.056 235525.249)	24	1197	0	771	false	802	None
LINESTRING (3102858.056 235525.249, 3102863.225 235527.829)	24	1197	0	772	false	802	None
LINESTRING (3102863.225 235527.829, 3102900.305 235546.593)	24	1197	0	773	false	802	None
LINESTRING (3102900.305 235546.593, 3102914.4 235555.457)	24	1197	0	774	false	802	None
LINESTRING (3102914.4 235555.457, 3102930.687 235565.996)	24	1197	0	775	false	802	None
LINESTRING (3102930.687 235565.996, 3102958.401 235594.126)	24	1197	0	776	false	802	None
LINESTRING (3102958.401 235594.126, 3102958.707 235594.6)	24	1197	0	777	false	802	None
LINESTRING (3102958.707 235594.6, 3102985.592 235632.522)	24	1197	0	778	false	802	None
LINESTRING (3102985.592 235632.522, 3103029.979 235691.56)	24	1197	0	779	false	802	None
LINESTRING (3103029.979 235691.56, 3103054.071 235723.771)	24	1197	0	780	false	802	None
LINESTRING (3103054.071 235723.771, 3103063.358 235736.497)	24	1197	0	781	false	802	None
LINESTRING (3103063.358 235736.497, 3103065.192 235739.104)	24	1197	0	782	false	802	None
LINESTRING (3103065.192 235739.104, 3103080.168 235756.871)	24	1197	0	783	false	802	None
LINESTRING (3103080.168 235756.871, 3103095.329 235769.832)	24	1197	0	784	false	802	None
LINESTRING (3103095.329 235769.832, 3103106.872 235779.738)	24	1197	0	785	false	802	None
LINESTRING (3103106.872 235779.738, 3103121.711 235787.937)	24	1197	0	786	false	802	None
LINESTRING (3103121.711 235787.937, 3103128.447 235790.762)	24	1197	0	787	false	802	None
LINESTRING (3103128.447 235790.762, 3103139.703 235795.563)	24	1197	0	788	false	802	None
LINESTRING (3103139.703 235795.563, 3103154.55 235800.434)	24	1197	0	789	false	802	None
LINESTRING (3103154.55 235800.434, 3103174.702 235804.728)	24	1197	0	790	false	802	None
LINESTRING (3103174.702 235804.728, 3103199.413 235805.301)	24	1197	0	791	false	802	None
LINESTRING (3103199.413 235805.301, 3103223.998 235805.946)	24	1197	0	792	false	802	None
LINESTRING (3103223.998 235805.946, 3103257.058 235807.943)	24	1197	0	793	false	802	None
LINESTRING (3103257.058 235807.943, 3103345.457 235813.243)	24	1197	0	794	false	802	None
LINESTRING (3103345.457 235813.243, 3103355.909 235814.286)	24	1197	0	795	false	802	None
LINESTRING (3103355.909 235814.286, 3103388.536 235817.664)	24	1197	0	796	false	802	None
LINESTRING (3103388.536 235817.664, 3103393.997 235814.648)	24	1197	0	797	false	802	None
LINESTRING (3103393.997 235814.648, 3103404.254 235809.073)	24	1197	0	798	false	802	None
LINESTRING (3103404.254 235809.073, 3103406.816 235819.454)	24	1197	0	799	false	802	None
LINESTRING (3103406.816 235819.454, 3103411.803 235819.705)	24	1197	0	800	false	802	None
LINESTRING (3103411.803 235819.705, 3103414.132 235820.005)	24	1197	0	801	false	802	None
LINESTRING (3103414.132 235820.005, 3103459.257 235823.428)	24	1197	0	802	false	802	None
LINESTRING (3099476.147 234765.24, 3099524.967 234792.891)	24	1198	0	119	false	487	W:3099481.216 234768.11101431795
LINESTRING (3099524.967 234792.891, 3099541.143 234802.19)	24	1198	0	120	false	487	None
LINESTRING (3099541.143 234802.19, 3099560.654 234813.244)	24	1198	0	121	false	487	None
LINESTRING (3099560.654 234813.244, 3099567.05 234815.936)	24	1198	0	122	false	487	None
LINESTRING (3099567.05 234815.936, 3099603.141 234831.925)	24	1198	0	123	false	487	None
LINESTRING (3099603.141 234831.925, 3099647.332 234851.261)	24	1198	0	124	false	487	None
LINESTRING (3099647.332 234851.261, 3099674.08 234863.07)	24	1198	0	125	false	487	None
LINESTRING (3099674.08 234863.07, 3099656.318 234901.206)	24	1198	0	126	false	487	None
LINESTRING (3099656.318 234901.206, 3099645.806 234926.308)	24	1198	0	127	false	487	None
LINESTRING (3099645.806 234926.308, 3099635.294 234951.41)	24	1198	0	128	false	487	None
LINESTRING (3099635.294 234951.41, 3099615.702 234997.882)	24	1198	0	129	false	487	None
LINESTRING (3099615.702 234997.882, 3099610.531 235014.925)	24	1198	0	130	false	487	None
LINESTRING (3099610.531 235014.925, 3099612.495 235023.052)	24	1198	0	131	false	487	None
LINESTRING (3099612.495 235023.052, 3099617.947 235032.279)	24	1198	0	132	false	487	None
LINESTRING (3099617.947 235032.279, 3099631.244 235039.403)	24	1198	0	133	false	487	None
LINESTRING (3099631.244 235039.403, 3099755.572 235088.064)	24	1198	0	134	false	487	None
LINESTRING (3099755.572 235088.064, 3099770.908 235093.949)	24	1198	0	135	false	487	None
LINESTRING (3099770.908 235093.949, 3099844.832 235122.912)	24	1198	0	136	false	487	None
LINESTRING (3099844.832 235122.912, 3099848.922 235124.482)	24	1198	0	137	false	487	None
LINESTRING (3099848.922 235124.482, 3099860.98 235129.228)	24	1198	0	138	false	487	None
LINESTRING (3099860.98 235129.228, 3099864.945 235130.869)	24	1198	0	139	false	487	None
LINESTRING (3099864.945 235130.869, 3099899.842 235144.618)	24	1198	0	140	false	487	None
LINESTRING (3099899.842 235144.618, 3099901.166 235145.245)	24	1198	0	141	false	487	None
LINESTRING (3099901.166 235145.245, 3100003.164 235188.67)	24	1198	0	142	false	487	None
LINESTRING (3100003.164 235188.67, 3100037.578 235203.424)	24	1198	0	143	false	487	None
LINESTRING (3100037.578 235203.424, 3100049.852 235208.372)	24	1198	0	144	false	487	None
LINESTRING (3100049.852 235208.372, 3100086.425 235223.36)	24	1198	0	145	false	487	None
LINESTRING (3100086.425 235223.36, 3100098.534 235228.483)	24	1198	0	146	false	487	None
LINESTRING (3100098.534 235228.483, 3100105.225 235231.17)	24	1198	0	147	false	487	None
LINESTRING (3100105.225 235231.17, 3100125.303 235239.471)	24	1198	0	148	false	487	None
LINESTRING (3100125.303 235239.471, 3100131.869 235242.228)	24	1198	0	149	false	487	None
LINESTRING (3100131.869 235242.228, 3100163.227 235254.502)	24	1198	0	150	false	487	None
LINESTRING (3100163.227 235254.502, 3100257.257 235291.186)	24	1198	0	151	false	487	None
LINESTRING (3100257.257 235291.186, 3100288.49 235303.53)	24	1198	0	152	false	487	None
LINESTRING (3100288.49 235303.53, 3100304.779 235310.496)	24	1198	0	153	false	487	None
LINESTRING (3100304.779 235310.496, 3100353.568 235331.601)	24	1198	0	154	false	487	None
LINESTRING (3100353.568 235331.601, 3100369.732 235338.638)	24	1198	0	155	false	487	None
LINESTRING (3100369.732 235338.638, 3100382.201 235335.694)	24	1198	0	156	false	487	None
LINESTRING (3100382.201 235335.694, 3100419.358 235327.004)	24	1198	0	157	false	487	None
LINESTRING (3100419.358 235327.004, 3100431.702 235324.131)	24	1198	0	158	false	487	None
LINESTRING (3100431.702 235324.131, 3100448.244 235320.253)	24	1198	0	159	false	487	None
LINESTRING (3100448.244 235320.253, 3100460.503 235317.347)	24	1198	0	160	false	487	None
LINESTRING (3100460.503 235317.347, 3100546.655 235297.138)	24	1198	0	161	false	487	None
LINESTRING (3100546.655 235297.138, 3100575.331 235290.425)	24	1198	0	162	false	487	None
LINESTRING (3100575.331 235290.425, 3100600.644 235284.325)	24	1198	0	163	false	487	None
LINESTRING (3100600.644 235284.325, 3100676.329 235265.926)	24	1198	0	164	false	487	None
LINESTRING (3100676.329 235265.926, 3100701.557 235259.793)	24	1198	0	165	false	487	None
LINESTRING (3100701.557 235259.793, 3100709.532 235257.86)	24	1198	0	166	false	487	None
LINESTRING (3100709.532 235257.86, 3100733.46 235252.06)	24	1198	0	167	false	487	None
LINESTRING (3100733.46 235252.06, 3100741.396 235250.231)	24	1198	0	168	false	487	None
LINESTRING (3100741.396 235250.231, 3100791.432 235238.042)	24	1198	0	169	false	487	None
LINESTRING (3100791.432 235238.042, 3100810.616 235233.395)	24	1198	0	170	false	487	None
LINESTRING (3100810.616 235233.395, 3100892.064 235205.079)	24	1198	0	171	false	487	None
LINESTRING (3100892.064 235205.079, 3100918.321 235197.796)	24	1198	0	172	false	487	None
LINESTRING (3100918.321 235197.796, 3100954.309 235187.826)	24	1198	0	173	false	487	None
LINESTRING (3100954.309 235187.826, 3100963.075 235185.364)	24	1198	0	174	false	487	None
LINESTRING (3100963.075 235185.364, 3100992.064 235179.367)	24	1198	0	175	false	487	None
LINESTRING (3100992.064 235179.367, 3100995.628 235192.747)	24	1198	0	176	false	487	None
LINESTRING (3100995.628 235192.747, 3101019.59 235184.821)	24	1198	0	177	false	487	None
LINESTRING (3101019.59 235184.821, 3101071.329 235162.346)	24	1198	0	178	false	487	None
LINESTRING (3101071.329 235162.346, 3101092.465 235165.346)	24	1198	0	179	false	487	None
LINESTRING (3101092.465 235165.346, 3101126.496 235149.274)	24	1198	0	180	false	487	None
LINESTRING (3101126.496 235149.274, 3101132.291 235147.931)	24	1198	0	181	false	487	None
LINESTRING (3101132.291 235147.931, 3101149.504 235143.836)	24	1198	0	182	false	487	None
LINESTRING (3101149.504 235143.836, 3101155.213 235142.46)	24	1198	0	183	false	487	None
LINESTRING (3101155.213 235142.46, 3101189.441 235133.005)	24	1198	0	184	false	487	None
LINESTRING (3101189.441 235133.005, 3101291.87 235104.541)	24	1198	0	185	false	487	None
LINESTRING (3101291.87 235104.541, 3101326.013 235095.054)	24	1198	0	186	false	487	None
LINESTRING (3101326.013 235095.054, 3101331.592 235093.509)	24	1198	0	187	false	487	None
LINESTRING (3101331.592 235093.509, 3101350.362 235089.179)	24	1198	0	188	false	487	None
LINESTRING (3101350.362 235089.179, 3101360.651 235086.826)	24	1198	0	189	false	487	None
LINESTRING (3101360.651 235086.826, 3101423.379 235077.492)	24	1198	0	190	false	487	None
LINESTRING (3101423.379 235077.492, 3101447.699 235073.985)	24	1198	0	191	false	487	None
LINESTRING (3101447.699 235073.985, 3101464.452 235071.855)	24	1198	0	192	false	487	None
LINESTRING (3101464.452 235071.855, 3101514.54 235065.398)	24	1198	0	193	false	487	None
LINESTRING (3101514.54 235065.398, 3101531.168 235063.338)	24	1198	0	194	false	487	None
LINESTRING (3101531.168 235063.338, 3101530.895 235064.304)	24	1198	0	195	false	487	None
LINESTRING (3101530.895 235064.304, 3101529.325 235089.271)	24	1198	0	196	false	487	None
LINESTRING (3101529.325 235089.271, 3101528.391 235114.363)	24	1198	0	197	false	487	None
LINESTRING (3101528.391 235114.363, 3101521.301 235168.727)	24	1198	0	198	false	487	None
LINESTRING (3101521.301 235168.727, 3101520.9 235176.899)	24	1198	0	199	false	487	None
LINESTRING (3101520.9 235176.899, 3101519.472 235202.515)	24	1198	0	200	false	487	None
LINESTRING (3101519.472 235202.515, 3101515.672 235253.147)	24	1198	0	201	false	487	None
LINESTRING (3101515.672 235253.147, 3101513.375 235277.716)	24	1198	0	202	false	487	None
LINESTRING (3101513.375 235277.716, 3101508.363 235299.934)	24	1198	0	203	false	487	None
LINESTRING (3101508.363 235299.934, 3101507.946 235323.679)	24	1198	0	204	false	487	None
LINESTRING (3101507.946 235323.679, 3101509.871 235357.362)	24	1198	0	205	false	487	None
LINESTRING (3101509.871 235357.362, 3101513.14 235399.767)	24	1198	0	206	false	487	None
LINESTRING (3101513.14 235399.767, 3101514.916 235437.912)	24	1198	0	207	false	487	None
LINESTRING (3101514.916 235437.912, 3101514.186 235464.51)	24	1198	0	208	false	487	None
LINESTRING (3101514.186 235464.51, 3101514.87 235488.44)	24	1198	0	209	false	487	None
LINESTRING (3101514.87 235488.44, 3101514.617 235513.794)	24	1198	0	210	false	487	None
LINESTRING (3101514.617 235513.794, 3101514.765 235514.683)	24	1198	0	211	false	487	None
LINESTRING (3101514.765 235514.683, 3101517.045 235540.058)	24	1198	0	212	false	487	None
LINESTRING (3101517.045 235540.058, 3101517.12 235568.631)	24	1198	0	213	false	487	None
LINESTRING (3101517.12 235568.631, 3101511.913 235595.175)	24	1198	0	214	false	487	None
LINESTRING (3101511.913 235595.175, 3101509.347 235622.733)	24	1198	0	215	false	487	None
LINESTRING (3101509.347 235622.733, 3101509.999 235627.145)	24	1198	0	216	false	487	None
LINESTRING (3101509.999 235627.145, 3101513.291 235648.866)	24	1198	0	217	false	487	None
LINESTRING (3101513.291 235648.866, 3101517.643 235661.717)	24	1198	0	218	false	487	None
LINESTRING (3101517.643 235661.717, 3101514.53 235678.48)	24	1198	0	219	false	487	None
LINESTRING (3101514.53 235678.48, 3101507.467 235683.379)	24	1198	0	220	false	487	None
LINESTRING (3101507.467 235683.379, 3101498.112 235682.285)	24	1198	0	221	false	487	None
LINESTRING (3101498.112 235682.285, 3101484.317 235677.225)	24	1198	0	222	false	487	None
LINESTRING (3101484.317 235677.225, 3101472.634 235672.263)	24	1198	0	223	false	487	None
LINESTRING (3101472.634 235672.263, 3101464.443 235672.21)	24	1198	0	224	false	487	None
LINESTRING (3101464.443 235672.21, 3101457.023 235676.259)	24	1198	0	225	false	487	None
LINESTRING (3101457.023 235676.259, 3101452.766 235683.782)	24	1198	0	226	false	487	None
LINESTRING (3101452.766 235683.782, 3101450.427 235695.729)	24	1198	0	227	false	487	None
LINESTRING (3101450.427 235695.729, 3101448.6 235704.304)	24	1198	0	228	false	487	None
LINESTRING (3101448.6 235704.304, 3101443.856 235723.533)	24	1198	0	229	false	487	None
LINESTRING (3101443.856 235723.533, 3101435.401 235730.277)	24	1198	0	230	false	487	None
LINESTRING (3101435.401 235730.277, 3101423.784 235733.546)	24	1198	0	231	false	487	None
LINESTRING (3101423.784 235733.546, 3101406.238 235732.399)	24	1198	0	232	false	487	None
LINESTRING (3101406.238 235732.399, 3101385.694 235729.386)	24	1198	0	233	false	487	None
LINESTRING (3101385.694 235729.386, 3101364.686 235733.689)	24	1198	0	234	false	487	None
LINESTRING (3101364.686 235733.689, 3101348.28 235739.758)	24	1198	0	235	false	487	None
LINESTRING (3101348.28 235739.758, 3101334.24 235749.59)	24	1198	0	236	false	487	None
LINESTRING (3101334.24 235749.59, 3101326.954 235761.183)	24	1198	0	237	false	487	None
LINESTRING (3101326.954 235761.183, 3101321.39 235786.876)	24	1198	0	238	false	487	None
LINESTRING (3101321.39 235786.876, 3101309.454 235807.268)	24	1198	0	239	false	487	None
LINESTRING (3101309.454 235807.268, 3101295.763 235828.414)	24	1198	0	240	false	487	None
LINESTRING (3101295.763 235828.414, 3101283.251 235840.379)	24	1198	0	241	false	487	None
LINESTRING (3101283.251 235840.379, 3101273.26 235855.452)	24	1198	0	242	false	487	None
LINESTRING (3101273.26 235855.452, 3101263.027 235878.283)	24	1198	0	243	false	487	None
LINESTRING (3101263.027 235878.283, 3101233.89 235935.837)	24	1198	0	244	false	487	None
LINESTRING (3101233.89 235935.837, 3101216.862 235964.145)	24	1198	0	245	false	487	None
LINESTRING (3101216.862 235964.145, 3101201.265 235995.857)	24	1198	0	246	false	487	None
LINESTRING (3101201.265 235995.857, 3101199.65 235999.043)	24	1198	0	247	false	487	None
LINESTRING (3101199.65 235999.043, 3101183.045 236036.434)	24	1198	0	248	false	487	None
LINESTRING (3101183.045 236036.434, 3101172.542 236069.389)	24	1198	0	249	false	487	None
LINESTRING (3101172.542 236069.389, 3101162.156 236092.874)	24	1198	0	250	false	487	None
LINESTRING (3101162.156 236092.874, 3101151.394 236134.649)	24	1198	0	251	false	487	None
LINESTRING (3101151.394 236134.649, 3101151.292 236135.68)	24	1198	0	252	false	487	None
LINESTRING (3101151.292 236135.68, 3101149.51 236162.468)	24	1198	0	253	false	487	None
LINESTRING (3101149.51 236162.468, 3101152.857 236188.372)	24	1198	0	254	false	487	None
LINESTRING (3101152.857 236188.372, 3101152.389 236209.957)	24	1198	0	255	false	487	None
LINESTRING (3101152.389 236209.957, 3101147.65 236245.719)	24	1198	0	256	false	487	None
LINESTRING (3101147.65 236245.719, 3101149.169 236267.473)	24	1198	0	257	false	487	None
LINESTRING (3101149.169 236267.473, 3101149.395 236271.722)	24	1198	0	258	false	487	None
LINESTRING (3101149.395 236271.722, 3101152.677 236289.395)	24	1198	0	259	false	487	None
LINESTRING (3101152.677 236289.395, 3101167.069 236307.408)	24	1198	0	260	false	487	None
LINESTRING (3101167.069 236307.408, 3101185.036 236317.638)	24	1198	0	261	false	487	None
LINESTRING (3101185.036 236317.638, 3101196.528 236327.165)	24	1198	0	262	false	487	None
LINESTRING (3101196.528 236327.165, 3101209.856 236335.731)	24	1198	0	263	false	487	None
LINESTRING (3101209.856 236335.731, 3101217.559 236347.49)	24	1198	0	264	false	487	None
LINESTRING (3101217.559 236347.49, 3101216.718 236362.153)	24	1198	0	265	false	487	None
LINESTRING (3101216.718 236362.153, 3101214.903 236371.208)	24	1198	0	266	false	487	None
LINESTRING (3101214.903 236371.208, 3101220.443 236380.709)	24	1198	0	267	false	487	None
LINESTRING (3101220.443 236380.709, 3101226.464 236394.557)	24	1198	0	268	false	487	None
LINESTRING (3101226.464 236394.557, 3101246.433 236396.517)	24	1198	0	269	false	487	None
LINESTRING (3101246.433 236396.517, 3101267.747 236403.631)	24	1198	0	270	false	487	None
LINESTRING (3101267.747 236403.631, 3101286.028 236411.007)	24	1198	0	271	false	487	None
LINESTRING (3101286.028 236411.007, 3101308.431 236421.394)	24	1198	0	272	false	487	None
LINESTRING (3101308.431 236421.394, 3101323.349 236427.598)	24	1198	0	273	false	487	None
LINESTRING (3101323.349 236427.598, 3101344.604 236441.231)	24	1198	0	274	false	487	None
LINESTRING (3101344.604 236441.231, 3101351.217 236449.717)	24	1198	0	275	false	487	None
LINESTRING (3101351.217 236449.717, 3101356.975 236466.795)	24	1198	0	276	false	487	None
LINESTRING (3101356.975 236466.795, 3101357.834 236491.03)	24	1198	0	277	false	487	None
LINESTRING (3101357.834 236491.03, 3101354.818 236504.739)	24	1198	0	278	false	487	None
LINESTRING (3101354.818 236504.739, 3101351.751 236518.071)	24	1198	0	279	false	487	None
LINESTRING (3101351.751 236518.071, 3101342.884 236534.29)	24	1198	0	280	false	487	None
LINESTRING (3101342.884 236534.29, 3101335.911 236543.029)	24	1198	0	281	false	487	None
LINESTRING (3101335.911 236543.029, 3101330.505 236553.798)	24	1198	0	282	false	487	None
LINESTRING (3101330.505 236553.798, 3101318.49 236572.614)	24	1198	0	283	false	487	None
LINESTRING (3101318.49 236572.614, 3101306.554 236593.006)	24	1198	0	284	false	487	None
LINESTRING (3101306.554 236593.006, 3101296.709 236610.753)	24	1198	0	285	false	487	None
LINESTRING (3101296.709 236610.753, 3101290.626 236623.283)	24	1198	0	286	false	487	None
LINESTRING (3101290.626 236623.283, 3101282.122 236640.593)	24	1198	0	287	false	487	None
LINESTRING (3101282.122 236640.593, 3101268.63 236661.22)	24	1198	0	288	false	487	None
LINESTRING (3101268.63 236661.22, 3101266.993 236663.446)	24	1198	0	289	false	487	None
LINESTRING (3101266.993 236663.446, 3101252.462 236682.961)	24	1198	0	290	false	487	None
LINESTRING (3101252.462 236682.961, 3101229.591 236706.885)	24	1198	0	291	false	487	None
LINESTRING (3101229.591 236706.885, 3101213.368 236722.658)	24	1198	0	292	false	487	None
LINESTRING (3101213.368 236722.658, 3101193.655 236733.522)	24	1198	0	293	false	487	None
LINESTRING (3101193.655 236733.522, 3101168.164 236748.234)	24	1198	0	294	false	487	None
LINESTRING (3101168.164 236748.234, 3101166.625 236749.189)	24	1198	0	295	false	487	None
LINESTRING (3101166.625 236749.189, 3101144.826 236762.94)	24	1198	0	296	false	487	None
LINESTRING (3101144.826 236762.94, 3101135.72 236779.78)	24	1198	0	297	false	487	None
LINESTRING (3101135.72 236779.78, 3101129.814 236790.833)	24	1198	0	298	false	487	None
LINESTRING (3101129.814 236790.833, 3101110.502 236820.762)	24	1198	0	299	false	487	N:3101114.079969194 236815.217
LINESTRING (3103414.132 235820.005, 3103411.803 235819.705)	24	1199	0	0	false	1759	None
LINESTRING (3103411.803 235819.705, 3103406.816 235819.454)	24	1199	0	1	false	1759	None
LINESTRING (3103406.816 235819.454, 3103404.254 235809.073)	24	1199	0	2	false	1759	None
LINESTRING (3103404.254 235809.073, 3103393.997 235814.648)	24	1199	0	3	false	1759	None
LINESTRING (3103393.997 235814.648, 3103388.536 235817.664)	24	1199	0	4	false	1759	None
LINESTRING (3103388.536 235817.664, 3103355.909 235814.286)	24	1199	0	5	false	1759	None
LINESTRING (3103355.909 235814.286, 3103345.457 235813.243)	24	1199	0	6	false	1759	None
LINESTRING (3103345.457 235813.243, 3103257.058 235807.943)	24	1199	0	7	false	1759	None
LINESTRING (3103257.058 235807.943, 3103223.998 235805.946)	24	1199	0	8	false	1759	None
LINESTRING (3103223.998 235805.946, 3103199.413 235805.301)	24	1199	0	9	false	1759	None
LINESTRING (3103199.413 235805.301, 3103174.702 235804.728)	24	1199	0	10	false	1759	None
LINESTRING (3103174.702 235804.728, 3103154.55 235800.434)	24	1199	0	11	false	1759	None
LINESTRING (3103154.55 235800.434, 3103139.703 235795.563)	24	1199	0	12	false	1759	None
LINESTRING (3103139.703 235795.563, 3103128.447 235790.762)	24	1199	0	13	false	1759	None
LINESTRING (3103128.447 235790.762, 3103121.711 235787.937)	24	1199	0	14	false	1759	None
LINESTRING (3103121.711 235787.937, 3103106.872 235779.738)	24	1199	0	15	false	1759	None
LINESTRING (3103106.872 235779.738, 3103095.329 235769.832)	24	1199	0	16	false	1759	None
LINESTRING (3103095.329 235769.832, 3103080.168 235756.871)	24	1199	0	17	false	1759	None
LINESTRING (3103080.168 235756.871, 3103065.192 235739.104)	24	1199	0	18	false	1759	None
LINESTRING (3103065.192 235739.104, 3103063.358 235736.497)	24	1199	0	19	false	1759	None
LINESTRING (3103063.358 235736.497, 3103054.071 235723.771)	24	1199	0	20	false	1759	None
LINESTRING (3103054.071 235723.771, 3103029.979 235691.56)	24	1199	0	21	false	1759	None
LINESTRING (3103029.979 235691.56, 3102985.592 235632.522)	24	1199	0	22	false	1759	None
LINESTRING (3102985.592 235632.522, 3102958.707 235594.6)	24	1199	0	23	false	1759	None
LINESTRING (3102958.707 235594.6, 3102958.401 235594.126)	24	1199	0	24	false	1759	None
LINESTRING (3102958.401 235594.126, 3102930.687 235565.996)	24	1199	0	25	false	1759	None
LINESTRING (3102930.687 235565.996, 3102914.4 235555.457)	24	1199	0	26	false	1759	None
LINESTRING (3102914.4 235555.457, 3102900.305 235546.593)	24	1199	0	27	false	1759	None
LINESTRING (3102900.305 235546.593, 3102863.225 235527.829)	24	1199	0	28	false	1759	None
LINESTRING (3102863.225 235527.829, 3102858.056 235525.249)	24	1199	0	29	false	1759	None
LINESTRING (3102858.056 235525.249, 3102845.522 235519.958)	24	1199	0	30	false	1759	None
LINESTRING (3102845.522 235519.958, 3102822.372 235510.232)	24	1199	0	31	false	1759	None
LINESTRING (3102822.372 235510.232, 3102813.676 235506.654)	24	1199	0	32	false	1759	None
LINESTRING (3102813.676 235506.654, 3102798.114 235500.081)	24	1199	0	33	false	1759	None
LINESTRING (3102798.114 235500.081, 3102751.478 235484.307)	24	1199	0	34	false	1759	None
LINESTRING (3102751.478 235484.307, 3102751.097 235484.28)	24	1199	0	35	false	1759	None
LINESTRING (3102751.097 235484.28, 3102726.974 235478.106)	24	1199	0	36	false	1759	None
LINESTRING (3102726.974 235478.106, 3102714.064 235473.028)	24	1199	0	37	false	1759	None
LINESTRING (3102714.064 235473.028, 3102681.213 235460.052)	24	1199	0	38	false	1759	None
LINESTRING (3102681.213 235460.052, 3102675.335 235457.794)	24	1199	0	39	false	1759	None
LINESTRING (3102675.335 235457.794, 3102662.3 235452.787)	24	1199	0	40	false	1759	None
LINESTRING (3102662.3 235452.787, 3102652.798 235449.018)	24	1199	0	41	false	1759	None
LINESTRING (3102652.798 235449.018, 3102624.042 235437.853)	24	1199	0	42	false	1759	None
LINESTRING (3102624.042 235437.853, 3102614.414 235434.155)	24	1199	0	43	false	1759	None
LINESTRING (3102614.414 235434.155, 3102592.854 235425.636)	24	1199	0	44	false	1759	None
LINESTRING (3102592.854 235425.636, 3102528.009 235400.252)	24	1199	0	45	false	1759	None
LINESTRING (3102528.009 235400.252, 3102506.284 235391.908)	24	1199	0	46	false	1759	None
LINESTRING (3102506.284 235391.908, 3102472.967 235378.873)	24	1199	0	47	false	1759	None
LINESTRING (3102472.967 235378.873, 3102390.952 235346.777)	24	1199	0	48	false	1759	None
LINESTRING (3102390.952 235346.777, 3102257.823 235295.289)	24	1199	0	49	false	1759	None
LINESTRING (3102257.823 235295.289, 3102216.077 235279.255)	24	1199	0	50	false	1759	None
LINESTRING (3102216.077 235279.255, 3102208.96 235276.403)	24	1199	0	51	false	1759	None
LINESTRING (3102208.96 235276.403, 3102038.918 235208.007)	24	1199	0	52	false	1759	None
LINESTRING (3102038.918 235208.007, 3102037.214 235207.352)	24	1199	0	53	false	1759	None
LINESTRING (3102037.214 235207.352, 3102007.94 235195.754)	24	1199	0	54	false	1759	None
LINESTRING (3102007.94 235195.754, 3102005.68 235194.766)	24	1199	0	55	false	1759	None
LINESTRING (3102005.68 235194.766, 3101998.864 235192.149)	24	1199	0	56	false	1759	None
LINESTRING (3101998.864 235192.149, 3101996.478 235191.233)	24	1199	0	57	false	1759	None
LINESTRING (3101996.478 235191.233, 3101965.546 235179.116)	24	1199	0	58	false	1759	None
LINESTRING (3101965.546 235179.116, 3101959.942 235172.326)	24	1199	0	59	false	1759	None
LINESTRING (3101959.942 235172.326, 3101946.2 235171.449)	24	1199	0	60	false	1759	None
LINESTRING (3101946.2 235171.449, 3101922.447 235161.257)	24	1199	0	61	false	1759	None
LINESTRING (3101922.447 235161.257, 3101850.973 235130.48)	24	1199	0	62	false	1759	None
LINESTRING (3101850.973 235130.48, 3101827.095 235120.359)	24	1199	0	63	false	1759	None
LINESTRING (3101827.095 235120.359, 3101813.702 235114.502)	24	1199	0	64	false	1759	None
LINESTRING (3101813.702 235114.502, 3101773.443 235097.14)	24	1199	0	65	false	1759	None
LINESTRING (3101773.443 235097.14, 3101759.885 235091.458)	24	1199	0	66	false	1759	None
LINESTRING (3101759.885 235091.458, 3101750.899 235088.127)	24	1199	0	67	false	1759	None
LINESTRING (3101750.899 235088.127, 3101723.687 235078.034)	24	1199	0	68	false	1759	None
LINESTRING (3101723.687 235078.034, 3101714.576 235074.774)	24	1199	0	69	false	1759	None
LINESTRING (3101714.576 235074.774, 3101692.986 235066.84)	24	1199	0	70	false	1759	None
LINESTRING (3101692.986 235066.84, 3101668.272 235058.897)	24	1199	0	71	false	1759	None
LINESTRING (3101668.272 235058.897, 3101638.411 235051.117)	24	1199	0	72	false	1759	None
LINESTRING (3101638.411 235051.117, 3101626.362 235052.199)	24	1199	0	73	false	1759	None
LINESTRING (3101626.362 235052.199, 3101599.821 235054.615)	24	1199	0	74	false	1759	None
LINESTRING (3101599.821 235054.615, 3101589.971 235055.828)	24	1199	0	75	false	1759	None
LINESTRING (3101589.971 235055.828, 3101577.808 235057.461)	24	1199	0	76	false	1759	None
LINESTRING (3101577.808 235057.461, 3101576.586 235057.586)	24	1199	0	77	false	1759	None
LINESTRING (3101576.586 235057.586, 3101572.882 235058.067)	24	1199	0	78	false	1759	None
LINESTRING (3101572.882 235058.067, 3101571.536 235058.264)	24	1199	0	79	false	1759	None
LINESTRING (3101571.536 235058.264, 3101563.537 235059.236)	24	1199	0	80	false	1759	None
LINESTRING (3101563.537 235059.236, 3101539.291 235062.295)	24	1199	0	81	false	1759	None
LINESTRING (3101539.291 235062.295, 3101531.168 235063.338)	24	1199	0	82	false	1759	None
LINESTRING (3101531.168 235063.338, 3101514.54 235065.398)	24	1199	0	83	false	1759	None
LINESTRING (3101514.54 235065.398, 3101464.452 235071.855)	24	1199	0	84	false	1759	None
LINESTRING (3101464.452 235071.855, 3101447.699 235073.985)	24	1199	0	85	false	1759	None
LINESTRING (3101447.699 235073.985, 3101423.379 235077.492)	24	1199	0	86	false	1759	None
LINESTRING (3101423.379 235077.492, 3101360.651 235086.826)	24	1199	0	87	false	1759	None
LINESTRING (3101360.651 235086.826, 3101350.362 235089.179)	24	1199	0	88	false	1759	None
LINESTRING (3101350.362 235089.179, 3101331.592 235093.509)	24	1199	0	89	false	1759	None
LINESTRING (3101331.592 235093.509, 3101326.013 235095.054)	24	1199	0	90	false	1759	None
LINESTRING (3101326.013 235095.054, 3101291.87 235104.541)	24	1199	0	91	false	1759	None
LINESTRING (3101291.87 235104.541, 3101189.441 235133.005)	24	1199	0	92	false	1759	None
LINESTRING (3101189.441 235133.005, 3101155.213 235142.46)	24	1199	0	93	false	1759	None
LINESTRING (3101155.213 235142.46, 3101149.504 235143.836)	24	1199	0	94	false	1759	None
LINESTRING (3101149.504 235143.836, 3101132.291 235147.931)	24	1199	0	95	false	1759	None
LINESTRING (3101132.291 235147.931, 3101126.496 235149.274)	24	1199	0	96	false	1759	None
LINESTRING (3101126.496 235149.274, 3101092.465 235165.346)	24	1199	0	97	false	1759	None
LINESTRING (3101092.465 235165.346, 3101071.329 235162.346)	24	1199	0	98	false	1759	None
LINESTRING (3101071.329 235162.346, 3101019.59 235184.821)	24	1199	0	99	false	1759	None
LINESTRING (3101019.59 235184.821, 3100995.628 235192.747)	24	1199	0	100	false	1759	None
LINESTRING (3100995.628 235192.747, 3100992.064 235179.367)	24	1199	0	101	false	1759	None
LINESTRING (3100992.064 235179.367, 3100963.075 235185.364)	24	1199	0	102	false	1759	None
LINESTRING (3100963.075 235185.364, 3100954.309 235187.826)	24	1199	0	103	false	1759	None
LINESTRING (3100954.309 235187.826, 3100918.321 235197.796)	24	1199	0	104	false	1759	None
LINESTRING (3100918.321 235197.796, 3100892.064 235205.079)	24	1199	0	105	false	1759	None
LINESTRING (3100892.064 235205.079, 3100810.616 235233.395)	24	1199	0	106	false	1759	None
LINESTRING (3100810.616 235233.395, 3100791.432 235238.042)	24	1199	0	107	false	1759	None
LINESTRING (3100791.432 235238.042, 3100741.396 235250.231)	24	1199	0	108	false	1759	None
LINESTRING (3100741.396 235250.231, 3100733.46 235252.06)	24	1199	0	109	false	1759	None
LINESTRING (3100733.46 235252.06, 3100709.532 235257.86)	24	1199	0	110	false	1759	None
LINESTRING (3100709.532 235257.86, 3100701.557 235259.793)	24	1199	0	111	false	1759	None
LINESTRING (3100701.557 235259.793, 3100676.329 235265.926)	24	1199	0	112	false	1759	None
LINESTRING (3100676.329 235265.926, 3100600.644 235284.325)	24	1199	0	113	false	1759	None
LINESTRING (3100600.644 235284.325, 3100575.331 235290.425)	24	1199	0	114	false	1759	None
LINESTRING (3100575.331 235290.425, 3100546.655 235297.138)	24	1199	0	115	false	1759	None
LINESTRING (3100546.655 235297.138, 3100460.503 235317.347)	24	1199	0	116	false	1759	None
LINESTRING (3100460.503 235317.347, 3100448.244 235320.253)	24	1199	0	117	false	1759	None
LINESTRING (3100448.244 235320.253, 3100431.702 235324.131)	24	1199	0	118	false	1759	None
LINESTRING (3100431.702 235324.131, 3100419.358 235327.004)	24	1199	0	119	false	1759	None
LINESTRING (3100419.358 235327.004, 3100382.201 235335.694)	24	1199	0	120	false	1759	None
LINESTRING (3100382.201 235335.694, 3100369.732 235338.638)	24	1199	0	121	false	1759	None
LINESTRING (3100369.732 235338.638, 3100353.568 235331.601)	24	1199	0	122	false	1759	None
LINESTRING (3100353.568 235331.601, 3100304.779 235310.496)	24	1199	0	123	false	1759	None
LINESTRING (3100304.779 235310.496, 3100288.49 235303.53)	24	1199	0	124	false	1759	None
LINESTRING (3100288.49 235303.53, 3100257.257 235291.186)	24	1199	0	125	false	1759	None
LINESTRING (3100257.257 235291.186, 3100163.227 235254.502)	24	1199	0	126	false	1759	None
LINESTRING (3100163.227 235254.502, 3100131.869 235242.228)	24	1199	0	127	false	1759	None
LINESTRING (3100131.869 235242.228, 3100125.303 235239.471)	24	1199	0	128	false	1759	None
LINESTRING (3100125.303 235239.471, 3100105.225 235231.17)	24	1199	0	129	false	1759	None
LINESTRING (3100105.225 235231.17, 3100098.534 235228.483)	24	1199	0	130	false	1759	None
LINESTRING (3100098.534 235228.483, 3100086.425 235223.36)	24	1199	0	131	false	1759	None
LINESTRING (3100086.425 235223.36, 3100049.852 235208.372)	24	1199	0	132	false	1759	None
LINESTRING (3100049.852 235208.372, 3100037.578 235203.424)	24	1199	0	133	false	1759	None
LINESTRING (3100037.578 235203.424, 3100003.164 235188.67)	24	1199	0	134	false	1759	None
LINESTRING (3100003.164 235188.67, 3099901.166 235145.245)	24	1199	0	135	false	1759	None
LINESTRING (3099901.166 235145.245, 3099899.842 235144.618)	24	1199	0	136	false	1759	None
LINESTRING (3099899.842 235144.618, 3099864.945 235130.869)	24	1199	0	137	false	1759	None
LINESTRING (3099864.945 235130.869, 3099860.98 235129.228)	24	1199	0	138	false	1759	None
LINESTRING (3099860.98 235129.228, 3099848.922 235124.482)	24	1199	0	139	false	1759	None
LINESTRING (3099848.922 235124.482, 3099844.832 235122.912)	24	1199	0	140	false	1759	None
LINESTRING (3099844.832 235122.912, 3099770.908 235093.949)	24	1199	0	141	false	1759	None
LINESTRING (3099770.908 235093.949, 3099755.572 235088.064)	24	1199	0	142	false	1759	None
LINESTRING (3099755.572 235088.064, 3099631.244 235039.403)	24	1199	0	143	false	1759	None
LINESTRING (3099631.244 235039.403, 3099617.947 235032.279)	24	1199	0	144	false	1759	None
LINESTRING (3099617.947 235032.279, 3099612.495 235023.052)	24	1199	0	145	false	1759	None
LINESTRING (3099612.495 235023.052, 3099610.531 235014.925)	24	1199	0	146	false	1759	None
LINESTRING (3099610.531 235014.925, 3099615.702 234997.882)	24	1199	0	147	false	1759	None
LINESTRING (3099615.702 234997.882, 3099635.294 234951.41)	24	1199	0	148	false	1759	None
LINESTRING (3099635.294 234951.41, 3099645.806 234926.308)	24	1199	0	149	false	1759	None
LINESTRING (3099645.806 234926.308, 3099656.318 234901.206)	24	1199	0	150	false	1759	None
LINESTRING (3099656.318 234901.206, 3099674.08 234863.07)	24	1199	0	151	false	1759	None
LINESTRING (3099674.08 234863.07, 3099647.332 234851.261)	24	1199	0	152	false	1759	None
LINESTRING (3099647.332 234851.261, 3099603.141 234831.925)	24	1199	0	153	false	1759	None
LINESTRING (3099603.141 234831.925, 3099567.05 234815.936)	24	1199	0	154	false	1759	None
LINESTRING (3099567.05 234815.936, 3099560.654 234813.244)	24	1199	0	155	false	1759	None
LINESTRING (3099560.654 234813.244, 3099541.143 234802.19)	24	1199	0	156	false	1759	None
LINESTRING (3099541.143 234802.19, 3099524.967 234792.891)	24	1199	0	157	false	1759	None
LINESTRING (3099524.967 234792.891, 3099476.147 234765.24)	24	1199	0	158	false	1759	W:3099481.216 234768.11101431795
LINESTRING (3099471.68 234724.402, 3099492.232 234670.33)	24	1199	0	163	false	1759	W:3099481.216 234699.31292876607
LINESTRING (3099492.232 234670.33, 3099500.419 234648.736)	24	1199	0	164	false	1759	None
LINESTRING (3099500.419 234648.736, 3099506.828 234632.288)	24	1199	0	165	false	1759	None
LINESTRING (3099506.828 234632.288, 3099525.806 234583.082)	24	1199	0	166	false	1759	None
LINESTRING (3099525.806 234583.082, 3099532.09 234566.704)	24	1199	0	167	false	1759	None
LINESTRING (3099532.09 234566.704, 3099551.402 234517.39)	24	1199	0	168	false	1759	None
LINESTRING (3099551.402 234517.39, 3099609.181 234369.862)	24	1199	0	169	false	1759	None
LINESTRING (3099609.181 234369.862, 3099628.454 234320.652)	24	1199	0	170	false	1759	None
LINESTRING (3099628.454 234320.652, 3099630.721 234314.743)	24	1199	0	171	false	1759	None
LINESTRING (3099630.721 234314.743, 3099637.522 234297.018)	24	1199	0	172	false	1759	None
LINESTRING (3099637.522 234297.018, 3099639.664 234291.18)	24	1199	0	173	false	1759	None
LINESTRING (3099639.664 234291.18, 3099641.533 234286.308)	24	1199	0	174	false	1759	None
LINESTRING (3099641.533 234286.308, 3099646.806 234271.802)	24	1199	0	175	false	1759	None
LINESTRING (3099646.806 234271.802, 3099648.551 234267.001)	24	1199	0	176	false	1759	None
LINESTRING (3099648.551 234267.001, 3099652.164 234257.328)	24	1199	0	177	false	1759	None
LINESTRING (3099652.164 234257.328, 3099654.829 234250.383)	24	1199	0	178	false	1759	None
LINESTRING (3099654.829 234250.383, 3099658.579 234241.119)	24	1199	0	179	false	1759	None
LINESTRING (3099658.579 234241.119, 3099689.221 234163.806)	24	1199	0	180	false	1759	None
LINESTRING (3099689.221 234163.806, 3099699.38 234138.093)	24	1199	0	181	false	1759	None
LINESTRING (3099699.38 234138.093, 3099710.142 234111.066)	24	1199	0	182	false	1759	None
LINESTRING (3099710.142 234111.066, 3099742.255 234029.918)	24	1199	0	183	false	1759	None
LINESTRING (3099742.255 234029.918, 3099752.892 234002.961)	24	1199	0	184	false	1759	None
LINESTRING (3099752.892 234002.961, 3099767.488 233966.703)	24	1199	0	185	false	1759	None
LINESTRING (3099767.488 233966.703, 3099811.107 233857.861)	24	1199	0	186	false	1759	None
LINESTRING (3099811.107 233857.861, 3099825.619 233821.57)	24	1199	0	187	false	1759	None
LINESTRING (3099825.619 233821.57, 3099832.073 233805.257)	24	1199	0	188	false	1759	None
LINESTRING (3099832.073 233805.257, 3099835.062 233797.723)	24	1199	0	189	false	1759	None
LINESTRING (3099835.062 233797.723, 3099842.715 233778.541)	24	1199	0	190	false	1759	None
LINESTRING (3099842.715 233778.541, 3099893.835 233649.388)	24	1199	0	191	false	1759	None
LINESTRING (3099893.835 233649.388, 3099910.846 233606.327)	24	1199	0	192	false	1759	None
LINESTRING (3099910.846 233606.327, 3099912.801 233601.488)	24	1199	0	193	false	1759	None
LINESTRING (3099912.801 233601.488, 3099918.499 233587.145)	24	1199	0	194	false	1759	None
LINESTRING (3099918.499 233587.145, 3099920.329 233582.376)	24	1199	0	195	false	1759	None
LINESTRING (3099920.329 233582.376, 3099941.727 233528.392)	24	1199	0	196	false	1759	None
LINESTRING (3099941.727 233528.392, 3100005.835 233366.408)	24	1199	0	197	false	1759	None
LINESTRING (3100005.835 233366.408, 3100027.147 233312.392)	24	1199	0	198	false	1759	None
LINESTRING (3100027.147 233312.392, 3100039.028 233282.702)	24	1199	0	199	false	1759	None
LINESTRING (3100039.028 233282.702, 3100074.59 233193.84)	24	1199	0	200	false	1759	None
LINESTRING (3100074.59 233193.84, 3100086.431 233164.254)	24	1199	0	201	false	1759	None
LINESTRING (3100086.431 233164.254, 3100102.386 233122.927)	24	1199	0	202	false	1759	None
LINESTRING (3100102.386 233122.927, 3100150.13 232999.259)	24	1199	0	203	false	1759	None
LINESTRING (3100150.13 232999.259, 3100156.613 232982.363)	24	1199	0	204	false	1759	None
LINESTRING (3100156.613 232982.363, 3100166.175 232958.205)	24	1199	0	205	false	1759	None
LINESTRING (3100166.175 232958.205, 3100168.05 232953.574)	24	1199	0	206	false	1759	None
LINESTRING (3100168.05 232953.574, 3100173.386 232939.924)	24	1199	0	207	false	1759	None
LINESTRING (3100173.386 232939.924, 3100175.136 232935.363)	24	1199	0	208	false	1759	None
LINESTRING (3100175.136 232935.363, 3100176.17 232932.668)	24	1199	0	209	false	1759	None
LINESTRING (3100176.17 232932.668, 3100179.147 232924.653)	24	1199	0	210	false	1759	None
LINESTRING (3100179.147 232924.653, 3100180.056 232922.029)	24	1199	0	211	false	1759	None
LINESTRING (3100180.056 232922.029, 3100197.42 232877.795)	24	1199	0	212	false	1759	S:3100191.709201248 232892.343
LINESTRING (3103761.815 233812.342, 3103758.477 233832.23)	24	1199	0	1308	false	1759	E:3103759.05 233828.81603235553
LINESTRING (3103758.477 233832.23, 3103758.258 233839.163)	24	1199	0	1309	false	1759	None
LINESTRING (3103758.258 233839.163, 3103760.091 233870.791)	24	1199	0	1310	false	1759	E:3103759.05 233852.8287806849
LINESTRING (3103759.76 233874.707, 3103758.753 233878.602)	24	1199	0	1312	false	1759	E:3103759.05 233877.45322641564
LINESTRING (3103758.753 233878.602, 3103757.795 233886.441)	24	1199	0	1313	false	1759	None
LINESTRING (3103757.795 233886.441, 3103756.201 233894.154)	24	1199	0	1314	false	1759	None
LINESTRING (3103756.201 233894.154, 3103751.569 233909.263)	24	1199	0	1315	false	1759	None
LINESTRING (3103751.569 233909.263, 3103747.629 233928.682)	24	1199	0	1316	false	1759	None
LINESTRING (3103747.629 233928.682, 3103745.704 233940.312)	24	1199	0	1317	false	1759	None
LINESTRING (3103745.704 233940.312, 3103744.67 233952.165)	24	1199	0	1318	false	1759	None
LINESTRING (3103744.67 233952.165, 3103745.951 233960.032)	24	1199	0	1319	false	1759	None
LINESTRING (3103745.951 233960.032, 3103747.947 233967.816)	24	1199	0	1320	false	1759	None
LINESTRING (3103747.947 233967.816, 3103759.766 233993.051)	24	1199	0	1321	false	1759	E:3103759.05 233991.52225306703
LINESTRING (3103836.557 235918.575, 3103744.773 235881.877)	24	1199	0	1753	false	1759	E:3103759.05 235887.58537342012
LINESTRING (3103744.773 235881.877, 3103740.173 235880.109)	24	1199	0	1754	false	1759	None
LINESTRING (3103740.173 235880.109, 3103673.23 235855.098)	24	1199	0	1755	false	1759	None
LINESTRING (3103673.23 235855.098, 3103628.145 235840.628)	24	1199	0	1756	false	1759	None
LINESTRING (3103628.145 235840.628, 3103597.808 235834.085)	24	1199	0	1757	false	1759	None
LINESTRING (3103597.808 235834.085, 3103459.257 235823.428)	24	1199	0	1758	false	1759	None
LINESTRING (3103459.257 235823.428, 3103414.132 235820.005)	24	1199	0	1759	false	1759	None
LINESTRING (3103759.766 233993.051, 3103747.947 233967.816)	24	1202	0	114	false	1697	E:3103759.05 233991.52225306703
LINESTRING (3103747.947 233967.816, 3103745.951 233960.032)	24	1202	0	115	false	1697	None
LINESTRING (3103745.951 233960.032, 3103744.67 233952.165)	24	1202	0	116	false	1697	None
LINESTRING (3103744.67 233952.165, 3103745.704 233940.312)	24	1202	0	117	false	1697	None
LINESTRING (3103745.704 233940.312, 3103747.629 233928.682)	24	1202	0	118	false	1697	None
LINESTRING (3103747.629 233928.682, 3103751.569 233909.263)	24	1202	0	119	false	1697	None
LINESTRING (3103751.569 233909.263, 3103756.201 233894.154)	24	1202	0	120	false	1697	None
LINESTRING (3103756.201 233894.154, 3103757.795 233886.441)	24	1202	0	121	false	1697	None
LINESTRING (3103757.795 233886.441, 3103758.753 233878.602)	24	1202	0	122	false	1697	None
LINESTRING (3103758.753 233878.602, 3103759.76 233874.707)	24	1202	0	123	false	1697	E:3103759.05 233877.45322641564
LINESTRING (3103760.091 233870.791, 3103758.258 233839.163)	24	1202	0	125	false	1697	E:3103759.05 233852.8287806849
LINESTRING (3103758.258 233839.163, 3103758.477 233832.23)	24	1202	0	126	false	1697	None
LINESTRING (3103758.477 233832.23, 3103761.815 233812.342)	24	1202	0	127	false	1697	E:3103759.05 233828.81603235553
