LINESTRING (3133698.361 224990.125, 3133706.689 224987.876)	52	1620	0	170	false	272	W:3133703.884 224988.6334981988
LINESTRING (3133706.689 224987.876, 3133731.554 224981.438)	52	1620	0	171	false	272	None
LINESTRING (3133731.554 224981.438, 3133739.842 224979.292)	52	1620	0	172	false	272	None
LINESTRING (3133739.842 224979.292, 3133747.457 224977.362)	52	1620	0	173	false	272	None
LINESTRING (3133747.457 224977.362, 3133770.049 224971.472)	52	1620	0	174	false	272	None
LINESTRING (3133770.049 224971.472, 3133777.579 224969.509)	52	1620	0	175	false	272	None
LINESTRING (3133777.579 224969.509, 3133790.578 224966.093)	52	1620	0	176	false	272	None
LINESTRING (3133790.578 224966.093, 3133805.429 224962.204)	52	1620	0	177	false	272	None
LINESTRING (3133805.429 224962.204, 3133829.417 224962.332)	52	1620	0	178	false	272	None
LINESTRING (3133829.417 224962.332, 3133842.322 224962.452)	52	1620	0	179	false	272	None
LINESTRING (3133842.322 224962.452, 3133869.186 224964.527)	52	1620	0	180	false	272	None
LINESTRING (3133869.186 224964.527, 3133949.737 224970.859)	52	1620	0	181	false	272	None
LINESTRING (3133949.737 224970.859, 3133976.476 224973.005)	52	1620	0	182	false	272	None
LINESTRING (3133976.476 224973.005, 3133987.675 224974.488)	52	1620	0	183	false	272	None
LINESTRING (3133987.675 224974.488, 3134021.102 224978.869)	52	1620	0	184	false	272	None
LINESTRING (3134021.102 224978.869, 3134032.176 224980.422)	52	1620	0	185	false	272	None
LINESTRING (3134032.176 224980.422, 3134041.68 224981.724)	52	1620	0	186	false	272	None
LINESTRING (3134041.68 224981.724, 3134070.104 224985.596)	52	1620	0	187	false	272	None
LINESTRING (3134070.104 224985.596, 3134079.523 224986.864)	52	1620	0	188	false	272	None
LINESTRING (3134079.523 224986.864, 3134100.306 224989.442)	52	1620	0	189	false	272	None
LINESTRING (3134100.306 224989.442, 3134162.534 224997.484)	52	1620	0	190	false	272	None
LINESTRING (3134162.534 224997.484, 3134183.192 225000.132)	52	1620	0	191	false	272	None
LINESTRING (3134183.192 225000.132, 3134194.727 225001.507)	52	1620	0	192	false	272	None
LINESTRING (3134194.727 225001.507, 3134229.123 225005.669)	52	1620	0	193	false	272	None
LINESTRING (3134229.123 225005.669, 3134240.533 225007.115)	52	1620	0	194	false	272	None
LINESTRING (3134240.533 225007.115, 3134257.623 225009.095)	52	1620	0	195	false	272	None
LINESTRING (3134257.623 225009.095, 3134308.773 225015.345)	52	1620	0	196	false	272	None
LINESTRING (3134308.773 225015.345, 3134325.737 225017.396)	52	1620	0	197	false	272	None
LINESTRING (3134325.737 225017.396, 3134426.331 225029.237)	52	1620	0	198	false	272	None
LINESTRING (3134426.331 225029.237, 3134526.67 225049.076)	52	1620	0	199	false	272	N:3134514.126992792 225046.596
LINESTRING (3137214.708 223007.976, 3137238.408 223010.142)	52	1622	0	0	false	969	None
LINESTRING (3137238.408 223010.142, 3137238.875 223010.204)	52	1622	0	1	false	969	None
LINESTRING (3137238.875 223010.204, 3137265.816 223005.531)	52	1622	0	2	false	969	None
LINESTRING (3137265.816 223005.531, 3137283.601 222994.093)	52	1622	0	3	false	969	None
LINESTRING (3137283.601 222994.093, 3137296.75 222985.5)	52	1622	0	4	false	969	None
LINESTRING (3137296.75 222985.5, 3137302.921 222975.154)	52	1622	0	5	false	969	None
LINESTRING (3137302.921 222975.154, 3137303.493 222974.186)	52	1622	0	6	false	969	None
LINESTRING (3137303.493 222974.186, 3137317.794 222949.966)	52	1622	0	7	false	969	None
LINESTRING (3137317.794 222949.966, 3137319.719 222932.854)	52	1622	0	8	false	969	None
LINESTRING (3137319.719 222932.854, 3137314.125 222914.373)	52	1622	0	9	false	969	None
LINESTRING (3137314.125 222914.373, 3137309.495 222899.481)	52	1622	0	10	false	969	None
LINESTRING (3137309.495 222899.481, 3137300.234 222857.552)	52	1622	0	11	false	969	None
LINESTRING (3137300.234 222857.552, 3137288.056 222811.754)	52	1622	0	12	false	969	None
LINESTRING (3137288.056 222811.754, 3137287.609 222810.628)	52	1622	0	13	false	969	None
LINESTRING (3137287.609 222810.628, 3137272.612 222779.69)	52	1622	0	14	false	969	None
LINESTRING (3137272.612 222779.69, 3137262.33 222763.678)	52	1622	0	15	false	969	None
LINESTRING (3137262.33 222763.678, 3137247.346 222749.414)	52	1622	0	16	false	969	None
LINESTRING (3137247.346 222749.414, 3137233.27 222736.098)	52	1622	0	17	false	969	None
LINESTRING (3137233.27 222736.098, 3137199.765 222718.461)	52	1622	0	18	false	969	None
LINESTRING (3137199.765 222718.461, 3137170 222707.633)	52	1622	0	19	false	969	None
LINESTRING (3137170 222707.633, 3137144.613 222701.717)	52	1622	0	20	false	969	None
LINESTRING (3137144.613 222701.717, 3137129.901 222698.394)	52	1622	0	21	false	969	None
LINESTRING (3137129.901 222698.394, 3137106.287 222698.285)	52	1622	0	22	false	969	None
LINESTRING (3137106.287 222698.285, 3137094.377 222701.406)	52	1622	0	23	false	969	None
LINESTRING (3137094.377 222701.406, 3137058.272 222710.979)	52	1622	0	24	false	969	None
LINESTRING (3137058.272 222710.979, 3137046.197 222714.273)	52	1622	0	25	false	969	None
LINESTRING (3137046.197 222714.273, 3137030.93 222718.711)	52	1622	0	26	false	969	None
LINESTRING (3137030.93 222718.711, 3136984.873 222731.926)	52	1622	0	27	false	969	None
LINESTRING (3136984.873 222731.926, 3136970.404 222736.078)	52	1622	0	28	false	969	None
LINESTRING (3136970.404 222736.078, 3136969.435 222736.298)	52	1622	0	29	false	969	None
LINESTRING (3136969.435 222736.298, 3136932.261 222745.338)	52	1622	0	30	false	969	None
LINESTRING (3136932.261 222745.338, 3136926.831 222746.685)	52	1622	0	31	false	969	None
LINESTRING (3136926.831 222746.685, 3136887.891 222756.231)	52	1622	0	32	false	969	None
LINESTRING (3136887.891 222756.231, 3136838.491 222767.436)	52	1622	0	33	false	969	None
LINESTRING (3136838.491 222767.436, 3136798.776 222768.348)	52	1622	0	34	false	969	None
LINESTRING (3136798.776 222768.348, 3136791.122 222768.595)	52	1622	0	35	false	969	None
LINESTRING (3136791.122 222768.595, 3136757.193 222762.94)	52	1622	0	36	false	969	None
LINESTRING (3136757.193 222762.94, 3136744.625 222760.924)	52	1622	0	37	false	969	None
LINESTRING (3136744.625 222760.924, 3136728.392 222751.653)	52	1622	0	38	false	969	None
LINESTRING (3136728.392 222751.653, 3136699.439 222735.189)	52	1622	0	39	false	969	None
LINESTRING (3136699.439 222735.189, 3136648.7 222700.991)	52	1622	0	40	false	969	None
LINESTRING (3136648.7 222700.991, 3136622.431 222683.425)	52	1622	0	41	false	969	None
LINESTRING (3136622.431 222683.425, 3136611.107 222676.177)	52	1622	0	42	false	969	None
LINESTRING (3136611.107 222676.177, 3136599.015 222668.631)	52	1622	0	43	false	969	None
LINESTRING (3136599.015 222668.631, 3136576.075 222656.404)	52	1622	0	44	false	969	None
LINESTRING (3136576.075 222656.404, 3136564.138 222650.228)	52	1622	0	45	false	969	None
LINESTRING (3136564.138 222650.228, 3136556.047 222645.781)	52	1622	0	46	false	969	None
LINESTRING (3136556.047 222645.781, 3136531.526 222632.822)	52	1622	0	47	false	969	None
LINESTRING (3136531.526 222632.822, 3136523.269 222628.549)	52	1622	0	48	false	969	None
LINESTRING (3136523.269 222628.549, 3136500.761 222618.751)	52	1622	0	49	false	969	None
LINESTRING (3136500.761 222618.751, 3136432.993 222589.74)	52	1622	0	50	false	969	None
LINESTRING (3136432.993 222589.74, 3136410.32 222580.116)	52	1622	0	51	false	969	None
LINESTRING (3136410.32 222580.116, 3136403.984 222594.685)	52	1622	0	52	false	969	None
LINESTRING (3136403.984 222594.685, 3136393.32 222618.648)	52	1622	0	53	false	969	None
LINESTRING (3136393.32 222618.648, 3136379.823 222634.726)	52	1622	0	54	false	969	None
LINESTRING (3136379.823 222634.726, 3136369.708 222646.639)	52	1622	0	55	false	969	None
LINESTRING (3136369.708 222646.639, 3136342.617 222670.186)	52	1622	0	56	false	969	None
LINESTRING (3136342.617 222670.186, 3136338.477 222672.51)	52	1622	0	57	false	969	None
LINESTRING (3136338.477 222672.51, 3136235.881 222731.314)	52	1622	0	58	false	969	None
LINESTRING (3136235.881 222731.314, 3136201.683 222750.915)	52	1622	0	59	false	969	None
LINESTRING (3136201.683 222750.915, 3136187.893 222759.142)	52	1622	0	60	false	969	None
LINESTRING (3136187.893 222759.142, 3136137.77 222798.048)	52	1622	0	61	false	969	None
LINESTRING (3136137.77 222798.048, 3136105.602 222827.604)	52	1622	0	62	false	969	None
LINESTRING (3136105.602 222827.604, 3136093.982 222838.338)	52	1622	0	63	false	969	None
LINESTRING (3136093.982 222838.338, 3136061.669 222871.053)	52	1622	0	64	false	969	None
LINESTRING (3136061.669 222871.053, 3136052.824 222880.958)	52	1622	0	65	false	969	None
LINESTRING (3136052.824 222880.958, 3136042.425 222899.428)	52	1622	0	66	false	969	None
LINESTRING (3136042.425 222899.428, 3136018.133 222953.229)	52	1622	0	67	false	969	None
LINESTRING (3136018.133 222953.229, 3136009.745 222964.74)	52	1622	0	68	false	969	None
LINESTRING (3136009.745 222964.74, 3135981.06 222988.861)	52	1622	0	69	false	969	None
LINESTRING (3135981.06 222988.861, 3135949.747 223002.795)	52	1622	0	70	false	969	None
LINESTRING (3135949.747 223002.795, 3135932.137 223006.445)	52	1622	0	71	false	969	None
LINESTRING (3135932.137 223006.445, 3135898.829 223010.082)	52	1622	0	72	false	969	None
LINESTRING (3135898.829 223010.082, 3135851.525 223018.176)	52	1622	0	73	false	969	None
LINESTRING (3135851.525 223018.176, 3135830.055 223019.378)	52	1622	0	74	false	969	None
LINESTRING (3135830.055 223019.378, 3135825.744 223019.611)	52	1622	0	75	false	969	None
LINESTRING (3135825.744 223019.611, 3135782.1 223030.671)	52	1622	0	76	false	969	None
LINESTRING (3135782.1 223030.671, 3135758.199 223038.907)	52	1622	0	77	false	969	None
LINESTRING (3135758.199 223038.907, 3135721.669 223058.201)	52	1622	0	78	false	969	None
LINESTRING (3135721.669 223058.201, 3135697.212 223074.199)	52	1622	0	79	false	969	None
LINESTRING (3135697.212 223074.199, 3135694.292 223076.162)	52	1622	0	80	false	969	None
LINESTRING (3135694.292 223076.162, 3135642.202 223105.974)	52	1622	0	81	false	969	None
LINESTRING (3135642.202 223105.974, 3135621.614 223116.804)	52	1622	0	82	false	969	None
LINESTRING (3135621.614 223116.804, 3135596.043 223130.108)	52	1622	0	83	false	969	None
LINESTRING (3135596.043 223130.108, 3135583.198 223138.939)	52	1622	0	84	false	969	None
LINESTRING (3135583.198 223138.939, 3135568.265 223147.08)	52	1622	0	85	false	969	None
LINESTRING (3135568.265 223147.08, 3135496.414 223178.757)	52	1622	0	86	false	969	None
LINESTRING (3135496.414 223178.757, 3135471.366 223192.74)	52	1622	0	87	false	969	None
LINESTRING (3135471.366 223192.74, 3135372.962 223241.27)	52	1622	0	88	false	969	None
LINESTRING (3135372.962 223241.27, 3135313.821 223279.659)	52	1622	0	89	false	969	None
LINESTRING (3135313.821 223279.659, 3135259.219 223306.594)	52	1622	0	90	false	969	None
LINESTRING (3135259.219 223306.594, 3135230.529 223324.404)	52	1622	0	91	false	969	None
LINESTRING (3135230.529 223324.404, 3135212.447 223337.634)	52	1622	0	92	false	969	None
LINESTRING (3135212.447 223337.634, 3135174.935 223356.431)	52	1622	0	93	false	969	None
LINESTRING (3135174.935 223356.431, 3135170.78 223358.035)	52	1622	0	94	false	969	None
LINESTRING (3135170.78 223358.035, 3135116.724 223378.752)	52	1622	0	95	false	969	None
LINESTRING (3135116.724 223378.752, 3135101.655 223384.46)	52	1622	0	96	false	969	None
LINESTRING (3135101.655 223384.46, 3135101.404 223384.601)	52	1622	0	97	false	969	None
LINESTRING (3135101.404 223384.601, 3135056.134 223400.629)	52	1622	0	98	false	969	None
LINESTRING (3135056.134 223400.629, 3135040.89 223406.031)	52	1622	0	99	false	969	None
LINESTRING (3135040.89 223406.031, 3135031.19 223409.534)	52	1622	0	100	false	969	None
LINESTRING (3135031.19 223409.534, 3135026.318 223411.217)	52	1622	0	101	false	969	None
LINESTRING (3135026.318 223411.217, 3135001.786 223419.567)	52	1622	0	102	false	969	None
LINESTRING (3135001.786 223419.567, 3134991.916 223423.004)	52	1622	0	103	false	969	None
LINESTRING (3134991.916 223423.004, 3134983.978 223425.762)	52	1622	0	104	false	969	None
LINESTRING (3134983.978 223425.762, 3134982.297 223426.301)	52	1622	0	105	false	969	None
LINESTRING (3134982.297 223426.301, 3134959.943 223433.59)	52	1622	0	106	false	969	None
LINESTRING (3134959.943 223433.59, 3134951.874 223436.178)	52	1622	0	107	false	969	None
LINESTRING (3134951.874 223436.178, 3134933.892 223448.138)	52	1622	0	108	false	969	None
LINESTRING (3134933.892 223448.138, 3134909.694 223464.237)	52	1622	0	109	false	969	None
LINESTRING (3134909.694 223464.237, 3134894.471 223470.6)	52	1622	0	110	false	969	None
LINESTRING (3134894.471 223470.6, 3134878.335 223479.823)	52	1622	0	111	false	969	None
LINESTRING (3134878.335 223479.823, 3134859.736 223490.592)	52	1622	0	112	false	969	None
LINESTRING (3134859.736 223490.592, 3134850.875 223495.73)	52	1622	0	113	false	969	None
LINESTRING (3134850.875 223495.73, 3134837.625 223503.333)	52	1622	0	114	false	969	None
LINESTRING (3134837.625 223503.333, 3134689.846 223587.378)	52	1622	0	115	false	969	None
LINESTRING (3134689.846 223587.378, 3134680.774 223592.553)	52	1622	0	116	false	969	None
LINESTRING (3134680.774 223592.553, 3134674.754 223595.934)	52	1622	0	117	false	969	None
LINESTRING (3134674.754 223595.934, 3134654.43 223611.154)	52	1622	0	118	false	969	None
LINESTRING (3134654.43 223611.154, 3134645.726 223617.662)	52	1622	0	119	false	969	None
LINESTRING (3134645.726 223617.662, 3134631.859 223628.122)	52	1622	0	120	false	969	None
LINESTRING (3134631.859 223628.122, 3134623.572 223636.34)	52	1622	0	121	false	969	None
LINESTRING (3134623.572 223636.34, 3134594.527 223665.204)	52	1622	0	122	false	969	None
LINESTRING (3134594.527 223665.204, 3134565.655 223704.256)	52	1622	0	123	false	969	None
LINESTRING (3134565.655 223704.256, 3134559.566 223712.372)	52	1622	0	124	false	969	None
LINESTRING (3134559.566 223712.372, 3134546.69 223727.621)	52	1622	0	125	false	969	None
LINESTRING (3134546.69 223727.621, 3134542.714 223737.628)	52	1622	0	126	false	969	None
LINESTRING (3134542.714 223737.628, 3134541.244 223740.154)	52	1622	0	127	false	969	None
LINESTRING (3134541.244 223740.154, 3134529.102 223760.092)	52	1622	0	128	false	969	None
LINESTRING (3134529.102 223760.092, 3134520.632 223775.62)	52	1622	0	129	false	969	None
LINESTRING (3134520.632 223775.62, 3134513.992 223787.69)	52	1622	0	130	false	969	None
LINESTRING (3134513.992 223787.69, 3134486.232 223833.244)	52	1622	0	131	false	969	None
LINESTRING (3134486.232 223833.244, 3134466.196 223865.956)	52	1622	0	132	false	969	None
LINESTRING (3134466.196 223865.956, 3134439.415 223909.746)	52	1622	0	133	false	969	None
LINESTRING (3134439.415 223909.746, 3134412.419 223943.453)	52	1622	0	134	false	969	None
LINESTRING (3134412.419 223943.453, 3134394.642 223962.993)	52	1622	0	135	false	969	None
LINESTRING (3134394.642 223962.993, 3134377.938 223981.283)	52	1622	0	136	false	969	None
LINESTRING (3134377.938 223981.283, 3134358.851 224000.911)	52	1622	0	137	false	969	None
LINESTRING (3134358.851 224000.911, 3134353.675 224006.167)	52	1622	0	138	false	969	None
LINESTRING (3134353.675 224006.167, 3134338.024 224022.246)	52	1622	0	139	false	969	None
LINESTRING (3134338.024 224022.246, 3134332.807 224027.605)	52	1622	0	140	false	969	None
LINESTRING (3134332.807 224027.605, 3134288.352 224010.141)	52	1622	0	141	false	969	None
LINESTRING (3134288.352 224010.141, 3134154.862 223957.821)	52	1622	0	142	false	969	None
LINESTRING (3134154.862 223957.821, 3134110.282 223940.429)	52	1622	0	143	false	969	None
LINESTRING (3134110.282 223940.429, 3134101.593 223961.586)	52	1622	0	144	false	969	None
LINESTRING (3134101.593 223961.586, 3134075.192 224025.167)	52	1622	0	145	false	969	None
LINESTRING (3134075.192 224025.167, 3134066.378 224046.395)	52	1622	0	146	false	969	None
LINESTRING (3134066.378 224046.395, 3134063.164 224054.435)	52	1622	0	147	false	969	None
LINESTRING (3134063.164 224054.435, 3134053.443 224078.764)	52	1622	0	148	false	969	None
LINESTRING (3134053.443 224078.764, 3134050.104 224086.876)	52	1622	0	149	false	969	None
LINESTRING (3134050.104 224086.876, 3134043.352 224105.569)	52	1622	0	150	false	969	None
LINESTRING (3134043.352 224105.569, 3134022.718 224161.86)	52	1622	0	151	false	969	None
LINESTRING (3134022.718 224161.86, 3134015.755 224180.591)	52	1622	0	152	false	969	None
LINESTRING (3134015.755 224180.591, 3133990.879 224228.334)	52	1622	0	153	false	969	None
LINESTRING (3133990.879 224228.334, 3133990.488 224229.849)	52	1622	0	154	false	969	None
LINESTRING (3133990.488 224229.849, 3133989.287 224239.027)	52	1622	0	155	false	969	None
LINESTRING (3133989.287 224239.027, 3133968.702 224233.908)	52	1622	0	156	false	969	None
LINESTRING (3133968.702 224233.908, 3133961.516 224232.195)	52	1622	0	157	false	969	None
LINESTRING (3133961.516 224232.195, 3133906.432 224220.138)	52	1622	0	158	false	969	None
LINESTRING (3133906.432 224220.138, 3133897.72 224218.311)	52	1622	0	159	false	969	None
LINESTRING (3133897.72 224218.311, 3133885.601 224215.401)	52	1622	0	160	false	969	None
LINESTRING (3133885.601 224215.401, 3133848.863 224206.643)	52	1622	0	161	false	969	None
LINESTRING (3133848.863 224206.643, 3133745.754 224182.29)	52	1622	0	162	false	969	None
LINESTRING (3133745.754 224182.29, 3133738.553 224179.857)	52	1622	0	163	false	969	None
LINESTRING (3133738.553 224179.857, 3133702.676 224167.862)	52	1622	0	164	false	969	W:3133703.884 224168.2658788082
LINESTRING (3138004.389 224435.152, 3137968.034 224473.199)	52	1622	0	857	false	969	E:3137981.717 224458.87917876474
LINESTRING (3137968.034 224473.199, 3137938.108 224505.048)	52	1622	0	858	false	969	None
LINESTRING (3137938.108 224505.048, 3137915.961 224528.486)	52	1622	0	859	false	969	None
LINESTRING (3137915.961 224528.486, 3137903.847 224535.93)	52	1622	0	860	false	969	None
LINESTRING (3137903.847 224535.93, 3137867.383 224558.576)	52	1622	0	861	false	969	None
LINESTRING (3137867.383 224558.576, 3137855.143 224566.091)	52	1622	0	862	false	969	None
LINESTRING (3137855.143 224566.091, 3137830.066 224580.89)	52	1622	0	863	false	969	None
LINESTRING (3137830.066 224580.89, 3137754.795 224625.392)	52	1622	0	864	false	969	None
LINESTRING (3137754.795 224625.392, 3137729.593 224640.261)	52	1622	0	865	false	969	None
LINESTRING (3137729.593 224640.261, 3137607.257 224700.082)	52	1622	0	866	false	969	None
LINESTRING (3137607.257 224700.082, 3137562.434 224729.606)	52	1622	0	867	false	969	None
LINESTRING (3137562.434 224729.606, 3137551.208 224737.038)	52	1622	0	868	false	969	None
LINESTRING (3137551.208 224737.038, 3137544.99 224741.175)	52	1622	0	869	false	969	None
LINESTRING (3137544.99 224741.175, 3137526.252 224753.552)	52	1622	0	870	false	969	None
LINESTRING (3137526.252 224753.552, 3137519.949 224757.656)	52	1622	0	871	false	969	None
LINESTRING (3137519.949 224757.656, 3137519.744 224757.933)	52	1622	0	872	false	969	None
LINESTRING (3137519.744 224757.933, 3137518.87 224758.666)	52	1622	0	873	false	969	None
LINESTRING (3137518.87 224758.666, 3137518.539 224759.014)	52	1622	0	874	false	969	None
LINESTRING (3137518.539 224759.014, 3137464.739 224810.417)	52	1622	0	875	false	969	None
LINESTRING (3137464.739 224810.417, 3137453.372 224821.248)	52	1622	0	876	false	969	None
LINESTRING (3137453.372 224821.248, 3137432.949 224807.61)	52	1622	0	877	false	969	None
LINESTRING (3137432.949 224807.61, 3137432.869 224805.793)	52	1622	0	878	false	969	None
LINESTRING (3137432.869 224805.793, 3137405.043 224818.574)	52	1622	0	879	false	969	None
LINESTRING (3137405.043 224818.574, 3137292.517 224865.772)	52	1622	0	880	false	969	None
LINESTRING (3137292.517 224865.772, 3137282.285 224878.234)	52	1622	0	881	false	969	None
LINESTRING (3137282.285 224878.234, 3137249.09 224891.195)	52	1622	0	882	false	969	None
LINESTRING (3137249.09 224891.195, 3137177.197 224910.815)	52	1622	0	883	false	969	None
LINESTRING (3137177.197 224910.815, 3137088.393 224935.068)	52	1622	0	884	false	969	None
LINESTRING (3137088.393 224935.068, 3137064.015 224936.686)	52	1622	0	885	false	969	None
LINESTRING (3137064.015 224936.686, 3137029.757 224933.161)	52	1622	0	886	false	969	None
LINESTRING (3137029.757 224933.161, 3136967.178 224926.748)	52	1622	0	887	false	969	None
LINESTRING (3136967.178 224926.748, 3136928.223 224917.116)	52	1622	0	888	false	969	None
LINESTRING (3136928.223 224917.116, 3136923.08 224915.955)	52	1622	0	889	false	969	None
LINESTRING (3136923.08 224915.955, 3136895.646 224906.981)	52	1622	0	890	false	969	None
LINESTRING (3136895.646 224906.981, 3136883.829 224904.303)	52	1622	0	891	false	969	None
LINESTRING (3136883.829 224904.303, 3136874.48 224902.344)	52	1622	0	892	false	969	None
LINESTRING (3136874.48 224902.344, 3136856.385 224898.898)	52	1622	0	893	false	969	None
LINESTRING (3136856.385 224898.898, 3136848.201 224895.961)	52	1622	0	894	false	969	None
LINESTRING (3136848.201 224895.961, 3136836.735 224891.872)	52	1622	0	895	false	969	None
LINESTRING (3136836.735 224891.872, 3136823.698 224889.554)	52	1622	0	896	false	969	None
LINESTRING (3136823.698 224889.554, 3136784.587 224882.6)	52	1622	0	897	false	969	None
LINESTRING (3136784.587 224882.6, 3136771.551 224880.283)	52	1622	0	898	false	969	None
LINESTRING (3136771.551 224880.283, 3136763.1 224878.791)	52	1622	0	899	false	969	None
LINESTRING (3136763.1 224878.791, 3136737.579 224874.251)	52	1622	0	900	false	969	None
LINESTRING (3136737.579 224874.251, 3136729.043 224872.726)	52	1622	0	901	false	969	None
LINESTRING (3136729.043 224872.726, 3136725.902 224872.223)	52	1622	0	902	false	969	None
LINESTRING (3136725.902 224872.223, 3136716.478 224870.711)	52	1622	0	903	false	969	None
LINESTRING (3136716.478 224870.711, 3136713.211 224870.277)	52	1622	0	904	false	969	None
LINESTRING (3136713.211 224870.277, 3136703.702 224868.733)	52	1622	0	905	false	969	None
LINESTRING (3136703.702 224868.733, 3136674.884 224864.343)	52	1622	0	906	false	969	None
LINESTRING (3136674.884 224864.343, 3136665.249 224862.868)	52	1622	0	907	false	969	None
LINESTRING (3136665.249 224862.868, 3136632.306 224859.498)	52	1622	0	908	false	969	None
LINESTRING (3136632.306 224859.498, 3136533.101 224849.6)	52	1622	0	909	false	969	None
LINESTRING (3136533.101 224849.6, 3136500.032 224846.301)	52	1622	0	910	false	969	None
LINESTRING (3136500.032 224846.301, 3136495.747 224845.71)	52	1622	0	911	false	969	None
LINESTRING (3136495.747 224845.71, 3136482.81 224844.146)	52	1622	0	912	false	969	None
LINESTRING (3136482.81 224844.146, 3136478.485 224843.66)	52	1622	0	913	false	969	None
LINESTRING (3136478.485 224843.66, 3136456.035 224846.383)	52	1622	0	914	false	969	None
LINESTRING (3136456.035 224846.383, 3136442.035 224850.598)	52	1622	0	915	false	969	None
LINESTRING (3136442.035 224850.598, 3136434.93 224852.724)	52	1622	0	916	false	969	None
LINESTRING (3136434.93 224852.724, 3136407.021 224865.476)	52	1622	0	917	false	969	None
LINESTRING (3136407.021 224865.476, 3136361.782 224893.057)	52	1622	0	918	false	969	None
LINESTRING (3136361.782 224893.057, 3136337.802 224905.546)	52	1622	0	919	false	969	None
LINESTRING (3136337.802 224905.546, 3136302.859 224923.785)	52	1622	0	920	false	969	None
LINESTRING (3136302.859 224923.785, 3136329.804 224851.01)	52	1622	0	921	false	969	None
LINESTRING (3136329.804 224851.01, 3136410.218 224632.76)	52	1622	0	922	false	969	None
LINESTRING (3136410.218 224632.76, 3136436.952 224560.022)	52	1622	0	923	false	969	None
LINESTRING (3136436.952 224560.022, 3136443.319 224542.846)	52	1622	0	924	false	969	None
LINESTRING (3136443.319 224542.846, 3136462.121 224491.321)	52	1622	0	925	false	969	None
LINESTRING (3136462.121 224491.321, 3136468.362 224474.215)	52	1622	0	926	false	969	None
LINESTRING (3136468.362 224474.215, 3136474.959 224457.962)	52	1622	0	927	false	969	None
LINESTRING (3136474.959 224457.962, 3136494.495 224409.103)	52	1622	0	928	false	969	None
LINESTRING (3136494.495 224409.103, 3136500.967 224392.92)	52	1622	0	929	false	969	None
LINESTRING (3136500.967 224392.92, 3136515.3 224356.211)	52	1622	0	930	false	969	None
LINESTRING (3136515.3 224356.211, 3136558.299 224246.086)	52	1622	0	931	false	969	None
LINESTRING (3136558.299 224246.086, 3136572.507 224209.448)	52	1622	0	932	false	969	None
LINESTRING (3136572.507 224209.448, 3136583.549 224181.226)	52	1622	0	933	false	969	None
LINESTRING (3136583.549 224181.226, 3136616.509 224096.735)	52	1622	0	934	false	969	None
LINESTRING (3136616.509 224096.735, 3136627.425 224068.584)	52	1622	0	935	false	969	None
LINESTRING (3136627.425 224068.584, 3136634.855 224049.677)	52	1622	0	936	false	969	None
LINESTRING (3136634.855 224049.677, 3136656.939 223993.234)	52	1622	0	937	false	969	None
LINESTRING (3136656.939 223993.234, 3136664.244 223974.397)	52	1622	0	938	false	969	None
LINESTRING (3136664.244 223974.397, 3136670.354 223959.146)	52	1622	0	939	false	969	None
LINESTRING (3136670.354 223959.146, 3136688.555 223913.222)	52	1622	0	940	false	969	None
LINESTRING (3136688.555 223913.222, 3136694.54 223898.041)	52	1622	0	941	false	969	None
LINESTRING (3136694.54 223898.041, 3136717.788 223838.596)	52	1622	0	942	false	969	None
LINESTRING (3136717.788 223838.596, 3136787.366 223660.437)	52	1622	0	943	false	969	None
LINESTRING (3136787.366 223660.437, 3136810.489 223601.063)	52	1622	0	944	false	969	None
LINESTRING (3136810.489 223601.063, 3136815.987 223586.884)	52	1622	0	945	false	969	None
LINESTRING (3136815.987 223586.884, 3136826.743 223559.147)	52	1622	0	946	false	969	None
LINESTRING (3136826.743 223559.147, 3136832.482 223544.347)	52	1622	0	947	false	969	None
LINESTRING (3136832.482 223544.347, 3136837.94 223530.271)	52	1622	0	948	false	969	None
LINESTRING (3136837.94 223530.271, 3136843.399 223516.195)	52	1622	0	949	false	969	None
LINESTRING (3136843.399 223516.195, 3136854.029 223490.553)	52	1622	0	950	false	969	None
LINESTRING (3136854.029 223490.553, 3136856.723 223483.859)	52	1622	0	951	false	969	None
LINESTRING (3136856.723 223483.859, 3136858.494 223479.545)	52	1622	0	952	false	969	None
LINESTRING (3136858.494 223479.545, 3136916.489 223338.089)	52	1622	0	953	false	969	None
LINESTRING (3136916.489 223338.089, 3136920.804 223327.975)	52	1622	0	954	false	969	None
LINESTRING (3136920.804 223327.975, 3136942.131 223277.787)	52	1622	0	955	false	969	None
LINESTRING (3136942.131 223277.787, 3136966.644 223220.143)	52	1622	0	956	false	969	None
LINESTRING (3136966.644 223220.143, 3136968.149 223217.274)	52	1622	0	957	false	969	None
LINESTRING (3136968.149 223217.274, 3136991.043 223173.17)	52	1622	0	958	false	969	None
LINESTRING (3136991.043 223173.17, 3137024.481 223123.393)	52	1622	0	959	false	969	None
LINESTRING (3137024.481 223123.393, 3137062.57 223069.466)	52	1622	0	960	false	969	None
LINESTRING (3137062.57 223069.466, 3137074.814 223054.093)	52	1622	0	961	false	969	None
LINESTRING (3137074.814 223054.093, 3137108.785 223011.546)	52	1622	0	962	false	969	None
LINESTRING (3137108.785 223011.546, 3137117.266 223008.406)	52	1622	0	963	false	969	None
LINESTRING (3137117.266 223008.406, 3137128.142 223004.408)	52	1622	0	964	false	969	None
LINESTRING (3137128.142 223004.408, 3137137.09 223003.354)	52	1622	0	965	false	969	None
LINESTRING (3137137.09 223003.354, 3137158.114 223001.03)	52	1622	0	966	false	969	None
LINESTRING (3137158.114 223001.03, 3137173.311 222999.303)	52	1622	0	967	false	969	None
LINESTRING (3137173.311 222999.303, 3137195.751 223003.958)	52	1622	0	968	false	969	None
LINESTRING (3137195.751 223003.958, 3137214.708 223007.976)	52	1622	0	969	false	969	None
LINESTRING (3136084.865 225047.134, 3136108.648 225033.377)	52	1609	0	36	false	1034	N:3136085.7950904267 225046.596
LINESTRING (3136108.648 225033.377, 3136193.962 224984.188)	52	1609	0	37	false	1034	None
LINESTRING (3136193.962 224984.188, 3136194.338 224983.977)	52	1609	0	38	false	1034	None
LINESTRING (3136194.338 224983.977, 3136222.567 224968.373)	52	1609	0	39	false	1034	None
LINESTRING (3136222.567 224968.373, 3136238.709 224959.392)	52	1609	0	40	false	1034	None
LINESTRING (3136238.709 224959.392, 3136286.843 224932.695)	52	1609	0	41	false	1034	None
LINESTRING (3136286.843 224932.695, 3136302.859 224923.785)	52	1609	0	42	false	1034	None
LINESTRING (3136302.859 224923.785, 3136337.802 224905.546)	52	1609	0	43	false	1034	None
LINESTRING (3136337.802 224905.546, 3136361.782 224893.057)	52	1609	0	44	false	1034	None
LINESTRING (3136361.782 224893.057, 3136407.021 224865.476)	52	1609	0	45	false	1034	None
LINESTRING (3136407.021 224865.476, 3136434.93 224852.724)	52	1609	0	46	false	1034	None
LINESTRING (3136434.93 224852.724, 3136442.035 224850.598)	52	1609	0	47	false	1034	None
LINESTRING (3136442.035 224850.598, 3136456.035 224846.383)	52	1609	0	48	false	1034	None
LINESTRING (3136456.035 224846.383, 3136478.485 224843.66)	52	1609	0	49	false	1034	None
LINESTRING (3136478.485 224843.66, 3136482.81 224844.146)	52	1609	0	50	false	1034	None
LINESTRING (3136482.81 224844.146, 3136495.747 224845.71)	52	1609	0	51	false	1034	None
LINESTRING (3136495.747 224845.71, 3136500.032 224846.301)	52	1609	0	52	false	1034	None
LINESTRING (3136500.032 224846.301, 3136533.101 224849.6)	52	1609	0	53	false	1034	None
LINESTRING (3136533.101 224849.6, 3136632.306 224859.498)	52	1609	0	54	false	1034	None
LINESTRING (3136632.306 224859.498, 3136665.249 224862.868)	52	1609	0	55	false	1034	None
LINESTRING (3136665.249 224862.868, 3136674.884 224864.343)	52	1609	0	56	false	1034	None
LINESTRING (3136674.884 224864.343, 3136703.702 224868.733)	52	1609	0	57	false	1034	None
LINESTRING (3136703.702 224868.733, 3136713.211 224870.277)	52	1609	0	58	false	1034	None
LINESTRING (3136713.211 224870.277, 3136716.478 224870.711)	52	1609	0	59	false	1034	None
LINESTRING (3136716.478 224870.711, 3136725.902 224872.223)	52	1609	0	60	false	1034	None
LINESTRING (3136725.902 224872.223, 3136729.043 224872.726)	52	1609	0	61	false	1034	None
LINESTRING (3136729.043 224872.726, 3136737.579 224874.251)	52	1609	0	62	false	1034	None
LINESTRING (3136737.579 224874.251, 3136763.1 224878.791)	52	1609	0	63	false	1034	None
LINESTRING (3136763.1 224878.791, 3136771.551 224880.283)	52	1609	0	64	false	1034	None
LINESTRING (3136771.551 224880.283, 3136784.587 224882.6)	52	1609	0	65	false	1034	None
LINESTRING (3136784.587 224882.6, 3136823.698 224889.554)	52	1609	0	66	false	1034	None
LINESTRING (3136823.698 224889.554, 3136836.735 224891.872)	52	1609	0	67	false	1034	None
LINESTRING (3136836.735 224891.872, 3136848.201 224895.961)	52	1609	0	68	false	1034	None
LINESTRING (3136848.201 224895.961, 3136856.385 224898.898)	52	1609	0	69	false	1034	None
LINESTRING (3136856.385 224898.898, 3136874.48 224902.344)	52	1609	0	70	false	1034	None
LINESTRING (3136874.48 224902.344, 3136883.829 224904.303)	52	1609	0	71	false	1034	None
LINESTRING (3136883.829 224904.303, 3136895.646 224906.981)	52	1609	0	72	false	1034	None
LINESTRING (3136895.646 224906.981, 3136923.08 224915.955)	52	1609	0	73	false	1034	None
LINESTRING (3136923.08 224915.955, 3136928.223 224917.116)	52	1609	0	74	false	1034	None
LINESTRING (3136928.223 224917.116, 3136967.178 224926.748)	52	1609	0	75	false	1034	None
LINESTRING (3136967.178 224926.748, 3137029.757 224933.161)	52	1609	0	76	false	1034	None
LINESTRING (3137029.757 224933.161, 3137064.015 224936.686)	52	1609	0	77	false	1034	None
LINESTRING (3137064.015 224936.686, 3137088.393 224935.068)	52	1609	0	78	false	1034	None
LINESTRING (3137088.393 224935.068, 3137177.197 224910.815)	52	1609	0	79	false	1034	None
LINESTRING (3137177.197 224910.815, 3137249.09 224891.195)	52	1609	0	80	false	1034	None
LINESTRING (3137249.09 224891.195, 3137282.285 224878.234)	52	1609	0	81	false	1034	None
LINESTRING (3137282.285 224878.234, 3137292.517 224865.772)	52	1609	0	82	false	1034	None
LINESTRING (3137292.517 224865.772, 3137405.043 224818.574)	52	1609	0	83	false	1034	None
LINESTRING (3137405.043 224818.574, 3137432.869 224805.793)	52	1609	0	84	false	1034	None
LINESTRING (3137432.869 224805.793, 3137432.949 224807.61)	52	1609	0	85	false	1034	None
LINESTRING (3137432.949 224807.61, 3137453.372 224821.248)	52	1609	0	86	false	1034	None
LINESTRING (3137453.372 224821.248, 3137464.739 224810.417)	52	1609	0	87	false	1034	None
LINESTRING (3137464.739 224810.417, 3137518.539 224759.014)	52	1609	0	88	false	1034	None
LINESTRING (3137518.539 224759.014, 3137518.87 224758.666)	52	1609	0	89	false	1034	None
LINESTRING (3137518.87 224758.666, 3137519.744 224757.933)	52	1609	0	90	false	1034	None
LINESTRING (3137519.744 224757.933, 3137519.949 224757.656)	52	1609	0	91	false	1034	None
LINESTRING (3137519.949 224757.656, 3137526.252 224753.552)	52	1609	0	92	false	1034	None
LINESTRING (3137526.252 224753.552, 3137544.99 224741.175)	52	1609	0	93	false	1034	None
LINESTRING (3137544.99 224741.175, 3137551.208 224737.038)	52	1609	0	94	false	1034	None
LINESTRING (3137551.208 224737.038, 3137562.434 224729.606)	52	1609	0	95	false	1034	None
LINESTRING (3137562.434 224729.606, 3137607.257 224700.082)	52	1609	0	96	false	1034	None
LINESTRING (3137607.257 224700.082, 3137729.593 224640.261)	52	1609	0	97	false	1034	None
LINESTRING (3137729.593 224640.261, 3137754.795 224625.392)	52	1609	0	98	false	1034	None
LINESTRING (3137754.795 224625.392, 3137830.066 224580.89)	52	1609	0	99	false	1034	None
LINESTRING (3137830.066 224580.89, 3137855.143 224566.091)	52	1609	0	100	false	1034	None
LINESTRING (3137855.143 224566.091, 3137867.383 224558.576)	52	1609	0	101	false	1034	None
LINESTRING (3137867.383 224558.576, 3137903.847 224535.93)	52	1609	0	102	false	1034	None
LINESTRING (3137903.847 224535.93, 3137915.961 224528.486)	52	1609	0	103	false	1034	None
LINESTRING (3137915.961 224528.486, 3137938.108 224505.048)	52	1609	0	104	false	1034	None
LINESTRING (3137938.108 224505.048, 3137968.034 224473.199)	52	1609	0	105	false	1034	None
LINESTRING (3137968.034 224473.199, 3138004.389 224435.152)	52	1609	0	106	false	1034	E:3137981.717 224458.87917876474
LINESTRING (3137117.266 223008.406, 3137108.785 223011.546)	52	1610	0	0	false	412	None
LINESTRING (3137108.785 223011.546, 3137074.814 223054.093)	52	1610	0	1	false	412	None
LINESTRING (3137074.814 223054.093, 3137062.57 223069.466)	52	1610	0	2	false	412	None
LINESTRING (3137062.57 223069.466, 3137024.481 223123.393)	52	1610	0	3	false	412	None
LINESTRING (3137024.481 223123.393, 3136991.043 223173.17)	52	1610	0	4	false	412	None
LINESTRING (3136991.043 223173.17, 3136968.149 223217.274)	52	1610	0	5	false	412	None
LINESTRING (3136968.149 223217.274, 3136966.644 223220.143)	52	1610	0	6	false	412	None
LINESTRING (3136966.644 223220.143, 3136942.131 223277.787)	52	1610	0	7	false	412	None
LINESTRING (3136942.131 223277.787, 3136920.804 223327.975)	52	1610	0	8	false	412	None
LINESTRING (3136920.804 223327.975, 3136916.489 223338.089)	52	1610	0	9	false	412	None
LINESTRING (3136916.489 223338.089, 3136858.494 223479.545)	52	1610	0	10	false	412	None
LINESTRING (3136858.494 223479.545, 3136856.723 223483.859)	52	1610	0	11	false	412	None
LINESTRING (3136856.723 223483.859, 3136854.029 223490.553)	52	1610	0	12	false	412	None
LINESTRING (3136854.029 223490.553, 3136843.399 223516.195)	52	1610	0	13	false	412	None
LINESTRING (3136843.399 223516.195, 3136837.94 223530.271)	52	1610	0	14	false	412	None
LINESTRING (3136837.94 223530.271, 3136832.482 223544.347)	52	1610	0	15	false	412	None
LINESTRING (3136832.482 223544.347, 3136826.743 223559.147)	52	1610	0	16	false	412	None
LINESTRING (3136826.743 223559.147, 3136815.987 223586.884)	52	1610	0	17	false	412	None
LINESTRING (3136815.987 223586.884, 3136810.489 223601.063)	52	1610	0	18	false	412	None
LINESTRING (3136810.489 223601.063, 3136787.366 223660.437)	52	1610	0	19	false	412	None
LINESTRING (3136787.366 223660.437, 3136717.788 223838.596)	52	1610	0	20	false	412	None
LINESTRING (3136717.788 223838.596, 3136694.54 223898.041)	52	1610	0	21	false	412	None
LINESTRING (3136694.54 223898.041, 3136688.555 223913.222)	52	1610	0	22	false	412	None
LINESTRING (3136688.555 223913.222, 3136670.354 223959.146)	52	1610	0	23	false	412	None
LINESTRING (3136670.354 223959.146, 3136664.244 223974.397)	52	1610	0	24	false	412	None
LINESTRING (3136664.244 223974.397, 3136656.939 223993.234)	52	1610	0	25	false	412	None
LINESTRING (3136656.939 223993.234, 3136634.855 224049.677)	52	1610	0	26	false	412	None
LINESTRING (3136634.855 224049.677, 3136627.425 224068.584)	52	1610	0	27	false	412	None
LINESTRING (3136627.425 224068.584, 3136616.509 224096.735)	52	1610	0	28	false	412	None
LINESTRING (3136616.509 224096.735, 3136583.549 224181.226)	52	1610	0	29	false	412	None
LINESTRING (3136583.549 224181.226, 3136572.507 224209.448)	52	1610	0	30	false	412	None
LINESTRING (3136572.507 224209.448, 3136558.299 224246.086)	52	1610	0	31	false	412	None
LINESTRING (3136558.299 224246.086, 3136515.3 224356.211)	52	1610	0	32	false	412	None
LINESTRING (3136515.3 224356.211, 3136500.967 224392.92)	52	1610	0	33	false	412	None
LINESTRING (3136500.967 224392.92, 3136494.495 224409.103)	52	1610	0	34	false	412	None
LINESTRING (3136494.495 224409.103, 3136474.959 224457.962)	52	1610	0	35	false	412	None
LINESTRING (3136474.959 224457.962, 3136468.362 224474.215)	52	1610	0	36	false	412	None
LINESTRING (3136468.362 224474.215, 3136462.121 224491.321)	52	1610	0	37	false	412	None
LINESTRING (3136462.121 224491.321, 3136443.319 224542.846)	52	1610	0	38	false	412	None
LINESTRING (3136443.319 224542.846, 3136436.952 224560.022)	52	1610	0	39	false	412	None
LINESTRING (3136436.952 224560.022, 3136410.218 224632.76)	52	1610	0	40	false	412	None
LINESTRING (3136410.218 224632.76, 3136329.804 224851.01)	52	1610	0	41	false	412	None
LINESTRING (3136329.804 224851.01, 3136302.859 224923.785)	52	1610	0	42	false	412	None
LINESTRING (3136302.859 224923.785, 3136286.843 224932.695)	52	1610	0	43	false	412	None
LINESTRING (3136286.843 224932.695, 3136238.709 224959.392)	52	1610	0	44	false	412	None
LINESTRING (3136238.709 224959.392, 3136222.567 224968.373)	52	1610	0	45	false	412	None
LINESTRING (3136222.567 224968.373, 3136194.338 224983.977)	52	1610	0	46	false	412	None
LINESTRING (3136194.338 224983.977, 3136193.962 224984.188)	52	1610	0	47	false	412	None
LINESTRING (3136193.962 224984.188, 3136108.648 225033.377)	52	1610	0	48	false	412	None
LINESTRING (3136108.648 225033.377, 3136084.865 225047.134)	52	1610	0	49	false	412	N:3136085.7950904267 225046.596
LINESTRING (3134526.67 225049.076, 3134426.331 225029.237)	52	1610	0	132	false	412	N:3134514.126992792 225046.596
LINESTRING (3134426.331 225029.237, 3134325.737 225017.396)	52	1610	0	133	false	412	None
LINESTRING (3134325.737 225017.396, 3134308.773 225015.345)	52	1610	0	134	false	412	None
LINESTRING (3134308.773 225015.345, 3134257.623 225009.095)	52	1610	0	135	false	412	None
LINESTRING (3134257.623 225009.095, 3134240.533 225007.115)	52	1610	0	136	false	412	None
LINESTRING (3134240.533 225007.115, 3134229.123 225005.669)	52	1610	0	137	false	412	None
LINESTRING (3134229.123 225005.669, 3134194.727 225001.507)	52	1610	0	138	false	412	None
LINESTRING (3134194.727 225001.507, 3134183.192 225000.132)	52	1610	0	139	false	412	None
LINESTRING (3134183.192 225000.132, 3134162.534 224997.484)	52	1610	0	140	false	412	None
LINESTRING (3134162.534 224997.484, 3134100.306 224989.442)	52	1610	0	141	false	412	None
LINESTRING (3134100.306 224989.442, 3134079.523 224986.864)	52	1610	0	142	false	412	None
LINESTRING (3134079.523 224986.864, 3134070.104 224985.596)	52	1610	0	143	false	412	None
LINESTRING (3134070.104 224985.596, 3134041.68 224981.724)	52	1610	0	144	false	412	None
LINESTRING (3134041.68 224981.724, 3134032.176 224980.422)	52	1610	0	145	false	412	None
LINESTRING (3134032.176 224980.422, 3134021.102 224978.869)	52	1610	0	146	false	412	None
LINESTRING (3134021.102 224978.869, 3133987.675 224974.488)	52	1610	0	147	false	412	None
LINESTRING (3133987.675 224974.488, 3133976.476 224973.005)	52	1610	0	148	false	412	None
LINESTRING (3133976.476 224973.005, 3133949.737 224970.859)	52	1610	0	149	false	412	None
LINESTRING (3133949.737 224970.859, 3133869.186 224964.527)	52	1610	0	150	false	412	None
LINESTRING (3133869.186 224964.527, 3133842.322 224962.452)	52	1610	0	151	false	412	None
LINESTRING (3133842.322 224962.452, 3133829.417 224962.332)	52	1610	0	152	false	412	None
LINESTRING (3133829.417 224962.332, 3133805.429 224962.204)	52	1610	0	153	false	412	None
LINESTRING (3133805.429 224962.204, 3133790.578 224966.093)	52	1610	0	154	false	412	None
LINESTRING (3133790.578 224966.093, 3133777.579 224969.509)	52	1610	0	155	false	412	None
LINESTRING (3133777.579 224969.509, 3133770.049 224971.472)	52	1610	0	156	false	412	None
LINESTRING (3133770.049 224971.472, 3133747.457 224977.362)	52	1610	0	157	false	412	None
LINESTRING (3133747.457 224977.362, 3133739.842 224979.292)	52	1610	0	158	false	412	None
LINESTRING (3133739.842 224979.292, 3133731.554 224981.438)	52	1610	0	159	false	412	None
LINESTRING (3133731.554 224981.438, 3133706.689 224987.876)	52	1610	0	160	false	412	None
LINESTRING (3133706.689 224987.876, 3133698.361 224990.125)	52	1610	0	161	false	412	W:3133703.884 224988.6334981988
LINESTRING (3133702.676 224167.862, 3133738.553 224179.857)	52	1610	0	242	false	412	W:3133703.884 224168.2658788082
LINESTRING (3133738.553 224179.857, 3133745.754 224182.29)	52	1610	0	243	false	412	None
LINESTRING (3133745.754 224182.29, 3133848.863 224206.643)	52	1610	0	244	false	412	None
LINESTRING (3133848.863 224206.643, 3133885.601 224215.401)	52	1610	0	245	false	412	None
LINESTRING (3133885.601 224215.401, 3133897.72 224218.311)	52	1610	0	246	false	412	None
LINESTRING (3133897.72 224218.311, 3133906.432 224220.138)	52	1610	0	247	false	412	None
LINESTRING (3133906.432 224220.138, 3133961.516 224232.195)	52	1610	0	248	false	412	None
LINESTRING (3133961.516 224232.195, 3133968.702 224233.908)	52	1610	0	249	false	412	None
LINESTRING (3133968.702 224233.908, 3133989.287 224239.027)	52	1610	0	250	false	412	None
LINESTRING (3133989.287 224239.027, 3133990.488 224229.849)	52	1610	0	251	false	412	None
LINESTRING (3133990.488 224229.849, 3133990.879 224228.334)	52	1610	0	252	false	412	None
LINESTRING (3133990.879 224228.334, 3134015.755 224180.591)	52	1610	0	253	false	412	None
LINESTRING (3134015.755 224180.591, 3134022.718 224161.86)	52	1610	0	254	false	412	None
LINESTRING (3134022.718 224161.86, 3134043.352 224105.569)	52	1610	0	255	false	412	None
LINESTRING (3134043.352 224105.569, 3134050.104 224086.876)	52	1610	0	256	false	412	None
LINESTRING (3134050.104 224086.876, 3134053.443 224078.764)	52	1610	0	257	false	412	None
LINESTRING (3134053.443 224078.764, 3134063.164 224054.435)	52	1610	0	258	false	412	None
LINESTRING (3134063.164 224054.435, 3134066.378 224046.395)	52	1610	0	259	false	412	None
LINESTRING (3134066.378 224046.395, 3134075.192 224025.167)	52	1610	0	260	false	412	None
LINESTRING (3134075.192 224025.167, 3134101.593 223961.586)	52	1610	0	261	false	412	None
LINESTRING (3134101.593 223961.586, 3134110.282 223940.429)	52	1610	0	262	false	412	None
LINESTRING (3134110.282 223940.429, 3134154.862 223957.821)	52	1610	0	263	false	412	None
LINESTRING (3134154.862 223957.821, 3134288.352 224010.141)	52	1610	0	264	false	412	None
LINESTRING (3134288.352 224010.141, 3134332.807 224027.605)	52	1610	0	265	false	412	None
LINESTRING (3134332.807 224027.605, 3134338.024 224022.246)	52	1610	0	266	false	412	None
LINESTRING (3134338.024 224022.246, 3134353.675 224006.167)	52	1610	0	267	false	412	None
LINESTRING (3134353.675 224006.167, 3134358.851 224000.911)	52	1610	0	268	false	412	None
LINESTRING (3134358.851 224000.911, 3134377.938 223981.283)	52	1610	0	269	false	412	None
LINESTRING (3134377.938 223981.283, 3134394.642 223962.993)	52	1610	0	270	false	412	None
LINESTRING (3134394.642 223962.993, 3134412.419 223943.453)	52	1610	0	271	false	412	None
LINESTRING (3134412.419 223943.453, 3134439.415 223909.746)	52	1610	0	272	false	412	None
LINESTRING (3134439.415 223909.746, 3134466.196 223865.956)	52	1610	0	273	false	412	None
LINESTRING (3134466.196 223865.956, 3134486.232 223833.244)	52	1610	0	274	false	412	None
LINESTRING (3134486.232 223833.244, 3134513.992 223787.69)	52	1610	0	275	false	412	None
LINESTRING (3134513.992 223787.69, 3134520.632 223775.62)	52	1610	0	276	false	412	None
LINESTRING (3134520.632 223775.62, 3134529.102 223760.092)	52	1610	0	277	false	412	None
LINESTRING (3134529.102 223760.092, 3134541.244 223740.154)	52	1610	0	278	false	412	None
LINESTRING (3134541.244 223740.154, 3134542.714 223737.628)	52	1610	0	279	false	412	None
LINESTRING (3134542.714 223737.628, 3134546.69 223727.621)	52	1610	0	280	false	412	None
LINESTRING (3134546.69 223727.621, 3134559.566 223712.372)	52	1610	0	281	false	412	None
LINESTRING (3134559.566 223712.372, 3134565.655 223704.256)	52	1610	0	282	false	412	None
LINESTRING (3134565.655 223704.256, 3134594.527 223665.204)	52	1610	0	283	false	412	None
LINESTRING (3134594.527 223665.204, 3134623.572 223636.34)	52	1610	0	284	false	412	None
LINESTRING (3134623.572 223636.34, 3134631.859 223628.122)	52	1610	0	285	false	412	None
LINESTRING (3134631.859 223628.122, 3134645.726 223617.662)	52	1610	0	286	false	412	None
LINESTRING (3134645.726 223617.662, 3134654.43 223611.154)	52	1610	0	287	false	412	None
LINESTRING (3134654.43 223611.154, 3134674.754 223595.934)	52	1610	0	288	false	412	None
LINESTRING (3134674.754 223595.934, 3134680.774 223592.553)	52	1610	0	289	false	412	None
LINESTRING (3134680.774 223592.553, 3134689.846 223587.378)	52	1610	0	290	false	412	None
LINESTRING (3134689.846 223587.378, 3134837.625 223503.333)	52	1610	0	291	false	412	None
LINESTRING (3134837.625 223503.333, 3134850.875 223495.73)	52	1610	0	292	false	412	None
LINESTRING (3134850.875 223495.73, 3134859.736 223490.592)	52	1610	0	293	false	412	None
LINESTRING (3134859.736 223490.592, 3134878.335 223479.823)	52	1610	0	294	false	412	None
LINESTRING (3134878.335 223479.823, 3134894.471 223470.6)	52	1610	0	295	false	412	None
LINESTRING (3134894.471 223470.6, 3134909.694 223464.237)	52	1610	0	296	false	412	None
LINESTRING (3134909.694 223464.237, 3134933.892 223448.138)	52	1610	0	297	false	412	None
LINESTRING (3134933.892 223448.138, 3134951.874 223436.178)	52	1610	0	298	false	412	None
LINESTRING (3134951.874 223436.178, 3134959.943 223433.59)	52	1610	0	299	false	412	None
LINESTRING (3134959.943 223433.59, 3134982.297 223426.301)	52	1610	0	300	false	412	None
LINESTRING (3134982.297 223426.301, 3134983.978 223425.762)	52	1610	0	301	false	412	None
LINESTRING (3134983.978 223425.762, 3134991.916 223423.004)	52	1610	0	302	false	412	None
LINESTRING (3134991.916 223423.004, 3135001.786 223419.567)	52	1610	0	303	false	412	None
LINESTRING (3135001.786 223419.567, 3135026.318 223411.217)	52	1610	0	304	false	412	None
LINESTRING (3135026.318 223411.217, 3135031.19 223409.534)	52	1610	0	305	false	412	None
LINESTRING (3135031.19 223409.534, 3135040.89 223406.031)	52	1610	0	306	false	412	None
LINESTRING (3135040.89 223406.031, 3135056.134 223400.629)	52	1610	0	307	false	412	None
LINESTRING (3135056.134 223400.629, 3135101.404 223384.601)	52	1610	0	308	false	412	None
LINESTRING (3135101.404 223384.601, 3135101.655 223384.46)	52	1610	0	309	false	412	None
LINESTRING (3135101.655 223384.46, 3135116.724 223378.752)	52	1610	0	310	false	412	None
LINESTRING (3135116.724 223378.752, 3135170.78 223358.035)	52	1610	0	311	false	412	None
LINESTRING (3135170.78 223358.035, 3135174.935 223356.431)	52	1610	0	312	false	412	None
LINESTRING (3135174.935 223356.431, 3135212.447 223337.634)	52	1610	0	313	false	412	None
LINESTRING (3135212.447 223337.634, 3135230.529 223324.404)	52	1610	0	314	false	412	None
LINESTRING (3135230.529 223324.404, 3135259.219 223306.594)	52	1610	0	315	false	412	None
LINESTRING (3135259.219 223306.594, 3135313.821 223279.659)	52	1610	0	316	false	412	None
LINESTRING (3135313.821 223279.659, 3135372.962 223241.27)	52	1610	0	317	false	412	None
LINESTRING (3135372.962 223241.27, 3135471.366 223192.74)	52	1610	0	318	false	412	None
LINESTRING (3135471.366 223192.74, 3135496.414 223178.757)	52	1610	0	319	false	412	None
LINESTRING (3135496.414 223178.757, 3135568.265 223147.08)	52	1610	0	320	false	412	None
LINESTRING (3135568.265 223147.08, 3135583.198 223138.939)	52	1610	0	321	false	412	None
LINESTRING (3135583.198 223138.939, 3135596.043 223130.108)	52	1610	0	322	false	412	None
LINESTRING (3135596.043 223130.108, 3135621.614 223116.804)	52	1610	0	323	false	412	None
LINESTRING (3135621.614 223116.804, 3135642.202 223105.974)	52	1610	0	324	false	412	None
LINESTRING (3135642.202 223105.974, 3135694.292 223076.162)	52	1610	0	325	false	412	None
LINESTRING (3135694.292 223076.162, 3135697.212 223074.199)	52	1610	0	326	false	412	None
LINESTRING (3135697.212 223074.199, 3135721.669 223058.201)	52	1610	0	327	false	412	None
LINESTRING (3135721.669 223058.201, 3135758.199 223038.907)	52	1610	0	328	false	412	None
LINESTRING (3135758.199 223038.907, 3135782.1 223030.671)	52	1610	0	329	false	412	None
LINESTRING (3135782.1 223030.671, 3135825.744 223019.611)	52	1610	0	330	false	412	None
LINESTRING (3135825.744 223019.611, 3135830.055 223019.378)	52	1610	0	331	false	412	None
LINESTRING (3135830.055 223019.378, 3135851.525 223018.176)	52	1610	0	332	false	412	None
LINESTRING (3135851.525 223018.176, 3135898.829 223010.082)	52	1610	0	333	false	412	None
LINESTRING (3135898.829 223010.082, 3135932.137 223006.445)	52	1610	0	334	false	412	None
LINESTRING (3135932.137 223006.445, 3135949.747 223002.795)	52	1610	0	335	false	412	None
LINESTRING (3135949.747 223002.795, 3135981.06 222988.861)	52	1610	0	336	false	412	None
LINESTRING (3135981.06 222988.861, 3136009.745 222964.74)	52	1610	0	337	false	412	None
LINESTRING (3136009.745 222964.74, 3136018.133 222953.229)	52	1610	0	338	false	412	None
LINESTRING (3136018.133 222953.229, 3136042.425 222899.428)	52	1610	0	339	false	412	None
LINESTRING (3136042.425 222899.428, 3136052.824 222880.958)	52	1610	0	340	false	412	None
LINESTRING (3136052.824 222880.958, 3136061.669 222871.053)	52	1610	0	341	false	412	None
LINESTRING (3136061.669 222871.053, 3136093.982 222838.338)	52	1610	0	342	false	412	None
LINESTRING (3136093.982 222838.338, 3136105.602 222827.604)	52	1610	0	343	false	412	None
LINESTRING (3136105.602 222827.604, 3136137.77 222798.048)	52	1610	0	344	false	412	None
LINESTRING (3136137.77 222798.048, 3136187.893 222759.142)	52	1610	0	345	false	412	None
LINESTRING (3136187.893 222759.142, 3136201.683 222750.915)	52	1610	0	346	false	412	None
LINESTRING (3136201.683 222750.915, 3136235.881 222731.314)	52	1610	0	347	false	412	None
LINESTRING (3136235.881 222731.314, 3136338.477 222672.51)	52	1610	0	348	false	412	None
LINESTRING (3136338.477 222672.51, 3136342.617 222670.186)	52	1610	0	349	false	412	None
LINESTRING (3136342.617 222670.186, 3136369.708 222646.639)	52	1610	0	350	false	412	None
LINESTRING (3136369.708 222646.639, 3136379.823 222634.726)	52	1610	0	351	false	412	None
LINESTRING (3136379.823 222634.726, 3136393.32 222618.648)	52	1610	0	352	false	412	None
LINESTRING (3136393.32 222618.648, 3136403.984 222594.685)	52	1610	0	353	false	412	None
LINESTRING (3136403.984 222594.685, 3136410.32 222580.116)	52	1610	0	354	false	412	None
LINESTRING (3136410.32 222580.116, 3136432.993 222589.74)	52	1610	0	355	false	412	None
LINESTRING (3136432.993 222589.74, 3136500.761 222618.751)	52	1610	0	356	false	412	None
LINESTRING (3136500.761 222618.751, 3136523.269 222628.549)	52	1610	0	357	false	412	None
LINESTRING (3136523.269 222628.549, 3136531.526 222632.822)	52	1610	0	358	false	412	None
LINESTRING (3136531.526 222632.822, 3136556.047 222645.781)	52	1610	0	359	false	412	None
LINESTRING (3136556.047 222645.781, 3136564.138 222650.228)	52	1610	0	360	false	412	None
LINESTRING (3136564.138 222650.228, 3136576.075 222656.404)	52	1610	0	361	false	412	None
LINESTRING (3136576.075 222656.404, 3136599.015 222668.631)	52	1610	0	362	false	412	None
LINESTRING (3136599.015 222668.631, 3136611.107 222676.177)	52	1610	0	363	false	412	None
LINESTRING (3136611.107 222676.177, 3136622.431 222683.425)	52	1610	0	364	false	412	None
LINESTRING (3136622.431 222683.425, 3136648.7 222700.991)	52	1610	0	365	false	412	None
LINESTRING (3136648.7 222700.991, 3136699.439 222735.189)	52	1610	0	366	false	412	None
LINESTRING (3136699.439 222735.189, 3136728.392 222751.653)	52	1610	0	367	false	412	None
LINESTRING (3136728.392 222751.653, 3136744.625 222760.924)	52	1610	0	368	false	412	None
LINESTRING (3136744.625 222760.924, 3136757.193 222762.94)	52	1610	0	369	false	412	None
LINESTRING (3136757.193 222762.94, 3136791.122 222768.595)	52	1610	0	370	false	412	None
LINESTRING (3136791.122 222768.595, 3136798.776 222768.348)	52	1610	0	371	false	412	None
LINESTRING (3136798.776 222768.348, 3136838.491 222767.436)	52	1610	0	372	false	412	None
LINESTRING (3136838.491 222767.436, 3136887.891 222756.231)	52	1610	0	373	false	412	None
LINESTRING (3136887.891 222756.231, 3136926.831 222746.685)	52	1610	0	374	false	412	None
LINESTRING (3136926.831 222746.685, 3136932.261 222745.338)	52	1610	0	375	false	412	None
LINESTRING (3136932.261 222745.338, 3136969.435 222736.298)	52	1610	0	376	false	412	None
LINESTRING (3136969.435 222736.298, 3136970.404 222736.078)	52	1610	0	377	false	412	None
LINESTRING (3136970.404 222736.078, 3136984.873 222731.926)	52	1610	0	378	false	412	None
LINESTRING (3136984.873 222731.926, 3137030.93 222718.711)	52	1610	0	379	false	412	None
LINESTRING (3137030.93 222718.711, 3137046.197 222714.273)	52	1610	0	380	false	412	None
LINESTRING (3137046.197 222714.273, 3137058.272 222710.979)	52	1610	0	381	false	412	None
LINESTRING (3137058.272 222710.979, 3137094.377 222701.406)	52	1610	0	382	false	412	None
LINESTRING (3137094.377 222701.406, 3137106.287 222698.285)	52	1610	0	383	false	412	None
LINESTRING (3137106.287 222698.285, 3137129.901 222698.394)	52	1610	0	384	false	412	None
LINESTRING (3137129.901 222698.394, 3137144.613 222701.717)	52	1610	0	385	false	412	None
LINESTRING (3137144.613 222701.717, 3137170 222707.633)	52	1610	0	386	false	412	None
LINESTRING (3137170 222707.633, 3137199.765 222718.461)	52	1610	0	387	false	412	None
LINESTRING (3137199.765 222718.461, 3137233.27 222736.098)	52	1610	0	388	false	412	None
LINESTRING (3137233.27 222736.098, 3137247.346 222749.414)	52	1610	0	389	false	412	None
LINESTRING (3137247.346 222749.414, 3137262.33 222763.678)	52	1610	0	390	false	412	None
LINESTRING (3137262.33 222763.678, 3137272.612 222779.69)	52	1610	0	391	false	412	None
LINESTRING (3137272.612 222779.69, 3137287.609 222810.628)	52	1610	0	392	false	412	None
LINESTRING (3137287.609 222810.628, 3137288.056 222811.754)	52	1610	0	393	false	412	None
LINESTRING (3137288.056 222811.754, 3137300.234 222857.552)	52	1610	0	394	false	412	None
LINESTRING (3137300.234 222857.552, 3137309.495 222899.481)	52	1610	0	395	false	412	None
LINESTRING (3137309.495 222899.481, 3137314.125 222914.373)	52	1610	0	396	false	412	None
LINESTRING (3137314.125 222914.373, 3137319.719 222932.854)	52	1610	0	397	false	412	None
LINESTRING (3137319.719 222932.854, 3137317.794 222949.966)	52	1610	0	398	false	412	None
LINESTRING (3137317.794 222949.966, 3137303.493 222974.186)	52	1610	0	399	false	412	None
LINESTRING (3137303.493 222974.186, 3137302.921 222975.154)	52	1610	0	400	false	412	None
LINESTRING (3137302.921 222975.154, 3137296.75 222985.5)	52	1610	0	401	false	412	None
LINESTRING (3137296.75 222985.5, 3137283.601 222994.093)	52	1610	0	402	false	412	None
LINESTRING (3137283.601 222994.093, 3137265.816 223005.531)	52	1610	0	403	false	412	None
LINESTRING (3137265.816 223005.531, 3137238.875 223010.204)	52	1610	0	404	false	412	None
LINESTRING (3137238.875 223010.204, 3137238.408 223010.142)	52	1610	0	405	false	412	None
LINESTRING (3137238.408 223010.142, 3137214.708 223007.976)	52	1610	0	406	false	412	None
LINESTRING (3137214.708 223007.976, 3137195.751 223003.958)	52	1610	0	407	false	412	None
LINESTRING (3137195.751 223003.958, 3137173.311 222999.303)	52	1610	0	408	false	412	None
LINESTRING (3137173.311 222999.303, 3137158.114 223001.03)	52	1610	0	409	false	412	None
LINESTRING (3137158.114 223001.03, 3137137.09 223003.354)	52	1610	0	410	false	412	None
LINESTRING (3137137.09 223003.354, 3137128.142 223004.408)	52	1610	0	411	false	412	None
LINESTRING (3137128.142 223004.408, 3137117.266 223008.406)	52	1610	0	412	false	412	None
