LINESTRING (3110432.973 225059.421, 3110440.302 224984.094)	43	1201	0	500	false	643	N:3110434.2208185117 225046.596
LINESTRING (3110440.302 224984.094, 3110453.826 224888.075)	43	1201	0	501	false	643	None
LINESTRING (3110453.826 224888.075, 3110473.448 224823.304)	43	1201	0	502	false	643	None
LINESTRING (3110473.448 224823.304, 3110484.637 224786.572)	43	1201	0	503	false	643	None
LINESTRING (3110484.637 224786.572, 3110496.715 224742.689)	43	1201	0	504	false	643	None
LINESTRING (3110496.715 224742.689, 3110500.996 224730.538)	43	1201	0	505	false	643	None
LINESTRING (3110500.996 224730.538, 3110504.919 224719.32)	43	1201	0	506	false	643	None
LINESTRING (3110504.919 224719.32, 3110509.361 224701.403)	43	1201	0	507	false	643	None
LINESTRING (3110509.361 224701.403, 3110535.954 224593.045)	43	1201	0	508	false	643	None
LINESTRING (3110535.954 224593.045, 3110562.484 224498.341)	43	1201	0	509	false	643	None
LINESTRING (3110562.484 224498.341, 3110579.569 224451.625)	43	1201	0	510	false	643	None
LINESTRING (3110579.569 224451.625, 3110596.562 224404.637)	43	1201	0	511	false	643	None
LINESTRING (3110596.562 224404.637, 3110605.182 224377.384)	43	1201	0	512	false	643	None
LINESTRING (3110605.182 224377.384, 3110606.456 224359.557)	43	1201	0	513	false	643	None
LINESTRING (3110606.456 224359.557, 3110606.998 224353.818)	43	1201	0	514	false	643	None
LINESTRING (3110606.998 224353.818, 3110608.164 224336.782)	43	1201	0	515	false	643	None
LINESTRING (3110608.164 224336.782, 3110608.581 224331.114)	43	1201	0	516	false	643	None
LINESTRING (3110608.581 224331.114, 3110551.95 224254.028)	43	1201	0	517	false	643	None
LINESTRING (3110551.95 224254.028, 3110548.589 224249.524)	43	1201	0	518	false	643	None
LINESTRING (3110548.589 224249.524, 3110497.823 224184.685)	43	1201	0	519	false	643	None
LINESTRING (3110497.823 224184.685, 3110488.072 224170.825)	43	1201	0	520	false	643	None
LINESTRING (3110488.072 224170.825, 3110478.3 224147.085)	43	1201	0	521	false	643	None
LINESTRING (3110478.3 224147.085, 3110472.087 224112.82)	43	1201	0	522	false	643	None
LINESTRING (3110472.087 224112.82, 3110461.572 223974.374)	43	1201	0	523	false	643	None
LINESTRING (3110461.572 223974.374, 3110456.662 223910.994)	43	1201	0	524	false	643	None
LINESTRING (3110456.662 223910.994, 3110451.832 223869.054)	43	1201	0	525	false	643	None
LINESTRING (3110451.832 223869.054, 3110449.2 223839.734)	43	1201	0	526	false	643	None
LINESTRING (3110449.2 223839.734, 3110448.497 223833.16)	43	1201	0	527	false	643	None
LINESTRING (3110448.497 223833.16, 3110446.772 223815.488)	43	1201	0	528	false	643	None
LINESTRING (3110446.772 223815.488, 3110445.353 223778.429)	43	1201	0	529	false	643	None
LINESTRING (3110445.353 223778.429, 3110444.041 223745.929)	43	1201	0	530	false	643	None
LINESTRING (3110444.041 223745.929, 3110441.646 223724.908)	43	1201	0	531	false	643	None
LINESTRING (3110441.646 223724.908, 3110437.428 223689.269)	43	1201	0	532	false	643	None
LINESTRING (3110437.428 223689.269, 3110436.886 223669.793)	43	1201	0	533	false	643	None
LINESTRING (3110436.886 223669.793, 3110435.922 223657.528)	43	1201	0	534	false	643	None
LINESTRING (3110435.922 223657.528, 3110427.917 223563.224)	43	1201	0	535	false	643	None
LINESTRING (3110427.917 223563.224, 3110425.194 223531.847)	43	1201	0	536	false	643	None
LINESTRING (3110425.194 223531.847, 3110423.162 223508.349)	43	1201	0	537	false	643	None
LINESTRING (3110423.162 223508.349, 3110419.69 223466.694)	43	1201	0	538	false	643	None
LINESTRING (3110419.69 223466.694, 3110410.925 223327.496)	43	1201	0	539	false	643	None
LINESTRING (3110410.925 223327.496, 3110408.868 223286.742)	43	1201	0	540	false	643	None
LINESTRING (3110408.868 223286.742, 3110412.492 223226.883)	43	1201	0	541	false	643	None
LINESTRING (3110412.492 223226.883, 3110421.668 223171.18)	43	1201	0	542	false	643	None
LINESTRING (3110421.668 223171.18, 3110423.462 223159.381)	43	1201	0	543	false	643	None
LINESTRING (3110423.462 223159.381, 3110426.031 223140.982)	43	1201	0	544	false	643	None
LINESTRING (3110426.031 223140.982, 3110431.152 223105.248)	43	1201	0	545	false	643	None
LINESTRING (3110431.152 223105.248, 3110439.328 223039.408)	43	1201	0	546	false	643	None
LINESTRING (3110439.328 223039.408, 3110446.417 222970.534)	43	1201	0	547	false	643	None
LINESTRING (3110446.417 222970.534, 3110450.24 222940.723)	43	1201	0	548	false	643	None
LINESTRING (3110450.24 222940.723, 3110454.453 222891.557)	43	1201	0	549	false	643	None
LINESTRING (3110454.453 222891.557, 3110455.835 222824.532)	43	1201	0	550	false	643	None
LINESTRING (3110455.835 222824.532, 3110452.993 222775.627)	43	1201	0	551	false	643	None
LINESTRING (3110452.993 222775.627, 3110452.016 222696.396)	43	1201	0	552	false	643	None
LINESTRING (3110452.016 222696.396, 3110448.393 222617.933)	43	1201	0	553	false	643	None
LINESTRING (3110448.393 222617.933, 3110443.357 222549.511)	43	1201	0	554	false	643	None
LINESTRING (3110443.357 222549.511, 3110440.893 222516.689)	43	1201	0	555	false	643	None
LINESTRING (3110440.893 222516.689, 3110441.981 222464.181)	43	1201	0	556	false	643	None
LINESTRING (3110441.981 222464.181, 3110443.138 222405.634)	43	1201	0	557	false	643	None
LINESTRING (3110443.138 222405.634, 3110444.421 222345.232)	43	1201	0	558	false	643	None
LINESTRING (3110444.421 222345.232, 3110441.309 222249.126)	43	1201	0	559	false	643	None
LINESTRING (3110441.309 222249.126, 3110572.885 221919.119)	43	1201	0	560	false	643	None
LINESTRING (3110572.885 221919.119, 3110663.394 221692.617)	43	1201	0	561	false	643	None
LINESTRING (3110663.394 221692.617, 3110934.626 221013.118)	43	1201	0	562	false	643	None
LINESTRING (3110934.626 221013.118, 3110981.969 220894.308)	43	1201	0	563	false	643	None
LINESTRING (3110981.969 220894.308, 3111022.876 220785.869)	43	1201	0	564	false	643	None
LINESTRING (3111022.876 220785.869, 3111077.578 220640.273)	43	1201	0	565	false	643	None
LINESTRING (3111077.578 220640.273, 3111241.769 220203.522)	43	1201	0	566	false	643	None
LINESTRING (3111241.769 220203.522, 3111296.345 220057.998)	43	1201	0	567	false	643	None
LINESTRING (3111296.345 220057.998, 3111312.223 220015.935)	43	1201	0	568	false	643	None
LINESTRING (3111312.223 220015.935, 3111359.896 219889.641)	43	1201	0	569	false	643	None
LINESTRING (3111359.896 219889.641, 3111375.649 219847.648)	43	1201	0	570	false	643	None
LINESTRING (3111375.649 219847.648, 3111412.925 219748.399)	43	1201	0	571	false	643	None
LINESTRING (3111412.925 219748.399, 3111524.751 219450.65)	43	1201	0	572	false	643	None
LINESTRING (3111524.751 219450.65, 3111561.902 219351.472)	43	1201	0	573	false	643	None
LINESTRING (3111561.902 219351.472, 3111563.137 219348.259)	43	1201	0	574	false	643	None
LINESTRING (3111563.137 219348.259, 3111566.591 219338.765)	43	1201	0	575	false	643	None
LINESTRING (3111566.591 219338.765, 3111567.701 219335.623)	43	1201	0	576	false	643	None
LINESTRING (3111567.701 219335.623, 3111703.89 218973.743)	43	1201	0	577	false	643	None
LINESTRING (3111703.89 218973.743, 3112095.163 217933.075)	43	1201	0	578	false	643	None
LINESTRING (3112095.163 217933.075, 3112101.315 217917.839)	43	1201	0	579	false	643	None
LINESTRING (3112101.315 217917.839, 3112112.497 217888.243)	43	1201	0	580	false	643	None
LINESTRING (3112112.497 217888.243, 3112248.046 217526.24)	43	1201	0	581	false	643	None
LINESTRING (3112248.046 217526.24, 3112254.192 217508.979)	43	1201	0	582	false	643	None
LINESTRING (3112254.192 217508.979, 3112258.631 217496.414)	43	1201	0	583	false	643	None
LINESTRING (3112258.631 217496.414, 3112290.65 217508.724)	43	1201	0	584	false	643	None
LINESTRING (3112290.65 217508.724, 3112304.738 217514.141)	43	1201	0	585	false	643	None
LINESTRING (3112304.738 217514.141, 3112636.592 217643.875)	43	1201	0	586	false	643	E:3112314.717 217518.04216010668
LINESTRING (3103737.211 223641.579, 3103989.664 223734.644)	43	1202	0	1219	false	1697	W:3103759.05 223649.62979177103
LINESTRING (3103989.664 223734.644, 3104163.138 223798.598)	43	1202	0	1220	false	1697	None
LINESTRING (3104163.138 223798.598, 3104250.6 223830.854)	43	1202	0	1221	false	1697	None
LINESTRING (3104250.6 223830.854, 3104329.064 223859.777)	43	1202	0	1222	false	1697	None
LINESTRING (3104329.064 223859.777, 3104418.783 223892.783)	43	1202	0	1223	false	1697	None
LINESTRING (3104418.783 223892.783, 3104687.689 223991.949)	43	1202	0	1224	false	1697	None
LINESTRING (3104687.689 223991.949, 3104777.282 224025.03)	43	1202	0	1225	false	1697	None
LINESTRING (3104777.282 224025.03, 3104990.496 224105.566)	43	1202	0	1226	false	1697	None
LINESTRING (3104990.496 224105.566, 3105009.351 224112.804)	43	1202	0	1227	false	1697	None
LINESTRING (3105009.351 224112.804, 3105611.49 224345.522)	43	1202	0	1228	false	1697	None
LINESTRING (3105611.49 224345.522, 3105628.257 224352.079)	43	1202	0	1229	false	1697	None
LINESTRING (3105628.257 224352.079, 3105840.74 224434.263)	43	1202	0	1230	false	1697	None
LINESTRING (3105840.74 224434.263, 3105894.834 224455.272)	43	1202	0	1231	false	1697	None
LINESTRING (3105894.834 224455.272, 3106056.982 224518.134)	43	1202	0	1232	false	1697	None
LINESTRING (3106056.982 224518.134, 3106110.949 224539.215)	43	1202	0	1233	false	1697	None
LINESTRING (3106110.949 224539.215, 3106392.318 224649.773)	43	1202	0	1234	false	1697	None
LINESTRING (3106392.318 224649.773, 3106812.576 224812.384)	43	1202	0	1235	false	1697	None
LINESTRING (3106812.576 224812.384, 3107286.261 225002.325)	43	1202	0	1236	false	1697	None
LINESTRING (3107286.261 225002.325, 3107351.673 225028.527)	43	1202	0	1237	false	1697	None
LINESTRING (3107351.673 225028.527, 3107597.237 225127.042)	43	1202	0	1238	false	1697	N:3107396.7128001926 225046.596
LINESTRING (3109241.831 225262.59, 3109329.582 225037.398)	43	1202	0	1264	false	1697	N:3109325.997797639 225046.596
LINESTRING (3109329.582 225037.398, 3109375.469 224919.57)	43	1202	0	1265	false	1697	None
LINESTRING (3109375.469 224919.57, 3109398.562 224862.557)	43	1202	0	1266	false	1697	None
LINESTRING (3109398.562 224862.557, 3109467.548 224691.523)	43	1202	0	1267	false	1697	None
LINESTRING (3109467.548 224691.523, 3109490.517 224634.582)	43	1202	0	1268	false	1697	None
LINESTRING (3109490.517 224634.582, 3109510.64 224584.277)	43	1202	0	1269	false	1697	None
LINESTRING (3109510.64 224584.277, 3109570.72 224433.607)	43	1202	0	1270	false	1697	None
LINESTRING (3109570.72 224433.607, 3109590.718 224383.373)	43	1202	0	1271	false	1697	None
LINESTRING (3109590.718 224383.373, 3109591.162 224382.473)	43	1202	0	1272	false	1697	None
LINESTRING (3109591.162 224382.473, 3109592.198 224379.779)	43	1202	0	1273	false	1697	None
LINESTRING (3109592.198 224379.779, 3109592.516 224378.95)	43	1202	0	1274	false	1697	None
LINESTRING (3109592.516 224378.95, 3109623.954 224297.433)	43	1202	0	1275	false	1697	None
LINESTRING (3109623.954 224297.433, 3109802.184 223849.888)	43	1202	0	1276	false	1697	None
LINESTRING (3109802.184 223849.888, 3109815.683 223816.304)	43	1202	0	1277	false	1697	None
LINESTRING (3109815.683 223816.304, 3109878.694 223659.032)	43	1202	0	1278	false	1697	None
LINESTRING (3109878.694 223659.032, 3109880.685 223653.851)	43	1202	0	1279	false	1697	None
LINESTRING (3109880.685 223653.851, 3109887.48 223637.196)	43	1202	0	1280	false	1697	None
LINESTRING (3109887.48 223637.196, 3109945.045 223492.816)	43	1202	0	1281	false	1697	None
LINESTRING (3109945.045 223492.816, 3109947.002 223487.979)	43	1202	0	1282	false	1697	None
LINESTRING (3109947.002 223487.979, 3109975.588 223416.427)	43	1202	0	1283	false	1697	None
LINESTRING (3109975.588 223416.427, 3110388.736 222381.031)	43	1202	0	1284	false	1697	None
LINESTRING (3110388.736 222381.031, 3110441.309 222249.126)	43	1202	0	1285	false	1697	None
LINESTRING (3110441.309 222249.126, 3110444.421 222345.232)	43	1202	0	1286	false	1697	None
LINESTRING (3110444.421 222345.232, 3110443.138 222405.634)	43	1202	0	1287	false	1697	None
LINESTRING (3110443.138 222405.634, 3110441.981 222464.181)	43	1202	0	1288	false	1697	None
LINESTRING (3110441.981 222464.181, 3110440.893 222516.689)	43	1202	0	1289	false	1697	None
LINESTRING (3110440.893 222516.689, 3110443.357 222549.511)	43	1202	0	1290	false	1697	None
LINESTRING (3110443.357 222549.511, 3110448.393 222617.933)	43	1202	0	1291	false	1697	None
LINESTRING (3110448.393 222617.933, 3110452.016 222696.396)	43	1202	0	1292	false	1697	None
LINESTRING (3110452.016 222696.396, 3110452.993 222775.627)	43	1202	0	1293	false	1697	None
LINESTRING (3110452.993 222775.627, 3110455.835 222824.532)	43	1202	0	1294	false	1697	None
LINESTRING (3110455.835 222824.532, 3110454.453 222891.557)	43	1202	0	1295	false	1697	None
LINESTRING (3110454.453 222891.557, 3110450.24 222940.723)	43	1202	0	1296	false	1697	None
LINESTRING (3110450.24 222940.723, 3110446.417 222970.534)	43	1202	0	1297	false	1697	None
LINESTRING (3110446.417 222970.534, 3110439.328 223039.408)	43	1202	0	1298	false	1697	None
LINESTRING (3110439.328 223039.408, 3110431.152 223105.248)	43	1202	0	1299	false	1697	None
LINESTRING (3110431.152 223105.248, 3110426.031 223140.982)	43	1202	0	1300	false	1697	None
LINESTRING (3110426.031 223140.982, 3110423.462 223159.381)	43	1202	0	1301	false	1697	None
LINESTRING (3110423.462 223159.381, 3110421.668 223171.18)	43	1202	0	1302	false	1697	None
LINESTRING (3110421.668 223171.18, 3110412.492 223226.883)	43	1202	0	1303	false	1697	None
LINESTRING (3110412.492 223226.883, 3110408.868 223286.742)	43	1202	0	1304	false	1697	None
LINESTRING (3110408.868 223286.742, 3110410.925 223327.496)	43	1202	0	1305	false	1697	None
LINESTRING (3110410.925 223327.496, 3110419.69 223466.694)	43	1202	0	1306	false	1697	None
LINESTRING (3110419.69 223466.694, 3110423.162 223508.349)	43	1202	0	1307	false	1697	None
LINESTRING (3110423.162 223508.349, 3110425.194 223531.847)	43	1202	0	1308	false	1697	None
LINESTRING (3110425.194 223531.847, 3110427.917 223563.224)	43	1202	0	1309	false	1697	None
LINESTRING (3110427.917 223563.224, 3110435.922 223657.528)	43	1202	0	1310	false	1697	None
LINESTRING (3110435.922 223657.528, 3110436.886 223669.793)	43	1202	0	1311	false	1697	None
LINESTRING (3110436.886 223669.793, 3110437.428 223689.269)	43	1202	0	1312	false	1697	None
LINESTRING (3110437.428 223689.269, 3110441.646 223724.908)	43	1202	0	1313	false	1697	None
LINESTRING (3110441.646 223724.908, 3110444.041 223745.929)	43	1202	0	1314	false	1697	None
LINESTRING (3110444.041 223745.929, 3110445.353 223778.429)	43	1202	0	1315	false	1697	None
LINESTRING (3110445.353 223778.429, 3110446.772 223815.488)	43	1202	0	1316	false	1697	None
LINESTRING (3110446.772 223815.488, 3110448.497 223833.16)	43	1202	0	1317	false	1697	None
LINESTRING (3110448.497 223833.16, 3110449.2 223839.734)	43	1202	0	1318	false	1697	None
LINESTRING (3110449.2 223839.734, 3110451.832 223869.054)	43	1202	0	1319	false	1697	None
LINESTRING (3110451.832 223869.054, 3110456.662 223910.994)	43	1202	0	1320	false	1697	None
LINESTRING (3110456.662 223910.994, 3110461.572 223974.374)	43	1202	0	1321	false	1697	None
LINESTRING (3110461.572 223974.374, 3110472.087 224112.82)	43	1202	0	1322	false	1697	None
LINESTRING (3110472.087 224112.82, 3110478.3 224147.085)	43	1202	0	1323	false	1697	None
LINESTRING (3110478.3 224147.085, 3110488.072 224170.825)	43	1202	0	1324	false	1697	None
LINESTRING (3110488.072 224170.825, 3110497.823 224184.685)	43	1202	0	1325	false	1697	None
LINESTRING (3110497.823 224184.685, 3110548.589 224249.524)	43	1202	0	1326	false	1697	None
LINESTRING (3110548.589 224249.524, 3110551.95 224254.028)	43	1202	0	1327	false	1697	None
LINESTRING (3110551.95 224254.028, 3110608.581 224331.114)	43	1202	0	1328	false	1697	None
LINESTRING (3110608.581 224331.114, 3110608.164 224336.782)	43	1202	0	1329	false	1697	None
LINESTRING (3110608.164 224336.782, 3110606.998 224353.818)	43	1202	0	1330	false	1697	None
LINESTRING (3110606.998 224353.818, 3110606.456 224359.557)	43	1202	0	1331	false	1697	None
LINESTRING (3110606.456 224359.557, 3110605.182 224377.384)	43	1202	0	1332	false	1697	None
LINESTRING (3110605.182 224377.384, 3110596.562 224404.637)	43	1202	0	1333	false	1697	None
LINESTRING (3110596.562 224404.637, 3110579.569 224451.625)	43	1202	0	1334	false	1697	None
LINESTRING (3110579.569 224451.625, 3110562.484 224498.341)	43	1202	0	1335	false	1697	None
LINESTRING (3110562.484 224498.341, 3110535.954 224593.045)	43	1202	0	1336	false	1697	None
LINESTRING (3110535.954 224593.045, 3110509.361 224701.403)	43	1202	0	1337	false	1697	None
LINESTRING (3110509.361 224701.403, 3110504.919 224719.32)	43	1202	0	1338	false	1697	None
LINESTRING (3110504.919 224719.32, 3110500.996 224730.538)	43	1202	0	1339	false	1697	None
LINESTRING (3110500.996 224730.538, 3110496.715 224742.689)	43	1202	0	1340	false	1697	None
LINESTRING (3110496.715 224742.689, 3110484.637 224786.572)	43	1202	0	1341	false	1697	None
LINESTRING (3110484.637 224786.572, 3110473.448 224823.304)	43	1202	0	1342	false	1697	None
LINESTRING (3110473.448 224823.304, 3110453.826 224888.075)	43	1202	0	1343	false	1697	None
LINESTRING (3110453.826 224888.075, 3110440.302 224984.094)	43	1202	0	1344	false	1697	None
LINESTRING (3110440.302 224984.094, 3110432.973 225059.421)	43	1202	0	1345	false	1697	N:3110434.2208185117 225046.596
LINESTRING (3112636.592 217643.875, 3112304.738 217514.141)	43	315	0	131	false	449	E:3112314.717 217518.04216010668
LINESTRING (3112304.738 217514.141, 3112290.65 217508.724)	43	315	0	132	false	449	None
LINESTRING (3112290.65 217508.724, 3112258.631 217496.414)	43	315	0	133	false	449	None
LINESTRING (3112258.631 217496.414, 3112254.192 217508.979)	43	315	0	134	false	449	None
LINESTRING (3112254.192 217508.979, 3112248.046 217526.24)	43	315	0	135	false	449	None
LINESTRING (3112248.046 217526.24, 3112112.497 217888.243)	43	315	0	136	false	449	None
LINESTRING (3112112.497 217888.243, 3112101.315 217917.839)	43	315	0	137	false	449	None
LINESTRING (3112101.315 217917.839, 3112095.163 217933.075)	43	315	0	138	false	449	None
LINESTRING (3112095.163 217933.075, 3111703.89 218973.743)	43	315	0	139	false	449	None
LINESTRING (3111703.89 218973.743, 3111567.701 219335.623)	43	315	0	140	false	449	None
LINESTRING (3111567.701 219335.623, 3111566.591 219338.765)	43	315	0	141	false	449	None
LINESTRING (3111566.591 219338.765, 3111563.137 219348.259)	43	315	0	142	false	449	None
LINESTRING (3111563.137 219348.259, 3111561.902 219351.472)	43	315	0	143	false	449	None
LINESTRING (3111561.902 219351.472, 3111524.751 219450.65)	43	315	0	144	false	449	None
LINESTRING (3111524.751 219450.65, 3111412.925 219748.399)	43	315	0	145	false	449	None
LINESTRING (3111412.925 219748.399, 3111375.649 219847.648)	43	315	0	146	false	449	None
LINESTRING (3111375.649 219847.648, 3111359.896 219889.641)	43	315	0	147	false	449	None
LINESTRING (3111359.896 219889.641, 3111312.223 220015.935)	43	315	0	148	false	449	None
LINESTRING (3111312.223 220015.935, 3111296.345 220057.998)	43	315	0	149	false	449	None
LINESTRING (3111296.345 220057.998, 3111241.769 220203.522)	43	315	0	150	false	449	None
LINESTRING (3111241.769 220203.522, 3111077.578 220640.273)	43	315	0	151	false	449	None
LINESTRING (3111077.578 220640.273, 3111022.876 220785.869)	43	315	0	152	false	449	None
LINESTRING (3111022.876 220785.869, 3110981.969 220894.308)	43	315	0	153	false	449	None
LINESTRING (3110981.969 220894.308, 3110934.626 221013.118)	43	315	0	154	false	449	None
LINESTRING (3110934.626 221013.118, 3110663.394 221692.617)	43	315	0	155	false	449	None
LINESTRING (3110663.394 221692.617, 3110572.885 221919.119)	43	315	0	156	false	449	None
LINESTRING (3110572.885 221919.119, 3110441.309 222249.126)	43	315	0	157	false	449	None
LINESTRING (3110441.309 222249.126, 3110388.736 222381.031)	43	315	0	158	false	449	None
LINESTRING (3110388.736 222381.031, 3109975.588 223416.427)	43	315	0	159	false	449	None
LINESTRING (3109975.588 223416.427, 3109947.002 223487.979)	43	315	0	160	false	449	None
LINESTRING (3109947.002 223487.979, 3109945.045 223492.816)	43	315	0	161	false	449	None
LINESTRING (3109945.045 223492.816, 3109887.48 223637.196)	43	315	0	162	false	449	None
LINESTRING (3109887.48 223637.196, 3109880.685 223653.851)	43	315	0	163	false	449	None
LINESTRING (3109880.685 223653.851, 3109878.694 223659.032)	43	315	0	164	false	449	None
LINESTRING (3109878.694 223659.032, 3109815.683 223816.304)	43	315	0	165	false	449	None
LINESTRING (3109815.683 223816.304, 3109802.184 223849.888)	43	315	0	166	false	449	None
LINESTRING (3109802.184 223849.888, 3109623.954 224297.433)	43	315	0	167	false	449	None
LINESTRING (3109623.954 224297.433, 3109592.516 224378.95)	43	315	0	168	false	449	None
LINESTRING (3109592.516 224378.95, 3109592.198 224379.779)	43	315	0	169	false	449	None
LINESTRING (3109592.198 224379.779, 3109591.162 224382.473)	43	315	0	170	false	449	None
LINESTRING (3109591.162 224382.473, 3109590.718 224383.373)	43	315	0	171	false	449	None
LINESTRING (3109590.718 224383.373, 3109570.72 224433.607)	43	315	0	172	false	449	None
LINESTRING (3109570.72 224433.607, 3109510.64 224584.277)	43	315	0	173	false	449	None
LINESTRING (3109510.64 224584.277, 3109490.517 224634.582)	43	315	0	174	false	449	None
LINESTRING (3109490.517 224634.582, 3109467.548 224691.523)	43	315	0	175	false	449	None
LINESTRING (3109467.548 224691.523, 3109398.562 224862.557)	43	315	0	176	false	449	None
LINESTRING (3109398.562 224862.557, 3109375.469 224919.57)	43	315	0	177	false	449	None
LINESTRING (3109375.469 224919.57, 3109329.582 225037.398)	43	315	0	178	false	449	None
LINESTRING (3109329.582 225037.398, 3109241.831 225262.59)	43	315	0	179	false	449	N:3109325.997797639 225046.596
LINESTRING (3107597.237 225127.042, 3107351.673 225028.527)	43	315	0	205	false	449	N:3107396.7128001926 225046.596
LINESTRING (3107351.673 225028.527, 3107286.261 225002.325)	43	315	0	206	false	449	None
LINESTRING (3107286.261 225002.325, 3106812.576 224812.384)	43	315	0	207	false	449	None
LINESTRING (3106812.576 224812.384, 3106392.318 224649.773)	43	315	0	208	false	449	None
LINESTRING (3106392.318 224649.773, 3106110.949 224539.215)	43	315	0	209	false	449	None
LINESTRING (3106110.949 224539.215, 3106056.982 224518.134)	43	315	0	210	false	449	None
LINESTRING (3106056.982 224518.134, 3105894.834 224455.272)	43	315	0	211	false	449	None
LINESTRING (3105894.834 224455.272, 3105840.74 224434.263)	43	315	0	212	false	449	None
LINESTRING (3105840.74 224434.263, 3105628.257 224352.079)	43	315	0	213	false	449	None
LINESTRING (3105628.257 224352.079, 3105611.49 224345.522)	43	315	0	214	false	449	None
LINESTRING (3105611.49 224345.522, 3105009.351 224112.804)	43	315	0	215	false	449	None
LINESTRING (3105009.351 224112.804, 3104990.496 224105.566)	43	315	0	216	false	449	None
LINESTRING (3104990.496 224105.566, 3104777.282 224025.03)	43	315	0	217	false	449	None
LINESTRING (3104777.282 224025.03, 3104687.689 223991.949)	43	315	0	218	false	449	None
LINESTRING (3104687.689 223991.949, 3104418.783 223892.783)	43	315	0	219	false	449	None
LINESTRING (3104418.783 223892.783, 3104329.064 223859.777)	43	315	0	220	false	449	None
LINESTRING (3104329.064 223859.777, 3104333.172 223849.582)	43	315	0	221	false	449	None
LINESTRING (3104333.172 223849.582, 3104374.347 223740.765)	43	315	0	222	false	449	None
LINESTRING (3104374.347 223740.765, 3104392.143 223709.186)	43	315	0	223	false	449	None
LINESTRING (3104392.143 223709.186, 3104434.075 223621.35)	43	315	0	224	false	449	None
LINESTRING (3104434.075 223621.35, 3104484.935 223493.419)	43	315	0	225	false	449	None
LINESTRING (3104484.935 223493.419, 3104513.905 223422.013)	43	315	0	226	false	449	None
LINESTRING (3104513.905 223422.013, 3104553.148 223334.81)	43	315	0	227	false	449	None
LINESTRING (3104553.148 223334.81, 3104568.341 223307.465)	43	315	0	228	false	449	None
LINESTRING (3104568.341 223307.465, 3104573.714 223300.608)	43	315	0	229	false	449	None
LINESTRING (3104573.714 223300.608, 3104581.02 223295.089)	43	315	0	230	false	449	None
LINESTRING (3104581.02 223295.089, 3104591.989 223288.953)	43	315	0	231	false	449	None
LINESTRING (3104591.989 223288.953, 3104667.363 223229.53)	43	315	0	232	false	449	None
LINESTRING (3104667.363 223229.53, 3104732.169 223182.341)	43	315	0	233	false	449	None
LINESTRING (3104732.169 223182.341, 3104751.598 223165.897)	43	315	0	234	false	449	None
LINESTRING (3104751.598 223165.897, 3104729.286 223152.102)	43	315	0	235	false	449	None
LINESTRING (3104729.286 223152.102, 3104676.566 223128.776)	43	315	0	236	false	449	None
LINESTRING (3104676.566 223128.776, 3104491.833 223052.53)	43	315	0	237	false	449	None
LINESTRING (3104491.833 223052.53, 3104472.834 223044.644)	43	315	0	238	false	449	None
LINESTRING (3104472.834 223044.644, 3104419.801 223024.174)	43	315	0	239	false	449	None
LINESTRING (3104419.801 223024.174, 3104407.906 223019.966)	43	315	0	240	false	449	None
LINESTRING (3104407.906 223019.966, 3104361.267 223003.495)	43	315	0	241	false	449	None
LINESTRING (3104361.267 223003.495, 3104334.635 222996.367)	43	315	0	242	false	449	None
LINESTRING (3104334.635 222996.367, 3104307.526 222992.267)	43	315	0	243	false	449	None
LINESTRING (3104307.526 222992.267, 3104261.751 222987.067)	43	315	0	244	false	449	None
LINESTRING (3104261.751 222987.067, 3104224.354 222984.014)	43	315	0	245	false	449	None
LINESTRING (3104224.354 222984.014, 3104192.679 222983.393)	43	315	0	246	false	449	None
LINESTRING (3104192.679 222983.393, 3104171.465 222985.36)	43	315	0	247	false	449	None
LINESTRING (3104171.465 222985.36, 3104138.327 222992.383)	43	315	0	248	false	449	None
LINESTRING (3104138.327 222992.383, 3104104.363 222998.495)	43	315	0	249	false	449	None
LINESTRING (3104104.363 222998.495, 3104094.678 223000.011)	43	315	0	250	false	449	None
LINESTRING (3104094.678 223000.011, 3104066.89 223004.569)	43	315	0	251	false	449	None
LINESTRING (3104066.89 223004.569, 3104041.503 223008.74)	43	315	0	252	false	449	None
LINESTRING (3104041.503 223008.74, 3104002.864 223013.772)	43	315	0	253	false	449	None
LINESTRING (3104002.864 223013.772, 3103976.083 223018.003)	43	315	0	254	false	449	None
LINESTRING (3103976.083 223018.003, 3103966.716 223018.689)	43	315	0	255	false	449	None
LINESTRING (3103966.716 223018.689, 3103926.807 223020.142)	43	315	0	256	false	449	None
LINESTRING (3103926.807 223020.142, 3103889.708 223020.652)	43	315	0	257	false	449	None
LINESTRING (3103889.708 223020.652, 3103839.339 223019.519)	43	315	0	258	false	449	None
LINESTRING (3103839.339 223019.519, 3103801.215 223019.637)	43	315	0	259	false	449	None
LINESTRING (3103801.215 223019.637, 3103745.648 223018.532)	43	315	0	260	false	449	W:3103759.05 223018.79851087875
LINESTRING (3103155.079 221491.431, 3103765.243 219893.331)	43	315	0	306	false	449	W:3103759.05 219909.55128389082
LINESTRING (3103765.243 219893.331, 3104305.112 218464.475)	43	315	0	307	false	449	None
LINESTRING (3104305.112 218464.475, 3105015.56 216594.925)	43	315	0	308	false	449	S:3104785.3027220713 217200.849
LINESTRING (3103745.648 223018.532, 3103801.215 223019.637)	43	323	0	537	false	977	W:3103759.05 223018.79851087875
LINESTRING (3103801.215 223019.637, 3103839.339 223019.519)	43	323	0	538	false	977	None
LINESTRING (3103839.339 223019.519, 3103889.708 223020.652)	43	323	0	539	false	977	None
LINESTRING (3103889.708 223020.652, 3103926.807 223020.142)	43	323	0	540	false	977	None
LINESTRING (3103926.807 223020.142, 3103966.716 223018.689)	43	323	0	541	false	977	None
LINESTRING (3103966.716 223018.689, 3103976.083 223018.003)	43	323	0	542	false	977	None
LINESTRING (3103976.083 223018.003, 3104002.864 223013.772)	43	323	0	543	false	977	None
LINESTRING (3104002.864 223013.772, 3104041.503 223008.74)	43	323	0	544	false	977	None
LINESTRING (3104041.503 223008.74, 3104066.89 223004.569)	43	323	0	545	false	977	None
LINESTRING (3104066.89 223004.569, 3104094.678 223000.011)	43	323	0	546	false	977	None
LINESTRING (3104094.678 223000.011, 3104104.363 222998.495)	43	323	0	547	false	977	None
LINESTRING (3104104.363 222998.495, 3104138.327 222992.383)	43	323	0	548	false	977	None
LINESTRING (3104138.327 222992.383, 3104171.465 222985.36)	43	323	0	549	false	977	None
LINESTRING (3104171.465 222985.36, 3104192.679 222983.393)	43	323	0	550	false	977	None
LINESTRING (3104192.679 222983.393, 3104224.354 222984.014)	43	323	0	551	false	977	None
LINESTRING (3104224.354 222984.014, 3104261.751 222987.067)	43	323	0	552	false	977	None
LINESTRING (3104261.751 222987.067, 3104307.526 222992.267)	43	323	0	553	false	977	None
LINESTRING (3104307.526 222992.267, 3104334.635 222996.367)	43	323	0	554	false	977	None
LINESTRING (3104334.635 222996.367, 3104361.267 223003.495)	43	323	0	555	false	977	None
LINESTRING (3104361.267 223003.495, 3104407.906 223019.966)	43	323	0	556	false	977	None
LINESTRING (3104407.906 223019.966, 3104419.801 223024.174)	43	323	0	557	false	977	None
LINESTRING (3104419.801 223024.174, 3104472.834 223044.644)	43	323	0	558	false	977	None
LINESTRING (3104472.834 223044.644, 3104491.833 223052.53)	43	323	0	559	false	977	None
LINESTRING (3104491.833 223052.53, 3104676.566 223128.776)	43	323	0	560	false	977	None
LINESTRING (3104676.566 223128.776, 3104729.286 223152.102)	43	323	0	561	false	977	None
LINESTRING (3104729.286 223152.102, 3104751.598 223165.897)	43	323	0	562	false	977	None
LINESTRING (3104751.598 223165.897, 3104732.169 223182.341)	43	323	0	563	false	977	None
LINESTRING (3104732.169 223182.341, 3104667.363 223229.53)	43	323	0	564	false	977	None
LINESTRING (3104667.363 223229.53, 3104591.989 223288.953)	43	323	0	565	false	977	None
LINESTRING (3104591.989 223288.953, 3104581.02 223295.089)	43	323	0	566	false	977	None
LINESTRING (3104581.02 223295.089, 3104573.714 223300.608)	43	323	0	567	false	977	None
LINESTRING (3104573.714 223300.608, 3104568.341 223307.465)	43	323	0	568	false	977	None
LINESTRING (3104568.341 223307.465, 3104553.148 223334.81)	43	323	0	569	false	977	None
LINESTRING (3104553.148 223334.81, 3104513.905 223422.013)	43	323	0	570	false	977	None
LINESTRING (3104513.905 223422.013, 3104484.935 223493.419)	43	323	0	571	false	977	None
LINESTRING (3104484.935 223493.419, 3104434.075 223621.35)	43	323	0	572	false	977	None
LINESTRING (3104434.075 223621.35, 3104392.143 223709.186)	43	323	0	573	false	977	None
LINESTRING (3104392.143 223709.186, 3104374.347 223740.765)	43	323	0	574	false	977	None
LINESTRING (3104374.347 223740.765, 3104333.172 223849.582)	43	323	0	575	false	977	None
LINESTRING (3104333.172 223849.582, 3104329.064 223859.777)	43	323	0	576	false	977	None
LINESTRING (3104329.064 223859.777, 3104250.6 223830.854)	43	323	0	577	false	977	None
LINESTRING (3104250.6 223830.854, 3104163.138 223798.598)	43	323	0	578	false	977	None
LINESTRING (3104163.138 223798.598, 3103989.664 223734.644)	43	323	0	579	false	977	None
LINESTRING (3103989.664 223734.644, 3103737.211 223641.579)	43	323	0	580	false	977	W:3103759.05 223649.62979177103
LINESTRING (3105015.56 216594.925, 3104305.112 218464.475)	43	324	0	937	false	1221	S:3104785.3027220713 217200.849
LINESTRING (3104305.112 218464.475, 3103765.243 219893.331)	43	324	0	938	false	1221	None
LINESTRING (3103765.243 219893.331, 3103155.079 221491.431)	43	324	0	939	false	1221	W:3103759.05 219909.55128389082
