LINESTRING (3155140.727 225863.723, 3154989.946 226081.922)	87	183	0	14	false	1074	E:3155093.051 225932.71614584728
LINESTRING (3154989.946 226081.922, 3154960.305 226110.035)	87	183	0	15	false	1074	None
LINESTRING (3154960.305 226110.035, 3154959.058 226111.216)	87	183	0	16	false	1074	None
LINESTRING (3154959.058 226111.216, 3154855.004 226209.908)	87	183	0	17	false	1074	None
LINESTRING (3154855.004 226209.908, 3154743.512 226293.664)	87	183	0	18	false	1074	None
LINESTRING (3154743.512 226293.664, 3154721.525 226303.673)	87	183	0	19	false	1074	None
LINESTRING (3154721.525 226303.673, 3154655.437 226333.773)	87	183	0	20	false	1074	None
LINESTRING (3154655.437 226333.773, 3154633.324 226343.853)	87	183	0	21	false	1074	None
LINESTRING (3154633.324 226343.853, 3154574.896 226387.068)	87	183	0	22	false	1074	None
LINESTRING (3154574.896 226387.068, 3154399.535 226516.924)	87	183	0	23	false	1074	None
LINESTRING (3154399.535 226516.924, 3154340.983 226560.211)	87	183	0	24	false	1074	None
LINESTRING (3154340.983 226560.211, 3154226.56 226647.475)	87	183	0	25	false	1074	None
LINESTRING (3154226.56 226647.475, 3153998.846 226821.135)	87	183	0	26	false	1074	None
LINESTRING (3153998.846 226821.135, 3153878.71 226899.381)	87	183	0	27	false	1074	None
LINESTRING (3153878.71 226899.381, 3153846.732 226920.15)	87	183	0	28	false	1074	None
LINESTRING (3153846.732 226920.15, 3153756.755 226968.697)	87	183	0	29	false	1074	None
LINESTRING (3153756.755 226968.697, 3153685.171 227003.091)	87	183	0	30	false	1074	None
LINESTRING (3153685.171 227003.091, 3153470.341 227106.483)	87	183	0	31	false	1074	None
LINESTRING (3153470.341 227106.483, 3153398.719 227140.983)	87	183	0	32	false	1074	None
LINESTRING (3153398.719 227140.983, 3153275.05 227208.92)	87	183	0	33	false	1074	None
LINESTRING (3153275.05 227208.92, 3153165.959 227268.961)	87	183	0	34	false	1074	None
LINESTRING (3153165.959 227268.961, 3153029.659 227366.527)	87	183	0	35	false	1074	None
LINESTRING (3153029.659 227366.527, 3152935.304 227475.209)	87	183	0	36	false	1074	None
LINESTRING (3152935.304 227475.209, 3152915.72 227497.715)	87	183	0	37	false	1074	None
LINESTRING (3152915.72 227497.715, 3152849.485 227600.802)	87	183	0	38	false	1074	None
LINESTRING (3152849.485 227600.802, 3152836.108 227600.589)	87	183	0	39	false	1074	None
LINESTRING (3152836.108 227600.589, 3152795.977 227599.953)	87	183	0	40	false	1074	None
LINESTRING (3152795.977 227599.953, 3152782.6 227599.74)	87	183	0	41	false	1074	None
LINESTRING (3152782.6 227599.74, 3152775.488 227599.588)	87	183	0	42	false	1074	None
LINESTRING (3152775.488 227599.588, 3152753.854 227599.135)	87	183	0	43	false	1074	None
LINESTRING (3152753.854 227599.135, 3152746.616 227599.053)	87	183	0	44	false	1074	None
LINESTRING (3152746.616 227599.053, 3152741.282 227594.59)	87	183	0	45	false	1074	None
LINESTRING (3152741.282 227594.59, 3152725.12 227581.616)	87	183	0	46	false	1074	None
LINESTRING (3152725.12 227581.616, 3152719.621 227577.327)	87	183	0	47	false	1074	None
LINESTRING (3152719.621 227577.327, 3152712.528 227571.582)	87	183	0	48	false	1074	None
LINESTRING (3152712.528 227571.582, 3152703.976 227564.792)	87	183	0	49	false	1074	None
LINESTRING (3152703.976 227564.792, 3152692.23 227552.587)	87	183	0	50	false	1074	None
LINESTRING (3152692.23 227552.587, 3152685.67 227545.978)	87	183	0	51	false	1074	None
LINESTRING (3152685.67 227545.978, 3152679.236 227539.299)	87	183	0	52	false	1074	None
LINESTRING (3152679.236 227539.299, 3152659.762 227519.195)	87	183	0	53	false	1074	None
LINESTRING (3152659.762 227519.195, 3152653.203 227512.587)	87	183	0	54	false	1074	None
LINESTRING (3152653.203 227512.587, 3152603.042 227564.633)	87	183	0	55	false	1074	None
LINESTRING (3152603.042 227564.633, 3152560.142 227609.146)	87	183	0	56	false	1074	None
LINESTRING (3152560.142 227609.146, 3152471.411 227704.177)	87	183	0	57	false	1074	None
LINESTRING (3152471.411 227704.177, 3152454.425 227723.05)	87	183	0	58	false	1074	None
LINESTRING (3152454.425 227723.05, 3152425.384 227755.453)	87	183	0	59	false	1074	None
LINESTRING (3152425.384 227755.453, 3152403.479 227773.838)	87	183	0	60	false	1074	None
LINESTRING (3152403.479 227773.838, 3152376.412 227796.645)	87	183	0	61	false	1074	None
LINESTRING (3152376.412 227796.645, 3152294.915 227865.069)	87	183	0	62	false	1074	None
LINESTRING (3152294.915 227865.069, 3152267.723 227887.946)	87	183	0	63	false	1074	None
LINESTRING (3152267.723 227887.946, 3152210.207 227918.301)	87	183	0	64	false	1074	None
LINESTRING (3152210.207 227918.301, 3152132.918 227959.057)	87	183	0	65	false	1074	None
LINESTRING (3152132.918 227959.057, 3152036.6 227991.68)	87	183	0	66	false	1074	None
LINESTRING (3152036.6 227991.68, 3152033.567 227992.404)	87	183	0	67	false	1074	None
LINESTRING (3152033.567 227992.404, 3151973.059 228008.011)	87	183	0	68	false	1074	None
LINESTRING (3151973.059 228008.011, 3151916.172 228022.648)	87	183	0	69	false	1074	None
LINESTRING (3151916.172 228022.648, 3151893.938 228028.277)	87	183	0	70	false	1074	None
LINESTRING (3151893.938 228028.277, 3151751.139 228064.226)	87	183	0	71	false	1074	None
LINESTRING (3151751.139 228064.226, 3151656.15 228086.648)	87	183	0	72	false	1074	None
LINESTRING (3151656.15 228086.648, 3151641.323 228090.161)	87	183	0	73	false	1074	None
LINESTRING (3151641.323 228090.161, 3151576.86 228106.85)	87	183	0	74	false	1074	None
LINESTRING (3151576.86 228106.85, 3151519.513 228121.667)	87	183	0	75	false	1074	None
LINESTRING (3151519.513 228121.667, 3151509.199 228124.437)	87	183	0	76	false	1074	None
LINESTRING (3151509.199 228124.437, 3151449.897 228140.994)	87	183	0	77	false	1074	None
LINESTRING (3151449.897 228140.994, 3151370.602 228171.799)	87	183	0	78	false	1074	None
LINESTRING (3151370.602 228171.799, 3151349.736 228182.49)	87	183	0	79	false	1074	None
LINESTRING (3151349.736 228182.49, 3151294.723 228210.727)	87	183	0	80	false	1074	None
LINESTRING (3151294.723 228210.727, 3151277.632 228224.081)	87	183	0	81	false	1074	None
LINESTRING (3151277.632 228224.081, 3151226.194 228264.316)	87	183	0	82	false	1074	None
LINESTRING (3151226.194 228264.316, 3151208.978 228277.74)	87	183	0	83	false	1074	None
LINESTRING (3151208.978 228277.74, 3151160.976 228329.321)	87	183	0	84	false	1074	None
LINESTRING (3151160.976 228329.321, 3151016.715 228483.969)	87	183	0	85	false	1074	None
LINESTRING (3151016.715 228483.969, 3150968.504 228535.589)	87	183	0	86	false	1074	None
LINESTRING (3150968.504 228535.589, 3150908.627 228601.01)	87	183	0	87	false	1074	None
LINESTRING (3150908.627 228601.01, 3150728.624 228797.485)	87	183	0	88	false	1074	None
LINESTRING (3150728.624 228797.485, 3150668.538 228862.945)	87	183	0	89	false	1074	None
LINESTRING (3150668.538 228862.945, 3150649.435 228883.735)	87	183	0	90	false	1074	None
LINESTRING (3150649.435 228883.735, 3150633.855 228900.776)	87	183	0	91	false	1074	None
LINESTRING (3150633.855 228900.776, 3150590.962 228945.058)	87	183	0	92	false	1074	None
LINESTRING (3150590.962 228945.058, 3150571.258 228965.376)	87	183	0	93	false	1074	None
LINESTRING (3150571.258 228965.376, 3150540.84 228959.001)	87	183	0	94	false	1074	None
LINESTRING (3150540.84 228959.001, 3150503.073 228951.073)	87	183	0	95	false	1074	None
LINESTRING (3150503.073 228951.073, 3150448.598 228943.424)	87	183	0	96	false	1074	None
LINESTRING (3150448.598 228943.424, 3150417.545 228939.185)	87	183	0	97	false	1074	None
LINESTRING (3150417.545 228939.185, 3150387.499 228938.913)	87	183	0	98	false	1074	None
LINESTRING (3150387.499 228938.913, 3150362.236 228938.718)	87	183	0	99	false	1074	None
LINESTRING (3150362.236 228938.718, 3150300.962 228927.348)	87	183	0	100	false	1074	None
LINESTRING (3150300.962 228927.348, 3150299.508 228926.543)	87	183	0	101	false	1074	None
LINESTRING (3150299.508 228926.543, 3150272.778 228913.982)	87	183	0	102	false	1074	None
LINESTRING (3150272.778 228913.982, 3150254.584 228905.224)	87	183	0	103	false	1074	None
LINESTRING (3150254.584 228905.224, 3150233.276 228895.133)	87	183	0	104	false	1074	None
LINESTRING (3150233.276 228895.133, 3150200.769 228876.985)	87	183	0	105	false	1074	None
LINESTRING (3150200.769 228876.985, 3150198.417 228875.711)	87	183	0	106	false	1074	None
LINESTRING (3150198.417 228875.711, 3150181.925 228869.641)	87	183	0	107	false	1074	None
LINESTRING (3150181.925 228869.641, 3150150.084 228868.432)	87	183	0	108	false	1074	None
LINESTRING (3150150.084 228868.432, 3150127.898 228867.65)	87	183	0	109	false	1074	None
LINESTRING (3150127.898 228867.65, 3150067.131 228862.794)	87	183	0	110	false	1074	None
LINESTRING (3150067.131 228862.794, 3150054.605 228862.678)	87	183	0	111	false	1074	None
LINESTRING (3150054.605 228862.678, 3150022.487 228862.434)	87	183	0	112	false	1074	None
LINESTRING (3150022.487 228862.434, 3150006.067 228862.23)	87	183	0	113	false	1074	None
LINESTRING (3150006.067 228862.23, 3150004.757 228862.316)	87	183	0	114	false	1074	None
LINESTRING (3150004.757 228862.316, 3149956.569 228875.586)	87	183	0	115	false	1074	None
LINESTRING (3149956.569 228875.586, 3149949.626 228877.527)	87	183	0	116	false	1074	None
LINESTRING (3149949.626 228877.527, 3149940.095 228881.319)	87	183	0	117	false	1074	None
LINESTRING (3149940.095 228881.319, 3149921.325 228888.658)	87	183	0	118	false	1074	None
LINESTRING (3149921.325 228888.658, 3149864.763 228910.818)	87	183	0	119	false	1074	None
LINESTRING (3149864.763 228910.818, 3149856.533 228914.045)	87	183	0	120	false	1074	None
LINESTRING (3149856.533 228914.045, 3149845.873 228918.468)	87	183	0	121	false	1074	None
LINESTRING (3149845.873 228918.468, 3149826.188 228926.643)	87	183	0	122	false	1074	None
LINESTRING (3149826.188 228926.643, 3149772.387 228949.283)	87	183	0	123	false	1074	None
LINESTRING (3149772.387 228949.283, 3149767.059 228951.615)	87	183	0	124	false	1074	None
LINESTRING (3149767.059 228951.615, 3149747.294 228959.997)	87	183	0	125	false	1074	None
LINESTRING (3149747.294 228959.997, 3149737.602 228964.203)	87	183	0	126	false	1074	None
LINESTRING (3149737.602 228964.203, 3149708.356 228976.754)	87	183	0	127	false	1074	None
LINESTRING (3149708.356 228976.754, 3149698.579 228980.926)	87	183	0	128	false	1074	None
LINESTRING (3149698.579 228980.926, 3149692.663 228983.506)	87	183	0	129	false	1074	None
LINESTRING (3149692.663 228983.506, 3149676.509 228990.436)	87	183	0	130	false	1074	None
LINESTRING (3149676.509 228990.436, 3149674.787 228991.075)	87	183	0	131	false	1074	None
LINESTRING (3149674.787 228991.075, 3149668.651 228993.212)	87	183	0	132	false	1074	None
LINESTRING (3149668.651 228993.212, 3149651.424 228999.366)	87	183	0	133	false	1074	None
LINESTRING (3149651.424 228999.366, 3149599.531 229017.866)	87	183	0	134	false	1074	None
LINESTRING (3149599.531 229017.866, 3149583.228 229023.666)	87	183	0	135	false	1074	None
LINESTRING (3149583.228 229023.666, 3149582.179 229024.091)	87	183	0	136	false	1074	None
LINESTRING (3149582.179 229024.091, 3149510.212 229056.81)	87	183	0	137	false	1074	None
LINESTRING (3149510.212 229056.81, 3149479.64 229070.751)	87	183	0	138	false	1074	None
LINESTRING (3149479.64 229070.751, 3149378.194 229112.595)	87	183	0	139	false	1074	None
LINESTRING (3149378.194 229112.595, 3149291.062 229139.883)	87	183	0	140	false	1074	None
LINESTRING (3149291.062 229139.883, 3149279.54 229143.495)	87	183	0	141	false	1074	None
LINESTRING (3149279.54 229143.495, 3149216.677 229156.889)	87	183	0	142	false	1074	None
LINESTRING (3149216.677 229156.889, 3149213.474 229157.547)	87	183	0	143	false	1074	None
LINESTRING (3149213.474 229157.547, 3149150.495 229154.099)	87	183	0	144	false	1074	None
LINESTRING (3149150.495 229154.099, 3149089.712 229141.737)	87	183	0	145	false	1074	None
LINESTRING (3149089.712 229141.737, 3149071.025 229138.031)	87	183	0	146	false	1074	None
LINESTRING (3149071.025 229138.031, 3148986.198 229122.856)	87	183	0	147	false	1074	None
LINESTRING (3148986.198 229122.856, 3148941.696 229116.599)	87	183	0	148	false	1074	None
LINESTRING (3148941.696 229116.599, 3148895.079 229114.761)	87	183	0	149	false	1074	None
LINESTRING (3148895.079 229114.761, 3148832.122 229121.092)	87	183	0	150	false	1074	None
LINESTRING (3148832.122 229121.092, 3148826.421 229121.611)	87	183	0	151	false	1074	None
LINESTRING (3148826.421 229121.611, 3148808.94 229123.379)	87	183	0	152	false	1074	None
LINESTRING (3148808.94 229123.379, 3148804.338 229123.85)	87	183	0	153	false	1074	None
LINESTRING (3148804.338 229123.85, 3148803.068 229123.832)	87	183	0	154	false	1074	None
LINESTRING (3148803.068 229123.832, 3148791.481 229124.083)	87	183	0	155	false	1074	None
LINESTRING (3148791.481 229124.083, 3148756.463 229124.739)	87	183	0	156	false	1074	None
LINESTRING (3148756.463 229124.739, 3148744.665 229125.027)	87	183	0	157	false	1074	None
LINESTRING (3148744.665 229125.027, 3148738.447 229125.107)	87	183	0	158	false	1074	None
LINESTRING (3148738.447 229125.107, 3148730.174 229123.91)	87	183	0	159	false	1074	None
LINESTRING (3148730.174 229123.91, 3148686.981 229117.569)	87	183	0	160	false	1074	None
LINESTRING (3148686.981 229117.569, 3148672.557 229115.525)	87	183	0	161	false	1074	None
LINESTRING (3148672.557 229115.525, 3148666.15 229114.578)	87	183	0	162	false	1074	None
LINESTRING (3148666.15 229114.578, 3148646.634 229111.741)	87	183	0	163	false	1074	None
LINESTRING (3148646.634 229111.741, 3148640.101 229110.864)	87	183	0	164	false	1074	None
LINESTRING (3148640.101 229110.864, 3148598.283 229101.247)	87	183	0	165	false	1074	None
LINESTRING (3148598.283 229101.247, 3148527.529 229085.244)	87	183	0	166	false	1074	None
LINESTRING (3148527.529 229085.244, 3148475.223 229064.99)	87	183	0	167	false	1074	None
LINESTRING (3148475.223 229064.99, 3148435.28 229049.552)	87	183	0	168	false	1074	None
LINESTRING (3148435.28 229049.552, 3148418.313 229042.944)	87	183	0	169	false	1074	None
LINESTRING (3148418.313 229042.944, 3148407.633 229039.857)	87	183	0	170	false	1074	None
LINESTRING (3148407.633 229039.857, 3148322.849 229016.008)	87	183	0	171	false	1074	None
LINESTRING (3148322.849 229016.008, 3148294.517 229008.072)	87	183	0	172	false	1074	None
LINESTRING (3148294.517 229008.072, 3148269.035 229000.887)	87	183	0	173	false	1074	None
LINESTRING (3148269.035 229000.887, 3148192.502 228979.301)	87	183	0	174	false	1074	None
LINESTRING (3148192.502 228979.301, 3148166.935 228972.084)	87	183	0	175	false	1074	None
LINESTRING (3148166.935 228972.084, 3148133.968 228962.938)	87	183	0	176	false	1074	None
LINESTRING (3148133.968 228962.938, 3148034.946 228935.812)	87	183	0	177	false	1074	None
LINESTRING (3148034.946 228935.812, 3148001.898 228926.874)	87	183	0	178	false	1074	None
LINESTRING (3148001.898 228926.874, 3147974.839 228916.932)	87	183	0	179	false	1074	None
LINESTRING (3147974.839 228916.932, 3147923.964 228898.55)	87	183	0	180	false	1074	None
LINESTRING (3147923.964 228898.55, 3147894.295 228884.971)	87	183	0	181	false	1074	None
LINESTRING (3147894.295 228884.971, 3147872.398 228875.134)	87	183	0	182	false	1074	None
LINESTRING (3147872.398 228875.134, 3147868.448 228872.166)	87	183	0	183	false	1074	None
LINESTRING (3147868.448 228872.166, 3147844.881 228854.769)	87	183	0	184	false	1074	None
LINESTRING (3147844.881 228854.769, 3147795.303 228818.429)	87	183	0	185	false	1074	None
LINESTRING (3147795.303 228818.429, 3147774.298 228802.269)	87	183	0	186	false	1074	None
LINESTRING (3147774.298 228802.269, 3147750.892 228784.458)	87	183	0	187	false	1074	None
LINESTRING (3147750.892 228784.458, 3147724.347 228764.116)	87	183	0	188	false	1074	None
LINESTRING (3147724.347 228764.116, 3147689.259 228737.469)	87	183	0	189	false	1074	None
LINESTRING (3147689.259 228737.469, 3147648.116 228697.624)	87	183	0	190	false	1074	None
LINESTRING (3147648.116 228697.624, 3147623.667 228674.167)	87	183	0	191	false	1074	None
LINESTRING (3147623.667 228674.167, 3147563.192 228619.41)	87	183	0	192	false	1074	None
LINESTRING (3147563.192 228619.41, 3147562.505 228618.904)	87	183	0	193	false	1074	None
LINESTRING (3147562.505 228618.904, 3147514.46 228591.74)	87	183	0	194	false	1074	None
LINESTRING (3147514.46 228591.74, 3147380.805 228535.534)	87	183	0	195	false	1074	None
LINESTRING (3147380.805 228535.534, 3147378.798 228534.633)	87	183	0	196	false	1074	None
LINESTRING (3147378.798 228534.633, 3147341.572 228519.783)	87	183	0	197	false	1074	None
LINESTRING (3147341.572 228519.783, 3147266.561 228489.746)	87	183	0	198	false	1074	None
LINESTRING (3147266.561 228489.746, 3147239.792 228479.563)	87	183	0	199	false	1074	None
LINESTRING (3147239.792 228479.563, 3147159.362 228449.323)	87	183	0	200	false	1074	None
LINESTRING (3147159.362 228449.323, 3147132.466 228439.211)	87	183	0	201	false	1074	None
LINESTRING (3147132.466 228439.211, 3147023.596 228397.782)	87	183	0	202	false	1074	None
LINESTRING (3147023.596 228397.782, 3146953.774 228371.317)	87	183	0	203	false	1074	None
LINESTRING (3146953.774 228371.317, 3146697.294 228272.198)	87	183	0	204	false	1074	None
LINESTRING (3146697.294 228272.198, 3146613.819 228239.945)	87	183	0	205	false	1074	None
LINESTRING (3146613.819 228239.945, 3146588.659 228229.915)	87	183	0	206	false	1074	None
LINESTRING (3146588.659 228229.915, 3146573.987 228223.966)	87	183	0	207	false	1074	None
LINESTRING (3146573.987 228223.966, 3146529.511 228206.298)	87	183	0	208	false	1074	W:3146537.384 228209.4255331415
LINESTRING (3146505.668 225689.066, 3146542.094 225622.959)	87	183	0	287	false	1074	W:3146537.384 225631.50684961287
LINESTRING (3146542.094 225622.959, 3146568.314 225575.511)	87	183	0	288	false	1074	None
LINESTRING (3146568.314 225575.511, 3146606.517 225515.693)	87	183	0	289	false	1074	None
LINESTRING (3146606.517 225515.693, 3146611.111 225508.428)	87	183	0	290	false	1074	None
LINESTRING (3146611.111 225508.428, 3146649.955 225451.003)	87	183	0	291	false	1074	None
LINESTRING (3146649.955 225451.003, 3146691.891 225397.997)	87	183	0	292	false	1074	None
LINESTRING (3146691.891 225397.997, 3146735.974 225342.254)	87	183	0	293	false	1074	None
LINESTRING (3146735.974 225342.254, 3146779.155 225290.09)	87	183	0	294	false	1074	None
LINESTRING (3146779.155 225290.09, 3146820.565 225242.478)	87	183	0	295	false	1074	None
LINESTRING (3146820.565 225242.478, 3146849.026 225209.72)	87	183	0	296	false	1074	None
LINESTRING (3146849.026 225209.72, 3146864.669 225191.984)	87	183	0	297	false	1074	None
LINESTRING (3146864.669 225191.984, 3146920.621 225128.71)	87	183	0	298	false	1074	None
LINESTRING (3146920.621 225128.71, 3147088.309 224938.823)	87	183	0	299	false	1074	S:3146993.135350282 225046.596
LINESTRING (3148427.592 232975.027, 3148514.852 232874.282)	87	184	0	60	false	1125	N:3148499.2085153605 232892.343
LINESTRING (3148514.852 232874.282, 3148659.7 232708.887)	87	184	0	61	false	1125	None
LINESTRING (3148659.7 232708.887, 3149073.985 232236.028)	87	184	0	62	false	1125	None
LINESTRING (3149073.985 232236.028, 3149092.759 232211.533)	87	184	0	63	false	1125	None
LINESTRING (3149092.759 232211.533, 3149160.551 232122.982)	87	184	0	64	false	1125	None
LINESTRING (3149160.551 232122.982, 3149211.68 232023.528)	87	184	0	65	false	1125	None
LINESTRING (3149211.68 232023.528, 3149285.217 231899.329)	87	184	0	66	false	1125	None
LINESTRING (3149285.217 231899.329, 3149444.167 231630.54)	87	184	0	67	false	1125	None
LINESTRING (3149444.167 231630.54, 3149449.983 231620.654)	87	184	0	68	false	1125	None
LINESTRING (3149449.983 231620.654, 3149505.575 231526.634)	87	184	0	69	false	1125	None
LINESTRING (3149505.575 231526.634, 3149579.029 231402.404)	87	184	0	70	false	1125	None
LINESTRING (3149579.029 231402.404, 3149590.75 231378.378)	87	184	0	71	false	1125	None
LINESTRING (3149590.75 231378.378, 3149625.655 231306.2)	87	184	0	72	false	1125	None
LINESTRING (3149625.655 231306.2, 3149637.25 231282.244)	87	184	0	73	false	1125	None
LINESTRING (3149637.25 231282.244, 3149643.101 231269.751)	87	184	0	74	false	1125	None
LINESTRING (3149643.101 231269.751, 3149655.453 231245.614)	87	184	0	75	false	1125	None
LINESTRING (3149655.453 231245.614, 3149711.177 231136.396)	87	184	0	76	false	1125	None
LINESTRING (3149711.177 231136.396, 3149729.682 231100.002)	87	184	0	77	false	1125	None
LINESTRING (3149729.682 231100.002, 3149742.136 231072.33)	87	184	0	78	false	1125	None
LINESTRING (3149742.136 231072.33, 3149779.412 230989.282)	87	184	0	79	false	1125	None
LINESTRING (3149779.412 230989.282, 3149791.741 230961.681)	87	184	0	80	false	1125	None
LINESTRING (3149791.741 230961.681, 3149809.078 230930.551)	87	184	0	81	false	1125	None
LINESTRING (3149809.078 230930.551, 3149860.797 230837.405)	87	184	0	82	false	1125	None
LINESTRING (3149860.797 230837.405, 3149878.008 230806.345)	87	184	0	83	false	1125	None
LINESTRING (3149878.008 230806.345, 3149892.558 230779.848)	87	184	0	84	false	1125	None
LINESTRING (3149892.558 230779.848, 3149936.036 230700.289)	87	184	0	85	false	1125	None
LINESTRING (3149936.036 230700.289, 3149950.46 230673.862)	87	184	0	86	false	1125	None
LINESTRING (3149950.46 230673.862, 3149966.3 230644.055)	87	184	0	87	false	1125	None
LINESTRING (3149966.3 230644.055, 3150024.536 230555.356)	87	184	0	88	false	1125	None
LINESTRING (3150024.536 230555.356, 3150058.973 230502.774)	87	184	0	89	false	1125	None
LINESTRING (3150058.973 230502.774, 3150188.199 230379.076)	87	184	0	90	false	1125	None
LINESTRING (3150188.199 230379.076, 3150319.669 230283.894)	87	184	0	91	false	1125	None
LINESTRING (3150319.669 230283.894, 3150364.437 230251.423)	87	184	0	92	false	1125	None
LINESTRING (3150364.437 230251.423, 3150424.848 230203.008)	87	184	0	93	false	1125	None
LINESTRING (3150424.848 230203.008, 3150508.529 230132.688)	87	184	0	94	false	1125	None
LINESTRING (3150508.529 230132.688, 3150556.99 230092.006)	87	184	0	95	false	1125	None
LINESTRING (3150556.99 230092.006, 3150763.933 229930.457)	87	184	0	96	false	1125	None
LINESTRING (3150763.933 229930.457, 3150849.378 229863.685)	87	184	0	97	false	1125	None
LINESTRING (3150849.378 229863.685, 3151003.4 229748.23)	87	184	0	98	false	1125	None
LINESTRING (3151003.4 229748.23, 3151019.875 229735.947)	87	184	0	99	false	1125	None
LINESTRING (3151019.875 229735.947, 3151182.116 229614.284)	87	184	0	100	false	1125	None
LINESTRING (3151182.116 229614.284, 3151241.091 229570.079)	87	184	0	101	false	1125	None
LINESTRING (3151241.091 229570.079, 3151350.613 229417.381)	87	184	0	102	false	1125	None
LINESTRING (3151350.613 229417.381, 3151446.418 229248.732)	87	184	0	103	false	1125	None
LINESTRING (3151446.418 229248.732, 3151482.06 229185.78)	87	184	0	104	false	1125	None
LINESTRING (3151482.06 229185.78, 3151566.103 229058.893)	87	184	0	105	false	1125	None
LINESTRING (3151566.103 229058.893, 3151638.538 228896.027)	87	184	0	106	false	1125	None
LINESTRING (3151638.538 228896.027, 3151700.384 228756.793)	87	184	0	107	false	1125	None
LINESTRING (3151700.384 228756.793, 3151774.103 228689.147)	87	184	0	108	false	1125	None
LINESTRING (3151774.103 228689.147, 3151962.8 228498.933)	87	184	0	109	false	1125	None
LINESTRING (3151962.8 228498.933, 3152083.797 228376.805)	87	184	0	110	false	1125	None
LINESTRING (3152083.797 228376.805, 3152115.857 228338.669)	87	184	0	111	false	1125	None
LINESTRING (3152115.857 228338.669, 3152211.917 228224.572)	87	184	0	112	false	1125	None
LINESTRING (3152211.917 228224.572, 3152243.937 228186.54)	87	184	0	113	false	1125	None
LINESTRING (3152243.937 228186.54, 3152305.598 228129.683)	87	184	0	114	false	1125	None
LINESTRING (3152305.598 228129.683, 3152499.085 227974.345)	87	184	0	115	false	1125	None
LINESTRING (3152499.085 227974.345, 3152508.961 227966.401)	87	184	0	116	false	1125	None
LINESTRING (3152508.961 227966.401, 3152567.53 227931.335)	87	184	0	117	false	1125	None
LINESTRING (3152567.53 227931.335, 3152606.39 227898.948)	87	184	0	118	false	1125	None
LINESTRING (3152606.39 227898.948, 3152633.502 227876.279)	87	184	0	119	false	1125	None
LINESTRING (3152633.502 227876.279, 3152707.472 227814.573)	87	184	0	120	false	1125	None
LINESTRING (3152707.472 227814.573, 3152792.579 227702.641)	87	184	0	121	false	1125	None
LINESTRING (3152792.579 227702.641, 3152805.588 227679.358)	87	184	0	122	false	1125	None
LINESTRING (3152805.588 227679.358, 3152849.485 227600.802)	87	184	0	123	false	1125	None
LINESTRING (3152849.485 227600.802, 3152915.72 227497.715)	87	184	0	124	false	1125	None
LINESTRING (3152915.72 227497.715, 3152935.304 227475.209)	87	184	0	125	false	1125	None
LINESTRING (3152935.304 227475.209, 3153029.659 227366.527)	87	184	0	126	false	1125	None
LINESTRING (3153029.659 227366.527, 3153165.959 227268.961)	87	184	0	127	false	1125	None
LINESTRING (3153165.959 227268.961, 3153275.05 227208.92)	87	184	0	128	false	1125	None
LINESTRING (3153275.05 227208.92, 3153398.719 227140.983)	87	184	0	129	false	1125	None
LINESTRING (3153398.719 227140.983, 3153470.341 227106.483)	87	184	0	130	false	1125	None
LINESTRING (3153470.341 227106.483, 3153685.171 227003.091)	87	184	0	131	false	1125	None
LINESTRING (3153685.171 227003.091, 3153756.755 226968.697)	87	184	0	132	false	1125	None
LINESTRING (3153756.755 226968.697, 3153846.732 226920.15)	87	184	0	133	false	1125	None
LINESTRING (3153846.732 226920.15, 3153878.71 226899.381)	87	184	0	134	false	1125	None
LINESTRING (3153878.71 226899.381, 3153998.846 226821.135)	87	184	0	135	false	1125	None
LINESTRING (3153998.846 226821.135, 3154226.56 226647.475)	87	184	0	136	false	1125	None
LINESTRING (3154226.56 226647.475, 3154340.983 226560.211)	87	184	0	137	false	1125	None
LINESTRING (3154340.983 226560.211, 3154399.535 226516.924)	87	184	0	138	false	1125	None
LINESTRING (3154399.535 226516.924, 3154574.896 226387.068)	87	184	0	139	false	1125	None
LINESTRING (3154574.896 226387.068, 3154633.324 226343.853)	87	184	0	140	false	1125	None
LINESTRING (3154633.324 226343.853, 3154655.437 226333.773)	87	184	0	141	false	1125	None
LINESTRING (3154655.437 226333.773, 3154721.525 226303.673)	87	184	0	142	false	1125	None
LINESTRING (3154721.525 226303.673, 3154743.512 226293.664)	87	184	0	143	false	1125	None
LINESTRING (3154743.512 226293.664, 3154855.004 226209.908)	87	184	0	144	false	1125	None
LINESTRING (3154855.004 226209.908, 3154959.058 226111.216)	87	184	0	145	false	1125	None
LINESTRING (3154959.058 226111.216, 3154960.305 226110.035)	87	184	0	146	false	1125	None
LINESTRING (3154960.305 226110.035, 3154989.946 226081.922)	87	184	0	147	false	1125	None
LINESTRING (3154989.946 226081.922, 3155140.727 225863.723)	87	184	0	148	false	1125	E:3155093.051 225932.71614584728
LINESTRING (3147088.309 224938.823, 3146920.621 225128.71)	87	185	0	1014	false	1188	S:3146993.135350282 225046.596
LINESTRING (3146920.621 225128.71, 3146864.669 225191.984)	87	185	0	1015	false	1188	None
LINESTRING (3146864.669 225191.984, 3146849.026 225209.72)	87	185	0	1016	false	1188	None
LINESTRING (3146849.026 225209.72, 3146820.565 225242.478)	87	185	0	1017	false	1188	None
LINESTRING (3146820.565 225242.478, 3146779.155 225290.09)	87	185	0	1018	false	1188	None
LINESTRING (3146779.155 225290.09, 3146735.974 225342.254)	87	185	0	1019	false	1188	None
LINESTRING (3146735.974 225342.254, 3146691.891 225397.997)	87	185	0	1020	false	1188	None
LINESTRING (3146691.891 225397.997, 3146649.955 225451.003)	87	185	0	1021	false	1188	None
LINESTRING (3146649.955 225451.003, 3146611.111 225508.428)	87	185	0	1022	false	1188	None
LINESTRING (3146611.111 225508.428, 3146606.517 225515.693)	87	185	0	1023	false	1188	None
LINESTRING (3146606.517 225515.693, 3146568.314 225575.511)	87	185	0	1024	false	1188	None
LINESTRING (3146568.314 225575.511, 3146542.094 225622.959)	87	185	0	1025	false	1188	None
LINESTRING (3146542.094 225622.959, 3146505.668 225689.066)	87	185	0	1026	false	1188	W:3146537.384 225631.50684961287
LINESTRING (3146529.511 228206.298, 3146573.987 228223.966)	87	187	0	134	false	1000	W:3146537.384 228209.4255331415
LINESTRING (3146573.987 228223.966, 3146588.659 228229.915)	87	187	0	135	false	1000	None
LINESTRING (3146588.659 228229.915, 3146613.819 228239.945)	87	187	0	136	false	1000	None
LINESTRING (3146613.819 228239.945, 3146697.294 228272.198)	87	187	0	137	false	1000	None
LINESTRING (3146697.294 228272.198, 3146953.774 228371.317)	87	187	0	138	false	1000	None
LINESTRING (3146953.774 228371.317, 3147023.596 228397.782)	87	187	0	139	false	1000	None
LINESTRING (3147023.596 228397.782, 3147132.466 228439.211)	87	187	0	140	false	1000	None
LINESTRING (3147132.466 228439.211, 3147159.362 228449.323)	87	187	0	141	false	1000	None
LINESTRING (3147159.362 228449.323, 3147239.792 228479.563)	87	187	0	142	false	1000	None
LINESTRING (3147239.792 228479.563, 3147266.561 228489.746)	87	187	0	143	false	1000	None
LINESTRING (3147266.561 228489.746, 3147341.572 228519.783)	87	187	0	144	false	1000	None
LINESTRING (3147341.572 228519.783, 3147378.798 228534.633)	87	187	0	145	false	1000	None
LINESTRING (3147378.798 228534.633, 3147380.805 228535.534)	87	187	0	146	false	1000	None
LINESTRING (3147380.805 228535.534, 3147514.46 228591.74)	87	187	0	147	false	1000	None
LINESTRING (3147514.46 228591.74, 3147562.505 228618.904)	87	187	0	148	false	1000	None
LINESTRING (3147562.505 228618.904, 3147563.192 228619.41)	87	187	0	149	false	1000	None
LINESTRING (3147563.192 228619.41, 3147623.667 228674.167)	87	187	0	150	false	1000	None
LINESTRING (3147623.667 228674.167, 3147648.116 228697.624)	87	187	0	151	false	1000	None
LINESTRING (3147648.116 228697.624, 3147689.259 228737.469)	87	187	0	152	false	1000	None
LINESTRING (3147689.259 228737.469, 3147724.347 228764.116)	87	187	0	153	false	1000	None
LINESTRING (3147724.347 228764.116, 3147750.892 228784.458)	87	187	0	154	false	1000	None
LINESTRING (3147750.892 228784.458, 3147774.298 228802.269)	87	187	0	155	false	1000	None
LINESTRING (3147774.298 228802.269, 3147795.303 228818.429)	87	187	0	156	false	1000	None
LINESTRING (3147795.303 228818.429, 3147844.881 228854.769)	87	187	0	157	false	1000	None
LINESTRING (3147844.881 228854.769, 3147868.448 228872.166)	87	187	0	158	false	1000	None
LINESTRING (3147868.448 228872.166, 3147872.398 228875.134)	87	187	0	159	false	1000	None
LINESTRING (3147872.398 228875.134, 3147894.295 228884.971)	87	187	0	160	false	1000	None
LINESTRING (3147894.295 228884.971, 3147923.964 228898.55)	87	187	0	161	false	1000	None
LINESTRING (3147923.964 228898.55, 3147974.839 228916.932)	87	187	0	162	false	1000	None
LINESTRING (3147974.839 228916.932, 3148001.898 228926.874)	87	187	0	163	false	1000	None
LINESTRING (3148001.898 228926.874, 3148034.946 228935.812)	87	187	0	164	false	1000	None
LINESTRING (3148034.946 228935.812, 3148133.968 228962.938)	87	187	0	165	false	1000	None
LINESTRING (3148133.968 228962.938, 3148166.935 228972.084)	87	187	0	166	false	1000	None
LINESTRING (3148166.935 228972.084, 3148192.502 228979.301)	87	187	0	167	false	1000	None
LINESTRING (3148192.502 228979.301, 3148269.035 229000.887)	87	187	0	168	false	1000	None
LINESTRING (3148269.035 229000.887, 3148294.517 229008.072)	87	187	0	169	false	1000	None
LINESTRING (3148294.517 229008.072, 3148322.849 229016.008)	87	187	0	170	false	1000	None
LINESTRING (3148322.849 229016.008, 3148407.633 229039.857)	87	187	0	171	false	1000	None
LINESTRING (3148407.633 229039.857, 3148418.313 229042.944)	87	187	0	172	false	1000	None
LINESTRING (3148418.313 229042.944, 3148435.28 229049.552)	87	187	0	173	false	1000	None
LINESTRING (3148435.28 229049.552, 3148475.223 229064.99)	87	187	0	174	false	1000	None
LINESTRING (3148475.223 229064.99, 3148527.529 229085.244)	87	187	0	175	false	1000	None
LINESTRING (3148527.529 229085.244, 3148598.283 229101.247)	87	187	0	176	false	1000	None
LINESTRING (3148598.283 229101.247, 3148640.101 229110.864)	87	187	0	177	false	1000	None
LINESTRING (3148640.101 229110.864, 3148646.634 229111.741)	87	187	0	178	false	1000	None
LINESTRING (3148646.634 229111.741, 3148666.15 229114.578)	87	187	0	179	false	1000	None
LINESTRING (3148666.15 229114.578, 3148672.557 229115.525)	87	187	0	180	false	1000	None
LINESTRING (3148672.557 229115.525, 3148686.981 229117.569)	87	187	0	181	false	1000	None
LINESTRING (3148686.981 229117.569, 3148730.174 229123.91)	87	187	0	182	false	1000	None
LINESTRING (3148730.174 229123.91, 3148738.447 229125.107)	87	187	0	183	false	1000	None
LINESTRING (3148738.447 229125.107, 3148744.665 229125.027)	87	187	0	184	false	1000	None
LINESTRING (3148744.665 229125.027, 3148756.463 229124.739)	87	187	0	185	false	1000	None
LINESTRING (3148756.463 229124.739, 3148791.481 229124.083)	87	187	0	186	false	1000	None
LINESTRING (3148791.481 229124.083, 3148803.068 229123.832)	87	187	0	187	false	1000	None
LINESTRING (3148803.068 229123.832, 3148804.338 229123.85)	87	187	0	188	false	1000	None
LINESTRING (3148804.338 229123.85, 3148808.94 229123.379)	87	187	0	189	false	1000	None
LINESTRING (3148808.94 229123.379, 3148826.421 229121.611)	87	187	0	190	false	1000	None
LINESTRING (3148826.421 229121.611, 3148832.122 229121.092)	87	187	0	191	false	1000	None
LINESTRING (3148832.122 229121.092, 3148895.079 229114.761)	87	187	0	192	false	1000	None
LINESTRING (3148895.079 229114.761, 3148941.696 229116.599)	87	187	0	193	false	1000	None
LINESTRING (3148941.696 229116.599, 3148986.198 229122.856)	87	187	0	194	false	1000	None
LINESTRING (3148986.198 229122.856, 3149071.025 229138.031)	87	187	0	195	false	1000	None
LINESTRING (3149071.025 229138.031, 3149089.712 229141.737)	87	187	0	196	false	1000	None
LINESTRING (3149089.712 229141.737, 3149150.495 229154.099)	87	187	0	197	false	1000	None
LINESTRING (3149150.495 229154.099, 3149213.474 229157.547)	87	187	0	198	false	1000	None
LINESTRING (3149213.474 229157.547, 3149216.677 229156.889)	87	187	0	199	false	1000	None
LINESTRING (3149216.677 229156.889, 3149279.54 229143.495)	87	187	0	200	false	1000	None
LINESTRING (3149279.54 229143.495, 3149291.062 229139.883)	87	187	0	201	false	1000	None
LINESTRING (3149291.062 229139.883, 3149378.194 229112.595)	87	187	0	202	false	1000	None
LINESTRING (3149378.194 229112.595, 3149479.64 229070.751)	87	187	0	203	false	1000	None
LINESTRING (3149479.64 229070.751, 3149510.212 229056.81)	87	187	0	204	false	1000	None
LINESTRING (3149510.212 229056.81, 3149582.179 229024.091)	87	187	0	205	false	1000	None
LINESTRING (3149582.179 229024.091, 3149583.228 229023.666)	87	187	0	206	false	1000	None
LINESTRING (3149583.228 229023.666, 3149599.531 229017.866)	87	187	0	207	false	1000	None
LINESTRING (3149599.531 229017.866, 3149651.424 228999.366)	87	187	0	208	false	1000	None
LINESTRING (3149651.424 228999.366, 3149668.651 228993.212)	87	187	0	209	false	1000	None
LINESTRING (3149668.651 228993.212, 3149674.787 228991.075)	87	187	0	210	false	1000	None
LINESTRING (3149674.787 228991.075, 3149676.509 228990.436)	87	187	0	211	false	1000	None
LINESTRING (3149676.509 228990.436, 3149692.663 228983.506)	87	187	0	212	false	1000	None
LINESTRING (3149692.663 228983.506, 3149698.579 228980.926)	87	187	0	213	false	1000	None
LINESTRING (3149698.579 228980.926, 3149708.356 228976.754)	87	187	0	214	false	1000	None
LINESTRING (3149708.356 228976.754, 3149737.602 228964.203)	87	187	0	215	false	1000	None
LINESTRING (3149737.602 228964.203, 3149747.294 228959.997)	87	187	0	216	false	1000	None
LINESTRING (3149747.294 228959.997, 3149767.059 228951.615)	87	187	0	217	false	1000	None
LINESTRING (3149767.059 228951.615, 3149772.387 228949.283)	87	187	0	218	false	1000	None
LINESTRING (3149772.387 228949.283, 3149826.188 228926.643)	87	187	0	219	false	1000	None
LINESTRING (3149826.188 228926.643, 3149845.873 228918.468)	87	187	0	220	false	1000	None
LINESTRING (3149845.873 228918.468, 3149856.533 228914.045)	87	187	0	221	false	1000	None
LINESTRING (3149856.533 228914.045, 3149864.763 228910.818)	87	187	0	222	false	1000	None
LINESTRING (3149864.763 228910.818, 3149921.325 228888.658)	87	187	0	223	false	1000	None
LINESTRING (3149921.325 228888.658, 3149940.095 228881.319)	87	187	0	224	false	1000	None
LINESTRING (3149940.095 228881.319, 3149949.626 228877.527)	87	187	0	225	false	1000	None
LINESTRING (3149949.626 228877.527, 3149956.569 228875.586)	87	187	0	226	false	1000	None
LINESTRING (3149956.569 228875.586, 3150004.757 228862.316)	87	187	0	227	false	1000	None
LINESTRING (3150004.757 228862.316, 3150006.067 228862.23)	87	187	0	228	false	1000	None
LINESTRING (3150006.067 228862.23, 3150022.487 228862.434)	87	187	0	229	false	1000	None
LINESTRING (3150022.487 228862.434, 3150054.605 228862.678)	87	187	0	230	false	1000	None
LINESTRING (3150054.605 228862.678, 3150067.131 228862.794)	87	187	0	231	false	1000	None
LINESTRING (3150067.131 228862.794, 3150127.898 228867.65)	87	187	0	232	false	1000	None
LINESTRING (3150127.898 228867.65, 3150150.084 228868.432)	87	187	0	233	false	1000	None
LINESTRING (3150150.084 228868.432, 3150181.925 228869.641)	87	187	0	234	false	1000	None
LINESTRING (3150181.925 228869.641, 3150198.417 228875.711)	87	187	0	235	false	1000	None
LINESTRING (3150198.417 228875.711, 3150200.769 228876.985)	87	187	0	236	false	1000	None
LINESTRING (3150200.769 228876.985, 3150233.276 228895.133)	87	187	0	237	false	1000	None
LINESTRING (3150233.276 228895.133, 3150254.584 228905.224)	87	187	0	238	false	1000	None
LINESTRING (3150254.584 228905.224, 3150272.778 228913.982)	87	187	0	239	false	1000	None
LINESTRING (3150272.778 228913.982, 3150299.508 228926.543)	87	187	0	240	false	1000	None
LINESTRING (3150299.508 228926.543, 3150300.962 228927.348)	87	187	0	241	false	1000	None
LINESTRING (3150300.962 228927.348, 3150362.236 228938.718)	87	187	0	242	false	1000	None
LINESTRING (3150362.236 228938.718, 3150387.499 228938.913)	87	187	0	243	false	1000	None
LINESTRING (3150387.499 228938.913, 3150417.545 228939.185)	87	187	0	244	false	1000	None
LINESTRING (3150417.545 228939.185, 3150448.598 228943.424)	87	187	0	245	false	1000	None
LINESTRING (3150448.598 228943.424, 3150503.073 228951.073)	87	187	0	246	false	1000	None
LINESTRING (3150503.073 228951.073, 3150540.84 228959.001)	87	187	0	247	false	1000	None
LINESTRING (3150540.84 228959.001, 3150571.258 228965.376)	87	187	0	248	false	1000	None
LINESTRING (3150571.258 228965.376, 3150590.962 228945.058)	87	187	0	249	false	1000	None
LINESTRING (3150590.962 228945.058, 3150633.855 228900.776)	87	187	0	250	false	1000	None
LINESTRING (3150633.855 228900.776, 3150649.435 228883.735)	87	187	0	251	false	1000	None
LINESTRING (3150649.435 228883.735, 3150668.538 228862.945)	87	187	0	252	false	1000	None
LINESTRING (3150668.538 228862.945, 3150728.624 228797.485)	87	187	0	253	false	1000	None
LINESTRING (3150728.624 228797.485, 3150908.627 228601.01)	87	187	0	254	false	1000	None
LINESTRING (3150908.627 228601.01, 3150968.504 228535.589)	87	187	0	255	false	1000	None
LINESTRING (3150968.504 228535.589, 3151016.715 228483.969)	87	187	0	256	false	1000	None
LINESTRING (3151016.715 228483.969, 3151160.976 228329.321)	87	187	0	257	false	1000	None
LINESTRING (3151160.976 228329.321, 3151208.978 228277.74)	87	187	0	258	false	1000	None
LINESTRING (3151208.978 228277.74, 3151226.194 228264.316)	87	187	0	259	false	1000	None
LINESTRING (3151226.194 228264.316, 3151277.632 228224.081)	87	187	0	260	false	1000	None
LINESTRING (3151277.632 228224.081, 3151294.723 228210.727)	87	187	0	261	false	1000	None
LINESTRING (3151294.723 228210.727, 3151349.736 228182.49)	87	187	0	262	false	1000	None
LINESTRING (3151349.736 228182.49, 3151370.602 228171.799)	87	187	0	263	false	1000	None
LINESTRING (3151370.602 228171.799, 3151449.897 228140.994)	87	187	0	264	false	1000	None
LINESTRING (3151449.897 228140.994, 3151509.199 228124.437)	87	187	0	265	false	1000	None
LINESTRING (3151509.199 228124.437, 3151519.513 228121.667)	87	187	0	266	false	1000	None
LINESTRING (3151519.513 228121.667, 3151576.86 228106.85)	87	187	0	267	false	1000	None
LINESTRING (3151576.86 228106.85, 3151641.323 228090.161)	87	187	0	268	false	1000	None
LINESTRING (3151641.323 228090.161, 3151656.15 228086.648)	87	187	0	269	false	1000	None
LINESTRING (3151656.15 228086.648, 3151751.139 228064.226)	87	187	0	270	false	1000	None
LINESTRING (3151751.139 228064.226, 3151893.938 228028.277)	87	187	0	271	false	1000	None
LINESTRING (3151893.938 228028.277, 3151916.172 228022.648)	87	187	0	272	false	1000	None
LINESTRING (3151916.172 228022.648, 3151973.059 228008.011)	87	187	0	273	false	1000	None
LINESTRING (3151973.059 228008.011, 3152033.567 227992.404)	87	187	0	274	false	1000	None
LINESTRING (3152033.567 227992.404, 3152036.6 227991.68)	87	187	0	275	false	1000	None
LINESTRING (3152036.6 227991.68, 3152132.918 227959.057)	87	187	0	276	false	1000	None
LINESTRING (3152132.918 227959.057, 3152210.207 227918.301)	87	187	0	277	false	1000	None
LINESTRING (3152210.207 227918.301, 3152267.723 227887.946)	87	187	0	278	false	1000	None
LINESTRING (3152267.723 227887.946, 3152294.915 227865.069)	87	187	0	279	false	1000	None
LINESTRING (3152294.915 227865.069, 3152376.412 227796.645)	87	187	0	280	false	1000	None
LINESTRING (3152376.412 227796.645, 3152403.479 227773.838)	87	187	0	281	false	1000	None
LINESTRING (3152403.479 227773.838, 3152425.384 227755.453)	87	187	0	282	false	1000	None
LINESTRING (3152425.384 227755.453, 3152454.425 227723.05)	87	187	0	283	false	1000	None
LINESTRING (3152454.425 227723.05, 3152471.411 227704.177)	87	187	0	284	false	1000	None
LINESTRING (3152471.411 227704.177, 3152560.142 227609.146)	87	187	0	285	false	1000	None
LINESTRING (3152560.142 227609.146, 3152603.042 227564.633)	87	187	0	286	false	1000	None
LINESTRING (3152603.042 227564.633, 3152653.203 227512.587)	87	187	0	287	false	1000	None
LINESTRING (3152653.203 227512.587, 3152659.762 227519.195)	87	187	0	288	false	1000	None
LINESTRING (3152659.762 227519.195, 3152679.236 227539.299)	87	187	0	289	false	1000	None
LINESTRING (3152679.236 227539.299, 3152685.67 227545.978)	87	187	0	290	false	1000	None
LINESTRING (3152685.67 227545.978, 3152692.23 227552.587)	87	187	0	291	false	1000	None
LINESTRING (3152692.23 227552.587, 3152703.976 227564.792)	87	187	0	292	false	1000	None
LINESTRING (3152703.976 227564.792, 3152712.528 227571.582)	87	187	0	293	false	1000	None
LINESTRING (3152712.528 227571.582, 3152719.621 227577.327)	87	187	0	294	false	1000	None
LINESTRING (3152719.621 227577.327, 3152725.12 227581.616)	87	187	0	295	false	1000	None
LINESTRING (3152725.12 227581.616, 3152741.282 227594.59)	87	187	0	296	false	1000	None
LINESTRING (3152741.282 227594.59, 3152746.616 227599.053)	87	187	0	297	false	1000	None
LINESTRING (3152746.616 227599.053, 3152753.854 227599.135)	87	187	0	298	false	1000	None
LINESTRING (3152753.854 227599.135, 3152775.488 227599.588)	87	187	0	299	false	1000	None
LINESTRING (3152775.488 227599.588, 3152782.6 227599.74)	87	187	0	300	false	1000	None
LINESTRING (3152782.6 227599.74, 3152795.977 227599.953)	87	187	0	301	false	1000	None
LINESTRING (3152795.977 227599.953, 3152836.108 227600.589)	87	187	0	302	false	1000	None
LINESTRING (3152836.108 227600.589, 3152849.485 227600.802)	87	187	0	303	false	1000	None
LINESTRING (3152849.485 227600.802, 3152805.588 227679.358)	87	187	0	304	false	1000	None
LINESTRING (3152805.588 227679.358, 3152792.579 227702.641)	87	187	0	305	false	1000	None
LINESTRING (3152792.579 227702.641, 3152707.472 227814.573)	87	187	0	306	false	1000	None
LINESTRING (3152707.472 227814.573, 3152633.502 227876.279)	87	187	0	307	false	1000	None
LINESTRING (3152633.502 227876.279, 3152606.39 227898.948)	87	187	0	308	false	1000	None
LINESTRING (3152606.39 227898.948, 3152567.53 227931.335)	87	187	0	309	false	1000	None
LINESTRING (3152567.53 227931.335, 3152508.961 227966.401)	87	187	0	310	false	1000	None
LINESTRING (3152508.961 227966.401, 3152499.085 227974.345)	87	187	0	311	false	1000	None
LINESTRING (3152499.085 227974.345, 3152305.598 228129.683)	87	187	0	312	false	1000	None
LINESTRING (3152305.598 228129.683, 3152243.937 228186.54)	87	187	0	313	false	1000	None
LINESTRING (3152243.937 228186.54, 3152211.917 228224.572)	87	187	0	314	false	1000	None
LINESTRING (3152211.917 228224.572, 3152115.857 228338.669)	87	187	0	315	false	1000	None
LINESTRING (3152115.857 228338.669, 3152083.797 228376.805)	87	187	0	316	false	1000	None
LINESTRING (3152083.797 228376.805, 3151962.8 228498.933)	87	187	0	317	false	1000	None
LINESTRING (3151962.8 228498.933, 3151774.103 228689.147)	87	187	0	318	false	1000	None
LINESTRING (3151774.103 228689.147, 3151700.384 228756.793)	87	187	0	319	false	1000	None
LINESTRING (3151700.384 228756.793, 3151638.538 228896.027)	87	187	0	320	false	1000	None
LINESTRING (3151638.538 228896.027, 3151566.103 229058.893)	87	187	0	321	false	1000	None
LINESTRING (3151566.103 229058.893, 3151482.06 229185.78)	87	187	0	322	false	1000	None
LINESTRING (3151482.06 229185.78, 3151446.418 229248.732)	87	187	0	323	false	1000	None
LINESTRING (3151446.418 229248.732, 3151350.613 229417.381)	87	187	0	324	false	1000	None
LINESTRING (3151350.613 229417.381, 3151241.091 229570.079)	87	187	0	325	false	1000	None
LINESTRING (3151241.091 229570.079, 3151182.116 229614.284)	87	187	0	326	false	1000	None
LINESTRING (3151182.116 229614.284, 3151019.875 229735.947)	87	187	0	327	false	1000	None
LINESTRING (3151019.875 229735.947, 3151003.4 229748.23)	87	187	0	328	false	1000	None
LINESTRING (3151003.4 229748.23, 3150849.378 229863.685)	87	187	0	329	false	1000	None
LINESTRING (3150849.378 229863.685, 3150763.933 229930.457)	87	187	0	330	false	1000	None
LINESTRING (3150763.933 229930.457, 3150556.99 230092.006)	87	187	0	331	false	1000	None
LINESTRING (3150556.99 230092.006, 3150508.529 230132.688)	87	187	0	332	false	1000	None
LINESTRING (3150508.529 230132.688, 3150424.848 230203.008)	87	187	0	333	false	1000	None
LINESTRING (3150424.848 230203.008, 3150364.437 230251.423)	87	187	0	334	false	1000	None
LINESTRING (3150364.437 230251.423, 3150319.669 230283.894)	87	187	0	335	false	1000	None
LINESTRING (3150319.669 230283.894, 3150188.199 230379.076)	87	187	0	336	false	1000	None
LINESTRING (3150188.199 230379.076, 3150058.973 230502.774)	87	187	0	337	false	1000	None
LINESTRING (3150058.973 230502.774, 3150024.536 230555.356)	87	187	0	338	false	1000	None
LINESTRING (3150024.536 230555.356, 3149966.3 230644.055)	87	187	0	339	false	1000	None
LINESTRING (3149966.3 230644.055, 3149950.46 230673.862)	87	187	0	340	false	1000	None
LINESTRING (3149950.46 230673.862, 3149936.036 230700.289)	87	187	0	341	false	1000	None
LINESTRING (3149936.036 230700.289, 3149892.558 230779.848)	87	187	0	342	false	1000	None
LINESTRING (3149892.558 230779.848, 3149878.008 230806.345)	87	187	0	343	false	1000	None
LINESTRING (3149878.008 230806.345, 3149860.797 230837.405)	87	187	0	344	false	1000	None
LINESTRING (3149860.797 230837.405, 3149809.078 230930.551)	87	187	0	345	false	1000	None
LINESTRING (3149809.078 230930.551, 3149791.741 230961.681)	87	187	0	346	false	1000	None
LINESTRING (3149791.741 230961.681, 3149779.412 230989.282)	87	187	0	347	false	1000	None
LINESTRING (3149779.412 230989.282, 3149742.136 231072.33)	87	187	0	348	false	1000	None
LINESTRING (3149742.136 231072.33, 3149729.682 231100.002)	87	187	0	349	false	1000	None
LINESTRING (3149729.682 231100.002, 3149711.177 231136.396)	87	187	0	350	false	1000	None
LINESTRING (3149711.177 231136.396, 3149655.453 231245.614)	87	187	0	351	false	1000	None
LINESTRING (3149655.453 231245.614, 3149643.101 231269.751)	87	187	0	352	false	1000	None
LINESTRING (3149643.101 231269.751, 3149637.25 231282.244)	87	187	0	353	false	1000	None
LINESTRING (3149637.25 231282.244, 3149625.655 231306.2)	87	187	0	354	false	1000	None
LINESTRING (3149625.655 231306.2, 3149590.75 231378.378)	87	187	0	355	false	1000	None
LINESTRING (3149590.75 231378.378, 3149579.029 231402.404)	87	187	0	356	false	1000	None
LINESTRING (3149579.029 231402.404, 3149505.575 231526.634)	87	187	0	357	false	1000	None
LINESTRING (3149505.575 231526.634, 3149449.983 231620.654)	87	187	0	358	false	1000	None
LINESTRING (3149449.983 231620.654, 3149444.167 231630.54)	87	187	0	359	false	1000	None
LINESTRING (3149444.167 231630.54, 3149285.217 231899.329)	87	187	0	360	false	1000	None
LINESTRING (3149285.217 231899.329, 3149211.68 232023.528)	87	187	0	361	false	1000	None
LINESTRING (3149211.68 232023.528, 3149160.551 232122.982)	87	187	0	362	false	1000	None
LINESTRING (3149160.551 232122.982, 3149092.759 232211.533)	87	187	0	363	false	1000	None
LINESTRING (3149092.759 232211.533, 3149073.985 232236.028)	87	187	0	364	false	1000	None
LINESTRING (3149073.985 232236.028, 3148659.7 232708.887)	87	187	0	365	false	1000	None
LINESTRING (3148659.7 232708.887, 3148514.852 232874.282)	87	187	0	366	false	1000	None
LINESTRING (3148514.852 232874.282, 3148427.592 232975.027)	87	187	0	367	false	1000	N:3148499.2085153605 232892.343
