LINESTRING (3133056.474 222622.481, 3133042.65 222723.549)	51	1615	0	0	false	335	None
LINESTRING (3133042.65 222723.549, 3133041.509 222729.535)	51	1615	0	1	false	335	None
LINESTRING (3133041.509 222729.535, 3133033.415 222766.398)	51	1615	0	2	false	335	None
LINESTRING (3133033.415 222766.398, 3133019.369 222829.526)	51	1615	0	3	false	335	None
LINESTRING (3133019.369 222829.526, 3132999.341 222893.908)	51	1615	0	4	false	335	None
LINESTRING (3132999.341 222893.908, 3132998.82 222895.254)	51	1615	0	5	false	335	None
LINESTRING (3132998.82 222895.254, 3132985.433 222935.9)	51	1615	0	6	false	335	None
LINESTRING (3132985.433 222935.9, 3132982.399 222948.295)	51	1615	0	7	false	335	None
LINESTRING (3132982.399 222948.295, 3132973.342 222985.619)	51	1615	0	8	false	335	None
LINESTRING (3132973.342 222985.619, 3132970.182 222998.085)	51	1615	0	9	false	335	None
LINESTRING (3132970.182 222998.085, 3132938.626 223069.43)	51	1615	0	10	false	335	None
LINESTRING (3132938.626 223069.43, 3132912.182 223108.829)	51	1615	0	11	false	335	None
LINESTRING (3132912.182 223108.829, 3132863.496 223182.35)	51	1615	0	12	false	335	None
LINESTRING (3132863.496 223182.35, 3132852.154 223197.956)	51	1615	0	13	false	335	None
LINESTRING (3132852.154 223197.956, 3132801.401 223271.748)	51	1615	0	14	false	335	None
LINESTRING (3132801.401 223271.748, 3132757.779 223336.754)	51	1615	0	15	false	335	None
LINESTRING (3132757.779 223336.754, 3132680.569 223451.249)	51	1615	0	16	false	335	None
LINESTRING (3132680.569 223451.249, 3132670.12 223467.083)	51	1615	0	17	false	335	None
LINESTRING (3132670.12 223467.083, 3132638.603 223514.517)	51	1615	0	18	false	335	None
LINESTRING (3132638.603 223514.517, 3132628.069 223530.317)	51	1615	0	19	false	335	None
LINESTRING (3132628.069 223530.317, 3132606.796 223564.219)	51	1615	0	20	false	335	None
LINESTRING (3132606.796 223564.219, 3132593.209 223585.623)	51	1615	0	21	false	335	None
LINESTRING (3132593.209 223585.623, 3132570.509 223614.091)	51	1615	0	22	false	335	None
LINESTRING (3132570.509 223614.091, 3132530.578 223653.863)	51	1615	0	23	false	335	None
LINESTRING (3132530.578 223653.863, 3132502.864 223681.342)	51	1615	0	24	false	335	None
LINESTRING (3132502.864 223681.342, 3132495.602 223678.054)	51	1615	0	25	false	335	None
LINESTRING (3132495.602 223678.054, 3132473.564 223668.329)	51	1615	0	26	false	335	None
LINESTRING (3132473.564 223668.329, 3132466.176 223665.111)	51	1615	0	27	false	335	None
LINESTRING (3132466.176 223665.111, 3132444.971 223656.781)	51	1615	0	28	false	335	None
LINESTRING (3132444.971 223656.781, 3132380.936 223631.865)	51	1615	0	29	false	335	None
LINESTRING (3132380.936 223631.865, 3132359.606 223623.605)	51	1615	0	30	false	335	None
LINESTRING (3132359.606 223623.605, 3132356.068 223622.354)	51	1615	0	31	false	335	None
LINESTRING (3132356.068 223622.354, 3132345.413 223618.704)	51	1615	0	32	false	335	None
LINESTRING (3132345.413 223618.704, 3132341.75 223617.524)	51	1615	0	33	false	335	None
LINESTRING (3132341.75 223617.524, 3132328.309 223612.2)	51	1615	0	34	false	335	None
LINESTRING (3132328.309 223612.2, 3132287.691 223596.234)	51	1615	0	35	false	335	None
LINESTRING (3132287.691 223596.234, 3132274.125 223590.981)	51	1615	0	36	false	335	None
LINESTRING (3132274.125 223590.981, 3132268.324 223588.734)	51	1615	0	37	false	335	None
LINESTRING (3132268.324 223588.734, 3132250.838 223582.201)	51	1615	0	38	false	335	None
LINESTRING (3132250.838 223582.201, 3132244.996 223580.058)	51	1615	0	39	false	335	None
LINESTRING (3132244.996 223580.058, 3132231.089 223574.673)	51	1615	0	40	false	335	None
LINESTRING (3132231.089 223574.673, 3132189.076 223558.762)	51	1615	0	41	false	335	None
LINESTRING (3132189.076 223558.762, 3132175.044 223553.448)	51	1615	0	42	false	335	None
LINESTRING (3132175.044 223553.448, 3132141.984 223540.766)	51	1615	0	43	false	335	None
LINESTRING (3132141.984 223540.766, 3132029.186 223498.877)	51	1615	0	44	false	335	None
LINESTRING (3132029.186 223498.877, 3132011.615 223492.312)	51	1615	0	45	false	335	None
LINESTRING (3132011.615 223492.312, 3131940.949 223466.023)	51	1615	0	46	false	335	None
LINESTRING (3131940.949 223466.023, 3131872.34 223438.983)	51	1615	0	47	false	335	None
LINESTRING (3131872.34 223438.983, 3131848.085 223424.593)	51	1615	0	48	false	335	None
LINESTRING (3131848.085 223424.593, 3131831.001 223411.194)	51	1615	0	49	false	335	None
LINESTRING (3131831.001 223411.194, 3131815.162 223388.753)	51	1615	0	50	false	335	None
LINESTRING (3131815.162 223388.753, 3131808.141 223379.012)	51	1615	0	51	false	335	None
LINESTRING (3131808.141 223379.012, 3131800.6 223364.784)	51	1615	0	52	false	335	None
LINESTRING (3131800.6 223364.784, 3131792.995 223343.628)	51	1615	0	53	false	335	None
LINESTRING (3131792.995 223343.628, 3131784.513 223317.132)	51	1615	0	54	false	335	None
LINESTRING (3131784.513 223317.132, 3131782.622 223309.853)	51	1615	0	55	false	335	None
LINESTRING (3131782.622 223309.853, 3131774.696 223281.668)	51	1615	0	56	false	335	None
LINESTRING (3131774.696 223281.668, 3131770.966 223261.654)	51	1615	0	57	false	335	None
LINESTRING (3131770.966 223261.654, 3131759.351 223201.687)	51	1615	0	58	false	335	None
LINESTRING (3131759.351 223201.687, 3131755.495 223181.743)	51	1615	0	59	false	335	None
LINESTRING (3131755.495 223181.743, 3131748.503 223155.706)	51	1615	0	60	false	335	None
LINESTRING (3131748.503 223155.706, 3131743.017 223136.678)	51	1615	0	61	false	335	None
LINESTRING (3131743.017 223136.678, 3131739.642 223125.373)	51	1615	0	62	false	335	None
LINESTRING (3131739.642 223125.373, 3131726.122 223098.713)	51	1615	0	63	false	335	None
LINESTRING (3131726.122 223098.713, 3131708.56 223076.915)	51	1615	0	64	false	335	None
LINESTRING (3131708.56 223076.915, 3131703.057 223070.857)	51	1615	0	65	false	335	None
LINESTRING (3131703.057 223070.857, 3131685.943 223052.209)	51	1615	0	66	false	335	None
LINESTRING (3131685.943 223052.209, 3131666.962 223039.148)	51	1615	0	67	false	335	None
LINESTRING (3131666.962 223039.148, 3131663.016 223036.668)	51	1615	0	68	false	335	None
LINESTRING (3131663.016 223036.668, 3131627.019 223015.352)	51	1615	0	69	false	335	None
LINESTRING (3131627.019 223015.352, 3131557.432 222988.296)	51	1615	0	70	false	335	None
LINESTRING (3131557.432 222988.296, 3131468.732 222953.841)	51	1615	0	71	false	335	None
LINESTRING (3131468.732 222953.841, 3131348.02 222908.306)	51	1615	0	72	false	335	None
LINESTRING (3131348.02 222908.306, 3131278.067 222881.943)	51	1615	0	73	false	335	None
LINESTRING (3131278.067 222881.943, 3131239.299 222869.557)	51	1615	0	74	false	335	None
LINESTRING (3131239.299 222869.557, 3131228.524 222866.219)	51	1615	0	75	false	335	None
LINESTRING (3131228.524 222866.219, 3131204.027 222860.309)	51	1615	0	76	false	335	None
LINESTRING (3131204.027 222860.309, 3131135.644 222847.887)	51	1615	0	77	false	335	None
LINESTRING (3131135.644 222847.887, 3131118.923 222845.462)	51	1615	0	78	false	335	None
LINESTRING (3131118.923 222845.462, 3131078.183 222839.693)	51	1615	0	79	false	335	None
LINESTRING (3131078.183 222839.693, 3131059.976 222837.05)	51	1615	0	80	false	335	None
LINESTRING (3131059.976 222837.05, 3131046.823 222835.292)	51	1615	0	81	false	335	None
LINESTRING (3131046.823 222835.292, 3131039.521 222834.133)	51	1615	0	82	false	335	None
LINESTRING (3131039.521 222834.133, 3131005.305 222828.746)	51	1615	0	83	false	335	None
LINESTRING (3131005.305 222828.746, 3130987.053 222825.967)	51	1615	0	84	false	335	None
LINESTRING (3130987.053 222825.967, 3130985.653 222825.782)	51	1615	0	85	false	335	None
LINESTRING (3130985.653 222825.782, 3130975.044 222824.295)	51	1615	0	86	false	335	None
LINESTRING (3130975.044 222824.295, 3130938.846 222819.213)	51	1615	0	87	false	335	None
LINESTRING (3130938.846 222819.213, 3130926.712 222817.612)	51	1615	0	88	false	335	None
LINESTRING (3130926.712 222817.612, 3130897.178 222813.562)	51	1615	0	89	false	335	None
LINESTRING (3130897.178 222813.562, 3130808.413 222801.587)	51	1615	0	90	false	335	None
LINESTRING (3130808.413 222801.587, 3130778.755 222797.608)	51	1615	0	91	false	335	None
LINESTRING (3130778.755 222797.608, 3130745.824 222792.958)	51	1615	0	92	false	335	None
LINESTRING (3130745.824 222792.958, 3130646.866 222779.182)	51	1615	0	93	false	335	None
LINESTRING (3130646.866 222779.182, 3130613.81 222774.603)	51	1615	0	94	false	335	None
LINESTRING (3130613.81 222774.603, 3130592.592 222771.63)	51	1615	0	95	false	335	None
LINESTRING (3130592.592 222771.63, 3130528.899 222762.813)	51	1615	0	96	false	335	None
LINESTRING (3130528.899 222762.813, 3130507.556 222759.91)	51	1615	0	97	false	335	None
LINESTRING (3130507.556 222759.91, 3130449.844 222751.862)	51	1615	0	98	false	335	None
LINESTRING (3130449.844 222751.862, 3130369.561 222740.793)	51	1615	0	99	false	335	None
LINESTRING (3130369.561 222740.793, 3130291.093 222729.594)	51	1615	0	100	false	335	None
LINESTRING (3130291.093 222729.594, 3130276.81 222726.448)	51	1615	0	101	false	335	None
LINESTRING (3130276.81 222726.448, 3130219.983 222714.339)	51	1615	0	102	false	335	None
LINESTRING (3130219.983 222714.339, 3130201.705 222710.362)	51	1615	0	103	false	335	None
LINESTRING (3130201.705 222710.362, 3130200.726 222710.102)	51	1615	0	104	false	335	None
LINESTRING (3130200.726 222710.102, 3130143.095 222696.016)	51	1615	0	105	false	335	None
LINESTRING (3130143.095 222696.016, 3130123.788 222691.403)	51	1615	0	106	false	335	None
LINESTRING (3130123.788 222691.403, 3130097.207 222683.023)	51	1615	0	107	false	335	None
LINESTRING (3130097.207 222683.023, 3130017.463 222657.883)	51	1615	0	108	false	335	None
LINESTRING (3130017.463 222657.883, 3129990.842 222649.607)	51	1615	0	109	false	335	None
LINESTRING (3129990.842 222649.607, 3129989.01 222649.017)	51	1615	0	110	false	335	None
LINESTRING (3129989.01 222649.017, 3129983.428 222647.215)	51	1615	0	111	false	335	None
LINESTRING (3129983.428 222647.215, 3129981.471 222646.695)	51	1615	0	112	false	335	None
LINESTRING (3129981.471 222646.695, 3129959.909 222639.543)	51	1615	0	113	false	335	None
LINESTRING (3129959.909 222639.543, 3129895.101 222618.398)	51	1615	0	114	false	335	None
LINESTRING (3129895.101 222618.398, 3129894.845 222618.299)	51	1615	0	115	false	335	None
LINESTRING (3129894.845 222618.299, 3129873.477 222610.389)	51	1615	0	116	false	335	None
LINESTRING (3129873.477 222610.389, 3129900.679 222534.501)	51	1615	0	117	false	335	None
LINESTRING (3129900.679 222534.501, 3129906.075 222520.044)	51	1615	0	118	false	335	None
LINESTRING (3129906.075 222520.044, 3129934.485 222443.314)	51	1615	0	119	false	335	None
LINESTRING (3129934.485 222443.314, 3129978.124 222308.201)	51	1615	0	120	false	335	None
LINESTRING (3129978.124 222308.201, 3129996.546 222246.889)	51	1615	0	121	false	335	None
LINESTRING (3129996.546 222246.889, 3130023.909 222155.114)	51	1615	0	122	false	335	None
LINESTRING (3130023.909 222155.114, 3130032.198 222125.827)	51	1615	0	123	false	335	None
LINESTRING (3130032.198 222125.827, 3130041.812 222091.339)	51	1615	0	124	false	335	None
LINESTRING (3130041.812 222091.339, 3130060.604 222039.216)	51	1615	0	125	false	335	None
LINESTRING (3130060.604 222039.216, 3130070.81 222010.552)	51	1615	0	126	false	335	None
LINESTRING (3130070.81 222010.552, 3130077.198 221993.027)	51	1615	0	127	false	335	None
LINESTRING (3130077.198 221993.027, 3130085.212 221970.537)	51	1615	0	128	false	335	None
LINESTRING (3130085.212 221970.537, 3130096.104 221940.353)	51	1615	0	129	false	335	None
LINESTRING (3130096.104 221940.353, 3130102.406 221922.795)	51	1615	0	130	false	335	None
LINESTRING (3130102.406 221922.795, 3130103.648 221919.586)	51	1615	0	131	false	335	None
LINESTRING (3130103.648 221919.586, 3130106.997 221910.169)	51	1615	0	132	false	335	None
LINESTRING (3130106.997 221910.169, 3130108.113 221907.03)	51	1615	0	133	false	335	None
LINESTRING (3130108.113 221907.03, 3130111.301 221898.028)	51	1615	0	134	false	335	None
LINESTRING (3130111.301 221898.028, 3130153.619 221768.356)	51	1615	0	135	false	335	None
LINESTRING (3130153.619 221768.356, 3130178.174 221697.277)	51	1615	0	136	false	335	None
LINESTRING (3130178.174 221697.277, 3130332.576 221249.731)	51	1615	0	137	false	335	None
LINESTRING (3130332.576 221249.731, 3130396.2 221070.815)	51	1615	0	138	false	335	S:3130377.385480382 221123.723
LINESTRING (3132991.274 221117.475, 3133097.931 221157.583)	51	1615	0	287	false	335	S:3133007.888963 221123.723
LINESTRING (3133097.931 221157.583, 3133133.47 221170.986)	51	1615	0	288	false	335	None
LINESTRING (3133133.47 221170.986, 3133130.847 221204.372)	51	1615	0	289	false	335	None
LINESTRING (3133130.847 221204.372, 3133126.421 221258.13)	51	1615	0	290	false	335	None
LINESTRING (3133126.421 221258.13, 3133121.418 221304.759)	51	1615	0	291	false	335	None
LINESTRING (3133121.418 221304.759, 3133117.742 221338.332)	51	1615	0	292	false	335	None
LINESTRING (3133117.742 221338.332, 3133114.739 221381.57)	51	1615	0	293	false	335	None
LINESTRING (3133114.739 221381.57, 3133105.438 221511.528)	51	1615	0	294	false	335	None
LINESTRING (3133105.438 221511.528, 3133102.224 221554.804)	51	1615	0	295	false	335	None
LINESTRING (3133102.224 221554.804, 3133100.744 221594.108)	51	1615	0	296	false	335	None
LINESTRING (3133100.744 221594.108, 3133096.262 221712.124)	51	1615	0	297	false	335	None
LINESTRING (3133096.262 221712.124, 3133094.656 221751.499)	51	1615	0	298	false	335	None
LINESTRING (3133094.656 221751.499, 3133093.387 221784.933)	51	1615	0	299	false	335	None
LINESTRING (3133093.387 221784.933, 3133089.5 221885.444)	51	1615	0	300	false	335	None
LINESTRING (3133089.5 221885.444, 3133088.106 221918.948)	51	1615	0	301	false	335	None
LINESTRING (3133088.106 221918.948, 3133088.161 221919.565)	51	1615	0	302	false	335	None
LINESTRING (3133088.161 221919.565, 3133088.037 221921.66)	51	1615	0	303	false	335	None
LINESTRING (3133088.037 221921.66, 3133087.967 221922.347)	51	1615	0	304	false	335	None
LINESTRING (3133087.967 221922.347, 3133086.121 221972.223)	51	1615	0	305	false	335	None
LINESTRING (3133086.121 221972.223, 3133085.606 221983.69)	51	1615	0	306	false	335	None
LINESTRING (3133085.606 221983.69, 3133078.81 222122.118)	51	1615	0	307	false	335	None
LINESTRING (3133078.81 222122.118, 3133076.245 222172.074)	51	1615	0	308	false	335	None
LINESTRING (3133076.245 222172.074, 3133076.257 222174.578)	51	1615	0	309	false	335	None
LINESTRING (3133076.257 222174.578, 3133076.041 222182.232)	51	1615	0	310	false	335	None
LINESTRING (3133076.041 222182.232, 3133075.841 222184.774)	51	1615	0	311	false	335	None
LINESTRING (3133075.841 222184.774, 3133075.439 222199.498)	51	1615	0	312	false	335	None
LINESTRING (3133075.439 222199.498, 3133074.105 222243.74)	51	1615	0	313	false	335	None
LINESTRING (3133074.105 222243.74, 3133073.577 222258.534)	51	1615	0	314	false	335	None
LINESTRING (3133073.577 222258.534, 3133073.225 222265.778)	51	1615	0	315	false	335	None
LINESTRING (3133073.225 222265.778, 3133072.169 222287.51)	51	1615	0	316	false	335	None
LINESTRING (3133072.169 222287.51, 3133071.691 222294.825)	51	1615	0	317	false	335	None
LINESTRING (3133071.691 222294.825, 3133068.018 222364.112)	51	1615	0	318	false	335	None
LINESTRING (3133068.018 222364.112, 3133066.79 222409.347)	51	1615	0	319	false	335	None
LINESTRING (3133066.79 222409.347, 3133066.826 222411.028)	51	1615	0	320	false	335	None
LINESTRING (3133066.826 222411.028, 3133066.678 222415.97)	51	1615	0	321	false	335	None
LINESTRING (3133066.678 222415.97, 3133066.589 222417.721)	51	1615	0	322	false	335	None
LINESTRING (3133066.589 222417.721, 3133066.356 222430.487)	51	1615	0	323	false	335	None
LINESTRING (3133066.356 222430.487, 3133065.364 222469.029)	51	1615	0	324	false	335	None
LINESTRING (3133065.364 222469.029, 3133064.92 222481.832)	51	1615	0	325	false	335	None
LINESTRING (3133064.92 222481.832, 3133064.916 222483.616)	51	1615	0	326	false	335	None
LINESTRING (3133064.916 222483.616, 3133064.648 222488.869)	51	1615	0	327	false	335	None
LINESTRING (3133064.648 222488.869, 3133064.433 222490.691)	51	1615	0	328	false	335	None
LINESTRING (3133064.433 222490.691, 3133064.22 222494.537)	51	1615	0	329	false	335	None
LINESTRING (3133064.22 222494.537, 3133063.579 222506.073)	51	1615	0	330	false	335	None
LINESTRING (3133063.579 222506.073, 3133063.24 222509.989)	51	1615	0	331	false	335	None
LINESTRING (3133063.24 222509.989, 3133063.266 222511.19)	51	1615	0	332	false	335	None
LINESTRING (3133063.266 222511.19, 3133063.181 222513.181)	51	1615	0	333	false	335	None
LINESTRING (3133063.181 222513.181, 3133058.404 222592.159)	51	1615	0	334	false	335	None
LINESTRING (3133058.404 222592.159, 3133056.474 222622.481)	51	1615	0	335	false	335	None
LINESTRING (3130396.2 221070.815, 3130332.576 221249.731)	51	1618	0	592	false	884	S:3130377.385480382 221123.723
LINESTRING (3130332.576 221249.731, 3130178.174 221697.277)	51	1618	0	593	false	884	None
LINESTRING (3130178.174 221697.277, 3130153.619 221768.356)	51	1618	0	594	false	884	None
LINESTRING (3130153.619 221768.356, 3130111.301 221898.028)	51	1618	0	595	false	884	None
LINESTRING (3130111.301 221898.028, 3130108.113 221907.03)	51	1618	0	596	false	884	None
LINESTRING (3130108.113 221907.03, 3130106.997 221910.169)	51	1618	0	597	false	884	None
LINESTRING (3130106.997 221910.169, 3130103.648 221919.586)	51	1618	0	598	false	884	None
LINESTRING (3130103.648 221919.586, 3130102.406 221922.795)	51	1618	0	599	false	884	None
LINESTRING (3130102.406 221922.795, 3130096.104 221940.353)	51	1618	0	600	false	884	None
LINESTRING (3130096.104 221940.353, 3130085.212 221970.537)	51	1618	0	601	false	884	None
LINESTRING (3130085.212 221970.537, 3130077.198 221993.027)	51	1618	0	602	false	884	None
LINESTRING (3130077.198 221993.027, 3130070.81 222010.552)	51	1618	0	603	false	884	None
LINESTRING (3130070.81 222010.552, 3130060.604 222039.216)	51	1618	0	604	false	884	None
LINESTRING (3130060.604 222039.216, 3130041.812 222091.339)	51	1618	0	605	false	884	None
LINESTRING (3130041.812 222091.339, 3130032.198 222125.827)	51	1618	0	606	false	884	None
LINESTRING (3130032.198 222125.827, 3130023.909 222155.114)	51	1618	0	607	false	884	None
LINESTRING (3130023.909 222155.114, 3129996.546 222246.889)	51	1618	0	608	false	884	None
LINESTRING (3129996.546 222246.889, 3129978.124 222308.201)	51	1618	0	609	false	884	None
LINESTRING (3129978.124 222308.201, 3129934.485 222443.314)	51	1618	0	610	false	884	None
LINESTRING (3129934.485 222443.314, 3129906.075 222520.044)	51	1618	0	611	false	884	None
LINESTRING (3129906.075 222520.044, 3129900.679 222534.501)	51	1618	0	612	false	884	None
LINESTRING (3129900.679 222534.501, 3129873.477 222610.389)	51	1618	0	613	false	884	None
LINESTRING (3129873.477 222610.389, 3129872.561 222613.011)	51	1618	0	614	false	884	None
LINESTRING (3129872.561 222613.011, 3129869.813 222620.874)	51	1618	0	615	false	884	None
LINESTRING (3129869.813 222620.874, 3129868.897 222623.496)	51	1618	0	616	false	884	None
LINESTRING (3129868.897 222623.496, 3129865.559 222633.392)	51	1618	0	617	false	884	None
LINESTRING (3129865.559 222633.392, 3129855.162 222663.054)	51	1618	0	618	false	884	None
LINESTRING (3129855.162 222663.054, 3129851.699 222673.022)	51	1618	0	619	false	884	None
LINESTRING (3129851.699 222673.022, 3129836.768 222715.927)	51	1618	0	620	false	884	None
LINESTRING (3129836.768 222715.927, 3129792.019 222844.778)	51	1618	0	621	false	884	None
LINESTRING (3129792.019 222844.778, 3129776.962 222887.753)	51	1618	0	622	false	884	None
LINESTRING (3129776.962 222887.753, 3129759.814 222931.824)	51	1618	0	623	false	884	None
LINESTRING (3129759.814 222931.824, 3129757.362 222939.683)	51	1618	0	624	false	884	None
LINESTRING (3129757.362 222939.683, 3129733.532 223014.972)	51	1618	0	625	false	884	None
LINESTRING (3129733.532 223014.972, 3129712.7 223099.753)	51	1618	0	626	false	884	None
LINESTRING (3129712.7 223099.753, 3129706.324 223125.614)	51	1618	0	627	false	884	None
LINESTRING (3129706.324 223125.614, 3129697.617 223153.192)	51	1618	0	628	false	884	None
LINESTRING (3129697.617 223153.192, 3129684.275 223195.284)	51	1618	0	629	false	884	None
LINESTRING (3129684.275 223195.284, 3129681.973 223202.249)	51	1618	0	630	false	884	None
LINESTRING (3129681.973 223202.249, 3129633.55 223348.961)	51	1618	0	631	false	884	None
LINESTRING (3129633.55 223348.961, 3129617.269 223397.891)	51	1618	0	632	false	884	None
LINESTRING (3129617.269 223397.891, 3129606.673 223430.094)	51	1618	0	633	false	884	None
LINESTRING (3129606.673 223430.094, 3129574.518 223529.182)	51	1618	0	634	false	884	None
LINESTRING (3129574.518 223529.182, 3129567.141 223551.799)	51	1618	0	635	false	884	None
LINESTRING (3129567.141 223551.799, 3129542.194 223618.563)	51	1618	0	636	false	884	None
LINESTRING (3129542.194 223618.563, 3129516.867 223693.154)	51	1618	0	637	false	884	None
LINESTRING (3129516.867 223693.154, 3129486.529 223782.471)	51	1618	0	638	false	884	None
LINESTRING (3129486.529 223782.471, 3129457.062 223874.862)	51	1618	0	639	false	884	None
LINESTRING (3129457.062 223874.862, 3129317.602 224311.893)	51	1618	0	640	false	884	W:3129426.05 223972.04546029004
LINESTRING (3132494.871 225110.446, 3132526.535 225028.189)	51	1620	0	121	false	272	N:3132519.449411564 225046.596
LINESTRING (3132526.535 225028.189, 3132537.034 225000.828)	51	1620	0	122	false	272	None
LINESTRING (3132537.034 225000.828, 3132550.014 224966.809)	51	1620	0	123	false	272	None
LINESTRING (3132550.014 224966.809, 3132588.538 224865.067)	51	1620	0	124	false	272	None
LINESTRING (3132588.538 224865.067, 3132601.393 224831.118)	51	1620	0	125	false	272	None
LINESTRING (3132601.393 224831.118, 3132608.56 224814.133)	51	1620	0	126	false	272	None
LINESTRING (3132608.56 224814.133, 3132629.766 224763.182)	51	1620	0	127	false	272	None
LINESTRING (3132629.766 224763.182, 3132636.808 224746.267)	51	1620	0	128	false	272	None
LINESTRING (3132636.808 224746.267, 3132642.677 224731.874)	51	1620	0	129	false	272	None
LINESTRING (3132642.677 224731.874, 3132659.948 224688.803)	51	1620	0	130	false	272	None
LINESTRING (3132659.948 224688.803, 3132665.607 224674.447)	51	1620	0	131	false	272	None
LINESTRING (3132665.607 224674.447, 3132670.418 224662.026)	51	1620	0	132	false	272	None
LINESTRING (3132670.418 224662.026, 3132684.47 224624.732)	51	1620	0	133	false	272	None
LINESTRING (3132684.47 224624.732, 3132689.071 224612.347)	51	1620	0	134	false	272	None
LINESTRING (3132689.071 224612.347, 3132709.294 224620.418)	51	1620	0	135	false	272	None
LINESTRING (3132709.294 224620.418, 3132769.754 224644.669)	51	1620	0	136	false	272	None
LINESTRING (3132769.754 224644.669, 3132789.852 224652.811)	51	1620	0	137	false	272	None
LINESTRING (3132789.852 224652.811, 3132807.215 224659.656)	51	1620	0	138	false	272	None
LINESTRING (3132807.215 224659.656, 3132859.224 224680.396)	51	1620	0	139	false	272	None
LINESTRING (3132859.224 224680.396, 3132876.461 224687.311)	51	1620	0	140	false	272	None
LINESTRING (3132876.461 224687.311, 3132890.537 224692.763)	51	1620	0	141	false	272	None
LINESTRING (3132890.537 224692.763, 3132932.725 224709.224)	51	1620	0	142	false	272	None
LINESTRING (3132932.725 224709.224, 3132946.675 224714.747)	51	1620	0	143	false	272	None
LINESTRING (3132946.675 224714.747, 3132963.185 224721.261)	51	1620	0	144	false	272	None
LINESTRING (3132963.185 224721.261, 3133012.424 224741.048)	51	1620	0	145	false	272	None
LINESTRING (3133012.424 224741.048, 3133028.808 224747.633)	51	1620	0	146	false	272	None
LINESTRING (3133028.808 224747.633, 3133039.602 224751.934)	51	1620	0	147	false	272	None
LINESTRING (3133039.602 224751.934, 3133071.859 224764.905)	51	1620	0	148	false	272	None
LINESTRING (3133071.859 224764.905, 3133082.527 224769.276)	51	1620	0	149	false	272	None
LINESTRING (3133082.527 224769.276, 3133103.854 224777.538)	51	1620	0	150	false	272	None
LINESTRING (3133103.854 224777.538, 3133167.584 224802.464)	51	1620	0	151	false	272	None
LINESTRING (3133167.584 224802.464, 3133188.786 224810.796)	51	1620	0	152	false	272	None
LINESTRING (3133188.786 224810.796, 3133200.423 224814.947)	51	1620	0	153	false	272	None
LINESTRING (3133200.423 224814.947, 3133235.122 224827.437)	51	1620	0	154	false	272	None
LINESTRING (3133235.122 224827.437, 3133246.634 224831.659)	51	1620	0	155	false	272	None
LINESTRING (3133246.634 224831.659, 3133262.456 224837.669)	51	1620	0	156	false	272	None
LINESTRING (3133262.456 224837.669, 3133309.881 224855.804)	51	1620	0	157	false	272	None
LINESTRING (3133309.881 224855.804, 3133325.578 224861.885)	51	1620	0	158	false	272	None
LINESTRING (3133325.578 224861.885, 3133348.52 224870.535)	51	1620	0	159	false	272	None
LINESTRING (3133348.52 224870.535, 3133417.348 224896.486)	51	1620	0	160	false	272	None
LINESTRING (3133417.348 224896.486, 3133440.165 224905.207)	51	1620	0	161	false	272	None
LINESTRING (3133440.165 224905.207, 3133486.065 224923.228)	51	1620	0	162	false	272	None
LINESTRING (3133486.065 224923.228, 3133623.639 224977.364)	51	1620	0	163	false	272	None
LINESTRING (3133623.639 224977.364, 3133627.523 224978.988)	51	1620	0	164	false	272	None
LINESTRING (3133627.523 224978.988, 3133664.022 224988.606)	51	1620	0	165	false	272	None
LINESTRING (3133664.022 224988.606, 3133671.433 224988.977)	51	1620	0	166	false	272	None
LINESTRING (3133671.433 224988.977, 3133676.852 224989.172)	51	1620	0	167	false	272	None
LINESTRING (3133676.852 224989.172, 3133693.068 224989.86)	51	1620	0	168	false	272	None
LINESTRING (3133693.068 224989.86, 3133698.361 224990.125)	51	1620	0	169	false	272	None
LINESTRING (3133698.361 224990.125, 3133706.689 224987.876)	51	1620	0	170	false	272	E:3133703.884 224988.6334981988
LINESTRING (3133738.553 224179.857, 3133702.676 224167.862)	51	1622	0	164	false	969	E:3133703.884 224168.2658788082
LINESTRING (3133702.676 224167.862, 3133692.022 224164.211)	51	1622	0	165	false	969	None
LINESTRING (3133692.022 224164.211, 3133679.582 224160.105)	51	1622	0	166	false	969	None
LINESTRING (3133679.582 224160.105, 3133660.165 224152.226)	51	1622	0	167	false	969	None
LINESTRING (3133660.165 224152.226, 3133649.541 224147.991)	51	1622	0	168	false	969	None
LINESTRING (3133649.541 224147.991, 3133645.827 224146.433)	51	1622	0	169	false	969	None
LINESTRING (3133645.827 224146.433, 3133634.264 224141.834)	51	1622	0	170	false	969	None
LINESTRING (3133634.264 224141.834, 3133630.425 224140.347)	51	1622	0	171	false	969	None
LINESTRING (3133630.425 224140.347, 3133551.689 224108.296)	51	1622	0	172	false	969	None
LINESTRING (3133551.689 224108.296, 3133315.233 224012.529)	51	1622	0	173	false	969	None
LINESTRING (3133315.233 224012.529, 3133236.37 223980.552)	51	1622	0	174	false	969	None
LINESTRING (3133236.37 223980.552, 3133184.382 223961.01)	51	1622	0	175	false	969	None
LINESTRING (3133184.382 223961.01, 3133158.752 223951.439)	51	1622	0	176	false	969	None
LINESTRING (3133158.752 223951.439, 3133153.202 223949.051)	51	1622	0	177	false	969	None
LINESTRING (3133153.202 223949.051, 3133074.493 223916.421)	51	1622	0	178	false	969	None
LINESTRING (3133074.493 223916.421, 3133030.058 223897.9)	51	1622	0	179	false	969	None
LINESTRING (3133030.058 223897.9, 3132978.626 223876.67)	51	1622	0	180	false	969	None
LINESTRING (3132978.626 223876.67, 3132961.984 223869.986)	51	1622	0	181	false	969	None
LINESTRING (3132961.984 223869.986, 3132912.017 223850.038)	51	1622	0	182	false	969	None
LINESTRING (3132912.017 223850.038, 3132895.25 223843.425)	51	1622	0	183	false	969	None
LINESTRING (3132895.25 223843.425, 3132882.703 223838.327)	51	1622	0	184	false	969	None
LINESTRING (3132882.703 223838.327, 3132845.028 223823.378)	51	1622	0	185	false	969	None
LINESTRING (3132845.028 223823.378, 3132832.355 223818.351)	51	1622	0	186	false	969	None
LINESTRING (3132832.355 223818.351, 3132821.259 223813.815)	51	1622	0	187	false	969	None
LINESTRING (3132821.259 223813.815, 3132787.804 223800.382)	51	1622	0	188	false	969	None
LINESTRING (3132787.804 223800.382, 3132776.542 223796.02)	51	1622	0	189	false	969	None
LINESTRING (3132776.542 223796.02, 3132753.611 223786.068)	51	1622	0	190	false	969	None
LINESTRING (3132753.611 223786.068, 3132684.612 223756.489)	51	1622	0	191	false	969	None
LINESTRING (3132684.612 223756.489, 3132661.555 223746.607)	51	1622	0	192	false	969	None
LINESTRING (3132661.555 223746.607, 3132651.482 223742.468)	51	1622	0	193	false	969	None
LINESTRING (3132651.482 223742.468, 3132621.048 223729.848)	51	1622	0	194	false	969	None
LINESTRING (3132621.048 223729.848, 3132610.85 223725.78)	51	1622	0	195	false	969	None
LINESTRING (3132610.85 223725.78, 3132589.294 223716.837)	51	1622	0	196	false	969	None
LINESTRING (3132589.294 223716.837, 3132524.546 223690.215)	51	1622	0	197	false	969	None
LINESTRING (3132524.546 223690.215, 3132502.864 223681.342)	51	1622	0	198	false	969	None
LINESTRING (3132502.864 223681.342, 3132530.578 223653.863)	51	1622	0	199	false	969	None
LINESTRING (3132530.578 223653.863, 3132570.509 223614.091)	51	1622	0	200	false	969	None
LINESTRING (3132570.509 223614.091, 3132593.209 223585.623)	51	1622	0	201	false	969	None
LINESTRING (3132593.209 223585.623, 3132606.796 223564.219)	51	1622	0	202	false	969	None
LINESTRING (3132606.796 223564.219, 3132628.069 223530.317)	51	1622	0	203	false	969	None
LINESTRING (3132628.069 223530.317, 3132638.603 223514.517)	51	1622	0	204	false	969	None
LINESTRING (3132638.603 223514.517, 3132670.12 223467.083)	51	1622	0	205	false	969	None
LINESTRING (3132670.12 223467.083, 3132680.569 223451.249)	51	1622	0	206	false	969	None
LINESTRING (3132680.569 223451.249, 3132757.779 223336.754)	51	1622	0	207	false	969	None
LINESTRING (3132757.779 223336.754, 3132801.401 223271.748)	51	1622	0	208	false	969	None
LINESTRING (3132801.401 223271.748, 3132852.154 223197.956)	51	1622	0	209	false	969	None
LINESTRING (3132852.154 223197.956, 3132863.496 223182.35)	51	1622	0	210	false	969	None
LINESTRING (3132863.496 223182.35, 3132912.182 223108.829)	51	1622	0	211	false	969	None
LINESTRING (3132912.182 223108.829, 3132938.626 223069.43)	51	1622	0	212	false	969	None
LINESTRING (3132938.626 223069.43, 3132970.182 222998.085)	51	1622	0	213	false	969	None
LINESTRING (3132970.182 222998.085, 3132973.342 222985.619)	51	1622	0	214	false	969	None
LINESTRING (3132973.342 222985.619, 3132982.399 222948.295)	51	1622	0	215	false	969	None
LINESTRING (3132982.399 222948.295, 3132985.433 222935.9)	51	1622	0	216	false	969	None
LINESTRING (3132985.433 222935.9, 3132998.82 222895.254)	51	1622	0	217	false	969	None
LINESTRING (3132998.82 222895.254, 3132999.341 222893.908)	51	1622	0	218	false	969	None
LINESTRING (3132999.341 222893.908, 3133019.369 222829.526)	51	1622	0	219	false	969	None
LINESTRING (3133019.369 222829.526, 3133033.415 222766.398)	51	1622	0	220	false	969	None
LINESTRING (3133033.415 222766.398, 3133041.509 222729.535)	51	1622	0	221	false	969	None
LINESTRING (3133041.509 222729.535, 3133042.65 222723.549)	51	1622	0	222	false	969	None
LINESTRING (3133042.65 222723.549, 3133056.474 222622.481)	51	1622	0	223	false	969	None
LINESTRING (3133056.474 222622.481, 3133058.404 222592.159)	51	1622	0	224	false	969	None
LINESTRING (3133058.404 222592.159, 3133063.181 222513.181)	51	1622	0	225	false	969	None
LINESTRING (3133063.181 222513.181, 3133063.266 222511.19)	51	1622	0	226	false	969	None
LINESTRING (3133063.266 222511.19, 3133063.24 222509.989)	51	1622	0	227	false	969	None
LINESTRING (3133063.24 222509.989, 3133063.579 222506.073)	51	1622	0	228	false	969	None
LINESTRING (3133063.579 222506.073, 3133064.22 222494.537)	51	1622	0	229	false	969	None
LINESTRING (3133064.22 222494.537, 3133064.433 222490.691)	51	1622	0	230	false	969	None
LINESTRING (3133064.433 222490.691, 3133064.648 222488.869)	51	1622	0	231	false	969	None
LINESTRING (3133064.648 222488.869, 3133064.916 222483.616)	51	1622	0	232	false	969	None
LINESTRING (3133064.916 222483.616, 3133064.92 222481.832)	51	1622	0	233	false	969	None
LINESTRING (3133064.92 222481.832, 3133065.364 222469.029)	51	1622	0	234	false	969	None
LINESTRING (3133065.364 222469.029, 3133066.356 222430.487)	51	1622	0	235	false	969	None
LINESTRING (3133066.356 222430.487, 3133066.589 222417.721)	51	1622	0	236	false	969	None
LINESTRING (3133066.589 222417.721, 3133066.678 222415.97)	51	1622	0	237	false	969	None
LINESTRING (3133066.678 222415.97, 3133066.826 222411.028)	51	1622	0	238	false	969	None
LINESTRING (3133066.826 222411.028, 3133066.79 222409.347)	51	1622	0	239	false	969	None
LINESTRING (3133066.79 222409.347, 3133068.018 222364.112)	51	1622	0	240	false	969	None
LINESTRING (3133068.018 222364.112, 3133071.691 222294.825)	51	1622	0	241	false	969	None
LINESTRING (3133071.691 222294.825, 3133072.169 222287.51)	51	1622	0	242	false	969	None
LINESTRING (3133072.169 222287.51, 3133073.225 222265.778)	51	1622	0	243	false	969	None
LINESTRING (3133073.225 222265.778, 3133073.577 222258.534)	51	1622	0	244	false	969	None
LINESTRING (3133073.577 222258.534, 3133074.105 222243.74)	51	1622	0	245	false	969	None
LINESTRING (3133074.105 222243.74, 3133075.439 222199.498)	51	1622	0	246	false	969	None
LINESTRING (3133075.439 222199.498, 3133075.841 222184.774)	51	1622	0	247	false	969	None
LINESTRING (3133075.841 222184.774, 3133076.041 222182.232)	51	1622	0	248	false	969	None
LINESTRING (3133076.041 222182.232, 3133076.257 222174.578)	51	1622	0	249	false	969	None
LINESTRING (3133076.257 222174.578, 3133076.245 222172.074)	51	1622	0	250	false	969	None
LINESTRING (3133076.245 222172.074, 3133078.81 222122.118)	51	1622	0	251	false	969	None
LINESTRING (3133078.81 222122.118, 3133085.606 221983.69)	51	1622	0	252	false	969	None
LINESTRING (3133085.606 221983.69, 3133086.121 221972.223)	51	1622	0	253	false	969	None
LINESTRING (3133086.121 221972.223, 3133087.967 221922.347)	51	1622	0	254	false	969	None
LINESTRING (3133087.967 221922.347, 3133088.037 221921.66)	51	1622	0	255	false	969	None
LINESTRING (3133088.037 221921.66, 3133088.161 221919.565)	51	1622	0	256	false	969	None
LINESTRING (3133088.161 221919.565, 3133088.106 221918.948)	51	1622	0	257	false	969	None
LINESTRING (3133088.106 221918.948, 3133089.5 221885.444)	51	1622	0	258	false	969	None
LINESTRING (3133089.5 221885.444, 3133093.387 221784.933)	51	1622	0	259	false	969	None
LINESTRING (3133093.387 221784.933, 3133094.656 221751.499)	51	1622	0	260	false	969	None
LINESTRING (3133094.656 221751.499, 3133096.262 221712.124)	51	1622	0	261	false	969	None
LINESTRING (3133096.262 221712.124, 3133100.744 221594.108)	51	1622	0	262	false	969	None
LINESTRING (3133100.744 221594.108, 3133102.224 221554.804)	51	1622	0	263	false	969	None
LINESTRING (3133102.224 221554.804, 3133105.438 221511.528)	51	1622	0	264	false	969	None
LINESTRING (3133105.438 221511.528, 3133114.739 221381.57)	51	1622	0	265	false	969	None
LINESTRING (3133114.739 221381.57, 3133117.742 221338.332)	51	1622	0	266	false	969	None
LINESTRING (3133117.742 221338.332, 3133121.418 221304.759)	51	1622	0	267	false	969	None
LINESTRING (3133121.418 221304.759, 3133126.421 221258.13)	51	1622	0	268	false	969	None
LINESTRING (3133126.421 221258.13, 3133130.847 221204.372)	51	1622	0	269	false	969	None
LINESTRING (3133130.847 221204.372, 3133133.47 221170.986)	51	1622	0	270	false	969	None
LINESTRING (3133133.47 221170.986, 3133134.761 221158.273)	51	1622	0	271	false	969	None
LINESTRING (3133134.761 221158.273, 3133138.47 221120.308)	51	1622	0	272	false	969	S:3133138.136370736 221123.723
LINESTRING (3129425.017 224725.06, 3129469.506 224699.304)	51	1623	0	8	false	457	W:3129426.05 224724.46196569948
LINESTRING (3129469.506 224699.304, 3129490.904 224687.349)	51	1623	0	9	false	457	None
LINESTRING (3129490.904 224687.349, 3129522.291 224669.855)	51	1623	0	10	false	457	None
LINESTRING (3129522.291 224669.855, 3129554.807 224651.727)	51	1623	0	11	false	457	None
LINESTRING (3129554.807 224651.727, 3129555.058 224651.586)	51	1623	0	12	false	457	None
LINESTRING (3129555.058 224651.586, 3129571.568 224644.405)	51	1623	0	13	false	457	None
LINESTRING (3129571.568 224644.405, 3129576.739 224642.954)	51	1623	0	14	false	457	None
LINESTRING (3129576.739 224642.954, 3129577.747 224642.63)	51	1623	0	15	false	457	None
LINESTRING (3129577.747 224642.63, 3129580.651 224641.968)	51	1623	0	16	false	457	None
LINESTRING (3129580.651 224641.968, 3129581.534 224641.714)	51	1623	0	17	false	457	None
LINESTRING (3129581.534 224641.714, 3129591.512 224641.528)	51	1623	0	18	false	457	None
LINESTRING (3129591.512 224641.528, 3129593.584 224641.497)	51	1623	0	19	false	457	None
LINESTRING (3129593.584 224641.497, 3129617.369 224647.962)	51	1623	0	20	false	457	None
LINESTRING (3129617.369 224647.962, 3129619.712 224648.75)	51	1623	0	21	false	457	None
LINESTRING (3129619.712 224648.75, 3129628.75 224652.009)	51	1623	0	22	false	457	None
LINESTRING (3129628.75 224652.009, 3129646.308 224658.089)	51	1623	0	23	false	457	None
LINESTRING (3129646.308 224658.089, 3129678.915 224669.635)	51	1623	0	24	false	457	None
LINESTRING (3129678.915 224669.635, 3129698.211 224677.816)	51	1623	0	25	false	457	None
LINESTRING (3129698.211 224677.816, 3129699.706 224678.513)	51	1623	0	26	false	457	None
LINESTRING (3129699.706 224678.513, 3129708.632 224694.228)	51	1623	0	27	false	457	None
LINESTRING (3129708.632 224694.228, 3129664.567 224718.123)	51	1623	0	28	false	457	None
LINESTRING (3129664.567 224718.123, 3129645.842 224736.35)	51	1623	0	29	false	457	None
LINESTRING (3129645.842 224736.35, 3129637.114 224745.471)	51	1623	0	30	false	457	None
LINESTRING (3129637.114 224745.471, 3129621.804 224761.21)	51	1623	0	31	false	457	None
LINESTRING (3129621.804 224761.21, 3129595.535 224794.372)	51	1623	0	32	false	457	None
LINESTRING (3129595.535 224794.372, 3129506.36 224909.249)	51	1623	0	33	false	457	None
LINESTRING (3129506.36 224909.249, 3129483.545 224939.82)	51	1623	0	34	false	457	None
LINESTRING (3129483.545 224939.82, 3129468.822 224968.999)	51	1623	0	35	false	457	None
LINESTRING (3129468.822 224968.999, 3129464.153 224978.024)	51	1623	0	36	false	457	None
LINESTRING (3129464.153 224978.024, 3129434.065 225057.559)	51	1623	0	37	false	457	N:3129438.2122904253 225046.596
LINESTRING (3130848.542 225054.709, 3130869.113 225041.603)	51	1623	0	83	false	457	N:3130861.27605486 225046.596
LINESTRING (3130869.113 225041.603, 3130899.326 225026.397)	51	1623	0	84	false	457	None
LINESTRING (3130899.326 225026.397, 3130924.869 225012.358)	51	1623	0	85	false	457	None
LINESTRING (3130924.869 225012.358, 3130991.01 224992.015)	51	1623	0	86	false	457	None
LINESTRING (3130991.01 224992.015, 3131028.731 224981.739)	51	1623	0	87	false	457	None
LINESTRING (3131028.731 224981.739, 3131071.818 224975.088)	51	1623	0	88	false	457	None
LINESTRING (3131071.818 224975.088, 3131109.086 224971.304)	51	1623	0	89	false	457	None
LINESTRING (3131109.086 224971.304, 3131179.055 224967.68)	51	1623	0	90	false	457	None
LINESTRING (3131179.055 224967.68, 3131189.586 224967.591)	51	1623	0	91	false	457	None
LINESTRING (3131189.586 224967.591, 3131222.697 224967.197)	51	1623	0	92	false	457	None
LINESTRING (3131222.697 224967.197, 3131286.763 224966.407)	51	1623	0	93	false	457	None
LINESTRING (3131286.763 224966.407, 3131294.755 224966.288)	51	1623	0	94	false	457	None
LINESTRING (3131294.755 224966.288, 3131318.691 224966.032)	51	1623	0	95	false	457	None
LINESTRING (3131318.691 224966.032, 3131326.557 224965.982)	51	1623	0	96	false	457	None
LINESTRING (3131326.557 224965.982, 3131407.764 224959.688)	51	1623	0	97	false	457	None
LINESTRING (3131407.764 224959.688, 3131417.561 224958.958)	51	1623	0	98	false	457	None
LINESTRING (3131417.561 224958.958, 3131531.961 224944.209)	51	1623	0	99	false	457	None
LINESTRING (3131531.961 224944.209, 3131632.515 224930.766)	51	1623	0	100	false	457	None
LINESTRING (3131632.515 224930.766, 3131651.404 224929.866)	51	1623	0	101	false	457	None
LINESTRING (3131651.404 224929.866, 3131681.917 224928.586)	51	1623	0	102	false	457	None
LINESTRING (3131681.917 224928.586, 3131711.031 224929.146)	51	1623	0	103	false	457	None
LINESTRING (3131711.031 224929.146, 3131731.867 224930.31)	51	1623	0	104	false	457	None
LINESTRING (3131731.867 224930.31, 3131768.594 224934.77)	51	1623	0	105	false	457	None
LINESTRING (3131768.594 224934.77, 3131771.946 224935.235)	51	1623	0	106	false	457	None
LINESTRING (3131771.946 224935.235, 3131798.634 224939.022)	51	1623	0	107	false	457	None
LINESTRING (3131798.634 224939.022, 3131826.812 224945.291)	51	1623	0	108	false	457	None
LINESTRING (3131826.812 224945.291, 3131867.747 224956.618)	51	1623	0	109	false	457	None
LINESTRING (3131867.747 224956.618, 3131888.822 224962.994)	51	1623	0	110	false	457	None
LINESTRING (3131888.822 224962.994, 3131927.098 224974.602)	51	1623	0	111	false	457	None
LINESTRING (3131927.098 224974.602, 3131933.612 224958.792)	51	1623	0	112	false	457	None
LINESTRING (3131933.612 224958.792, 3131953.156 224911.363)	51	1623	0	113	false	457	None
LINESTRING (3131953.156 224911.363, 3131959.63 224895.657)	51	1623	0	114	false	457	None
LINESTRING (3131959.63 224895.657, 3131960.798 224892.895)	51	1623	0	115	false	457	None
LINESTRING (3131960.798 224892.895, 3131964.261 224884.713)	51	1623	0	116	false	457	None
LINESTRING (3131964.261 224884.713, 3131965.303 224882.021)	51	1623	0	117	false	457	None
LINESTRING (3131965.303 224882.021, 3131969.848 224871.044)	51	1623	0	118	false	457	None
LINESTRING (3131969.848 224871.044, 3131983.484 224838.112)	51	1623	0	119	false	457	None
LINESTRING (3131983.484 224838.112, 3131987.904 224827.205)	51	1623	0	120	false	457	None
LINESTRING (3131987.904 224827.205, 3131997.921 224803.11)	51	1623	0	121	false	457	None
LINESTRING (3131997.921 224803.11, 3132027.683 224731.068)	51	1623	0	122	false	457	None
LINESTRING (3132027.683 224731.068, 3132037.575 224707.043)	51	1623	0	123	false	457	None
LINESTRING (3132037.575 224707.043, 3132051.34 224672.256)	51	1623	0	124	false	457	None
LINESTRING (3132051.34 224672.256, 3132092.636 224567.897)	51	1623	0	125	false	457	None
LINESTRING (3132092.636 224567.897, 3132106.401 224533.111)	51	1623	0	126	false	457	None
LINESTRING (3132106.401 224533.111, 3132111.126 224520.656)	51	1623	0	127	false	457	None
LINESTRING (3132111.126 224520.656, 3132125.216 224483.257)	51	1623	0	128	false	457	None
LINESTRING (3132125.216 224483.257, 3132129.816 224470.873)	51	1623	0	129	false	457	None
LINESTRING (3132129.816 224470.873, 3132135.659 224457.303)	51	1623	0	130	false	457	None
LINESTRING (3132135.659 224457.303, 3132153.109 224416.801)	51	1623	0	131	false	457	None
LINESTRING (3132153.109 224416.801, 3132158.913 224403.335)	51	1623	0	132	false	457	None
LINESTRING (3132158.913 224403.335, 3132167.386 224382.213)	51	1623	0	133	false	457	None
LINESTRING (3132167.386 224382.213, 3132192.597 224318.885)	51	1623	0	134	false	457	None
LINESTRING (3132192.597 224318.885, 3132200.945 224297.833)	51	1623	0	135	false	457	None
LINESTRING (3132200.945 224297.833, 3132201.391 224296.935)	51	1623	0	136	false	457	None
LINESTRING (3132201.391 224296.935, 3132202.433 224294.243)	51	1623	0	137	false	457	None
LINESTRING (3132202.433 224294.243, 3132202.754 224293.415)	51	1623	0	138	false	457	None
LINESTRING (3132202.754 224293.415, 3132215.602 224261.25)	51	1623	0	139	false	457	None
LINESTRING (3132215.602 224261.25, 3132254.147 224164.754)	51	1623	0	140	false	457	None
LINESTRING (3132254.147 224164.754, 3132266.91 224132.556)	51	1623	0	141	false	457	None
LINESTRING (3132266.91 224132.556, 3132291.15 224075.28)	51	1623	0	142	false	457	None
LINESTRING (3132291.15 224075.28, 3132363.66 223903.49)	51	1623	0	143	false	457	None
LINESTRING (3132363.66 223903.49, 3132387.775 223846.285)	51	1623	0	144	false	457	None
LINESTRING (3132387.775 223846.285, 3132402.506 223807.231)	51	1623	0	145	false	457	None
LINESTRING (3132402.506 223807.231, 3132410.508 223785.807)	51	1623	0	146	false	457	None
LINESTRING (3132410.508 223785.807, 3132439.576 223748.495)	51	1623	0	147	false	457	None
LINESTRING (3132439.576 223748.495, 3132456.405 223728.347)	51	1623	0	148	false	457	None
LINESTRING (3132456.405 223728.347, 3132474.665 223709.824)	51	1623	0	149	false	457	None
LINESTRING (3132474.665 223709.824, 3132502.864 223681.342)	51	1623	0	150	false	457	None
LINESTRING (3132502.864 223681.342, 3132524.546 223690.215)	51	1623	0	151	false	457	None
LINESTRING (3132524.546 223690.215, 3132589.294 223716.837)	51	1623	0	152	false	457	None
LINESTRING (3132589.294 223716.837, 3132610.85 223725.78)	51	1623	0	153	false	457	None
LINESTRING (3132610.85 223725.78, 3132621.048 223729.848)	51	1623	0	154	false	457	None
LINESTRING (3132621.048 223729.848, 3132651.482 223742.468)	51	1623	0	155	false	457	None
LINESTRING (3132651.482 223742.468, 3132661.555 223746.607)	51	1623	0	156	false	457	None
LINESTRING (3132661.555 223746.607, 3132684.612 223756.489)	51	1623	0	157	false	457	None
LINESTRING (3132684.612 223756.489, 3132753.611 223786.068)	51	1623	0	158	false	457	None
LINESTRING (3132753.611 223786.068, 3132776.542 223796.02)	51	1623	0	159	false	457	None
LINESTRING (3132776.542 223796.02, 3132787.804 223800.382)	51	1623	0	160	false	457	None
LINESTRING (3132787.804 223800.382, 3132821.259 223813.815)	51	1623	0	161	false	457	None
LINESTRING (3132821.259 223813.815, 3132832.355 223818.351)	51	1623	0	162	false	457	None
LINESTRING (3132832.355 223818.351, 3132845.028 223823.378)	51	1623	0	163	false	457	None
LINESTRING (3132845.028 223823.378, 3132882.703 223838.327)	51	1623	0	164	false	457	None
LINESTRING (3132882.703 223838.327, 3132895.25 223843.425)	51	1623	0	165	false	457	None
LINESTRING (3132895.25 223843.425, 3132912.017 223850.038)	51	1623	0	166	false	457	None
LINESTRING (3132912.017 223850.038, 3132961.984 223869.986)	51	1623	0	167	false	457	None
LINESTRING (3132961.984 223869.986, 3132978.626 223876.67)	51	1623	0	168	false	457	None
LINESTRING (3132978.626 223876.67, 3133030.058 223897.9)	51	1623	0	169	false	457	None
LINESTRING (3133030.058 223897.9, 3133074.493 223916.421)	51	1623	0	170	false	457	None
LINESTRING (3133074.493 223916.421, 3133153.202 223949.051)	51	1623	0	171	false	457	None
LINESTRING (3133153.202 223949.051, 3133158.752 223951.439)	51	1623	0	172	false	457	None
LINESTRING (3133158.752 223951.439, 3133184.382 223961.01)	51	1623	0	173	false	457	None
LINESTRING (3133184.382 223961.01, 3133236.37 223980.552)	51	1623	0	174	false	457	None
LINESTRING (3133236.37 223980.552, 3133219.825 224021.999)	51	1623	0	175	false	457	None
LINESTRING (3133219.825 224021.999, 3133204.036 224061.239)	51	1623	0	176	false	457	None
LINESTRING (3133204.036 224061.239, 3133180.229 224101.421)	51	1623	0	177	false	457	None
LINESTRING (3133180.229 224101.421, 3133150.792 224127.518)	51	1623	0	178	false	457	None
LINESTRING (3133150.792 224127.518, 3133148.043 224129.548)	51	1623	0	179	false	457	None
LINESTRING (3133148.043 224129.548, 3133132.097 224141.585)	51	1623	0	180	false	457	None
LINESTRING (3133132.097 224141.585, 3133112.687 224149.9)	51	1623	0	181	false	457	None
LINESTRING (3133112.687 224149.9, 3133083.233 224159.323)	51	1623	0	182	false	457	None
LINESTRING (3133083.233 224159.323, 3133078.231 224160.838)	51	1623	0	183	false	457	None
LINESTRING (3133078.231 224160.838, 3132994.785 224187.561)	51	1623	0	184	false	457	None
LINESTRING (3132994.785 224187.561, 3132965.245 224196.952)	51	1623	0	185	false	457	None
LINESTRING (3132965.245 224196.952, 3132951.042 224201.451)	51	1623	0	186	false	457	None
LINESTRING (3132951.042 224201.451, 3132945.875 224203.14)	51	1623	0	187	false	457	None
LINESTRING (3132945.875 224203.14, 3132914.968 224217.834)	51	1623	0	188	false	457	None
LINESTRING (3132914.968 224217.834, 3132909.32 224220.765)	51	1623	0	189	false	457	None
LINESTRING (3132909.32 224220.765, 3132895.469 224227.9)	51	1623	0	190	false	457	None
LINESTRING (3132895.469 224227.9, 3132877.307 224241.103)	51	1623	0	191	false	457	None
LINESTRING (3132877.307 224241.103, 3132875.686 224242.499)	51	1623	0	192	false	457	None
LINESTRING (3132875.686 224242.499, 3132860.087 224254.909)	51	1623	0	193	false	457	None
LINESTRING (3132860.087 224254.909, 3132844.988 224272.869)	51	1623	0	194	false	457	None
LINESTRING (3132844.988 224272.869, 3132826.288 224296.578)	51	1623	0	195	false	457	None
LINESTRING (3132826.288 224296.578, 3132824.774 224298.967)	51	1623	0	196	false	457	None
LINESTRING (3132824.774 224298.967, 3132810.519 224320.826)	51	1623	0	197	false	457	None
LINESTRING (3132810.519 224320.826, 3132808.473 224324.081)	51	1623	0	198	false	457	None
LINESTRING (3132808.473 224324.081, 3132802.08 224333.748)	51	1623	0	199	false	457	None
LINESTRING (3132802.08 224333.748, 3132799.909 224337.073)	51	1623	0	200	false	457	None
LINESTRING (3132799.909 224337.073, 3132790.71 224353.986)	51	1623	0	201	false	457	None
LINESTRING (3132790.71 224353.986, 3132782.62 224373.352)	51	1623	0	202	false	457	None
LINESTRING (3132782.62 224373.352, 3132774.205 224393.306)	51	1623	0	203	false	457	None
LINESTRING (3132774.205 224393.306, 3132759.857 224432.628)	51	1623	0	204	false	457	None
LINESTRING (3132759.857 224432.628, 3132739.009 224486.456)	51	1623	0	205	false	457	None
LINESTRING (3132739.009 224486.456, 3132724.374 224524.239)	51	1623	0	206	false	457	None
LINESTRING (3132724.374 224524.239, 3132717.348 224541.873)	51	1623	0	207	false	457	None
LINESTRING (3132717.348 224541.873, 3132696.183 224594.745)	51	1623	0	208	false	457	None
LINESTRING (3132696.183 224594.745, 3132689.071 224612.347)	51	1623	0	209	false	457	None
LINESTRING (3132689.071 224612.347, 3132684.47 224624.732)	51	1623	0	210	false	457	None
LINESTRING (3132684.47 224624.732, 3132670.418 224662.026)	51	1623	0	211	false	457	None
LINESTRING (3132670.418 224662.026, 3132665.607 224674.447)	51	1623	0	212	false	457	None
LINESTRING (3132665.607 224674.447, 3132659.948 224688.803)	51	1623	0	213	false	457	None
LINESTRING (3132659.948 224688.803, 3132642.677 224731.874)	51	1623	0	214	false	457	None
LINESTRING (3132642.677 224731.874, 3132636.808 224746.267)	51	1623	0	215	false	457	None
LINESTRING (3132636.808 224746.267, 3132629.766 224763.182)	51	1623	0	216	false	457	None
LINESTRING (3132629.766 224763.182, 3132608.56 224814.133)	51	1623	0	217	false	457	None
LINESTRING (3132608.56 224814.133, 3132601.393 224831.118)	51	1623	0	218	false	457	None
LINESTRING (3132601.393 224831.118, 3132588.538 224865.067)	51	1623	0	219	false	457	None
LINESTRING (3132588.538 224865.067, 3132550.014 224966.809)	51	1623	0	220	false	457	None
LINESTRING (3132550.014 224966.809, 3132537.034 225000.828)	51	1623	0	221	false	457	None
LINESTRING (3132537.034 225000.828, 3132526.535 225028.189)	51	1623	0	222	false	457	None
LINESTRING (3132526.535 225028.189, 3132494.871 225110.446)	51	1623	0	223	false	457	N:3132519.449411564 225046.596
LINESTRING (3133138.47 221120.308, 3133134.761 221158.273)	51	1625	0	171	false	1385	S:3133138.136370736 221123.723
LINESTRING (3133134.761 221158.273, 3133133.47 221170.986)	51	1625	0	172	false	1385	None
LINESTRING (3133133.47 221170.986, 3133097.931 221157.583)	51	1625	0	173	false	1385	None
LINESTRING (3133097.931 221157.583, 3132991.274 221117.475)	51	1625	0	174	false	1385	S:3133007.888963 221123.723
LINESTRING (3133706.689 224987.876, 3133698.361 224990.125)	51	1610	0	161	false	412	E:3133703.884 224988.6334981988
LINESTRING (3133698.361 224990.125, 3133693.068 224989.86)	51	1610	0	162	false	412	None
LINESTRING (3133693.068 224989.86, 3133676.852 224989.172)	51	1610	0	163	false	412	None
LINESTRING (3133676.852 224989.172, 3133671.433 224988.977)	51	1610	0	164	false	412	None
LINESTRING (3133671.433 224988.977, 3133664.022 224988.606)	51	1610	0	165	false	412	None
LINESTRING (3133664.022 224988.606, 3133627.523 224978.988)	51	1610	0	166	false	412	None
LINESTRING (3133627.523 224978.988, 3133623.639 224977.364)	51	1610	0	167	false	412	None
LINESTRING (3133623.639 224977.364, 3133486.065 224923.228)	51	1610	0	168	false	412	None
LINESTRING (3133486.065 224923.228, 3133440.165 224905.207)	51	1610	0	169	false	412	None
LINESTRING (3133440.165 224905.207, 3133417.348 224896.486)	51	1610	0	170	false	412	None
LINESTRING (3133417.348 224896.486, 3133348.52 224870.535)	51	1610	0	171	false	412	None
LINESTRING (3133348.52 224870.535, 3133325.578 224861.885)	51	1610	0	172	false	412	None
LINESTRING (3133325.578 224861.885, 3133309.881 224855.804)	51	1610	0	173	false	412	None
LINESTRING (3133309.881 224855.804, 3133262.456 224837.669)	51	1610	0	174	false	412	None
LINESTRING (3133262.456 224837.669, 3133246.634 224831.659)	51	1610	0	175	false	412	None
LINESTRING (3133246.634 224831.659, 3133235.122 224827.437)	51	1610	0	176	false	412	None
LINESTRING (3133235.122 224827.437, 3133200.423 224814.947)	51	1610	0	177	false	412	None
LINESTRING (3133200.423 224814.947, 3133188.786 224810.796)	51	1610	0	178	false	412	None
LINESTRING (3133188.786 224810.796, 3133167.584 224802.464)	51	1610	0	179	false	412	None
LINESTRING (3133167.584 224802.464, 3133103.854 224777.538)	51	1610	0	180	false	412	None
LINESTRING (3133103.854 224777.538, 3133082.527 224769.276)	51	1610	0	181	false	412	None
LINESTRING (3133082.527 224769.276, 3133071.859 224764.905)	51	1610	0	182	false	412	None
LINESTRING (3133071.859 224764.905, 3133039.602 224751.934)	51	1610	0	183	false	412	None
LINESTRING (3133039.602 224751.934, 3133028.808 224747.633)	51	1610	0	184	false	412	None
LINESTRING (3133028.808 224747.633, 3133012.424 224741.048)	51	1610	0	185	false	412	None
LINESTRING (3133012.424 224741.048, 3132963.185 224721.261)	51	1610	0	186	false	412	None
LINESTRING (3132963.185 224721.261, 3132946.675 224714.747)	51	1610	0	187	false	412	None
LINESTRING (3132946.675 224714.747, 3132932.725 224709.224)	51	1610	0	188	false	412	None
LINESTRING (3132932.725 224709.224, 3132890.537 224692.763)	51	1610	0	189	false	412	None
LINESTRING (3132890.537 224692.763, 3132876.461 224687.311)	51	1610	0	190	false	412	None
LINESTRING (3132876.461 224687.311, 3132859.224 224680.396)	51	1610	0	191	false	412	None
LINESTRING (3132859.224 224680.396, 3132807.215 224659.656)	51	1610	0	192	false	412	None
LINESTRING (3132807.215 224659.656, 3132789.852 224652.811)	51	1610	0	193	false	412	None
LINESTRING (3132789.852 224652.811, 3132769.754 224644.669)	51	1610	0	194	false	412	None
LINESTRING (3132769.754 224644.669, 3132709.294 224620.418)	51	1610	0	195	false	412	None
LINESTRING (3132709.294 224620.418, 3132689.071 224612.347)	51	1610	0	196	false	412	None
LINESTRING (3132689.071 224612.347, 3132696.183 224594.745)	51	1610	0	197	false	412	None
LINESTRING (3132696.183 224594.745, 3132717.348 224541.873)	51	1610	0	198	false	412	None
LINESTRING (3132717.348 224541.873, 3132724.374 224524.239)	51	1610	0	199	false	412	None
LINESTRING (3132724.374 224524.239, 3132739.009 224486.456)	51	1610	0	200	false	412	None
LINESTRING (3132739.009 224486.456, 3132759.857 224432.628)	51	1610	0	201	false	412	None
LINESTRING (3132759.857 224432.628, 3132774.205 224393.306)	51	1610	0	202	false	412	None
LINESTRING (3132774.205 224393.306, 3132782.62 224373.352)	51	1610	0	203	false	412	None
LINESTRING (3132782.62 224373.352, 3132790.71 224353.986)	51	1610	0	204	false	412	None
LINESTRING (3132790.71 224353.986, 3132799.909 224337.073)	51	1610	0	205	false	412	None
LINESTRING (3132799.909 224337.073, 3132802.08 224333.748)	51	1610	0	206	false	412	None
LINESTRING (3132802.08 224333.748, 3132808.473 224324.081)	51	1610	0	207	false	412	None
LINESTRING (3132808.473 224324.081, 3132810.519 224320.826)	51	1610	0	208	false	412	None
LINESTRING (3132810.519 224320.826, 3132824.774 224298.967)	51	1610	0	209	false	412	None
LINESTRING (3132824.774 224298.967, 3132826.288 224296.578)	51	1610	0	210	false	412	None
LINESTRING (3132826.288 224296.578, 3132844.988 224272.869)	51	1610	0	211	false	412	None
LINESTRING (3132844.988 224272.869, 3132860.087 224254.909)	51	1610	0	212	false	412	None
LINESTRING (3132860.087 224254.909, 3132875.686 224242.499)	51	1610	0	213	false	412	None
LINESTRING (3132875.686 224242.499, 3132877.307 224241.103)	51	1610	0	214	false	412	None
LINESTRING (3132877.307 224241.103, 3132895.469 224227.9)	51	1610	0	215	false	412	None
LINESTRING (3132895.469 224227.9, 3132909.32 224220.765)	51	1610	0	216	false	412	None
LINESTRING (3132909.32 224220.765, 3132914.968 224217.834)	51	1610	0	217	false	412	None
LINESTRING (3132914.968 224217.834, 3132945.875 224203.14)	51	1610	0	218	false	412	None
LINESTRING (3132945.875 224203.14, 3132951.042 224201.451)	51	1610	0	219	false	412	None
LINESTRING (3132951.042 224201.451, 3132965.245 224196.952)	51	1610	0	220	false	412	None
LINESTRING (3132965.245 224196.952, 3132994.785 224187.561)	51	1610	0	221	false	412	None
LINESTRING (3132994.785 224187.561, 3133078.231 224160.838)	51	1610	0	222	false	412	None
LINESTRING (3133078.231 224160.838, 3133083.233 224159.323)	51	1610	0	223	false	412	None
LINESTRING (3133083.233 224159.323, 3133112.687 224149.9)	51	1610	0	224	false	412	None
LINESTRING (3133112.687 224149.9, 3133132.097 224141.585)	51	1610	0	225	false	412	None
LINESTRING (3133132.097 224141.585, 3133148.043 224129.548)	51	1610	0	226	false	412	None
LINESTRING (3133148.043 224129.548, 3133150.792 224127.518)	51	1610	0	227	false	412	None
LINESTRING (3133150.792 224127.518, 3133180.229 224101.421)	51	1610	0	228	false	412	None
LINESTRING (3133180.229 224101.421, 3133204.036 224061.239)	51	1610	0	229	false	412	None
LINESTRING (3133204.036 224061.239, 3133219.825 224021.999)	51	1610	0	230	false	412	None
LINESTRING (3133219.825 224021.999, 3133236.37 223980.552)	51	1610	0	231	false	412	None
LINESTRING (3133236.37 223980.552, 3133315.233 224012.529)	51	1610	0	232	false	412	None
LINESTRING (3133315.233 224012.529, 3133551.689 224108.296)	51	1610	0	233	false	412	None
LINESTRING (3133551.689 224108.296, 3133630.425 224140.347)	51	1610	0	234	false	412	None
LINESTRING (3133630.425 224140.347, 3133634.264 224141.834)	51	1610	0	235	false	412	None
LINESTRING (3133634.264 224141.834, 3133645.827 224146.433)	51	1610	0	236	false	412	None
LINESTRING (3133645.827 224146.433, 3133649.541 224147.991)	51	1610	0	237	false	412	None
LINESTRING (3133649.541 224147.991, 3133660.165 224152.226)	51	1610	0	238	false	412	None
LINESTRING (3133660.165 224152.226, 3133679.582 224160.105)	51	1610	0	239	false	412	None
LINESTRING (3133679.582 224160.105, 3133692.022 224164.211)	51	1610	0	240	false	412	None
LINESTRING (3133692.022 224164.211, 3133702.676 224167.862)	51	1610	0	241	false	412	None
LINESTRING (3133702.676 224167.862, 3133738.553 224179.857)	51	1610	0	242	false	412	E:3133703.884 224168.2658788082
LINESTRING (3129317.602 224311.893, 3129457.062 223874.862)	51	1611	0	18	false	287	W:3129426.05 223972.04546029004
LINESTRING (3129457.062 223874.862, 3129486.529 223782.471)	51	1611	0	19	false	287	None
LINESTRING (3129486.529 223782.471, 3129516.867 223693.154)	51	1611	0	20	false	287	None
LINESTRING (3129516.867 223693.154, 3129542.194 223618.563)	51	1611	0	21	false	287	None
LINESTRING (3129542.194 223618.563, 3129567.141 223551.799)	51	1611	0	22	false	287	None
LINESTRING (3129567.141 223551.799, 3129574.518 223529.182)	51	1611	0	23	false	287	None
LINESTRING (3129574.518 223529.182, 3129606.673 223430.094)	51	1611	0	24	false	287	None
LINESTRING (3129606.673 223430.094, 3129617.269 223397.891)	51	1611	0	25	false	287	None
LINESTRING (3129617.269 223397.891, 3129633.55 223348.961)	51	1611	0	26	false	287	None
LINESTRING (3129633.55 223348.961, 3129681.973 223202.249)	51	1611	0	27	false	287	None
LINESTRING (3129681.973 223202.249, 3129684.275 223195.284)	51	1611	0	28	false	287	None
LINESTRING (3129684.275 223195.284, 3129697.617 223153.192)	51	1611	0	29	false	287	None
LINESTRING (3129697.617 223153.192, 3129706.324 223125.614)	51	1611	0	30	false	287	None
LINESTRING (3129706.324 223125.614, 3129712.7 223099.753)	51	1611	0	31	false	287	None
LINESTRING (3129712.7 223099.753, 3129733.532 223014.972)	51	1611	0	32	false	287	None
LINESTRING (3129733.532 223014.972, 3129757.362 222939.683)	51	1611	0	33	false	287	None
LINESTRING (3129757.362 222939.683, 3129759.814 222931.824)	51	1611	0	34	false	287	None
LINESTRING (3129759.814 222931.824, 3129776.962 222887.753)	51	1611	0	35	false	287	None
LINESTRING (3129776.962 222887.753, 3129792.019 222844.778)	51	1611	0	36	false	287	None
LINESTRING (3129792.019 222844.778, 3129836.768 222715.927)	51	1611	0	37	false	287	None
LINESTRING (3129836.768 222715.927, 3129851.699 222673.022)	51	1611	0	38	false	287	None
LINESTRING (3129851.699 222673.022, 3129855.162 222663.054)	51	1611	0	39	false	287	None
LINESTRING (3129855.162 222663.054, 3129865.559 222633.392)	51	1611	0	40	false	287	None
LINESTRING (3129865.559 222633.392, 3129868.897 222623.496)	51	1611	0	41	false	287	None
LINESTRING (3129868.897 222623.496, 3129869.813 222620.874)	51	1611	0	42	false	287	None
LINESTRING (3129869.813 222620.874, 3129872.561 222613.011)	51	1611	0	43	false	287	None
LINESTRING (3129872.561 222613.011, 3129873.477 222610.389)	51	1611	0	44	false	287	None
LINESTRING (3129873.477 222610.389, 3129894.845 222618.299)	51	1611	0	45	false	287	None
LINESTRING (3129894.845 222618.299, 3129895.101 222618.398)	51	1611	0	46	false	287	None
LINESTRING (3129895.101 222618.398, 3129959.909 222639.543)	51	1611	0	47	false	287	None
LINESTRING (3129959.909 222639.543, 3129981.471 222646.695)	51	1611	0	48	false	287	None
LINESTRING (3129981.471 222646.695, 3129983.428 222647.215)	51	1611	0	49	false	287	None
LINESTRING (3129983.428 222647.215, 3129989.01 222649.017)	51	1611	0	50	false	287	None
LINESTRING (3129989.01 222649.017, 3129990.842 222649.607)	51	1611	0	51	false	287	None
LINESTRING (3129990.842 222649.607, 3130017.463 222657.883)	51	1611	0	52	false	287	None
LINESTRING (3130017.463 222657.883, 3130097.207 222683.023)	51	1611	0	53	false	287	None
LINESTRING (3130097.207 222683.023, 3130123.788 222691.403)	51	1611	0	54	false	287	None
LINESTRING (3130123.788 222691.403, 3130143.095 222696.016)	51	1611	0	55	false	287	None
LINESTRING (3130143.095 222696.016, 3130200.726 222710.102)	51	1611	0	56	false	287	None
LINESTRING (3130200.726 222710.102, 3130201.705 222710.362)	51	1611	0	57	false	287	None
LINESTRING (3130201.705 222710.362, 3130219.983 222714.339)	51	1611	0	58	false	287	None
LINESTRING (3130219.983 222714.339, 3130276.81 222726.448)	51	1611	0	59	false	287	None
LINESTRING (3130276.81 222726.448, 3130291.093 222729.594)	51	1611	0	60	false	287	None
LINESTRING (3130291.093 222729.594, 3130369.561 222740.793)	51	1611	0	61	false	287	None
LINESTRING (3130369.561 222740.793, 3130449.844 222751.862)	51	1611	0	62	false	287	None
LINESTRING (3130449.844 222751.862, 3130507.556 222759.91)	51	1611	0	63	false	287	None
LINESTRING (3130507.556 222759.91, 3130528.899 222762.813)	51	1611	0	64	false	287	None
LINESTRING (3130528.899 222762.813, 3130592.592 222771.63)	51	1611	0	65	false	287	None
LINESTRING (3130592.592 222771.63, 3130613.81 222774.603)	51	1611	0	66	false	287	None
LINESTRING (3130613.81 222774.603, 3130646.866 222779.182)	51	1611	0	67	false	287	None
LINESTRING (3130646.866 222779.182, 3130745.824 222792.958)	51	1611	0	68	false	287	None
LINESTRING (3130745.824 222792.958, 3130778.755 222797.608)	51	1611	0	69	false	287	None
LINESTRING (3130778.755 222797.608, 3130808.413 222801.587)	51	1611	0	70	false	287	None
LINESTRING (3130808.413 222801.587, 3130897.178 222813.562)	51	1611	0	71	false	287	None
LINESTRING (3130897.178 222813.562, 3130926.712 222817.612)	51	1611	0	72	false	287	None
LINESTRING (3130926.712 222817.612, 3130938.846 222819.213)	51	1611	0	73	false	287	None
LINESTRING (3130938.846 222819.213, 3130975.044 222824.295)	51	1611	0	74	false	287	None
LINESTRING (3130975.044 222824.295, 3130985.653 222825.782)	51	1611	0	75	false	287	None
LINESTRING (3130985.653 222825.782, 3130987.053 222825.967)	51	1611	0	76	false	287	None
LINESTRING (3130987.053 222825.967, 3131005.305 222828.746)	51	1611	0	77	false	287	None
LINESTRING (3131005.305 222828.746, 3131039.521 222834.133)	51	1611	0	78	false	287	None
LINESTRING (3131039.521 222834.133, 3131046.823 222835.292)	51	1611	0	79	false	287	None
LINESTRING (3131046.823 222835.292, 3131059.976 222837.05)	51	1611	0	80	false	287	None
LINESTRING (3131059.976 222837.05, 3131078.183 222839.693)	51	1611	0	81	false	287	None
LINESTRING (3131078.183 222839.693, 3131118.923 222845.462)	51	1611	0	82	false	287	None
LINESTRING (3131118.923 222845.462, 3131135.644 222847.887)	51	1611	0	83	false	287	None
LINESTRING (3131135.644 222847.887, 3131204.027 222860.309)	51	1611	0	84	false	287	None
LINESTRING (3131204.027 222860.309, 3131228.524 222866.219)	51	1611	0	85	false	287	None
LINESTRING (3131228.524 222866.219, 3131239.299 222869.557)	51	1611	0	86	false	287	None
LINESTRING (3131239.299 222869.557, 3131278.067 222881.943)	51	1611	0	87	false	287	None
LINESTRING (3131278.067 222881.943, 3131348.02 222908.306)	51	1611	0	88	false	287	None
LINESTRING (3131348.02 222908.306, 3131468.732 222953.841)	51	1611	0	89	false	287	None
LINESTRING (3131468.732 222953.841, 3131557.432 222988.296)	51	1611	0	90	false	287	None
LINESTRING (3131557.432 222988.296, 3131627.019 223015.352)	51	1611	0	91	false	287	None
LINESTRING (3131627.019 223015.352, 3131663.016 223036.668)	51	1611	0	92	false	287	None
LINESTRING (3131663.016 223036.668, 3131666.962 223039.148)	51	1611	0	93	false	287	None
LINESTRING (3131666.962 223039.148, 3131685.943 223052.209)	51	1611	0	94	false	287	None
LINESTRING (3131685.943 223052.209, 3131703.057 223070.857)	51	1611	0	95	false	287	None
LINESTRING (3131703.057 223070.857, 3131708.56 223076.915)	51	1611	0	96	false	287	None
LINESTRING (3131708.56 223076.915, 3131726.122 223098.713)	51	1611	0	97	false	287	None
LINESTRING (3131726.122 223098.713, 3131739.642 223125.373)	51	1611	0	98	false	287	None
LINESTRING (3131739.642 223125.373, 3131743.017 223136.678)	51	1611	0	99	false	287	None
LINESTRING (3131743.017 223136.678, 3131748.503 223155.706)	51	1611	0	100	false	287	None
LINESTRING (3131748.503 223155.706, 3131755.495 223181.743)	51	1611	0	101	false	287	None
LINESTRING (3131755.495 223181.743, 3131759.351 223201.687)	51	1611	0	102	false	287	None
LINESTRING (3131759.351 223201.687, 3131770.966 223261.654)	51	1611	0	103	false	287	None
LINESTRING (3131770.966 223261.654, 3131774.696 223281.668)	51	1611	0	104	false	287	None
LINESTRING (3131774.696 223281.668, 3131782.622 223309.853)	51	1611	0	105	false	287	None
LINESTRING (3131782.622 223309.853, 3131784.513 223317.132)	51	1611	0	106	false	287	None
LINESTRING (3131784.513 223317.132, 3131792.995 223343.628)	51	1611	0	107	false	287	None
LINESTRING (3131792.995 223343.628, 3131800.6 223364.784)	51	1611	0	108	false	287	None
LINESTRING (3131800.6 223364.784, 3131808.141 223379.012)	51	1611	0	109	false	287	None
LINESTRING (3131808.141 223379.012, 3131815.162 223388.753)	51	1611	0	110	false	287	None
LINESTRING (3131815.162 223388.753, 3131831.001 223411.194)	51	1611	0	111	false	287	None
LINESTRING (3131831.001 223411.194, 3131848.085 223424.593)	51	1611	0	112	false	287	None
LINESTRING (3131848.085 223424.593, 3131872.34 223438.983)	51	1611	0	113	false	287	None
LINESTRING (3131872.34 223438.983, 3131940.949 223466.023)	51	1611	0	114	false	287	None
LINESTRING (3131940.949 223466.023, 3132011.615 223492.312)	51	1611	0	115	false	287	None
LINESTRING (3132011.615 223492.312, 3132029.186 223498.877)	51	1611	0	116	false	287	None
LINESTRING (3132029.186 223498.877, 3132141.984 223540.766)	51	1611	0	117	false	287	None
LINESTRING (3132141.984 223540.766, 3132175.044 223553.448)	51	1611	0	118	false	287	None
LINESTRING (3132175.044 223553.448, 3132189.076 223558.762)	51	1611	0	119	false	287	None
LINESTRING (3132189.076 223558.762, 3132231.089 223574.673)	51	1611	0	120	false	287	None
LINESTRING (3132231.089 223574.673, 3132244.996 223580.058)	51	1611	0	121	false	287	None
LINESTRING (3132244.996 223580.058, 3132250.838 223582.201)	51	1611	0	122	false	287	None
LINESTRING (3132250.838 223582.201, 3132268.324 223588.734)	51	1611	0	123	false	287	None
LINESTRING (3132268.324 223588.734, 3132274.125 223590.981)	51	1611	0	124	false	287	None
LINESTRING (3132274.125 223590.981, 3132287.691 223596.234)	51	1611	0	125	false	287	None
LINESTRING (3132287.691 223596.234, 3132328.309 223612.2)	51	1611	0	126	false	287	None
LINESTRING (3132328.309 223612.2, 3132341.75 223617.524)	51	1611	0	127	false	287	None
LINESTRING (3132341.75 223617.524, 3132345.413 223618.704)	51	1611	0	128	false	287	None
LINESTRING (3132345.413 223618.704, 3132356.068 223622.354)	51	1611	0	129	false	287	None
LINESTRING (3132356.068 223622.354, 3132359.606 223623.605)	51	1611	0	130	false	287	None
LINESTRING (3132359.606 223623.605, 3132380.936 223631.865)	51	1611	0	131	false	287	None
LINESTRING (3132380.936 223631.865, 3132444.971 223656.781)	51	1611	0	132	false	287	None
LINESTRING (3132444.971 223656.781, 3132466.176 223665.111)	51	1611	0	133	false	287	None
LINESTRING (3132466.176 223665.111, 3132473.564 223668.329)	51	1611	0	134	false	287	None
LINESTRING (3132473.564 223668.329, 3132495.602 223678.054)	51	1611	0	135	false	287	None
LINESTRING (3132495.602 223678.054, 3132502.864 223681.342)	51	1611	0	136	false	287	None
LINESTRING (3132502.864 223681.342, 3132474.665 223709.824)	51	1611	0	137	false	287	None
LINESTRING (3132474.665 223709.824, 3132456.405 223728.347)	51	1611	0	138	false	287	None
LINESTRING (3132456.405 223728.347, 3132439.576 223748.495)	51	1611	0	139	false	287	None
LINESTRING (3132439.576 223748.495, 3132410.508 223785.807)	51	1611	0	140	false	287	None
LINESTRING (3132410.508 223785.807, 3132402.506 223807.231)	51	1611	0	141	false	287	None
LINESTRING (3132402.506 223807.231, 3132387.775 223846.285)	51	1611	0	142	false	287	None
LINESTRING (3132387.775 223846.285, 3132363.66 223903.49)	51	1611	0	143	false	287	None
LINESTRING (3132363.66 223903.49, 3132291.15 224075.28)	51	1611	0	144	false	287	None
LINESTRING (3132291.15 224075.28, 3132266.91 224132.556)	51	1611	0	145	false	287	None
LINESTRING (3132266.91 224132.556, 3132254.147 224164.754)	51	1611	0	146	false	287	None
LINESTRING (3132254.147 224164.754, 3132215.602 224261.25)	51	1611	0	147	false	287	None
LINESTRING (3132215.602 224261.25, 3132202.754 224293.415)	51	1611	0	148	false	287	None
LINESTRING (3132202.754 224293.415, 3132202.433 224294.243)	51	1611	0	149	false	287	None
LINESTRING (3132202.433 224294.243, 3132201.391 224296.935)	51	1611	0	150	false	287	None
LINESTRING (3132201.391 224296.935, 3132200.945 224297.833)	51	1611	0	151	false	287	None
LINESTRING (3132200.945 224297.833, 3132192.597 224318.885)	51	1611	0	152	false	287	None
LINESTRING (3132192.597 224318.885, 3132167.386 224382.213)	51	1611	0	153	false	287	None
LINESTRING (3132167.386 224382.213, 3132158.913 224403.335)	51	1611	0	154	false	287	None
LINESTRING (3132158.913 224403.335, 3132153.109 224416.801)	51	1611	0	155	false	287	None
LINESTRING (3132153.109 224416.801, 3132135.659 224457.303)	51	1611	0	156	false	287	None
LINESTRING (3132135.659 224457.303, 3132129.816 224470.873)	51	1611	0	157	false	287	None
LINESTRING (3132129.816 224470.873, 3132125.216 224483.257)	51	1611	0	158	false	287	None
LINESTRING (3132125.216 224483.257, 3132111.126 224520.656)	51	1611	0	159	false	287	None
LINESTRING (3132111.126 224520.656, 3132106.401 224533.111)	51	1611	0	160	false	287	None
LINESTRING (3132106.401 224533.111, 3132092.636 224567.897)	51	1611	0	161	false	287	None
LINESTRING (3132092.636 224567.897, 3132051.34 224672.256)	51	1611	0	162	false	287	None
LINESTRING (3132051.34 224672.256, 3132037.575 224707.043)	51	1611	0	163	false	287	None
LINESTRING (3132037.575 224707.043, 3132027.683 224731.068)	51	1611	0	164	false	287	None
LINESTRING (3132027.683 224731.068, 3131997.921 224803.11)	51	1611	0	165	false	287	None
LINESTRING (3131997.921 224803.11, 3131987.904 224827.205)	51	1611	0	166	false	287	None
LINESTRING (3131987.904 224827.205, 3131983.484 224838.112)	51	1611	0	167	false	287	None
LINESTRING (3131983.484 224838.112, 3131969.848 224871.044)	51	1611	0	168	false	287	None
LINESTRING (3131969.848 224871.044, 3131965.303 224882.021)	51	1611	0	169	false	287	None
LINESTRING (3131965.303 224882.021, 3131964.261 224884.713)	51	1611	0	170	false	287	None
LINESTRING (3131964.261 224884.713, 3131960.798 224892.895)	51	1611	0	171	false	287	None
LINESTRING (3131960.798 224892.895, 3131959.63 224895.657)	51	1611	0	172	false	287	None
LINESTRING (3131959.63 224895.657, 3131953.156 224911.363)	51	1611	0	173	false	287	None
LINESTRING (3131953.156 224911.363, 3131933.612 224958.792)	51	1611	0	174	false	287	None
LINESTRING (3131933.612 224958.792, 3131927.098 224974.602)	51	1611	0	175	false	287	None
LINESTRING (3131927.098 224974.602, 3131888.822 224962.994)	51	1611	0	176	false	287	None
LINESTRING (3131888.822 224962.994, 3131867.747 224956.618)	51	1611	0	177	false	287	None
LINESTRING (3131867.747 224956.618, 3131826.812 224945.291)	51	1611	0	178	false	287	None
LINESTRING (3131826.812 224945.291, 3131798.634 224939.022)	51	1611	0	179	false	287	None
LINESTRING (3131798.634 224939.022, 3131771.946 224935.235)	51	1611	0	180	false	287	None
LINESTRING (3131771.946 224935.235, 3131768.594 224934.77)	51	1611	0	181	false	287	None
LINESTRING (3131768.594 224934.77, 3131731.867 224930.31)	51	1611	0	182	false	287	None
LINESTRING (3131731.867 224930.31, 3131711.031 224929.146)	51	1611	0	183	false	287	None
LINESTRING (3131711.031 224929.146, 3131681.917 224928.586)	51	1611	0	184	false	287	None
LINESTRING (3131681.917 224928.586, 3131651.404 224929.866)	51	1611	0	185	false	287	None
LINESTRING (3131651.404 224929.866, 3131632.515 224930.766)	51	1611	0	186	false	287	None
LINESTRING (3131632.515 224930.766, 3131531.961 224944.209)	51	1611	0	187	false	287	None
LINESTRING (3131531.961 224944.209, 3131417.561 224958.958)	51	1611	0	188	false	287	None
LINESTRING (3131417.561 224958.958, 3131407.764 224959.688)	51	1611	0	189	false	287	None
LINESTRING (3131407.764 224959.688, 3131326.557 224965.982)	51	1611	0	190	false	287	None
LINESTRING (3131326.557 224965.982, 3131318.691 224966.032)	51	1611	0	191	false	287	None
LINESTRING (3131318.691 224966.032, 3131294.755 224966.288)	51	1611	0	192	false	287	None
LINESTRING (3131294.755 224966.288, 3131286.763 224966.407)	51	1611	0	193	false	287	None
LINESTRING (3131286.763 224966.407, 3131222.697 224967.197)	51	1611	0	194	false	287	None
LINESTRING (3131222.697 224967.197, 3131189.586 224967.591)	51	1611	0	195	false	287	None
LINESTRING (3131189.586 224967.591, 3131179.055 224967.68)	51	1611	0	196	false	287	None
LINESTRING (3131179.055 224967.68, 3131109.086 224971.304)	51	1611	0	197	false	287	None
LINESTRING (3131109.086 224971.304, 3131071.818 224975.088)	51	1611	0	198	false	287	None
LINESTRING (3131071.818 224975.088, 3131028.731 224981.739)	51	1611	0	199	false	287	None
LINESTRING (3131028.731 224981.739, 3130991.01 224992.015)	51	1611	0	200	false	287	None
LINESTRING (3130991.01 224992.015, 3130924.869 225012.358)	51	1611	0	201	false	287	None
LINESTRING (3130924.869 225012.358, 3130899.326 225026.397)	51	1611	0	202	false	287	None
LINESTRING (3130899.326 225026.397, 3130869.113 225041.603)	51	1611	0	203	false	287	None
LINESTRING (3130869.113 225041.603, 3130848.542 225054.709)	51	1611	0	204	false	287	N:3130861.27605486 225046.596
LINESTRING (3129434.065 225057.559, 3129464.153 224978.024)	51	1611	0	250	false	287	N:3129438.2122904253 225046.596
LINESTRING (3129464.153 224978.024, 3129468.822 224968.999)	51	1611	0	251	false	287	None
LINESTRING (3129468.822 224968.999, 3129483.545 224939.82)	51	1611	0	252	false	287	None
LINESTRING (3129483.545 224939.82, 3129506.36 224909.249)	51	1611	0	253	false	287	None
LINESTRING (3129506.36 224909.249, 3129595.535 224794.372)	51	1611	0	254	false	287	None
LINESTRING (3129595.535 224794.372, 3129621.804 224761.21)	51	1611	0	255	false	287	None
LINESTRING (3129621.804 224761.21, 3129637.114 224745.471)	51	1611	0	256	false	287	None
LINESTRING (3129637.114 224745.471, 3129645.842 224736.35)	51	1611	0	257	false	287	None
LINESTRING (3129645.842 224736.35, 3129664.567 224718.123)	51	1611	0	258	false	287	None
LINESTRING (3129664.567 224718.123, 3129708.632 224694.228)	51	1611	0	259	false	287	None
LINESTRING (3129708.632 224694.228, 3129699.706 224678.513)	51	1611	0	260	false	287	None
LINESTRING (3129699.706 224678.513, 3129698.211 224677.816)	51	1611	0	261	false	287	None
LINESTRING (3129698.211 224677.816, 3129678.915 224669.635)	51	1611	0	262	false	287	None
LINESTRING (3129678.915 224669.635, 3129646.308 224658.089)	51	1611	0	263	false	287	None
LINESTRING (3129646.308 224658.089, 3129628.75 224652.009)	51	1611	0	264	false	287	None
LINESTRING (3129628.75 224652.009, 3129619.712 224648.75)	51	1611	0	265	false	287	None
LINESTRING (3129619.712 224648.75, 3129617.369 224647.962)	51	1611	0	266	false	287	None
LINESTRING (3129617.369 224647.962, 3129593.584 224641.497)	51	1611	0	267	false	287	None
LINESTRING (3129593.584 224641.497, 3129591.512 224641.528)	51	1611	0	268	false	287	None
LINESTRING (3129591.512 224641.528, 3129581.534 224641.714)	51	1611	0	269	false	287	None
LINESTRING (3129581.534 224641.714, 3129580.651 224641.968)	51	1611	0	270	false	287	None
LINESTRING (3129580.651 224641.968, 3129577.747 224642.63)	51	1611	0	271	false	287	None
LINESTRING (3129577.747 224642.63, 3129576.739 224642.954)	51	1611	0	272	false	287	None
LINESTRING (3129576.739 224642.954, 3129571.568 224644.405)	51	1611	0	273	false	287	None
LINESTRING (3129571.568 224644.405, 3129555.058 224651.586)	51	1611	0	274	false	287	None
LINESTRING (3129555.058 224651.586, 3129554.807 224651.727)	51	1611	0	275	false	287	None
LINESTRING (3129554.807 224651.727, 3129522.291 224669.855)	51	1611	0	276	false	287	None
LINESTRING (3129522.291 224669.855, 3129490.904 224687.349)	51	1611	0	277	false	287	None
LINESTRING (3129490.904 224687.349, 3129469.506 224699.304)	51	1611	0	278	false	287	None
LINESTRING (3129469.506 224699.304, 3129425.017 224725.06)	51	1611	0	279	false	287	W:3129426.05 224724.46196569948
