LINESTRING (3162546.828 201518.945, 3162547.877 201493.506)	119	1595	0	944	false	1963	N:3162547.2234522584 201509.355
LINESTRING (3162547.877 201493.506, 3162545.43 201483.856)	119	1595	0	945	false	1963	None
LINESTRING (3162545.43 201483.856, 3162542.718 201479.941)	119	1595	0	946	false	1963	None
LINESTRING (3162542.718 201479.941, 3162540.887 201477.559)	119	1595	0	947	false	1963	None
LINESTRING (3162540.887 201477.559, 3162535.257 201472.029)	119	1595	0	948	false	1963	None
LINESTRING (3162535.257 201472.029, 3162529.31 201467.566)	119	1595	0	949	false	1963	None
LINESTRING (3162529.31 201467.566, 3162519.597 201463.66)	119	1595	0	950	false	1963	None
LINESTRING (3162519.597 201463.66, 3162496.396 201455.924)	119	1595	0	951	false	1963	None
LINESTRING (3162496.396 201455.924, 3162478.736 201451.421)	119	1595	0	952	false	1963	None
LINESTRING (3162478.736 201451.421, 3162464.878 201452.331)	119	1595	0	953	false	1963	None
LINESTRING (3162464.878 201452.331, 3162452.817 201453.942)	119	1595	0	954	false	1963	None
LINESTRING (3162452.817 201453.942, 3162429.354 201460.278)	119	1595	0	955	false	1963	None
LINESTRING (3162429.354 201460.278, 3162428.342 201460.599)	119	1595	0	956	false	1963	None
LINESTRING (3162428.342 201460.599, 3162415.077 201465.551)	119	1595	0	957	false	1963	None
LINESTRING (3162415.077 201465.551, 3162403.004 201470.731)	119	1595	0	958	false	1963	None
LINESTRING (3162403.004 201470.731, 3162389.254 201478.949)	119	1595	0	959	false	1963	None
LINESTRING (3162389.254 201478.949, 3162352.197 201505.239)	119	1595	0	960	false	1963	None
LINESTRING (3162352.197 201505.239, 3162341.195 201515.004)	119	1595	0	961	false	1963	N:3162347.5595978494 201509.355
LINESTRING (3159078.738 201511.601, 3159075.879 201508.821)	119	1595	0	1136	false	1963	N:3159076.4281748203 201509.355
LINESTRING (3159075.879 201508.821, 3159062.434 201494.771)	119	1595	0	1137	false	1963	None
LINESTRING (3159062.434 201494.771, 3159029.771 201454.419)	119	1595	0	1138	false	1963	None
LINESTRING (3159029.771 201454.419, 3159012.027 201435.718)	119	1595	0	1139	false	1963	None
LINESTRING (3159012.027 201435.718, 3159001.601 201424.035)	119	1595	0	1140	false	1963	None
LINESTRING (3159001.601 201424.035, 3158989.603 201414.36)	119	1595	0	1141	false	1963	None
LINESTRING (3158989.603 201414.36, 3158906.622 201372.158)	119	1595	0	1142	false	1963	None
LINESTRING (3158906.622 201372.158, 3158884.398 201362.431)	119	1595	0	1143	false	1963	None
LINESTRING (3158884.398 201362.431, 3158864.882 201346.256)	119	1595	0	1144	false	1963	None
LINESTRING (3158864.882 201346.256, 3158822.438 201315.077)	119	1595	0	1145	false	1963	None
LINESTRING (3158822.438 201315.077, 3158761.338 201270.322)	119	1595	0	1146	false	1963	None
LINESTRING (3158761.338 201270.322, 3158752.289 201263.702)	119	1595	0	1147	false	1963	None
LINESTRING (3158752.289 201263.702, 3158731.963 201249.355)	119	1595	0	1148	false	1963	None
LINESTRING (3158731.963 201249.355, 3158708.913 201232.638)	119	1595	0	1149	false	1963	None
LINESTRING (3158708.913 201232.638, 3158707.192 201231.492)	119	1595	0	1150	false	1963	None
LINESTRING (3158707.192 201231.492, 3158701.717 201227.335)	119	1595	0	1151	false	1963	None
LINESTRING (3158701.717 201227.335, 3158696.161 201223.385)	119	1595	0	1152	false	1963	None
LINESTRING (3158696.161 201223.385, 3158685.542 201214.724)	119	1595	0	1153	false	1963	None
LINESTRING (3158685.542 201214.724, 3158674.561 201204.97)	119	1595	0	1154	false	1963	None
LINESTRING (3158674.561 201204.97, 3158669.529 201199.675)	119	1595	0	1155	false	1963	None
LINESTRING (3158669.529 201199.675, 3158663.777 201192.433)	119	1595	0	1156	false	1963	None
LINESTRING (3158663.777 201192.433, 3158658.608 201184.704)	119	1595	0	1157	false	1963	None
LINESTRING (3158658.608 201184.704, 3158653.858 201176.661)	119	1595	0	1158	false	1963	None
LINESTRING (3158653.858 201176.661, 3158649.686 201167.891)	119	1595	0	1159	false	1963	None
LINESTRING (3158649.686 201167.891, 3158639.431 201140.079)	119	1595	0	1160	false	1963	None
LINESTRING (3158639.431 201140.079, 3158632.456 201125.096)	119	1595	0	1161	false	1963	None
LINESTRING (3158632.456 201125.096, 3158624.767 201110.43)	119	1595	0	1162	false	1963	None
LINESTRING (3158624.767 201110.43, 3158616.156 201096.359)	119	1595	0	1163	false	1963	None
LINESTRING (3158616.156 201096.359, 3158606.791 201082.708)	119	1595	0	1164	false	1963	None
LINESTRING (3158606.791 201082.708, 3158596.222 201068.35)	119	1595	0	1165	false	1963	None
LINESTRING (3158596.222 201068.35, 3158584.179 201052.466)	119	1595	0	1166	false	1963	None
LINESTRING (3158584.179 201052.466, 3158554.779 201016.127)	119	1595	0	1167	false	1963	None
LINESTRING (3158554.779 201016.127, 3158553.173 201014.43)	119	1595	0	1168	false	1963	None
LINESTRING (3158553.173 201014.43, 3158548.231 201009.409)	119	1595	0	1169	false	1963	None
LINESTRING (3158548.231 201009.409, 3158546.5 201007.782)	119	1595	0	1170	false	1963	None
LINESTRING (3158546.5 201007.782, 3158543.344 201005.005)	119	1595	0	1171	false	1963	None
LINESTRING (3158543.344 201005.005, 3158536.394 200999.321)	119	1595	0	1172	false	1963	None
LINESTRING (3158536.394 200999.321, 3158533.374 200996.955)	119	1595	0	1173	false	1963	None
LINESTRING (3158533.374 200996.955, 3158529.887 200994.525)	119	1595	0	1174	false	1963	None
LINESTRING (3158529.887 200994.525, 3158528.981 200993.815)	119	1595	0	1175	false	1963	None
LINESTRING (3158528.981 200993.815, 3158512.292 200983.029)	119	1595	0	1176	false	1963	None
LINESTRING (3158512.292 200983.029, 3158496.66 200974.084)	119	1595	0	1177	false	1963	None
LINESTRING (3158496.66 200974.084, 3158487.374 200970.349)	119	1595	0	1178	false	1963	None
LINESTRING (3158487.374 200970.349, 3158407.115 200938.861)	119	1595	0	1179	false	1963	None
LINESTRING (3158407.115 200938.861, 3158351.672 200915.249)	119	1595	0	1180	false	1963	None
LINESTRING (3158351.672 200915.249, 3158351.159 200915.049)	119	1595	0	1181	false	1963	None
LINESTRING (3158351.159 200915.049, 3158324.691 200905.339)	119	1595	0	1182	false	1963	None
LINESTRING (3158324.691 200905.339, 3158305.032 200900.663)	119	1595	0	1183	false	1963	None
LINESTRING (3158305.032 200900.663, 3158291.982 200897.487)	119	1595	0	1184	false	1963	None
LINESTRING (3158291.982 200897.487, 3158270.662 200892.521)	119	1595	0	1185	false	1963	None
LINESTRING (3158270.662 200892.521, 3158252.423 200888.754)	119	1595	0	1186	false	1963	None
LINESTRING (3158252.423 200888.754, 3158239.171 200886.096)	119	1595	0	1187	false	1963	None
LINESTRING (3158239.171 200886.096, 3158202.949 200878.662)	119	1595	0	1188	false	1963	None
LINESTRING (3158202.949 200878.662, 3158202.481 200878.599)	119	1595	0	1189	false	1963	None
LINESTRING (3158202.481 200878.599, 3158145.327 200860.397)	119	1595	0	1190	false	1963	None
LINESTRING (3158145.327 200860.397, 3158099.371 200840.004)	119	1595	0	1191	false	1963	None
LINESTRING (3158099.371 200840.004, 3158065.539 200825.166)	119	1595	0	1192	false	1963	None
LINESTRING (3158065.539 200825.166, 3158048.749 200817.676)	119	1595	0	1193	false	1963	None
LINESTRING (3158048.749 200817.676, 3158020.675 200804.246)	119	1595	0	1194	false	1963	None
LINESTRING (3158020.675 200804.246, 3157959.006 200779.166)	119	1595	0	1195	false	1963	None
LINESTRING (3157959.006 200779.166, 3157929.094 200767.164)	119	1595	0	1196	false	1963	None
LINESTRING (3157929.094 200767.164, 3157817.286 200724.592)	119	1595	0	1197	false	1963	None
LINESTRING (3157817.286 200724.592, 3157633.308 200656.071)	119	1595	0	1198	false	1963	None
LINESTRING (3157633.308 200656.071, 3157624.157 200652.748)	119	1595	0	1199	false	1963	None
LINESTRING (3157624.157 200652.748, 3157551.842 200623.885)	119	1595	0	1200	false	1963	None
LINESTRING (3157551.842 200623.885, 3157534.825 200619.762)	119	1595	0	1201	false	1963	None
LINESTRING (3157534.825 200619.762, 3157523.878 200617.764)	119	1595	0	1202	false	1963	None
LINESTRING (3157523.878 200617.764, 3157520.768 200617.149)	119	1595	0	1203	false	1963	None
LINESTRING (3157520.768 200617.149, 3157515.75 200616.625)	119	1595	0	1204	false	1963	None
LINESTRING (3157515.75 200616.625, 3157496.539 200615.102)	119	1595	0	1205	false	1963	None
LINESTRING (3157496.539 200615.102, 3157491.018 200614.858)	119	1595	0	1206	false	1963	None
LINESTRING (3157491.018 200614.858, 3157484.989 200614.655)	119	1595	0	1207	false	1963	None
LINESTRING (3157484.989 200614.655, 3157482.613 200614.683)	119	1595	0	1208	false	1963	None
LINESTRING (3157482.613 200614.683, 3157473.368 200614.895)	119	1595	0	1209	false	1963	None
LINESTRING (3157473.368 200614.895, 3157461.933 200615.922)	119	1595	0	1210	false	1963	None
LINESTRING (3157461.933 200615.922, 3157450.468 200617.533)	119	1595	0	1211	false	1963	None
LINESTRING (3157450.468 200617.533, 3157429.174 200621.869)	119	1595	0	1212	false	1963	None
LINESTRING (3157429.174 200621.869, 3157423.265 200623.38)	119	1595	0	1213	false	1963	None
LINESTRING (3157423.265 200623.38, 3157419.214 200624.423)	119	1595	0	1214	false	1963	None
LINESTRING (3157419.214 200624.423, 3157409.652 200627.727)	119	1595	0	1215	false	1963	None
LINESTRING (3157409.652 200627.727, 3157399.778 200632.339)	119	1595	0	1216	false	1963	None
LINESTRING (3157399.778 200632.339, 3157382.742 200641.428)	119	1595	0	1217	false	1963	None
LINESTRING (3157382.742 200641.428, 3157360.694 200654.283)	119	1595	0	1218	false	1963	None
LINESTRING (3157360.694 200654.283, 3157327.303 200678.561)	119	1595	0	1219	false	1963	None
LINESTRING (3157327.303 200678.561, 3157308.054 200691.314)	119	1595	0	1220	false	1963	None
LINESTRING (3157308.054 200691.314, 3157298.165 200697.23)	119	1595	0	1221	false	1963	None
LINESTRING (3157298.165 200697.23, 3157282 200705.348)	119	1595	0	1222	false	1963	None
LINESTRING (3157282 200705.348, 3157263.354 200712.501)	119	1595	0	1223	false	1963	None
LINESTRING (3157263.354 200712.501, 3157255.583 200714.24)	119	1595	0	1224	false	1963	None
LINESTRING (3157255.583 200714.24, 3157251.995 200715.106)	119	1595	0	1225	false	1963	None
LINESTRING (3157251.995 200715.106, 3157240.374 200717.371)	119	1595	0	1226	false	1963	None
LINESTRING (3157240.374 200717.371, 3157202.87 200721.59)	119	1595	0	1227	false	1963	None
LINESTRING (3157202.87 200721.59, 3157195.965 200722.118)	119	1595	0	1228	false	1963	None
LINESTRING (3157195.965 200722.118, 3157170.288 200723.795)	119	1595	0	1229	false	1963	None
LINESTRING (3157170.288 200723.795, 3157153.619 200724.096)	119	1595	0	1230	false	1963	None
LINESTRING (3157153.619 200724.096, 3157134.917 200724.558)	119	1595	0	1231	false	1963	None
LINESTRING (3157134.917 200724.558, 3157128.706 200723.808)	119	1595	0	1232	false	1963	None
LINESTRING (3157128.706 200723.808, 3157121.323 200721.768)	119	1595	0	1233	false	1963	None
LINESTRING (3157121.323 200721.768, 3157094.824 200710.621)	119	1595	0	1234	false	1963	None
LINESTRING (3157094.824 200710.621, 3157058.515 200693.037)	119	1595	0	1235	false	1963	None
LINESTRING (3157058.515 200693.037, 3157036.888 200685.573)	119	1595	0	1236	false	1963	None
LINESTRING (3157036.888 200685.573, 3157030.094 200683.286)	119	1595	0	1237	false	1963	None
LINESTRING (3157030.094 200683.286, 3157001.577 200675.046)	119	1595	0	1238	false	1963	None
LINESTRING (3157001.577 200675.046, 3156997.057 200674.001)	119	1595	0	1239	false	1963	None
LINESTRING (3156997.057 200674.001, 3156972.033 200668.431)	119	1595	0	1240	false	1963	None
LINESTRING (3156972.033 200668.431, 3156908.528 200658.959)	119	1595	0	1241	false	1963	None
LINESTRING (3156908.528 200658.959, 3156895.623 200656.677)	119	1595	0	1242	false	1963	None
LINESTRING (3156895.623 200656.677, 3156786.947 200637.964)	119	1595	0	1243	false	1963	None
LINESTRING (3156786.947 200637.964, 3156740.725 200631.171)	119	1595	0	1244	false	1963	None
LINESTRING (3156740.725 200631.171, 3156703.215 200627.054)	119	1595	0	1245	false	1963	None
LINESTRING (3156703.215 200627.054, 3156674.528 200624.822)	119	1595	0	1246	false	1963	None
LINESTRING (3156674.528 200624.822, 3156652.076 200624.54)	119	1595	0	1247	false	1963	None
LINESTRING (3156652.076 200624.54, 3156611.402 200627.29)	119	1595	0	1248	false	1963	None
LINESTRING (3156611.402 200627.29, 3156587.023 200628.164)	119	1595	0	1249	false	1963	None
LINESTRING (3156587.023 200628.164, 3156566.716 200628.956)	119	1595	0	1250	false	1963	None
LINESTRING (3156566.716 200628.956, 3156540.073 200631.092)	119	1595	0	1251	false	1963	None
LINESTRING (3156540.073 200631.092, 3156526.721 200631.732)	119	1595	0	1252	false	1963	None
LINESTRING (3156526.721 200631.732, 3156514.119 200631.711)	119	1595	0	1253	false	1963	None
LINESTRING (3156514.119 200631.711, 3156501.462 200631.073)	119	1595	0	1254	false	1963	None
LINESTRING (3156501.462 200631.073, 3156489.373 200629.227)	119	1595	0	1255	false	1963	None
LINESTRING (3156489.373 200629.227, 3156482.764 200627.727)	119	1595	0	1256	false	1963	None
LINESTRING (3156482.764 200627.727, 3156468.144 200624.539)	119	1595	0	1257	false	1963	None
LINESTRING (3156468.144 200624.539, 3156453.332 200620.323)	119	1595	0	1258	false	1963	None
LINESTRING (3156453.332 200620.323, 3156365.662 200595.738)	119	1595	0	1259	false	1963	None
LINESTRING (3156365.662 200595.738, 3156336.339 200587.544)	119	1595	0	1260	false	1963	None
LINESTRING (3156336.339 200587.544, 3156335.248 200590.096)	119	1595	0	1261	false	1963	None
LINESTRING (3156335.248 200590.096, 3156331.767 200598.03)	119	1595	0	1262	false	1963	None
LINESTRING (3156331.767 200598.03, 3156330.549 200600.653)	119	1595	0	1263	false	1963	None
LINESTRING (3156330.549 200600.653, 3156316.927 200610.596)	119	1595	0	1264	false	1963	None
LINESTRING (3156316.927 200610.596, 3156315.176 200612.058)	119	1595	0	1265	false	1963	None
LINESTRING (3156315.176 200612.058, 3156308.051 200618.217)	119	1595	0	1266	false	1963	None
LINESTRING (3156308.051 200618.217, 3156293.449 200633.97)	119	1595	0	1267	false	1963	None
LINESTRING (3156293.449 200633.97, 3156276.925 200649.095)	119	1595	0	1268	false	1963	None
LINESTRING (3156276.925 200649.095, 3156272.461 200652.717)	119	1595	0	1269	false	1963	None
LINESTRING (3156272.461 200652.717, 3156257.361 200664.943)	119	1595	0	1270	false	1963	None
LINESTRING (3156257.361 200664.943, 3156240.67 200678.216)	119	1595	0	1271	false	1963	None
LINESTRING (3156240.67 200678.216, 3156209.165 200703.232)	119	1595	0	1272	false	1963	None
LINESTRING (3156209.165 200703.232, 3156189.515 200717.021)	119	1595	0	1273	false	1963	None
LINESTRING (3156189.515 200717.021, 3156171.042 200726.267)	119	1595	0	1274	false	1963	None
LINESTRING (3156171.042 200726.267, 3156163.172 200729.278)	119	1595	0	1275	false	1963	None
LINESTRING (3156163.172 200729.278, 3156162.286 200729.529)	119	1595	0	1276	false	1963	None
LINESTRING (3156162.286 200729.529, 3156135.489 200738.395)	119	1595	0	1277	false	1963	None
LINESTRING (3156135.489 200738.395, 3156126.471 200741.317)	119	1595	0	1278	false	1963	None
LINESTRING (3156126.471 200741.317, 3156117.77 200743.171)	119	1595	0	1279	false	1963	None
LINESTRING (3156117.77 200743.171, 3156091.37 200748.737)	119	1595	0	1280	false	1963	None
LINESTRING (3156091.37 200748.737, 3156083.343 200750.378)	119	1595	0	1281	false	1963	None
LINESTRING (3156083.343 200750.378, 3156082.498 200750.525)	119	1595	0	1282	false	1963	None
LINESTRING (3156082.498 200750.525, 3156049.148 200756.484)	119	1595	0	1283	false	1963	None
LINESTRING (3156049.148 200756.484, 3156041.831 200757.567)	119	1595	0	1284	false	1963	None
LINESTRING (3156041.831 200757.567, 3155964.779 200769.507)	119	1595	0	1285	false	1963	None
LINESTRING (3155964.779 200769.507, 3155942.203 200771.322)	119	1595	0	1286	false	1963	None
LINESTRING (3155942.203 200771.322, 3155930.875 200771.321)	119	1595	0	1287	false	1963	None
LINESTRING (3155930.875 200771.321, 3155919.778 200770.219)	119	1595	0	1288	false	1963	None
LINESTRING (3155919.778 200770.219, 3155919.098 200770.192)	119	1595	0	1289	false	1963	None
LINESTRING (3155919.098 200770.192, 3155887.694 200763.81)	119	1595	0	1290	false	1963	None
LINESTRING (3155887.694 200763.81, 3155880.663 200762.384)	119	1595	0	1291	false	1963	None
LINESTRING (3155880.663 200762.384, 3155875.066 200760.564)	119	1595	0	1292	false	1963	None
LINESTRING (3155875.066 200760.564, 3155858.025 200755.244)	119	1595	0	1293	false	1963	None
LINESTRING (3155858.025 200755.244, 3155856.49 200754.885)	119	1595	0	1294	false	1963	None
LINESTRING (3155856.49 200754.885, 3155852.343 200753.391)	119	1595	0	1295	false	1963	None
LINESTRING (3155852.343 200753.391, 3155834.002 200746.851)	119	1595	0	1296	false	1963	None
LINESTRING (3155834.002 200746.851, 3155829.457 200744.607)	119	1595	0	1297	false	1963	None
LINESTRING (3155829.457 200744.607, 3155810.256 200735.47)	119	1595	0	1298	false	1963	None
LINESTRING (3155810.256 200735.47, 3155779.544 200719.711)	119	1595	0	1299	false	1963	None
LINESTRING (3155779.544 200719.711, 3155763.629 200711.495)	119	1595	0	1300	false	1963	None
LINESTRING (3155763.629 200711.495, 3155759.683 200709.484)	119	1595	0	1301	false	1963	None
LINESTRING (3155759.683 200709.484, 3155741.508 200700.746)	119	1595	0	1302	false	1963	None
LINESTRING (3155741.508 200700.746, 3155731.648 200695.958)	119	1595	0	1303	false	1963	None
LINESTRING (3155731.648 200695.958, 3155701.731 200681.7)	119	1595	0	1304	false	1963	None
LINESTRING (3155701.731 200681.7, 3155691.745 200676.982)	119	1595	0	1305	false	1963	None
LINESTRING (3155691.745 200676.982, 3155686.173 200674.338)	119	1595	0	1306	false	1963	None
LINESTRING (3155686.173 200674.338, 3155670.299 200668.044)	119	1595	0	1307	false	1963	None
LINESTRING (3155670.299 200668.044, 3155663.882 200665.547)	119	1595	0	1308	false	1963	None
LINESTRING (3155663.882 200665.547, 3155658.667 200663.757)	119	1595	0	1309	false	1963	None
LINESTRING (3155658.667 200663.757, 3155628.082 200656.027)	119	1595	0	1310	false	1963	None
LINESTRING (3155628.082 200656.027, 3155602.229 200651.329)	119	1595	0	1311	false	1963	None
LINESTRING (3155602.229 200651.329, 3155598.822 200650.718)	119	1595	0	1312	false	1963	None
LINESTRING (3155598.822 200650.718, 3155578.872 200648.316)	119	1595	0	1313	false	1963	None
LINESTRING (3155578.872 200648.316, 3155564.79 200646.53)	119	1595	0	1314	false	1963	None
LINESTRING (3155564.79 200646.53, 3155522.208 200641.278)	119	1595	0	1315	false	1963	None
LINESTRING (3155522.208 200641.278, 3155508.001 200639.562)	119	1595	0	1316	false	1963	None
LINESTRING (3155508.001 200639.562, 3155503.663 200639.065)	119	1595	0	1317	false	1963	None
LINESTRING (3155503.663 200639.065, 3155477.11 200635.405)	119	1595	0	1318	false	1963	None
LINESTRING (3155477.11 200635.405, 3155457.366 200632.727)	119	1595	0	1319	false	1963	None
LINESTRING (3155457.366 200632.727, 3155431.266 200628.409)	119	1595	0	1320	false	1963	None
LINESTRING (3155431.266 200628.409, 3155405.272 200623.061)	119	1595	0	1321	false	1963	None
LINESTRING (3155405.272 200623.061, 3155390.797 200618.74)	119	1595	0	1322	false	1963	None
LINESTRING (3155390.797 200618.74, 3155385.965 200616.98)	119	1595	0	1323	false	1963	None
LINESTRING (3155385.965 200616.98, 3155356.849 200606.488)	119	1595	0	1324	false	1963	None
LINESTRING (3155356.849 200606.488, 3155337.653 200599.617)	119	1595	0	1325	false	1963	None
LINESTRING (3155337.653 200599.617, 3155279.772 200579.247)	119	1595	0	1326	false	1963	None
LINESTRING (3155279.772 200579.247, 3155260.45 200572.446)	119	1595	0	1327	false	1963	None
LINESTRING (3155260.45 200572.446, 3155246.086 200567.335)	119	1595	0	1328	false	1963	None
LINESTRING (3155246.086 200567.335, 3155202.993 200552.003)	119	1595	0	1329	false	1963	None
LINESTRING (3155202.993 200552.003, 3155188.502 200546.962)	119	1595	0	1330	false	1963	None
LINESTRING (3155188.502 200546.962, 3155161.49 200537.647)	119	1595	0	1331	false	1963	None
LINESTRING (3155161.49 200537.647, 3155138.584 200529.929)	119	1595	0	1332	false	1963	None
LINESTRING (3155138.584 200529.929, 3155080.437 200508.98)	119	1595	0	1333	false	1963	W:3155093.051 200513.52452828182
LINESTRING (3155030.731 196798.889, 3155103.911 196826.862)	119	1595	0	1492	false	1963	W:3155093.051 196822.7107731621
LINESTRING (3155103.911 196826.862, 3155150.549 196844.279)	119	1595	0	1493	false	1963	None
LINESTRING (3155150.549 196844.279, 3155155.428 196846.176)	119	1595	0	1494	false	1963	None
LINESTRING (3155155.428 196846.176, 3155169.471 196849.849)	119	1595	0	1495	false	1963	None
LINESTRING (3155169.471 196849.849, 3155180.261 196852.258)	119	1595	0	1496	false	1963	None
LINESTRING (3155180.261 196852.258, 3155191.81 196852.461)	119	1595	0	1497	false	1963	None
LINESTRING (3155191.81 196852.461, 3155198.409 196851.455)	119	1595	0	1498	false	1963	None
LINESTRING (3155198.409 196851.455, 3155205.033 196849.624)	119	1595	0	1499	false	1963	None
LINESTRING (3155205.033 196849.624, 3155212.819 196846.579)	119	1595	0	1500	false	1963	None
LINESTRING (3155212.819 196846.579, 3155211.359 196837.915)	119	1595	0	1501	false	1963	None
LINESTRING (3155211.359 196837.915, 3155211.836 196826.55)	119	1595	0	1502	false	1963	None
LINESTRING (3155211.836 196826.55, 3155212.403 196823.318)	119	1595	0	1503	false	1963	None
LINESTRING (3155212.403 196823.318, 3155213.04 196819.398)	119	1595	0	1504	false	1963	None
LINESTRING (3155213.04 196819.398, 3155218.339 196799.431)	119	1595	0	1505	false	1963	None
LINESTRING (3155218.339 196799.431, 3155233.998 196754.082)	119	1595	0	1506	false	1963	None
LINESTRING (3155233.998 196754.082, 3155241.783 196731.27)	119	1595	0	1507	false	1963	None
LINESTRING (3155241.783 196731.27, 3155250.653 196705.666)	119	1595	0	1508	false	1963	None
LINESTRING (3155250.653 196705.666, 3155283.081 196617.185)	119	1595	0	1509	false	1963	None
LINESTRING (3155283.081 196617.185, 3155323.072 196507.474)	119	1595	0	1510	false	1963	None
LINESTRING (3155323.072 196507.474, 3155342.81 196454.423)	119	1595	0	1511	false	1963	None
LINESTRING (3155342.81 196454.423, 3155366.402 196389.177)	119	1595	0	1512	false	1963	None
LINESTRING (3155366.402 196389.177, 3155395.956 196311.129)	119	1595	0	1513	false	1963	None
LINESTRING (3155395.956 196311.129, 3155409.759 196276.131)	119	1595	0	1514	false	1963	None
LINESTRING (3155409.759 196276.131, 3155431.197 196221.241)	119	1595	0	1515	false	1963	None
LINESTRING (3155431.197 196221.241, 3155438.959 196203.303)	119	1595	0	1516	false	1963	None
LINESTRING (3155438.959 196203.303, 3155453.803 196173.235)	119	1595	0	1517	false	1963	None
LINESTRING (3155453.803 196173.235, 3155458.43 196165.389)	119	1595	0	1518	false	1963	None
LINESTRING (3155458.43 196165.389, 3155483.326 196174.354)	119	1595	0	1519	false	1963	None
LINESTRING (3155483.326 196174.354, 3155508.183 196183.422)	119	1595	0	1520	false	1963	None
LINESTRING (3155508.183 196183.422, 3155539.274 196194.2)	119	1595	0	1521	false	1963	None
LINESTRING (3155539.274 196194.2, 3155553.801 196198.657)	119	1595	0	1522	false	1963	None
LINESTRING (3155553.801 196198.657, 3155558.444 196199.39)	119	1595	0	1523	false	1963	None
LINESTRING (3155558.444 196199.39, 3155572.97 196201.823)	119	1595	0	1524	false	1963	None
LINESTRING (3155572.97 196201.823, 3155584.948 196202.194)	119	1595	0	1525	false	1963	None
LINESTRING (3155584.948 196202.194, 3155601.597 196153.538)	119	1595	0	1526	false	1963	None
LINESTRING (3155601.597 196153.538, 3155601.914 196152.471)	119	1595	0	1527	false	1963	None
LINESTRING (3155601.914 196152.471, 3155624.05 196092.494)	119	1595	0	1528	false	1963	None
LINESTRING (3155624.05 196092.494, 3155656.341 196009.437)	119	1595	0	1529	false	1963	None
LINESTRING (3155656.341 196009.437, 3155674.834 195961.618)	119	1595	0	1530	false	1963	None
LINESTRING (3155674.834 195961.618, 3155685.892 195933.174)	119	1595	0	1531	false	1963	None
LINESTRING (3155685.892 195933.174, 3155711.493 195866.567)	119	1595	0	1532	false	1963	None
LINESTRING (3155711.493 195866.567, 3155715.348 195856.397)	119	1595	0	1533	false	1963	None
LINESTRING (3155715.348 195856.397, 3155771.015 195715.751)	119	1595	0	1534	false	1963	None
LINESTRING (3155771.015 195715.751, 3155821.52 195581.791)	119	1595	0	1535	false	1963	None
LINESTRING (3155821.52 195581.791, 3155857.368 195486.544)	119	1595	0	1536	false	1963	None
LINESTRING (3155857.368 195486.544, 3155816.806 195471.726)	119	1595	0	1537	false	1963	None
LINESTRING (3155816.806 195471.726, 3155694.955 195427.45)	119	1595	0	1538	false	1963	None
LINESTRING (3155694.955 195427.45, 3155654.267 195412.704)	119	1595	0	1539	false	1963	None
LINESTRING (3155654.267 195412.704, 3155630.778 195404.167)	119	1595	0	1540	false	1963	None
LINESTRING (3155630.778 195404.167, 3155604.68 195394.736)	119	1595	0	1541	false	1963	None
LINESTRING (3155604.68 195394.736, 3155560.592 195377.835)	119	1595	0	1542	false	1963	None
LINESTRING (3155560.592 195377.835, 3155537.138 195368.956)	119	1595	0	1543	false	1963	None
LINESTRING (3155537.138 195368.956, 3155500.841 195355.084)	119	1595	0	1544	false	1963	None
LINESTRING (3155500.841 195355.084, 3155391.95 195313.469)	119	1595	0	1545	false	1963	None
LINESTRING (3155391.95 195313.469, 3155355.652 195299.598)	119	1595	0	1546	false	1963	None
LINESTRING (3155355.652 195299.598, 3155351.503 195298.104)	119	1595	0	1547	false	1963	None
LINESTRING (3155351.503 195298.104, 3155338.967 195293.588)	119	1595	0	1548	false	1963	None
LINESTRING (3155338.967 195293.588, 3155334.732 195292.061)	119	1595	0	1549	false	1963	None
LINESTRING (3155334.732 195292.061, 3155194.737 195241.217)	119	1595	0	1550	false	1963	None
LINESTRING (3155194.737 195241.217, 3155129.928 195216.264)	119	1595	0	1551	false	1963	None
LINESTRING (3155129.928 195216.264, 3155012.302 195171.26)	119	1595	0	1552	false	1963	W:3155093.051 195202.15476812952
LINESTRING (3155012.302 195171.26, 3155129.928 195216.264)	119	1596	0	392	false	970	W:3155093.051 195202.15476812952
LINESTRING (3155129.928 195216.264, 3155194.737 195241.217)	119	1596	0	393	false	970	None
LINESTRING (3155194.737 195241.217, 3155334.732 195292.061)	119	1596	0	394	false	970	None
LINESTRING (3155334.732 195292.061, 3155338.967 195293.588)	119	1596	0	395	false	970	None
LINESTRING (3155338.967 195293.588, 3155351.503 195298.104)	119	1596	0	396	false	970	None
LINESTRING (3155351.503 195298.104, 3155355.652 195299.598)	119	1596	0	397	false	970	None
LINESTRING (3155355.652 195299.598, 3155391.95 195313.469)	119	1596	0	398	false	970	None
LINESTRING (3155391.95 195313.469, 3155500.841 195355.084)	119	1596	0	399	false	970	None
LINESTRING (3155500.841 195355.084, 3155537.138 195368.956)	119	1596	0	400	false	970	None
LINESTRING (3155537.138 195368.956, 3155560.592 195377.835)	119	1596	0	401	false	970	None
LINESTRING (3155560.592 195377.835, 3155604.68 195394.736)	119	1596	0	402	false	970	None
LINESTRING (3155604.68 195394.736, 3155630.778 195404.167)	119	1596	0	403	false	970	None
LINESTRING (3155630.778 195404.167, 3155654.267 195412.704)	119	1596	0	404	false	970	None
LINESTRING (3155654.267 195412.704, 3155694.955 195427.45)	119	1596	0	405	false	970	None
LINESTRING (3155694.955 195427.45, 3155816.806 195471.726)	119	1596	0	406	false	970	None
LINESTRING (3155816.806 195471.726, 3155857.368 195486.544)	119	1596	0	407	false	970	None
LINESTRING (3155857.368 195486.544, 3155821.52 195581.791)	119	1596	0	408	false	970	None
LINESTRING (3155821.52 195581.791, 3155771.015 195715.751)	119	1596	0	409	false	970	None
LINESTRING (3155771.015 195715.751, 3155715.348 195856.397)	119	1596	0	410	false	970	None
LINESTRING (3155715.348 195856.397, 3155711.493 195866.567)	119	1596	0	411	false	970	None
LINESTRING (3155711.493 195866.567, 3155685.892 195933.174)	119	1596	0	412	false	970	None
LINESTRING (3155685.892 195933.174, 3155674.834 195961.618)	119	1596	0	413	false	970	None
LINESTRING (3155674.834 195961.618, 3155656.341 196009.437)	119	1596	0	414	false	970	None
LINESTRING (3155656.341 196009.437, 3155624.05 196092.494)	119	1596	0	415	false	970	None
LINESTRING (3155624.05 196092.494, 3155601.914 196152.471)	119	1596	0	416	false	970	None
LINESTRING (3155601.914 196152.471, 3155601.597 196153.538)	119	1596	0	417	false	970	None
LINESTRING (3155601.597 196153.538, 3155584.948 196202.194)	119	1596	0	418	false	970	None
LINESTRING (3155584.948 196202.194, 3155572.97 196201.823)	119	1596	0	419	false	970	None
LINESTRING (3155572.97 196201.823, 3155558.444 196199.39)	119	1596	0	420	false	970	None
LINESTRING (3155558.444 196199.39, 3155553.801 196198.657)	119	1596	0	421	false	970	None
LINESTRING (3155553.801 196198.657, 3155539.274 196194.2)	119	1596	0	422	false	970	None
LINESTRING (3155539.274 196194.2, 3155508.183 196183.422)	119	1596	0	423	false	970	None
LINESTRING (3155508.183 196183.422, 3155483.326 196174.354)	119	1596	0	424	false	970	None
LINESTRING (3155483.326 196174.354, 3155458.43 196165.389)	119	1596	0	425	false	970	None
LINESTRING (3155458.43 196165.389, 3155453.803 196173.235)	119	1596	0	426	false	970	None
LINESTRING (3155453.803 196173.235, 3155438.959 196203.303)	119	1596	0	427	false	970	None
LINESTRING (3155438.959 196203.303, 3155431.197 196221.241)	119	1596	0	428	false	970	None
LINESTRING (3155431.197 196221.241, 3155409.759 196276.131)	119	1596	0	429	false	970	None
LINESTRING (3155409.759 196276.131, 3155395.956 196311.129)	119	1596	0	430	false	970	None
LINESTRING (3155395.956 196311.129, 3155366.402 196389.177)	119	1596	0	431	false	970	None
LINESTRING (3155366.402 196389.177, 3155342.81 196454.423)	119	1596	0	432	false	970	None
LINESTRING (3155342.81 196454.423, 3155323.072 196507.474)	119	1596	0	433	false	970	None
LINESTRING (3155323.072 196507.474, 3155283.081 196617.185)	119	1596	0	434	false	970	None
LINESTRING (3155283.081 196617.185, 3155250.653 196705.666)	119	1596	0	435	false	970	None
LINESTRING (3155250.653 196705.666, 3155241.783 196731.27)	119	1596	0	436	false	970	None
LINESTRING (3155241.783 196731.27, 3155233.998 196754.082)	119	1596	0	437	false	970	None
LINESTRING (3155233.998 196754.082, 3155218.339 196799.431)	119	1596	0	438	false	970	None
LINESTRING (3155218.339 196799.431, 3155213.04 196819.398)	119	1596	0	439	false	970	None
LINESTRING (3155213.04 196819.398, 3155212.403 196823.318)	119	1596	0	440	false	970	None
LINESTRING (3155212.403 196823.318, 3155211.836 196826.55)	119	1596	0	441	false	970	None
LINESTRING (3155211.836 196826.55, 3155211.359 196837.915)	119	1596	0	442	false	970	None
LINESTRING (3155211.359 196837.915, 3155212.819 196846.579)	119	1596	0	443	false	970	None
LINESTRING (3155212.819 196846.579, 3155205.033 196849.624)	119	1596	0	444	false	970	None
LINESTRING (3155205.033 196849.624, 3155198.409 196851.455)	119	1596	0	445	false	970	None
LINESTRING (3155198.409 196851.455, 3155191.81 196852.461)	119	1596	0	446	false	970	None
LINESTRING (3155191.81 196852.461, 3155180.261 196852.258)	119	1596	0	447	false	970	None
LINESTRING (3155180.261 196852.258, 3155169.471 196849.849)	119	1596	0	448	false	970	None
LINESTRING (3155169.471 196849.849, 3155155.428 196846.176)	119	1596	0	449	false	970	None
LINESTRING (3155155.428 196846.176, 3155150.549 196844.279)	119	1596	0	450	false	970	None
LINESTRING (3155150.549 196844.279, 3155103.911 196826.862)	119	1596	0	451	false	970	None
LINESTRING (3155103.911 196826.862, 3155030.731 196798.889)	119	1596	0	452	false	970	W:3155093.051 196822.7107731621
LINESTRING (3155080.437 200508.98, 3155138.584 200529.929)	119	180	0	14	false	2099	W:3155093.051 200513.52452828182
LINESTRING (3155138.584 200529.929, 3155161.49 200537.647)	119	180	0	15	false	2099	None
LINESTRING (3155161.49 200537.647, 3155188.502 200546.962)	119	180	0	16	false	2099	None
LINESTRING (3155188.502 200546.962, 3155202.993 200552.003)	119	180	0	17	false	2099	None
LINESTRING (3155202.993 200552.003, 3155246.086 200567.335)	119	180	0	18	false	2099	None
LINESTRING (3155246.086 200567.335, 3155260.45 200572.446)	119	180	0	19	false	2099	None
LINESTRING (3155260.45 200572.446, 3155279.772 200579.247)	119	180	0	20	false	2099	None
LINESTRING (3155279.772 200579.247, 3155337.653 200599.617)	119	180	0	21	false	2099	None
LINESTRING (3155337.653 200599.617, 3155356.849 200606.488)	119	180	0	22	false	2099	None
LINESTRING (3155356.849 200606.488, 3155385.965 200616.98)	119	180	0	23	false	2099	None
LINESTRING (3155385.965 200616.98, 3155390.797 200618.74)	119	180	0	24	false	2099	None
LINESTRING (3155390.797 200618.74, 3155405.272 200623.061)	119	180	0	25	false	2099	None
LINESTRING (3155405.272 200623.061, 3155431.266 200628.409)	119	180	0	26	false	2099	None
LINESTRING (3155431.266 200628.409, 3155457.366 200632.727)	119	180	0	27	false	2099	None
LINESTRING (3155457.366 200632.727, 3155477.11 200635.405)	119	180	0	28	false	2099	None
LINESTRING (3155477.11 200635.405, 3155503.663 200639.065)	119	180	0	29	false	2099	None
LINESTRING (3155503.663 200639.065, 3155508.001 200639.562)	119	180	0	30	false	2099	None
LINESTRING (3155508.001 200639.562, 3155522.208 200641.278)	119	180	0	31	false	2099	None
LINESTRING (3155522.208 200641.278, 3155564.79 200646.53)	119	180	0	32	false	2099	None
LINESTRING (3155564.79 200646.53, 3155578.872 200648.316)	119	180	0	33	false	2099	None
LINESTRING (3155578.872 200648.316, 3155598.822 200650.718)	119	180	0	34	false	2099	None
LINESTRING (3155598.822 200650.718, 3155602.229 200651.329)	119	180	0	35	false	2099	None
LINESTRING (3155602.229 200651.329, 3155628.082 200656.027)	119	180	0	36	false	2099	None
LINESTRING (3155628.082 200656.027, 3155658.667 200663.757)	119	180	0	37	false	2099	None
LINESTRING (3155658.667 200663.757, 3155663.882 200665.547)	119	180	0	38	false	2099	None
LINESTRING (3155663.882 200665.547, 3155670.299 200668.044)	119	180	0	39	false	2099	None
LINESTRING (3155670.299 200668.044, 3155686.173 200674.338)	119	180	0	40	false	2099	None
LINESTRING (3155686.173 200674.338, 3155691.745 200676.982)	119	180	0	41	false	2099	None
LINESTRING (3155691.745 200676.982, 3155701.731 200681.7)	119	180	0	42	false	2099	None
LINESTRING (3155701.731 200681.7, 3155731.648 200695.958)	119	180	0	43	false	2099	None
LINESTRING (3155731.648 200695.958, 3155741.508 200700.746)	119	180	0	44	false	2099	None
LINESTRING (3155741.508 200700.746, 3155759.683 200709.484)	119	180	0	45	false	2099	None
LINESTRING (3155759.683 200709.484, 3155763.629 200711.495)	119	180	0	46	false	2099	None
LINESTRING (3155763.629 200711.495, 3155779.544 200719.711)	119	180	0	47	false	2099	None
LINESTRING (3155779.544 200719.711, 3155810.256 200735.47)	119	180	0	48	false	2099	None
LINESTRING (3155810.256 200735.47, 3155829.457 200744.607)	119	180	0	49	false	2099	None
LINESTRING (3155829.457 200744.607, 3155834.002 200746.851)	119	180	0	50	false	2099	None
LINESTRING (3155834.002 200746.851, 3155852.343 200753.391)	119	180	0	51	false	2099	None
LINESTRING (3155852.343 200753.391, 3155856.49 200754.885)	119	180	0	52	false	2099	None
LINESTRING (3155856.49 200754.885, 3155858.025 200755.244)	119	180	0	53	false	2099	None
LINESTRING (3155858.025 200755.244, 3155875.066 200760.564)	119	180	0	54	false	2099	None
LINESTRING (3155875.066 200760.564, 3155880.663 200762.384)	119	180	0	55	false	2099	None
LINESTRING (3155880.663 200762.384, 3155887.694 200763.81)	119	180	0	56	false	2099	None
LINESTRING (3155887.694 200763.81, 3155919.098 200770.192)	119	180	0	57	false	2099	None
LINESTRING (3155919.098 200770.192, 3155919.778 200770.219)	119	180	0	58	false	2099	None
LINESTRING (3155919.778 200770.219, 3155930.875 200771.321)	119	180	0	59	false	2099	None
LINESTRING (3155930.875 200771.321, 3155942.203 200771.322)	119	180	0	60	false	2099	None
LINESTRING (3155942.203 200771.322, 3155964.779 200769.507)	119	180	0	61	false	2099	None
LINESTRING (3155964.779 200769.507, 3156041.831 200757.567)	119	180	0	62	false	2099	None
LINESTRING (3156041.831 200757.567, 3156049.148 200756.484)	119	180	0	63	false	2099	None
LINESTRING (3156049.148 200756.484, 3156082.498 200750.525)	119	180	0	64	false	2099	None
LINESTRING (3156082.498 200750.525, 3156083.343 200750.378)	119	180	0	65	false	2099	None
LINESTRING (3156083.343 200750.378, 3156091.37 200748.737)	119	180	0	66	false	2099	None
LINESTRING (3156091.37 200748.737, 3156117.77 200743.171)	119	180	0	67	false	2099	None
LINESTRING (3156117.77 200743.171, 3156126.471 200741.317)	119	180	0	68	false	2099	None
LINESTRING (3156126.471 200741.317, 3156135.489 200738.395)	119	180	0	69	false	2099	None
LINESTRING (3156135.489 200738.395, 3156162.286 200729.529)	119	180	0	70	false	2099	None
LINESTRING (3156162.286 200729.529, 3156163.172 200729.278)	119	180	0	71	false	2099	None
LINESTRING (3156163.172 200729.278, 3156171.042 200726.267)	119	180	0	72	false	2099	None
LINESTRING (3156171.042 200726.267, 3156189.515 200717.021)	119	180	0	73	false	2099	None
LINESTRING (3156189.515 200717.021, 3156209.165 200703.232)	119	180	0	74	false	2099	None
LINESTRING (3156209.165 200703.232, 3156240.67 200678.216)	119	180	0	75	false	2099	None
LINESTRING (3156240.67 200678.216, 3156257.361 200664.943)	119	180	0	76	false	2099	None
LINESTRING (3156257.361 200664.943, 3156272.461 200652.717)	119	180	0	77	false	2099	None
LINESTRING (3156272.461 200652.717, 3156276.925 200649.095)	119	180	0	78	false	2099	None
LINESTRING (3156276.925 200649.095, 3156293.449 200633.97)	119	180	0	79	false	2099	None
LINESTRING (3156293.449 200633.97, 3156308.051 200618.217)	119	180	0	80	false	2099	None
LINESTRING (3156308.051 200618.217, 3156315.176 200612.058)	119	180	0	81	false	2099	None
LINESTRING (3156315.176 200612.058, 3156316.927 200610.596)	119	180	0	82	false	2099	None
LINESTRING (3156316.927 200610.596, 3156330.549 200600.653)	119	180	0	83	false	2099	None
LINESTRING (3156330.549 200600.653, 3156331.767 200598.03)	119	180	0	84	false	2099	None
LINESTRING (3156331.767 200598.03, 3156335.248 200590.096)	119	180	0	85	false	2099	None
LINESTRING (3156335.248 200590.096, 3156336.339 200587.544)	119	180	0	86	false	2099	None
LINESTRING (3156336.339 200587.544, 3156365.662 200595.738)	119	180	0	87	false	2099	None
LINESTRING (3156365.662 200595.738, 3156453.332 200620.323)	119	180	0	88	false	2099	None
LINESTRING (3156453.332 200620.323, 3156468.144 200624.539)	119	180	0	89	false	2099	None
LINESTRING (3156468.144 200624.539, 3156482.764 200627.727)	119	180	0	90	false	2099	None
LINESTRING (3156482.764 200627.727, 3156489.373 200629.227)	119	180	0	91	false	2099	None
LINESTRING (3156489.373 200629.227, 3156501.462 200631.073)	119	180	0	92	false	2099	None
LINESTRING (3156501.462 200631.073, 3156514.119 200631.711)	119	180	0	93	false	2099	None
LINESTRING (3156514.119 200631.711, 3156526.721 200631.732)	119	180	0	94	false	2099	None
LINESTRING (3156526.721 200631.732, 3156540.073 200631.092)	119	180	0	95	false	2099	None
LINESTRING (3156540.073 200631.092, 3156566.716 200628.956)	119	180	0	96	false	2099	None
LINESTRING (3156566.716 200628.956, 3156587.023 200628.164)	119	180	0	97	false	2099	None
LINESTRING (3156587.023 200628.164, 3156611.402 200627.29)	119	180	0	98	false	2099	None
LINESTRING (3156611.402 200627.29, 3156652.076 200624.54)	119	180	0	99	false	2099	None
LINESTRING (3156652.076 200624.54, 3156674.528 200624.822)	119	180	0	100	false	2099	None
LINESTRING (3156674.528 200624.822, 3156703.215 200627.054)	119	180	0	101	false	2099	None
LINESTRING (3156703.215 200627.054, 3156740.725 200631.171)	119	180	0	102	false	2099	None
LINESTRING (3156740.725 200631.171, 3156786.947 200637.964)	119	180	0	103	false	2099	None
LINESTRING (3156786.947 200637.964, 3156895.623 200656.677)	119	180	0	104	false	2099	None
LINESTRING (3156895.623 200656.677, 3156908.528 200658.959)	119	180	0	105	false	2099	None
LINESTRING (3156908.528 200658.959, 3156972.033 200668.431)	119	180	0	106	false	2099	None
LINESTRING (3156972.033 200668.431, 3156997.057 200674.001)	119	180	0	107	false	2099	None
LINESTRING (3156997.057 200674.001, 3157001.577 200675.046)	119	180	0	108	false	2099	None
LINESTRING (3157001.577 200675.046, 3157030.094 200683.286)	119	180	0	109	false	2099	None
LINESTRING (3157030.094 200683.286, 3157036.888 200685.573)	119	180	0	110	false	2099	None
LINESTRING (3157036.888 200685.573, 3157058.515 200693.037)	119	180	0	111	false	2099	None
LINESTRING (3157058.515 200693.037, 3157094.824 200710.621)	119	180	0	112	false	2099	None
LINESTRING (3157094.824 200710.621, 3157121.323 200721.768)	119	180	0	113	false	2099	None
LINESTRING (3157121.323 200721.768, 3157128.706 200723.808)	119	180	0	114	false	2099	None
LINESTRING (3157128.706 200723.808, 3157134.917 200724.558)	119	180	0	115	false	2099	None
LINESTRING (3157134.917 200724.558, 3157153.619 200724.096)	119	180	0	116	false	2099	None
LINESTRING (3157153.619 200724.096, 3157170.288 200723.795)	119	180	0	117	false	2099	None
LINESTRING (3157170.288 200723.795, 3157195.965 200722.118)	119	180	0	118	false	2099	None
LINESTRING (3157195.965 200722.118, 3157202.87 200721.59)	119	180	0	119	false	2099	None
LINESTRING (3157202.87 200721.59, 3157240.374 200717.371)	119	180	0	120	false	2099	None
LINESTRING (3157240.374 200717.371, 3157251.995 200715.106)	119	180	0	121	false	2099	None
LINESTRING (3157251.995 200715.106, 3157255.583 200714.24)	119	180	0	122	false	2099	None
LINESTRING (3157255.583 200714.24, 3157263.354 200712.501)	119	180	0	123	false	2099	None
LINESTRING (3157263.354 200712.501, 3157282 200705.348)	119	180	0	124	false	2099	None
LINESTRING (3157282 200705.348, 3157298.165 200697.23)	119	180	0	125	false	2099	None
LINESTRING (3157298.165 200697.23, 3157308.054 200691.314)	119	180	0	126	false	2099	None
LINESTRING (3157308.054 200691.314, 3157327.303 200678.561)	119	180	0	127	false	2099	None
LINESTRING (3157327.303 200678.561, 3157360.694 200654.283)	119	180	0	128	false	2099	None
LINESTRING (3157360.694 200654.283, 3157382.742 200641.428)	119	180	0	129	false	2099	None
LINESTRING (3157382.742 200641.428, 3157399.778 200632.339)	119	180	0	130	false	2099	None
LINESTRING (3157399.778 200632.339, 3157409.652 200627.727)	119	180	0	131	false	2099	None
LINESTRING (3157409.652 200627.727, 3157419.214 200624.423)	119	180	0	132	false	2099	None
LINESTRING (3157419.214 200624.423, 3157423.265 200623.38)	119	180	0	133	false	2099	None
LINESTRING (3157423.265 200623.38, 3157429.174 200621.869)	119	180	0	134	false	2099	None
LINESTRING (3157429.174 200621.869, 3157450.468 200617.533)	119	180	0	135	false	2099	None
LINESTRING (3157450.468 200617.533, 3157461.933 200615.922)	119	180	0	136	false	2099	None
LINESTRING (3157461.933 200615.922, 3157473.368 200614.895)	119	180	0	137	false	2099	None
LINESTRING (3157473.368 200614.895, 3157482.613 200614.683)	119	180	0	138	false	2099	None
LINESTRING (3157482.613 200614.683, 3157484.989 200614.655)	119	180	0	139	false	2099	None
LINESTRING (3157484.989 200614.655, 3157491.018 200614.858)	119	180	0	140	false	2099	None
LINESTRING (3157491.018 200614.858, 3157496.539 200615.102)	119	180	0	141	false	2099	None
LINESTRING (3157496.539 200615.102, 3157515.75 200616.625)	119	180	0	142	false	2099	None
LINESTRING (3157515.75 200616.625, 3157520.768 200617.149)	119	180	0	143	false	2099	None
LINESTRING (3157520.768 200617.149, 3157523.878 200617.764)	119	180	0	144	false	2099	None
LINESTRING (3157523.878 200617.764, 3157534.825 200619.762)	119	180	0	145	false	2099	None
LINESTRING (3157534.825 200619.762, 3157551.842 200623.885)	119	180	0	146	false	2099	None
LINESTRING (3157551.842 200623.885, 3157624.157 200652.748)	119	180	0	147	false	2099	None
LINESTRING (3157624.157 200652.748, 3157633.308 200656.071)	119	180	0	148	false	2099	None
LINESTRING (3157633.308 200656.071, 3157817.286 200724.592)	119	180	0	149	false	2099	None
LINESTRING (3157817.286 200724.592, 3157929.094 200767.164)	119	180	0	150	false	2099	None
LINESTRING (3157929.094 200767.164, 3157959.006 200779.166)	119	180	0	151	false	2099	None
LINESTRING (3157959.006 200779.166, 3158020.675 200804.246)	119	180	0	152	false	2099	None
LINESTRING (3158020.675 200804.246, 3158048.749 200817.676)	119	180	0	153	false	2099	None
LINESTRING (3158048.749 200817.676, 3158065.539 200825.166)	119	180	0	154	false	2099	None
LINESTRING (3158065.539 200825.166, 3158099.371 200840.004)	119	180	0	155	false	2099	None
LINESTRING (3158099.371 200840.004, 3158145.327 200860.397)	119	180	0	156	false	2099	None
LINESTRING (3158145.327 200860.397, 3158202.481 200878.599)	119	180	0	157	false	2099	None
LINESTRING (3158202.481 200878.599, 3158202.949 200878.662)	119	180	0	158	false	2099	None
LINESTRING (3158202.949 200878.662, 3158239.171 200886.096)	119	180	0	159	false	2099	None
LINESTRING (3158239.171 200886.096, 3158252.423 200888.754)	119	180	0	160	false	2099	None
LINESTRING (3158252.423 200888.754, 3158270.662 200892.521)	119	180	0	161	false	2099	None
LINESTRING (3158270.662 200892.521, 3158291.982 200897.487)	119	180	0	162	false	2099	None
LINESTRING (3158291.982 200897.487, 3158305.032 200900.663)	119	180	0	163	false	2099	None
LINESTRING (3158305.032 200900.663, 3158324.691 200905.339)	119	180	0	164	false	2099	None
LINESTRING (3158324.691 200905.339, 3158351.159 200915.049)	119	180	0	165	false	2099	None
LINESTRING (3158351.159 200915.049, 3158351.672 200915.249)	119	180	0	166	false	2099	None
LINESTRING (3158351.672 200915.249, 3158407.115 200938.861)	119	180	0	167	false	2099	None
LINESTRING (3158407.115 200938.861, 3158487.374 200970.349)	119	180	0	168	false	2099	None
LINESTRING (3158487.374 200970.349, 3158496.66 200974.084)	119	180	0	169	false	2099	None
LINESTRING (3158496.66 200974.084, 3158512.292 200983.029)	119	180	0	170	false	2099	None
LINESTRING (3158512.292 200983.029, 3158528.981 200993.815)	119	180	0	171	false	2099	None
LINESTRING (3158528.981 200993.815, 3158529.887 200994.525)	119	180	0	172	false	2099	None
LINESTRING (3158529.887 200994.525, 3158533.374 200996.955)	119	180	0	173	false	2099	None
LINESTRING (3158533.374 200996.955, 3158536.394 200999.321)	119	180	0	174	false	2099	None
LINESTRING (3158536.394 200999.321, 3158543.344 201005.005)	119	180	0	175	false	2099	None
LINESTRING (3158543.344 201005.005, 3158546.5 201007.782)	119	180	0	176	false	2099	None
LINESTRING (3158546.5 201007.782, 3158548.231 201009.409)	119	180	0	177	false	2099	None
LINESTRING (3158548.231 201009.409, 3158553.173 201014.43)	119	180	0	178	false	2099	None
LINESTRING (3158553.173 201014.43, 3158554.779 201016.127)	119	180	0	179	false	2099	None
LINESTRING (3158554.779 201016.127, 3158584.179 201052.466)	119	180	0	180	false	2099	None
LINESTRING (3158584.179 201052.466, 3158596.222 201068.35)	119	180	0	181	false	2099	None
LINESTRING (3158596.222 201068.35, 3158606.791 201082.708)	119	180	0	182	false	2099	None
LINESTRING (3158606.791 201082.708, 3158616.156 201096.359)	119	180	0	183	false	2099	None
LINESTRING (3158616.156 201096.359, 3158624.767 201110.43)	119	180	0	184	false	2099	None
LINESTRING (3158624.767 201110.43, 3158632.456 201125.096)	119	180	0	185	false	2099	None
LINESTRING (3158632.456 201125.096, 3158639.431 201140.079)	119	180	0	186	false	2099	None
LINESTRING (3158639.431 201140.079, 3158649.686 201167.891)	119	180	0	187	false	2099	None
LINESTRING (3158649.686 201167.891, 3158653.858 201176.661)	119	180	0	188	false	2099	None
LINESTRING (3158653.858 201176.661, 3158658.608 201184.704)	119	180	0	189	false	2099	None
LINESTRING (3158658.608 201184.704, 3158663.777 201192.433)	119	180	0	190	false	2099	None
LINESTRING (3158663.777 201192.433, 3158669.529 201199.675)	119	180	0	191	false	2099	None
LINESTRING (3158669.529 201199.675, 3158674.561 201204.97)	119	180	0	192	false	2099	None
LINESTRING (3158674.561 201204.97, 3158685.542 201214.724)	119	180	0	193	false	2099	None
LINESTRING (3158685.542 201214.724, 3158696.161 201223.385)	119	180	0	194	false	2099	None
LINESTRING (3158696.161 201223.385, 3158701.717 201227.335)	119	180	0	195	false	2099	None
LINESTRING (3158701.717 201227.335, 3158707.192 201231.492)	119	180	0	196	false	2099	None
LINESTRING (3158707.192 201231.492, 3158708.913 201232.638)	119	180	0	197	false	2099	None
LINESTRING (3158708.913 201232.638, 3158731.963 201249.355)	119	180	0	198	false	2099	None
LINESTRING (3158731.963 201249.355, 3158752.289 201263.702)	119	180	0	199	false	2099	None
LINESTRING (3158752.289 201263.702, 3158761.338 201270.322)	119	180	0	200	false	2099	None
LINESTRING (3158761.338 201270.322, 3158822.438 201315.077)	119	180	0	201	false	2099	None
LINESTRING (3158822.438 201315.077, 3158864.882 201346.256)	119	180	0	202	false	2099	None
LINESTRING (3158864.882 201346.256, 3158884.398 201362.431)	119	180	0	203	false	2099	None
LINESTRING (3158884.398 201362.431, 3158906.622 201372.158)	119	180	0	204	false	2099	None
LINESTRING (3158906.622 201372.158, 3158989.603 201414.36)	119	180	0	205	false	2099	None
LINESTRING (3158989.603 201414.36, 3159001.601 201424.035)	119	180	0	206	false	2099	None
LINESTRING (3159001.601 201424.035, 3159012.027 201435.718)	119	180	0	207	false	2099	None
LINESTRING (3159012.027 201435.718, 3159029.771 201454.419)	119	180	0	208	false	2099	None
LINESTRING (3159029.771 201454.419, 3159062.434 201494.771)	119	180	0	209	false	2099	None
LINESTRING (3159062.434 201494.771, 3159075.879 201508.821)	119	180	0	210	false	2099	None
LINESTRING (3159075.879 201508.821, 3159078.738 201511.601)	119	180	0	211	false	2099	N:3159076.4281748203 201509.355
LINESTRING (3162341.195 201515.004, 3162352.197 201505.239)	119	180	0	386	false	2099	N:3162347.5595978494 201509.355
LINESTRING (3162352.197 201505.239, 3162389.254 201478.949)	119	180	0	387	false	2099	None
LINESTRING (3162389.254 201478.949, 3162403.004 201470.731)	119	180	0	388	false	2099	None
LINESTRING (3162403.004 201470.731, 3162415.077 201465.551)	119	180	0	389	false	2099	None
LINESTRING (3162415.077 201465.551, 3162428.342 201460.599)	119	180	0	390	false	2099	None
LINESTRING (3162428.342 201460.599, 3162429.354 201460.278)	119	180	0	391	false	2099	None
LINESTRING (3162429.354 201460.278, 3162452.817 201453.942)	119	180	0	392	false	2099	None
LINESTRING (3162452.817 201453.942, 3162464.878 201452.331)	119	180	0	393	false	2099	None
LINESTRING (3162464.878 201452.331, 3162478.736 201451.421)	119	180	0	394	false	2099	None
LINESTRING (3162478.736 201451.421, 3162496.396 201455.924)	119	180	0	395	false	2099	None
LINESTRING (3162496.396 201455.924, 3162519.597 201463.66)	119	180	0	396	false	2099	None
LINESTRING (3162519.597 201463.66, 3162529.31 201467.566)	119	180	0	397	false	2099	None
LINESTRING (3162529.31 201467.566, 3162535.257 201472.029)	119	180	0	398	false	2099	None
LINESTRING (3162535.257 201472.029, 3162540.887 201477.559)	119	180	0	399	false	2099	None
LINESTRING (3162540.887 201477.559, 3162542.718 201479.941)	119	180	0	400	false	2099	None
LINESTRING (3162542.718 201479.941, 3162545.43 201483.856)	119	180	0	401	false	2099	None
LINESTRING (3162545.43 201483.856, 3162547.877 201493.506)	119	180	0	402	false	2099	None
LINESTRING (3162547.877 201493.506, 3162546.828 201518.945)	119	180	0	403	false	2099	N:3162547.2234522584 201509.355
