LINESTRING (3108536.398 236792.117, 3108526.84 236825.08)	33	1200	0	101	false	1283	S:3108529.699889998 236815.217
LINESTRING (3108526.84 236825.08, 3108515.628 236863.354)	33	1200	0	102	false	1283	None
LINESTRING (3108515.628 236863.354, 3108499.824 236924.487)	33	1200	0	103	false	1283	None
LINESTRING (3108499.824 236924.487, 3108491.938 236954.882)	33	1200	0	104	false	1283	None
LINESTRING (3108491.938 236954.882, 3108491.242 236957.707)	33	1200	0	105	false	1283	None
LINESTRING (3108491.242 236957.707, 3108479.576 237005.8)	33	1200	0	106	false	1283	None
LINESTRING (3108479.576 237005.8, 3108452.906 237114.977)	33	1200	0	107	false	1283	None
LINESTRING (3108452.906 237114.977, 3108452.237 237119.002)	33	1200	0	108	false	1283	None
LINESTRING (3108452.237 237119.002, 3108446.612 237150.385)	33	1200	0	109	false	1283	None
LINESTRING (3108446.612 237150.385, 3108437.825 237198.873)	33	1200	0	110	false	1283	None
LINESTRING (3108437.825 237198.873, 3108434.869 237215.699)	33	1200	0	111	false	1283	None
LINESTRING (3108434.869 237215.699, 3108425.751 237266.319)	33	1200	0	112	false	1283	None
LINESTRING (3108425.751 237266.319, 3108422.67 237283.216)	33	1200	0	113	false	1283	None
LINESTRING (3108422.67 237283.216, 3108404.288 237291.845)	33	1200	0	114	false	1283	None
LINESTRING (3108404.288 237291.845, 3108396.257 237295.178)	33	1200	0	115	false	1283	None
LINESTRING (3108396.257 237295.178, 3108388.772 237298.364)	33	1200	0	116	false	1283	None
LINESTRING (3108388.772 237298.364, 3108375.258 237307.557)	33	1200	0	117	false	1283	None
LINESTRING (3108375.258 237307.557, 3108364.522 237316.392)	33	1200	0	118	false	1283	None
LINESTRING (3108364.522 237316.392, 3108346.485 237336.574)	33	1200	0	119	false	1283	None
LINESTRING (3108346.485 237336.574, 3108330.951 237359.147)	33	1200	0	120	false	1283	None
LINESTRING (3108330.951 237359.147, 3108312.8 237385.471)	33	1200	0	121	false	1283	None
LINESTRING (3108312.8 237385.471, 3108294.158 237412.558)	33	1200	0	122	false	1283	None
LINESTRING (3108294.158 237412.558, 3108238.236 237493.82)	33	1200	0	123	false	1283	None
LINESTRING (3108238.236 237493.82, 3108219.47 237520.978)	33	1200	0	124	false	1283	None
LINESTRING (3108219.47 237520.978, 3108207.942 237537.717)	33	1200	0	125	false	1283	None
LINESTRING (3108207.942 237537.717, 3108173.357 237587.934)	33	1200	0	126	false	1283	None
LINESTRING (3108173.357 237587.934, 3108168.657 237594.809)	33	1200	0	127	false	1283	None
LINESTRING (3108168.657 237594.809, 3108161.789 237604.776)	33	1200	0	128	false	1283	None
LINESTRING (3108161.789 237604.776, 3108158.358 237609.88)	33	1200	0	129	false	1283	None
LINESTRING (3108158.358 237609.88, 3108147.985 237625.398)	33	1200	0	130	false	1283	None
LINESTRING (3108147.985 237625.398, 3108144.428 237630.572)	33	1200	0	131	false	1283	None
LINESTRING (3108144.428 237630.572, 3108139.893 237637.273)	33	1200	0	132	false	1283	None
LINESTRING (3108139.893 237637.273, 3108126.208 237657.583)	33	1200	0	133	false	1283	None
LINESTRING (3108126.208 237657.583, 3108122.652 237662.758)	33	1200	0	134	false	1283	None
LINESTRING (3108122.652 237662.758, 3108121.548 237664.355)	33	1200	0	135	false	1283	None
LINESTRING (3108121.548 237664.355, 3108141.211 237677.039)	33	1200	0	136	false	1283	None
LINESTRING (3108141.211 237677.039, 3108157.15 237687.457)	33	1200	0	137	false	1283	None
LINESTRING (3108157.15 237687.457, 3108197.474 237719.634)	33	1200	0	138	false	1283	None
LINESTRING (3108197.474 237719.634, 3108203.581 237724.602)	33	1200	0	139	false	1283	None
LINESTRING (3108203.581 237724.602, 3108211.551 237739.21)	33	1200	0	140	false	1283	None
LINESTRING (3108211.551 237739.21, 3108211.642 237739.482)	33	1200	0	141	false	1283	None
LINESTRING (3108211.642 237739.482, 3108219.097 237757.461)	33	1200	0	142	false	1283	None
LINESTRING (3108219.097 237757.461, 3108221.675 237772.61)	33	1200	0	143	false	1283	None
LINESTRING (3108221.675 237772.61, 3108222.3 237777.848)	33	1200	0	144	false	1283	None
LINESTRING (3108222.3 237777.848, 3108223.568 237791.065)	33	1200	0	145	false	1283	None
LINESTRING (3108223.568 237791.065, 3108237.127 237879.562)	33	1200	0	146	false	1283	None
LINESTRING (3108237.127 237879.562, 3108239.925 237900.745)	33	1200	0	147	false	1283	None
LINESTRING (3108239.925 237900.745, 3108245.115 237941.883)	33	1200	0	148	false	1283	None
LINESTRING (3108245.115 237941.883, 3108249.568 237970.96)	33	1200	0	149	false	1283	None
LINESTRING (3108249.568 237970.96, 3108251.371 237983.551)	33	1200	0	150	false	1283	None
LINESTRING (3108251.371 237983.551, 3108256.823 238023.244)	33	1200	0	151	false	1283	None
LINESTRING (3108256.823 238023.244, 3108270.219 238108.347)	33	1200	0	152	false	1283	None
LINESTRING (3108270.219 238108.347, 3108276.685 238149.977)	33	1200	0	153	false	1283	None
LINESTRING (3108276.685 238149.977, 3108281.505 238180.385)	33	1200	0	154	false	1283	None
LINESTRING (3108281.505 238180.385, 3108284.961 238202.654)	33	1200	0	155	false	1283	None
LINESTRING (3108284.961 238202.654, 3108288.174 238223.521)	33	1200	0	156	false	1283	None
LINESTRING (3108288.174 238223.521, 3108292.363 238272.84)	33	1200	0	157	false	1283	None
LINESTRING (3108292.363 238272.84, 3108294.836 238304.011)	33	1200	0	158	false	1283	None
LINESTRING (3108294.836 238304.011, 3108298.093 238340.004)	33	1200	0	159	false	1283	None
LINESTRING (3108298.093 238340.004, 3108300.653 238360.024)	33	1200	0	160	false	1283	None
LINESTRING (3108300.653 238360.024, 3108314.826 238476.123)	33	1200	0	161	false	1283	None
LINESTRING (3108314.826 238476.123, 3108320.705 238527.401)	33	1200	0	162	false	1283	None
LINESTRING (3108320.705 238527.401, 3108324.813 238563.722)	33	1200	0	163	false	1283	None
LINESTRING (3108324.813 238563.722, 3108325.515 238583.742)	33	1200	0	164	false	1283	None
LINESTRING (3108325.515 238583.742, 3108325.917 238626.131)	33	1200	0	165	false	1283	None
LINESTRING (3108325.917 238626.131, 3108326.953 238753.233)	33	1200	0	166	false	1283	None
LINESTRING (3108326.953 238753.233, 3108327.076 238777.551)	33	1200	0	167	false	1283	None
LINESTRING (3108327.076 238777.551, 3108326.428 238795.742)	33	1200	0	168	false	1283	None
LINESTRING (3108326.428 238795.742, 3108325.662 238818.052)	33	1200	0	169	false	1283	None
LINESTRING (3108325.662 238818.052, 3108323.975 238863.325)	33	1200	0	170	false	1283	None
LINESTRING (3108323.975 238863.325, 3108322.187 238885.241)	33	1200	0	171	false	1283	None
LINESTRING (3108322.187 238885.241, 3108320.284 238907.708)	33	1200	0	172	false	1283	None
LINESTRING (3108320.284 238907.708, 3108320.152 238909.323)	33	1200	0	173	false	1283	None
LINESTRING (3108320.152 238909.323, 3108316.835 238927.081)	33	1200	0	174	false	1283	None
LINESTRING (3108316.835 238927.081, 3108316.352 238931.892)	33	1200	0	175	false	1283	None
LINESTRING (3108316.352 238931.892, 3108308.785 239004.883)	33	1200	0	176	false	1283	None
LINESTRING (3108308.785 239004.883, 3108306.164 239029.214)	33	1200	0	177	false	1283	None
LINESTRING (3108306.164 239029.214, 3108309.927 239044.583)	33	1200	0	178	false	1283	None
LINESTRING (3108309.927 239044.583, 3108321.177 239090.792)	33	1200	0	179	false	1283	None
LINESTRING (3108321.177 239090.792, 3108324.816 239106.232)	33	1200	0	180	false	1283	None
LINESTRING (3108324.816 239106.232, 3108325.987 239109.538)	33	1200	0	181	false	1283	None
LINESTRING (3108325.987 239109.538, 3108329.587 239119.49)	33	1200	0	182	false	1283	None
LINESTRING (3108329.587 239119.49, 3108330.633 239122.867)	33	1200	0	183	false	1283	None
LINESTRING (3108330.633 239122.867, 3108341.579 239153.612)	33	1200	0	184	false	1283	None
LINESTRING (3108341.579 239153.612, 3108341.947 239154.943)	33	1200	0	185	false	1283	None
LINESTRING (3108341.947 239154.943, 3108368.341 239234.704)	33	1200	0	186	false	1283	None
LINESTRING (3108368.341 239234.704, 3108371.619 239247.269)	33	1200	0	187	false	1283	None
LINESTRING (3108371.619 239247.269, 3108379.643 239279.506)	33	1200	0	188	false	1283	None
LINESTRING (3108379.643 239279.506, 3108384.039 239296.784)	33	1200	0	189	false	1283	None
LINESTRING (3108384.039 239296.784, 3108386.844 239310.832)	33	1200	0	190	false	1283	None
LINESTRING (3108386.844 239310.832, 3108397.125 239362.856)	33	1200	0	191	false	1283	None
LINESTRING (3108397.125 239362.856, 3108407.196 239405.519)	33	1200	0	192	false	1283	None
LINESTRING (3108407.196 239405.519, 3108413.217 239431.274)	33	1200	0	193	false	1283	None
LINESTRING (3108413.217 239431.274, 3108415.648 239436.136)	33	1200	0	194	false	1283	None
LINESTRING (3108415.648 239436.136, 3108420.684 239446.166)	33	1200	0	195	false	1283	None
LINESTRING (3108420.684 239446.166, 3108437.522 239461.096)	33	1200	0	196	false	1283	None
LINESTRING (3108437.522 239461.096, 3108472.281 239492.206)	33	1200	0	197	false	1283	None
LINESTRING (3108472.281 239492.206, 3108513.274 239524.646)	33	1200	0	198	false	1283	None
LINESTRING (3108513.274 239524.646, 3108523.759 239532.967)	33	1200	0	199	false	1283	None
LINESTRING (3108523.759 239532.967, 3108539.055 239545.043)	33	1200	0	200	false	1283	None
LINESTRING (3108539.055 239545.043, 3108540.95 239546.724)	33	1200	0	201	false	1283	None
LINESTRING (3108540.95 239546.724, 3108552.644 239560.031)	33	1200	0	202	false	1283	None
LINESTRING (3108552.644 239560.031, 3108580.851 239592.665)	33	1200	0	203	false	1283	None
LINESTRING (3108580.851 239592.665, 3108589.906 239608.763)	33	1200	0	204	false	1283	None
LINESTRING (3108589.906 239608.763, 3108600.11 239627.207)	33	1200	0	205	false	1283	None
LINESTRING (3108600.11 239627.207, 3108601.556 239629.548)	33	1200	0	206	false	1283	None
LINESTRING (3108601.556 239629.548, 3108605.806 239636.538)	33	1200	0	207	false	1283	None
LINESTRING (3108605.806 239636.538, 3108607.126 239638.95)	33	1200	0	208	false	1283	None
LINESTRING (3108607.126 239638.95, 3108614.317 239651)	33	1200	0	209	false	1283	None
LINESTRING (3108614.317 239651, 3108635.811 239687.354)	33	1200	0	210	false	1283	None
LINESTRING (3108635.811 239687.354, 3108642.878 239699.474)	33	1200	0	211	false	1283	None
LINESTRING (3108642.878 239699.474, 3108657.481 239724.014)	33	1200	0	212	false	1283	None
LINESTRING (3108657.481 239724.014, 3108667.924 239741.837)	33	1200	0	213	false	1283	None
LINESTRING (3108667.924 239741.837, 3108699.71 239798.693)	33	1200	0	214	false	1283	None
LINESTRING (3108699.71 239798.693, 3108713.647 239823.691)	33	1200	0	215	false	1283	None
LINESTRING (3108713.647 239823.691, 3108730.305 239853.305)	33	1200	0	216	false	1283	None
LINESTRING (3108730.305 239853.305, 3108745.342 239880.274)	33	1200	0	217	false	1283	None
LINESTRING (3108745.342 239880.274, 3108781.272 239941.343)	33	1200	0	218	false	1283	None
LINESTRING (3108781.272 239941.343, 3108798.343 239970.642)	33	1200	0	219	false	1283	None
LINESTRING (3108798.343 239970.642, 3108815.45 239999.598)	33	1200	0	220	false	1283	None
LINESTRING (3108815.45 239999.598, 3108820.498 240008.323)	33	1200	0	221	false	1283	None
LINESTRING (3108820.498 240008.323, 3108868.798 240084.747)	33	1200	0	222	false	1283	None
LINESTRING (3108868.798 240084.747, 3108886.649 240113.037)	33	1200	0	223	false	1283	None
LINESTRING (3108886.649 240113.037, 3108905.015 240141.764)	33	1200	0	224	false	1283	None
LINESTRING (3108905.015 240141.764, 3108955.445 240221.032)	33	1200	0	225	false	1283	None
LINESTRING (3108955.445 240221.032, 3108960.354 240227.325)	33	1200	0	226	false	1283	None
LINESTRING (3108960.354 240227.325, 3108966.272 240235.315)	33	1200	0	227	false	1283	None
LINESTRING (3108966.272 240235.315, 3108982.059 240252.46)	33	1200	0	228	false	1283	None
LINESTRING (3108982.059 240252.46, 3108986.099 240263.296)	33	1200	0	229	false	1283	None
LINESTRING (3108986.099 240263.296, 3108998.223 240296.045)	33	1200	0	230	false	1283	None
LINESTRING (3108998.223 240296.045, 3109002.138 240306.951)	33	1200	0	231	false	1283	None
LINESTRING (3109002.138 240306.951, 3109010.356 240306.429)	33	1200	0	232	false	1283	None
LINESTRING (3109010.356 240306.429, 3109032.741 240305.175)	33	1200	0	233	false	1283	None
LINESTRING (3109032.741 240305.175, 3109034.848 240305.034)	33	1200	0	234	false	1283	None
LINESTRING (3109034.848 240305.034, 3109042.902 240304.686)	33	1200	0	235	false	1283	None
LINESTRING (3109042.902 240304.686, 3109099.927 240266.803)	33	1200	0	236	false	1283	None
LINESTRING (3109099.927 240266.803, 3109164.838 240222.915)	33	1200	0	237	false	1283	None
LINESTRING (3109164.838 240222.915, 3109205.009 240195.792)	33	1200	0	238	false	1283	None
LINESTRING (3109205.009 240195.792, 3109226.549 240181.245)	33	1200	0	239	false	1283	None
LINESTRING (3109226.549 240181.245, 3109298.039 240137.036)	33	1200	0	240	false	1283	None
LINESTRING (3109298.039 240137.036, 3109376.232 240096.242)	33	1200	0	241	false	1283	None
LINESTRING (3109376.232 240096.242, 3109425.73 240076.639)	33	1200	0	242	false	1283	None
LINESTRING (3109425.73 240076.639, 3109501.17 240046.803)	33	1200	0	243	false	1283	None
LINESTRING (3109501.17 240046.803, 3109545.914 240027.868)	33	1200	0	244	false	1283	None
LINESTRING (3109545.914 240027.868, 3109584.806 240005.846)	33	1200	0	245	false	1283	None
LINESTRING (3109584.806 240005.846, 3109634.648 239973.17)	33	1200	0	246	false	1283	None
LINESTRING (3109634.648 239973.17, 3109643.751 239970.608)	33	1200	0	247	false	1283	None
LINESTRING (3109643.751 239970.608, 3109684.225 239962.76)	33	1200	0	248	false	1283	None
LINESTRING (3109684.225 239962.76, 3109714.585 239968.982)	33	1200	0	249	false	1283	None
LINESTRING (3109714.585 239968.982, 3109723.068 239970.821)	33	1200	0	250	false	1283	None
LINESTRING (3109723.068 239970.821, 3109738.16 239973.78)	33	1200	0	251	false	1283	None
LINESTRING (3109738.16 239973.78, 3109769.141 239998.445)	33	1200	0	252	false	1283	None
LINESTRING (3109769.141 239998.445, 3109802.285 240035.009)	33	1200	0	253	false	1283	None
LINESTRING (3109802.285 240035.009, 3109824.689 240074.575)	33	1200	0	254	false	1283	None
LINESTRING (3109824.689 240074.575, 3109827.927 240096.882)	33	1200	0	255	false	1283	None
LINESTRING (3109827.927 240096.882, 3109823.776 240100.042)	33	1200	0	256	false	1283	None
LINESTRING (3109823.776 240100.042, 3109815.765 240106.118)	33	1200	0	257	false	1283	None
LINESTRING (3109815.765 240106.118, 3109811.034 240109.768)	33	1200	0	258	false	1283	None
LINESTRING (3109811.034 240109.768, 3109806.758 240112.999)	33	1200	0	259	false	1283	None
LINESTRING (3109806.758 240112.999, 3109800.686 240113.278)	33	1200	0	260	false	1283	None
LINESTRING (3109800.686 240113.278, 3109781.288 240117.941)	33	1200	0	261	false	1283	None
LINESTRING (3109781.288 240117.941, 3109761.564 240121.17)	33	1200	0	262	false	1283	None
LINESTRING (3109761.564 240121.17, 3109752.759 240125.75)	33	1200	0	263	false	1283	None
LINESTRING (3109752.759 240125.75, 3109746.001 240133.141)	33	1200	0	264	false	1283	None
LINESTRING (3109746.001 240133.141, 3109742.108 240142.231)	33	1200	0	265	false	1283	None
LINESTRING (3109742.108 240142.231, 3109717.751 240193.529)	33	1200	0	266	false	1283	None
LINESTRING (3109717.751 240193.529, 3109714.375 240203.055)	33	1200	0	267	false	1283	None
LINESTRING (3109714.375 240203.055, 3109712.565 240212.829)	33	1200	0	268	false	1283	None
LINESTRING (3109712.565 240212.829, 3109711.911 240232.803)	33	1200	0	269	false	1283	None
LINESTRING (3109711.911 240232.803, 3109712.555 240242.808)	33	1200	0	270	false	1283	None
LINESTRING (3109712.555 240242.808, 3109723.85 240270.598)	33	1200	0	271	false	1283	None
LINESTRING (3109723.85 240270.598, 3109725.84 240280.408)	33	1200	0	272	false	1283	None
LINESTRING (3109725.84 240280.408, 3109725.808 240290.39)	33	1200	0	273	false	1283	None
LINESTRING (3109725.808 240290.39, 3109723.703 240300.168)	33	1200	0	274	false	1283	None
LINESTRING (3109723.703 240300.168, 3109723.671 240310.15)	33	1200	0	275	false	1283	None
LINESTRING (3109723.671 240310.15, 3109724.735 240320.079)	33	1200	0	276	false	1283	None
LINESTRING (3109724.735 240320.079, 3109729.884 240340.98)	33	1200	0	277	false	1283	None
LINESTRING (3109729.884 240340.98, 3109730.653 240350.914)	33	1200	0	278	false	1283	None
LINESTRING (3109730.653 240350.914, 3109736.578 240353.554)	33	1200	0	279	false	1283	None
LINESTRING (3109736.578 240353.554, 3109748.644 240359.035)	33	1200	0	280	false	1283	None
LINESTRING (3109748.644 240359.035, 3109758.364 240361.471)	33	1200	0	281	false	1283	None
LINESTRING (3109758.364 240361.471, 3109768.275 240361.124)	33	1200	0	282	false	1283	None
LINESTRING (3109768.275 240361.124, 3109777.833 240358.143)	33	1200	0	283	false	1283	None
LINESTRING (3109777.833 240358.143, 3109787.835 240358.07)	33	1200	0	284	false	1283	None
LINESTRING (3109787.835 240358.07, 3109796.996 240361.956)	33	1200	0	285	false	1283	None
LINESTRING (3109796.996 240361.956, 3109806.67 240364.255)	33	1200	0	286	false	1283	None
LINESTRING (3109806.67 240364.255, 3109816.534 240365.556)	33	1200	0	287	false	1283	None
LINESTRING (3109816.534 240365.556, 3109825.939 240369.061)	33	1200	0	288	false	1283	None
LINESTRING (3109825.939 240369.061, 3109834.411 240374.228)	33	1200	0	289	false	1283	None
LINESTRING (3109834.411 240374.228, 3109840.161 240380.37)	33	1200	0	290	false	1283	None
LINESTRING (3109840.161 240380.37, 3109854.539 240393.048)	33	1200	0	291	false	1283	None
LINESTRING (3109854.539 240393.048, 3109861.122 240400.581)	33	1200	0	292	false	1283	None
LINESTRING (3109861.122 240400.581, 3109868.159 240407.695)	33	1200	0	293	false	1283	None
LINESTRING (3109868.159 240407.695, 3109883.099 240420.946)	33	1200	0	294	false	1283	None
LINESTRING (3109883.099 240420.946, 3109898.778 240433.293)	33	1200	0	295	false	1283	None
LINESTRING (3109898.778 240433.293, 3109915.072 240444.806)	33	1200	0	296	false	1283	None
LINESTRING (3109915.072 240444.806, 3109929.732 240470.205)	33	1200	0	297	false	1283	None
LINESTRING (3109929.732 240470.205, 3109933.156 240481.875)	33	1200	0	298	false	1283	None
LINESTRING (3109933.156 240481.875, 3109937.532 240490.819)	33	1200	0	299	false	1283	None
LINESTRING (3109937.532 240490.819, 3109941.409 240500.047)	33	1200	0	300	false	1283	None
LINESTRING (3109941.409 240500.047, 3109951.907 240528.126)	33	1200	0	301	false	1283	None
LINESTRING (3109951.907 240528.126, 3109958.074 240535.975)	33	1200	0	302	false	1283	None
LINESTRING (3109958.074 240535.975, 3109974.368 240547.488)	33	1200	0	303	false	1283	None
LINESTRING (3109974.368 240547.488, 3109977.278 240556.938)	33	1200	0	304	false	1283	None
LINESTRING (3109977.278 240556.938, 3109977.836 240566.91)	33	1200	0	305	false	1283	None
LINESTRING (3109977.836 240566.91, 3109975.731 240576.688)	33	1200	0	306	false	1283	None
LINESTRING (3109975.731 240576.688, 3109972.139 240586.013)	33	1200	0	307	false	1283	None
LINESTRING (3109972.139 240586.013, 3109971.726 240595.967)	33	1200	0	308	false	1283	None
LINESTRING (3109971.726 240595.967, 3109973.731 240610.304)	33	1200	0	309	false	1283	None
LINESTRING (3109973.731 240610.304, 3109974.585 240620.27)	33	1200	0	310	false	1283	None
LINESTRING (3109974.585 240620.27, 3109975.418 240650.338)	33	1200	0	311	false	1283	None
LINESTRING (3109975.418 240650.338, 3109977.388 240680.248)	33	1200	0	312	false	1283	None
LINESTRING (3109977.388 240680.248, 3109979.811 240700.099)	33	1200	0	313	false	1283	None
LINESTRING (3109979.811 240700.099, 3109983.369 240719.794)	33	1200	0	314	false	1283	None
LINESTRING (3109983.369 240719.794, 3109987.979 240739.299)	33	1200	0	315	false	1283	N:3109987.693253268 240738.09
LINESTRING (3109987.979 240739.299, 3109983.369 240719.794)	33	1203	0	55	false	707	N:3109987.693253268 240738.09
LINESTRING (3109983.369 240719.794, 3109979.811 240700.099)	33	1203	0	56	false	707	None
LINESTRING (3109979.811 240700.099, 3109977.388 240680.248)	33	1203	0	57	false	707	None
LINESTRING (3109977.388 240680.248, 3109975.418 240650.338)	33	1203	0	58	false	707	None
LINESTRING (3109975.418 240650.338, 3109974.585 240620.27)	33	1203	0	59	false	707	None
LINESTRING (3109974.585 240620.27, 3109973.731 240610.304)	33	1203	0	60	false	707	None
LINESTRING (3109973.731 240610.304, 3109971.726 240595.967)	33	1203	0	61	false	707	None
LINESTRING (3109971.726 240595.967, 3109972.139 240586.013)	33	1203	0	62	false	707	None
LINESTRING (3109972.139 240586.013, 3109975.731 240576.688)	33	1203	0	63	false	707	None
LINESTRING (3109975.731 240576.688, 3109977.836 240566.91)	33	1203	0	64	false	707	None
LINESTRING (3109977.836 240566.91, 3109977.278 240556.938)	33	1203	0	65	false	707	None
LINESTRING (3109977.278 240556.938, 3109974.368 240547.488)	33	1203	0	66	false	707	None
LINESTRING (3109974.368 240547.488, 3109958.074 240535.975)	33	1203	0	67	false	707	None
LINESTRING (3109958.074 240535.975, 3109951.907 240528.126)	33	1203	0	68	false	707	None
LINESTRING (3109951.907 240528.126, 3109941.409 240500.047)	33	1203	0	69	false	707	None
LINESTRING (3109941.409 240500.047, 3109937.532 240490.819)	33	1203	0	70	false	707	None
LINESTRING (3109937.532 240490.819, 3109933.156 240481.875)	33	1203	0	71	false	707	None
LINESTRING (3109933.156 240481.875, 3109929.732 240470.205)	33	1203	0	72	false	707	None
LINESTRING (3109929.732 240470.205, 3109915.072 240444.806)	33	1203	0	73	false	707	None
LINESTRING (3109915.072 240444.806, 3109898.778 240433.293)	33	1203	0	74	false	707	None
LINESTRING (3109898.778 240433.293, 3109883.099 240420.946)	33	1203	0	75	false	707	None
LINESTRING (3109883.099 240420.946, 3109868.159 240407.695)	33	1203	0	76	false	707	None
LINESTRING (3109868.159 240407.695, 3109861.122 240400.581)	33	1203	0	77	false	707	None
LINESTRING (3109861.122 240400.581, 3109854.539 240393.048)	33	1203	0	78	false	707	None
LINESTRING (3109854.539 240393.048, 3109840.161 240380.37)	33	1203	0	79	false	707	None
LINESTRING (3109840.161 240380.37, 3109834.411 240374.228)	33	1203	0	80	false	707	None
LINESTRING (3109834.411 240374.228, 3109825.939 240369.061)	33	1203	0	81	false	707	None
LINESTRING (3109825.939 240369.061, 3109816.534 240365.556)	33	1203	0	82	false	707	None
LINESTRING (3109816.534 240365.556, 3109806.67 240364.255)	33	1203	0	83	false	707	None
LINESTRING (3109806.67 240364.255, 3109796.996 240361.956)	33	1203	0	84	false	707	None
LINESTRING (3109796.996 240361.956, 3109787.835 240358.07)	33	1203	0	85	false	707	None
LINESTRING (3109787.835 240358.07, 3109777.833 240358.143)	33	1203	0	86	false	707	None
LINESTRING (3109777.833 240358.143, 3109768.275 240361.124)	33	1203	0	87	false	707	None
LINESTRING (3109768.275 240361.124, 3109758.364 240361.471)	33	1203	0	88	false	707	None
LINESTRING (3109758.364 240361.471, 3109748.644 240359.035)	33	1203	0	89	false	707	None
LINESTRING (3109748.644 240359.035, 3109736.578 240353.554)	33	1203	0	90	false	707	None
LINESTRING (3109736.578 240353.554, 3109730.653 240350.914)	33	1203	0	91	false	707	None
LINESTRING (3109730.653 240350.914, 3109729.884 240340.98)	33	1203	0	92	false	707	None
LINESTRING (3109729.884 240340.98, 3109724.735 240320.079)	33	1203	0	93	false	707	None
LINESTRING (3109724.735 240320.079, 3109723.671 240310.15)	33	1203	0	94	false	707	None
LINESTRING (3109723.671 240310.15, 3109723.703 240300.168)	33	1203	0	95	false	707	None
LINESTRING (3109723.703 240300.168, 3109725.808 240290.39)	33	1203	0	96	false	707	None
LINESTRING (3109725.808 240290.39, 3109725.84 240280.408)	33	1203	0	97	false	707	None
LINESTRING (3109725.84 240280.408, 3109723.85 240270.598)	33	1203	0	98	false	707	None
LINESTRING (3109723.85 240270.598, 3109712.555 240242.808)	33	1203	0	99	false	707	None
LINESTRING (3109712.555 240242.808, 3109711.911 240232.803)	33	1203	0	100	false	707	None
LINESTRING (3109711.911 240232.803, 3109712.565 240212.829)	33	1203	0	101	false	707	None
LINESTRING (3109712.565 240212.829, 3109714.375 240203.055)	33	1203	0	102	false	707	None
LINESTRING (3109714.375 240203.055, 3109717.751 240193.529)	33	1203	0	103	false	707	None
LINESTRING (3109717.751 240193.529, 3109742.108 240142.231)	33	1203	0	104	false	707	None
LINESTRING (3109742.108 240142.231, 3109746.001 240133.141)	33	1203	0	105	false	707	None
LINESTRING (3109746.001 240133.141, 3109752.759 240125.75)	33	1203	0	106	false	707	None
LINESTRING (3109752.759 240125.75, 3109761.564 240121.17)	33	1203	0	107	false	707	None
LINESTRING (3109761.564 240121.17, 3109781.288 240117.941)	33	1203	0	108	false	707	None
LINESTRING (3109781.288 240117.941, 3109800.686 240113.278)	33	1203	0	109	false	707	None
LINESTRING (3109800.686 240113.278, 3109806.758 240112.999)	33	1203	0	110	false	707	None
LINESTRING (3109806.758 240112.999, 3109811.034 240109.768)	33	1203	0	111	false	707	None
LINESTRING (3109811.034 240109.768, 3109815.765 240106.118)	33	1203	0	112	false	707	None
LINESTRING (3109815.765 240106.118, 3109823.776 240100.042)	33	1203	0	113	false	707	None
LINESTRING (3109823.776 240100.042, 3109827.927 240096.882)	33	1203	0	114	false	707	None
LINESTRING (3109827.927 240096.882, 3109824.689 240074.575)	33	1203	0	115	false	707	None
LINESTRING (3109824.689 240074.575, 3109802.285 240035.009)	33	1203	0	116	false	707	None
LINESTRING (3109802.285 240035.009, 3109769.141 239998.445)	33	1203	0	117	false	707	None
LINESTRING (3109769.141 239998.445, 3109738.16 239973.78)	33	1203	0	118	false	707	None
LINESTRING (3109738.16 239973.78, 3109723.068 239970.821)	33	1203	0	119	false	707	None
LINESTRING (3109723.068 239970.821, 3109714.585 239968.982)	33	1203	0	120	false	707	None
LINESTRING (3109714.585 239968.982, 3109684.225 239962.76)	33	1203	0	121	false	707	None
LINESTRING (3109684.225 239962.76, 3109643.751 239970.608)	33	1203	0	122	false	707	None
LINESTRING (3109643.751 239970.608, 3109634.648 239973.17)	33	1203	0	123	false	707	None
LINESTRING (3109634.648 239973.17, 3109584.806 240005.846)	33	1203	0	124	false	707	None
LINESTRING (3109584.806 240005.846, 3109545.914 240027.868)	33	1203	0	125	false	707	None
LINESTRING (3109545.914 240027.868, 3109501.17 240046.803)	33	1203	0	126	false	707	None
LINESTRING (3109501.17 240046.803, 3109425.73 240076.639)	33	1203	0	127	false	707	None
LINESTRING (3109425.73 240076.639, 3109376.232 240096.242)	33	1203	0	128	false	707	None
LINESTRING (3109376.232 240096.242, 3109298.039 240137.036)	33	1203	0	129	false	707	None
LINESTRING (3109298.039 240137.036, 3109226.549 240181.245)	33	1203	0	130	false	707	None
LINESTRING (3109226.549 240181.245, 3109205.009 240195.792)	33	1203	0	131	false	707	None
LINESTRING (3109205.009 240195.792, 3109164.838 240222.915)	33	1203	0	132	false	707	None
LINESTRING (3109164.838 240222.915, 3109099.927 240266.803)	33	1203	0	133	false	707	None
LINESTRING (3109099.927 240266.803, 3109042.902 240304.686)	33	1203	0	134	false	707	None
LINESTRING (3109042.902 240304.686, 3109034.848 240305.034)	33	1203	0	135	false	707	None
LINESTRING (3109034.848 240305.034, 3109032.741 240305.175)	33	1203	0	136	false	707	None
LINESTRING (3109032.741 240305.175, 3109010.356 240306.429)	33	1203	0	137	false	707	None
LINESTRING (3109010.356 240306.429, 3109002.138 240306.951)	33	1203	0	138	false	707	None
LINESTRING (3109002.138 240306.951, 3108998.223 240296.045)	33	1203	0	139	false	707	None
LINESTRING (3108998.223 240296.045, 3108986.099 240263.296)	33	1203	0	140	false	707	None
LINESTRING (3108986.099 240263.296, 3108982.059 240252.46)	33	1203	0	141	false	707	None
LINESTRING (3108982.059 240252.46, 3108966.272 240235.315)	33	1203	0	142	false	707	None
LINESTRING (3108966.272 240235.315, 3108960.354 240227.325)	33	1203	0	143	false	707	None
LINESTRING (3108960.354 240227.325, 3108955.445 240221.032)	33	1203	0	144	false	707	None
LINESTRING (3108955.445 240221.032, 3108905.015 240141.764)	33	1203	0	145	false	707	None
LINESTRING (3108905.015 240141.764, 3108886.649 240113.037)	33	1203	0	146	false	707	None
LINESTRING (3108886.649 240113.037, 3108868.798 240084.747)	33	1203	0	147	false	707	None
LINESTRING (3108868.798 240084.747, 3108820.498 240008.323)	33	1203	0	148	false	707	None
LINESTRING (3108820.498 240008.323, 3108815.45 239999.598)	33	1203	0	149	false	707	None
LINESTRING (3108815.45 239999.598, 3108798.343 239970.642)	33	1203	0	150	false	707	None
LINESTRING (3108798.343 239970.642, 3108781.272 239941.343)	33	1203	0	151	false	707	None
LINESTRING (3108781.272 239941.343, 3108745.342 239880.274)	33	1203	0	152	false	707	None
LINESTRING (3108745.342 239880.274, 3108730.305 239853.305)	33	1203	0	153	false	707	None
LINESTRING (3108730.305 239853.305, 3108713.647 239823.691)	33	1203	0	154	false	707	None
LINESTRING (3108713.647 239823.691, 3108699.71 239798.693)	33	1203	0	155	false	707	None
LINESTRING (3108699.71 239798.693, 3108667.924 239741.837)	33	1203	0	156	false	707	None
LINESTRING (3108667.924 239741.837, 3108657.481 239724.014)	33	1203	0	157	false	707	None
LINESTRING (3108657.481 239724.014, 3108642.878 239699.474)	33	1203	0	158	false	707	None
LINESTRING (3108642.878 239699.474, 3108635.811 239687.354)	33	1203	0	159	false	707	None
LINESTRING (3108635.811 239687.354, 3108614.317 239651)	33	1203	0	160	false	707	None
LINESTRING (3108614.317 239651, 3108607.126 239638.95)	33	1203	0	161	false	707	None
LINESTRING (3108607.126 239638.95, 3108605.806 239636.538)	33	1203	0	162	false	707	None
LINESTRING (3108605.806 239636.538, 3108601.556 239629.548)	33	1203	0	163	false	707	None
LINESTRING (3108601.556 239629.548, 3108600.11 239627.207)	33	1203	0	164	false	707	None
LINESTRING (3108600.11 239627.207, 3108589.906 239608.763)	33	1203	0	165	false	707	None
LINESTRING (3108589.906 239608.763, 3108580.851 239592.665)	33	1203	0	166	false	707	None
LINESTRING (3108580.851 239592.665, 3108552.644 239560.031)	33	1203	0	167	false	707	None
LINESTRING (3108552.644 239560.031, 3108540.95 239546.724)	33	1203	0	168	false	707	None
LINESTRING (3108540.95 239546.724, 3108539.055 239545.043)	33	1203	0	169	false	707	None
LINESTRING (3108539.055 239545.043, 3108523.759 239532.967)	33	1203	0	170	false	707	None
LINESTRING (3108523.759 239532.967, 3108513.274 239524.646)	33	1203	0	171	false	707	None
LINESTRING (3108513.274 239524.646, 3108472.281 239492.206)	33	1203	0	172	false	707	None
LINESTRING (3108472.281 239492.206, 3108437.522 239461.096)	33	1203	0	173	false	707	None
LINESTRING (3108437.522 239461.096, 3108420.684 239446.166)	33	1203	0	174	false	707	None
LINESTRING (3108420.684 239446.166, 3108415.648 239436.136)	33	1203	0	175	false	707	None
LINESTRING (3108415.648 239436.136, 3108413.217 239431.274)	33	1203	0	176	false	707	None
LINESTRING (3108413.217 239431.274, 3108407.196 239405.519)	33	1203	0	177	false	707	None
LINESTRING (3108407.196 239405.519, 3108397.125 239362.856)	33	1203	0	178	false	707	None
LINESTRING (3108397.125 239362.856, 3108386.844 239310.832)	33	1203	0	179	false	707	None
LINESTRING (3108386.844 239310.832, 3108384.039 239296.784)	33	1203	0	180	false	707	None
LINESTRING (3108384.039 239296.784, 3108379.643 239279.506)	33	1203	0	181	false	707	None
LINESTRING (3108379.643 239279.506, 3108371.619 239247.269)	33	1203	0	182	false	707	None
LINESTRING (3108371.619 239247.269, 3108368.341 239234.704)	33	1203	0	183	false	707	None
LINESTRING (3108368.341 239234.704, 3108341.947 239154.943)	33	1203	0	184	false	707	None
LINESTRING (3108341.947 239154.943, 3108341.579 239153.612)	33	1203	0	185	false	707	None
LINESTRING (3108341.579 239153.612, 3108330.633 239122.867)	33	1203	0	186	false	707	None
LINESTRING (3108330.633 239122.867, 3108329.587 239119.49)	33	1203	0	187	false	707	None
LINESTRING (3108329.587 239119.49, 3108325.987 239109.538)	33	1203	0	188	false	707	None
LINESTRING (3108325.987 239109.538, 3108324.816 239106.232)	33	1203	0	189	false	707	None
LINESTRING (3108324.816 239106.232, 3108321.177 239090.792)	33	1203	0	190	false	707	None
LINESTRING (3108321.177 239090.792, 3108309.927 239044.583)	33	1203	0	191	false	707	None
LINESTRING (3108309.927 239044.583, 3108306.164 239029.214)	33	1203	0	192	false	707	None
LINESTRING (3108306.164 239029.214, 3108308.785 239004.883)	33	1203	0	193	false	707	None
LINESTRING (3108308.785 239004.883, 3108316.352 238931.892)	33	1203	0	194	false	707	None
LINESTRING (3108316.352 238931.892, 3108316.835 238927.081)	33	1203	0	195	false	707	None
LINESTRING (3108316.835 238927.081, 3108320.152 238909.323)	33	1203	0	196	false	707	None
LINESTRING (3108320.152 238909.323, 3108320.284 238907.708)	33	1203	0	197	false	707	None
LINESTRING (3108320.284 238907.708, 3108322.187 238885.241)	33	1203	0	198	false	707	None
LINESTRING (3108322.187 238885.241, 3108323.975 238863.325)	33	1203	0	199	false	707	None
LINESTRING (3108323.975 238863.325, 3108325.662 238818.052)	33	1203	0	200	false	707	None
LINESTRING (3108325.662 238818.052, 3108326.428 238795.742)	33	1203	0	201	false	707	None
LINESTRING (3108326.428 238795.742, 3108327.076 238777.551)	33	1203	0	202	false	707	None
LINESTRING (3108327.076 238777.551, 3108326.953 238753.233)	33	1203	0	203	false	707	None
LINESTRING (3108326.953 238753.233, 3108325.917 238626.131)	33	1203	0	204	false	707	None
LINESTRING (3108325.917 238626.131, 3108325.515 238583.742)	33	1203	0	205	false	707	None
LINESTRING (3108325.515 238583.742, 3108324.813 238563.722)	33	1203	0	206	false	707	None
LINESTRING (3108324.813 238563.722, 3108320.705 238527.401)	33	1203	0	207	false	707	None
LINESTRING (3108320.705 238527.401, 3108314.826 238476.123)	33	1203	0	208	false	707	None
LINESTRING (3108314.826 238476.123, 3108300.653 238360.024)	33	1203	0	209	false	707	None
LINESTRING (3108300.653 238360.024, 3108298.093 238340.004)	33	1203	0	210	false	707	None
LINESTRING (3108298.093 238340.004, 3108294.836 238304.011)	33	1203	0	211	false	707	None
LINESTRING (3108294.836 238304.011, 3108292.363 238272.84)	33	1203	0	212	false	707	None
LINESTRING (3108292.363 238272.84, 3108288.174 238223.521)	33	1203	0	213	false	707	None
LINESTRING (3108288.174 238223.521, 3108284.961 238202.654)	33	1203	0	214	false	707	None
LINESTRING (3108284.961 238202.654, 3108281.505 238180.385)	33	1203	0	215	false	707	None
LINESTRING (3108281.505 238180.385, 3108276.685 238149.977)	33	1203	0	216	false	707	None
LINESTRING (3108276.685 238149.977, 3108270.219 238108.347)	33	1203	0	217	false	707	None
LINESTRING (3108270.219 238108.347, 3108256.823 238023.244)	33	1203	0	218	false	707	None
LINESTRING (3108256.823 238023.244, 3108251.371 237983.551)	33	1203	0	219	false	707	None
LINESTRING (3108251.371 237983.551, 3108249.568 237970.96)	33	1203	0	220	false	707	None
LINESTRING (3108249.568 237970.96, 3108245.115 237941.883)	33	1203	0	221	false	707	None
LINESTRING (3108245.115 237941.883, 3108239.925 237900.745)	33	1203	0	222	false	707	None
LINESTRING (3108239.925 237900.745, 3108237.127 237879.562)	33	1203	0	223	false	707	None
LINESTRING (3108237.127 237879.562, 3108223.568 237791.065)	33	1203	0	224	false	707	None
LINESTRING (3108223.568 237791.065, 3108222.3 237777.848)	33	1203	0	225	false	707	None
LINESTRING (3108222.3 237777.848, 3108221.675 237772.61)	33	1203	0	226	false	707	None
LINESTRING (3108221.675 237772.61, 3108219.097 237757.461)	33	1203	0	227	false	707	None
LINESTRING (3108219.097 237757.461, 3108211.642 237739.482)	33	1203	0	228	false	707	None
LINESTRING (3108211.642 237739.482, 3108211.551 237739.21)	33	1203	0	229	false	707	None
LINESTRING (3108211.551 237739.21, 3108203.581 237724.602)	33	1203	0	230	false	707	None
LINESTRING (3108203.581 237724.602, 3108197.474 237719.634)	33	1203	0	231	false	707	None
LINESTRING (3108197.474 237719.634, 3108157.15 237687.457)	33	1203	0	232	false	707	None
LINESTRING (3108157.15 237687.457, 3108141.211 237677.039)	33	1203	0	233	false	707	None
LINESTRING (3108141.211 237677.039, 3108121.548 237664.355)	33	1203	0	234	false	707	None
LINESTRING (3108121.548 237664.355, 3108122.652 237662.758)	33	1203	0	235	false	707	None
LINESTRING (3108122.652 237662.758, 3108126.208 237657.583)	33	1203	0	236	false	707	None
LINESTRING (3108126.208 237657.583, 3108139.893 237637.273)	33	1203	0	237	false	707	None
LINESTRING (3108139.893 237637.273, 3108144.428 237630.572)	33	1203	0	238	false	707	None
LINESTRING (3108144.428 237630.572, 3108147.985 237625.398)	33	1203	0	239	false	707	None
LINESTRING (3108147.985 237625.398, 3108158.358 237609.88)	33	1203	0	240	false	707	None
LINESTRING (3108158.358 237609.88, 3108161.789 237604.776)	33	1203	0	241	false	707	None
LINESTRING (3108161.789 237604.776, 3108168.657 237594.809)	33	1203	0	242	false	707	None
LINESTRING (3108168.657 237594.809, 3108173.357 237587.934)	33	1203	0	243	false	707	None
LINESTRING (3108173.357 237587.934, 3108207.942 237537.717)	33	1203	0	244	false	707	None
LINESTRING (3108207.942 237537.717, 3108219.47 237520.978)	33	1203	0	245	false	707	None
LINESTRING (3108219.47 237520.978, 3108238.236 237493.82)	33	1203	0	246	false	707	None
LINESTRING (3108238.236 237493.82, 3108294.158 237412.558)	33	1203	0	247	false	707	None
LINESTRING (3108294.158 237412.558, 3108312.8 237385.471)	33	1203	0	248	false	707	None
LINESTRING (3108312.8 237385.471, 3108330.951 237359.147)	33	1203	0	249	false	707	None
LINESTRING (3108330.951 237359.147, 3108346.485 237336.574)	33	1203	0	250	false	707	None
LINESTRING (3108346.485 237336.574, 3108364.522 237316.392)	33	1203	0	251	false	707	None
LINESTRING (3108364.522 237316.392, 3108375.258 237307.557)	33	1203	0	252	false	707	None
LINESTRING (3108375.258 237307.557, 3108388.772 237298.364)	33	1203	0	253	false	707	None
LINESTRING (3108388.772 237298.364, 3108396.257 237295.178)	33	1203	0	254	false	707	None
LINESTRING (3108396.257 237295.178, 3108404.288 237291.845)	33	1203	0	255	false	707	None
LINESTRING (3108404.288 237291.845, 3108422.67 237283.216)	33	1203	0	256	false	707	None
LINESTRING (3108422.67 237283.216, 3108425.751 237266.319)	33	1203	0	257	false	707	None
LINESTRING (3108425.751 237266.319, 3108434.869 237215.699)	33	1203	0	258	false	707	None
LINESTRING (3108434.869 237215.699, 3108437.825 237198.873)	33	1203	0	259	false	707	None
LINESTRING (3108437.825 237198.873, 3108446.612 237150.385)	33	1203	0	260	false	707	None
LINESTRING (3108446.612 237150.385, 3108452.237 237119.002)	33	1203	0	261	false	707	None
LINESTRING (3108452.237 237119.002, 3108452.906 237114.977)	33	1203	0	262	false	707	None
LINESTRING (3108452.906 237114.977, 3108479.576 237005.8)	33	1203	0	263	false	707	None
LINESTRING (3108479.576 237005.8, 3108491.242 236957.707)	33	1203	0	264	false	707	None
LINESTRING (3108491.242 236957.707, 3108491.938 236954.882)	33	1203	0	265	false	707	None
LINESTRING (3108491.938 236954.882, 3108499.824 236924.487)	33	1203	0	266	false	707	None
LINESTRING (3108499.824 236924.487, 3108515.628 236863.354)	33	1203	0	267	false	707	None
LINESTRING (3108515.628 236863.354, 3108526.84 236825.08)	33	1203	0	268	false	707	None
LINESTRING (3108526.84 236825.08, 3108536.398 236792.117)	33	1203	0	269	false	707	S:3108529.699889998 236815.217
