LINESTRING (3198069.348 276376.491, 3197786.205 276264.895)	5	101	0	108	false	1511	E:3197871.386 276298.46764306724
LINESTRING (3197786.205 276264.895, 3197691.823 276227.698)	5	101	0	109	false	1511	None
LINESTRING (3197691.823 276227.698, 3197686.059 276225.405)	5	101	0	110	false	1511	None
LINESTRING (3197686.059 276225.405, 3197684.153 276224.766)	5	101	0	111	false	1511	None
LINESTRING (3197684.153 276224.766, 3197676.525 276221.731)	5	101	0	112	false	1511	None
LINESTRING (3197676.525 276221.731, 3197668.641 276218.594)	5	101	0	113	false	1511	None
LINESTRING (3197668.641 276218.594, 3197667.709 276218.223)	5	101	0	114	false	1511	None
LINESTRING (3197667.709 276218.223, 3197662.793 276216.267)	5	101	0	115	false	1511	None
LINESTRING (3197662.793 276216.267, 3197198.078 276032.929)	5	101	0	116	false	1511	None
LINESTRING (3197198.078 276032.929, 3197187.778 276028.712)	5	101	0	117	false	1511	None
LINESTRING (3197187.778 276028.712, 3197184.672 276026.401)	5	101	0	118	false	1511	None
LINESTRING (3197184.672 276026.401, 3197181.251 276026.115)	5	101	0	119	false	1511	None
LINESTRING (3197181.251 276026.115, 3196985.658 275949.143)	5	101	0	120	false	1511	None
LINESTRING (3196985.658 275949.143, 3196957.176 275937.813)	5	101	0	121	false	1511	None
LINESTRING (3196957.176 275937.813, 3196956.203 275937.545)	5	101	0	122	false	1511	None
LINESTRING (3196956.203 275937.545, 3196954.212 275936.873)	5	101	0	123	false	1511	None
LINESTRING (3196954.212 275936.873, 3196874.702 275905.484)	5	101	0	124	false	1511	None
LINESTRING (3196874.702 275905.484, 3196812.145 275880.839)	5	101	0	125	false	1511	None
LINESTRING (3196812.145 275880.839, 3196436.205 275732.506)	5	101	0	126	false	1511	None
LINESTRING (3196436.205 275732.506, 3196435.273 275732.135)	5	101	0	127	false	1511	None
LINESTRING (3196435.273 275732.135, 3196434.34 275731.765)	5	101	0	128	false	1511	None
LINESTRING (3196434.34 275731.765, 3196206.908 275642.032)	5	101	0	129	false	1511	None
LINESTRING (3196206.908 275642.032, 3195524.344 275373.01)	5	101	0	130	false	1511	None
LINESTRING (3195524.344 275373.01, 3195298.98 275284.249)	5	101	0	131	false	1511	None
LINESTRING (3195298.98 275284.249, 3195296.775 275283.372)	5	101	0	132	false	1511	None
LINESTRING (3195296.775 275283.372, 3195279.186 275276.499)	5	101	0	133	false	1511	None
LINESTRING (3195279.186 275276.499, 3195226.207 275255.915)	5	101	0	134	false	1511	None
LINESTRING (3195226.207 275255.915, 3195208.491 275249.112)	5	101	0	135	false	1511	None
LINESTRING (3195208.491 275249.112, 3195173.356 275235.503)	5	101	0	136	false	1511	None
LINESTRING (3195173.356 275235.503, 3195067.78 275194.609)	5	101	0	137	false	1511	None
LINESTRING (3195067.78 275194.609, 3195032.56 275180.966)	5	101	0	138	false	1511	None
LINESTRING (3195032.56 275180.966, 3195008.74 275171.737)	5	101	0	139	false	1511	None
LINESTRING (3195008.74 275171.737, 3194997.17 275167.257)	5	101	0	140	false	1511	None
LINESTRING (3194997.17 275167.257, 3194936.708 275145.493)	5	101	0	141	false	1511	None
LINESTRING (3194936.708 275145.493, 3194930.437 275143.239)	5	101	0	142	false	1511	None
LINESTRING (3194930.437 275143.239, 3194912.601 275136.986)	5	101	0	143	false	1511	None
LINESTRING (3194912.601 275136.986, 3194912.68 275136.539)	5	101	0	144	false	1511	None
LINESTRING (3194912.68 275136.539, 3194912.833 275135.167)	5	101	0	145	false	1511	None
LINESTRING (3194912.833 275135.167, 3194912.787 275134.79)	5	101	0	146	false	1511	None
LINESTRING (3194912.787 275134.79, 3194914.033 275122.023)	5	101	0	147	false	1511	None
LINESTRING (3194914.033 275122.023, 3194907.236 275107.015)	5	101	0	148	false	1511	None
LINESTRING (3194907.236 275107.015, 3194867.129 275064.668)	5	101	0	149	false	1511	None
LINESTRING (3194867.129 275064.668, 3194835.992 275028.156)	5	101	0	150	false	1511	None
LINESTRING (3194835.992 275028.156, 3194811.358 275003.191)	5	101	0	151	false	1511	None
LINESTRING (3194811.358 275003.191, 3194798.039 274989.772)	5	101	0	152	false	1511	None
LINESTRING (3194798.039 274989.772, 3194787.364 274975.135)	5	101	0	153	false	1511	None
LINESTRING (3194787.364 274975.135, 3194780.816 274959.748)	5	101	0	154	false	1511	None
LINESTRING (3194780.816 274959.748, 3194777.628 274935.66)	5	101	0	155	false	1511	None
LINESTRING (3194777.628 274935.66, 3194779.442 274898.985)	5	101	0	156	false	1511	None
LINESTRING (3194779.442 274898.985, 3194784.728 274870.619)	5	101	0	157	false	1511	None
LINESTRING (3194784.728 274870.619, 3194796.617 274825.642)	5	101	0	158	false	1511	None
LINESTRING (3194796.617 274825.642, 3194800.795 274792.654)	5	101	0	159	false	1511	None
LINESTRING (3194800.795 274792.654, 3194798.44 274742.015)	5	101	0	160	false	1511	None
LINESTRING (3194798.44 274742.015, 3194793.26 274713.551)	5	101	0	161	false	1511	None
LINESTRING (3194793.26 274713.551, 3194731.482 274544.908)	5	101	0	162	false	1511	None
LINESTRING (3194731.482 274544.908, 3194722.141 274528.889)	5	101	0	163	false	1511	None
LINESTRING (3194722.141 274528.889, 3194701.449 274509.315)	5	101	0	164	false	1511	None
LINESTRING (3194701.449 274509.315, 3194684.459 274499.695)	5	101	0	165	false	1511	None
LINESTRING (3194684.459 274499.695, 3194622.325 274465.085)	5	101	0	166	false	1511	None
LINESTRING (3194622.325 274465.085, 3194608.717 274452.389)	5	101	0	167	false	1511	None
LINESTRING (3194608.717 274452.389, 3194578.52 274417.209)	5	101	0	168	false	1511	None
LINESTRING (3194578.52 274417.209, 3194566.668 274388.484)	5	101	0	169	false	1511	None
LINESTRING (3194566.668 274388.484, 3194566.32 274387.629)	5	101	0	170	false	1511	None
LINESTRING (3194566.32 274387.629, 3194556.81 274364.375)	5	101	0	171	false	1511	None
LINESTRING (3194556.81 274364.375, 3194523.66 274230.89)	5	101	0	172	false	1511	None
LINESTRING (3194523.66 274230.89, 3194492.876 274170.747)	5	101	0	173	false	1511	None
LINESTRING (3194492.876 274170.747, 3194488.388 274165.737)	5	101	0	174	false	1511	None
LINESTRING (3194488.388 274165.737, 3194482.49 274159.331)	5	101	0	175	false	1511	None
LINESTRING (3194482.49 274159.331, 3194471.139 274152.073)	5	101	0	176	false	1511	None
LINESTRING (3194471.139 274152.073, 3194409.34 274128.47)	5	101	0	177	false	1511	None
LINESTRING (3194409.34 274128.47, 3194386.31 274114.778)	5	101	0	178	false	1511	None
LINESTRING (3194386.31 274114.778, 3194374.566 274099.12)	5	101	0	179	false	1511	None
LINESTRING (3194374.566 274099.12, 3194359.653 274061.294)	5	101	0	180	false	1511	None
LINESTRING (3194359.653 274061.294, 3194323.532 274003.214)	5	101	0	181	false	1511	None
LINESTRING (3194323.532 274003.214, 3194304.666 273984.725)	5	101	0	182	false	1511	None
LINESTRING (3194304.666 273984.725, 3194282.641 273970.478)	5	101	0	183	false	1511	None
LINESTRING (3194282.641 273970.478, 3194234.523 273933.198)	5	101	0	184	false	1511	None
LINESTRING (3194234.523 273933.198, 3194221.9 273925.434)	5	101	0	185	false	1511	None
LINESTRING (3194221.9 273925.434, 3194211.942 273914.667)	5	101	0	186	false	1511	None
LINESTRING (3194211.942 273914.667, 3194204.363 273901.62)	5	101	0	187	false	1511	None
LINESTRING (3194204.363 273901.62, 3194199.842 273886.562)	5	101	0	188	false	1511	None
LINESTRING (3194199.842 273886.562, 3194199.836 273871.506)	5	101	0	189	false	1511	None
LINESTRING (3194199.836 273871.506, 3194203.36 273855.225)	5	101	0	190	false	1511	None
LINESTRING (3194203.36 273855.225, 3194213.278 273826.311)	5	101	0	191	false	1511	None
LINESTRING (3194213.278 273826.311, 3194227.181 273798.98)	5	101	0	192	false	1511	None
LINESTRING (3194227.181 273798.98, 3194227.89 273780.146)	5	101	0	193	false	1511	None
LINESTRING (3194227.89 273780.146, 3194224.662 273763.81)	5	101	0	194	false	1511	None
LINESTRING (3194224.662 273763.81, 3194215.746 273744.736)	5	101	0	195	false	1511	None
LINESTRING (3194215.746 273744.736, 3194189.875 273664.805)	5	101	0	196	false	1511	None
LINESTRING (3194189.875 273664.805, 3194184.626 273627.116)	5	101	0	197	false	1511	None
LINESTRING (3194184.626 273627.116, 3194184.715 273623.926)	5	101	0	198	false	1511	None
LINESTRING (3194184.715 273623.926, 3194184.558 273566.995)	5	101	0	199	false	1511	None
LINESTRING (3194184.558 273566.995, 3194180.751 273548.159)	5	101	0	200	false	1511	None
LINESTRING (3194180.751 273548.159, 3194174.958 273536.3)	5	101	0	201	false	1511	None
LINESTRING (3194174.958 273536.3, 3194162.497 273524.419)	5	101	0	202	false	1511	None
LINESTRING (3194162.497 273524.419, 3194149.217 273518.306)	5	101	0	203	false	1511	None
LINESTRING (3194149.217 273518.306, 3194072.787 273507.055)	5	101	0	204	false	1511	None
LINESTRING (3194072.787 273507.055, 3194045.553 273498.504)	5	101	0	205	false	1511	None
LINESTRING (3194045.553 273498.504, 3194036.827 273495.754)	5	101	0	206	false	1511	None
LINESTRING (3194036.827 273495.754, 3194010.397 273487.404)	5	101	0	207	false	1511	None
LINESTRING (3194010.397 273487.404, 3194001.502 273484.587)	5	101	0	208	false	1511	None
LINESTRING (3194001.502 273484.587, 3193999.51 273483.915)	5	101	0	209	false	1511	None
LINESTRING (3193999.51 273483.915, 3193927.588 273453.907)	5	101	0	210	false	1511	None
LINESTRING (3193927.588 273453.907, 3193860.382 273419.441)	5	101	0	211	false	1511	None
LINESTRING (3193860.382 273419.441, 3193835.072 273402.338)	5	101	0	212	false	1511	None
LINESTRING (3193835.072 273402.338, 3193833.798 273401.592)	5	101	0	213	false	1511	None
LINESTRING (3193833.798 273401.592, 3193807.865 273378.148)	5	101	0	214	false	1511	None
LINESTRING (3193807.865 273378.148, 3193772.564 273333.062)	5	101	0	215	false	1511	None
LINESTRING (3193772.564 273333.062, 3193758.783 273309.428)	5	101	0	216	false	1511	None
LINESTRING (3193758.783 273309.428, 3193731.554 273236.607)	5	101	0	217	false	1511	None
LINESTRING (3193731.554 273236.607, 3193714.162 273182.269)	5	101	0	218	false	1511	None
LINESTRING (3193714.162 273182.269, 3193713.226 273156.451)	5	101	0	219	false	1511	None
LINESTRING (3193713.226 273156.451, 3193721.434 273115.03)	5	101	0	220	false	1511	None
LINESTRING (3193721.434 273115.03, 3193719.412 273097.382)	5	101	0	221	false	1511	None
LINESTRING (3193719.412 273097.382, 3193702.09 273056.214)	5	101	0	222	false	1511	None
LINESTRING (3193702.09 273056.214, 3193659.028 273008.166)	5	101	0	223	false	1511	None
LINESTRING (3193659.028 273008.166, 3193651.391 272997.486)	5	101	0	224	false	1511	None
LINESTRING (3193651.391 272997.486, 3193647.339 272986.678)	5	101	0	225	false	1511	None
LINESTRING (3193647.339 272986.678, 3193646.195 272961.135)	5	101	0	226	false	1511	None
LINESTRING (3193646.195 272961.135, 3193661.912 272919.592)	5	101	0	227	false	1511	None
LINESTRING (3193661.912 272919.592, 3193668.859 272860.826)	5	101	0	228	false	1511	None
LINESTRING (3193668.859 272860.826, 3193674.124 272845.594)	5	101	0	229	false	1511	None
LINESTRING (3193674.124 272845.594, 3193678.159 272833.459)	5	101	0	230	false	1511	None
LINESTRING (3193678.159 272833.459, 3193702.806 272790.445)	5	101	0	231	false	1511	None
LINESTRING (3193702.806 272790.445, 3193707.712 272759.062)	5	101	0	232	false	1511	None
LINESTRING (3193707.712 272759.062, 3193708.831 272739.436)	5	101	0	233	false	1511	None
LINESTRING (3193708.831 272739.436, 3193704.071 272707.918)	5	101	0	234	false	1511	None
LINESTRING (3193704.071 272707.918, 3193684.421 272655.551)	5	101	0	235	false	1511	None
LINESTRING (3193684.421 272655.551, 3193678.322 272642.974)	5	101	0	236	false	1511	None
LINESTRING (3193678.322 272642.974, 3193647.518 272578.89)	5	101	0	237	false	1511	None
LINESTRING (3193647.518 272578.89, 3193634.927 272563.376)	5	101	0	238	false	1511	None
LINESTRING (3193634.927 272563.376, 3193596.371 272539.818)	5	101	0	239	false	1511	None
LINESTRING (3193596.371 272539.818, 3193581.731 272536.631)	5	101	0	240	false	1511	None
LINESTRING (3193581.731 272536.631, 3193544.499 272528.771)	5	101	0	241	false	1511	None
LINESTRING (3193544.499 272528.771, 3193510.589 272516.258)	5	101	0	242	false	1511	None
LINESTRING (3193510.589 272516.258, 3193483.323 272498.141)	5	101	0	243	false	1511	None
LINESTRING (3193483.323 272498.141, 3193463.093 272479.115)	5	101	0	244	false	1511	None
LINESTRING (3193463.093 272479.115, 3193456.805 272464.79)	5	101	0	245	false	1511	None
LINESTRING (3193456.805 272464.79, 3193453.924 272449.549)	5	101	0	246	false	1511	None
LINESTRING (3193453.924 272449.549, 3193457.89 272392.348)	5	101	0	247	false	1511	None
LINESTRING (3193457.89 272392.348, 3193453.698 272351.977)	5	101	0	248	false	1511	None
LINESTRING (3193453.698 272351.977, 3193433.406 272295.534)	5	101	0	249	false	1511	None
LINESTRING (3193433.406 272295.534, 3193403.182 272241.598)	5	101	0	250	false	1511	None
LINESTRING (3193403.182 272241.598, 3193394.877 272220.977)	5	101	0	251	false	1511	None
LINESTRING (3193394.877 272220.977, 3193379.9 272200.096)	5	101	0	252	false	1511	None
LINESTRING (3193379.9 272200.096, 3193358.298 272182.796)	5	101	0	253	false	1511	None
LINESTRING (3193358.298 272182.796, 3193354.45 272178.639)	5	101	0	254	false	1511	None
LINESTRING (3193354.45 272178.639, 3193335.051 272158.511)	5	101	0	255	false	1511	None
LINESTRING (3193335.051 272158.511, 3193298.608 272139.02)	5	101	0	256	false	1511	None
LINESTRING (3193298.608 272139.02, 3193248.411 272116.337)	5	101	0	257	false	1511	S:3193258.9027328836 272121.078
LINESTRING (3193248.411 272116.337, 3193298.608 272139.02)	5	104	0	828	false	1545	S:3193258.9027328836 272121.078
LINESTRING (3193298.608 272139.02, 3193335.051 272158.511)	5	104	0	829	false	1545	None
LINESTRING (3193335.051 272158.511, 3193354.45 272178.639)	5	104	0	830	false	1545	None
LINESTRING (3193354.45 272178.639, 3193358.298 272182.796)	5	104	0	831	false	1545	None
LINESTRING (3193358.298 272182.796, 3193379.9 272200.096)	5	104	0	832	false	1545	None
LINESTRING (3193379.9 272200.096, 3193394.877 272220.977)	5	104	0	833	false	1545	None
LINESTRING (3193394.877 272220.977, 3193403.182 272241.598)	5	104	0	834	false	1545	None
LINESTRING (3193403.182 272241.598, 3193433.406 272295.534)	5	104	0	835	false	1545	None
LINESTRING (3193433.406 272295.534, 3193453.698 272351.977)	5	104	0	836	false	1545	None
LINESTRING (3193453.698 272351.977, 3193457.89 272392.348)	5	104	0	837	false	1545	None
LINESTRING (3193457.89 272392.348, 3193453.924 272449.549)	5	104	0	838	false	1545	None
LINESTRING (3193453.924 272449.549, 3193456.805 272464.79)	5	104	0	839	false	1545	None
LINESTRING (3193456.805 272464.79, 3193463.093 272479.115)	5	104	0	840	false	1545	None
LINESTRING (3193463.093 272479.115, 3193483.323 272498.141)	5	104	0	841	false	1545	None
LINESTRING (3193483.323 272498.141, 3193510.589 272516.258)	5	104	0	842	false	1545	None
LINESTRING (3193510.589 272516.258, 3193544.499 272528.771)	5	104	0	843	false	1545	None
LINESTRING (3193544.499 272528.771, 3193581.731 272536.631)	5	104	0	844	false	1545	None
LINESTRING (3193581.731 272536.631, 3193596.371 272539.818)	5	104	0	845	false	1545	None
LINESTRING (3193596.371 272539.818, 3193634.927 272563.376)	5	104	0	846	false	1545	None
LINESTRING (3193634.927 272563.376, 3193647.518 272578.89)	5	104	0	847	false	1545	None
LINESTRING (3193647.518 272578.89, 3193678.322 272642.974)	5	104	0	848	false	1545	None
LINESTRING (3193678.322 272642.974, 3193684.421 272655.551)	5	104	0	849	false	1545	None
LINESTRING (3193684.421 272655.551, 3193704.071 272707.918)	5	104	0	850	false	1545	None
LINESTRING (3193704.071 272707.918, 3193708.831 272739.436)	5	104	0	851	false	1545	None
LINESTRING (3193708.831 272739.436, 3193707.712 272759.062)	5	104	0	852	false	1545	None
LINESTRING (3193707.712 272759.062, 3193702.806 272790.445)	5	104	0	853	false	1545	None
LINESTRING (3193702.806 272790.445, 3193678.159 272833.459)	5	104	0	854	false	1545	None
LINESTRING (3193678.159 272833.459, 3193674.124 272845.594)	5	104	0	855	false	1545	None
LINESTRING (3193674.124 272845.594, 3193668.859 272860.826)	5	104	0	856	false	1545	None
LINESTRING (3193668.859 272860.826, 3193661.912 272919.592)	5	104	0	857	false	1545	None
LINESTRING (3193661.912 272919.592, 3193646.195 272961.135)	5	104	0	858	false	1545	None
LINESTRING (3193646.195 272961.135, 3193647.339 272986.678)	5	104	0	859	false	1545	None
LINESTRING (3193647.339 272986.678, 3193651.391 272997.486)	5	104	0	860	false	1545	None
LINESTRING (3193651.391 272997.486, 3193659.028 273008.166)	5	104	0	861	false	1545	None
LINESTRING (3193659.028 273008.166, 3193702.09 273056.214)	5	104	0	862	false	1545	None
LINESTRING (3193702.09 273056.214, 3193719.412 273097.382)	5	104	0	863	false	1545	None
LINESTRING (3193719.412 273097.382, 3193721.434 273115.03)	5	104	0	864	false	1545	None
LINESTRING (3193721.434 273115.03, 3193713.226 273156.451)	5	104	0	865	false	1545	None
LINESTRING (3193713.226 273156.451, 3193714.162 273182.269)	5	104	0	866	false	1545	None
LINESTRING (3193714.162 273182.269, 3193731.554 273236.607)	5	104	0	867	false	1545	None
LINESTRING (3193731.554 273236.607, 3193758.783 273309.428)	5	104	0	868	false	1545	None
LINESTRING (3193758.783 273309.428, 3193772.564 273333.062)	5	104	0	869	false	1545	None
LINESTRING (3193772.564 273333.062, 3193807.865 273378.148)	5	104	0	870	false	1545	None
LINESTRING (3193807.865 273378.148, 3193833.798 273401.592)	5	104	0	871	false	1545	None
LINESTRING (3193833.798 273401.592, 3193835.072 273402.338)	5	104	0	872	false	1545	None
LINESTRING (3193835.072 273402.338, 3193860.382 273419.441)	5	104	0	873	false	1545	None
LINESTRING (3193860.382 273419.441, 3193927.588 273453.907)	5	104	0	874	false	1545	None
LINESTRING (3193927.588 273453.907, 3193999.51 273483.915)	5	104	0	875	false	1545	None
LINESTRING (3193999.51 273483.915, 3194001.502 273484.587)	5	104	0	876	false	1545	None
LINESTRING (3194001.502 273484.587, 3194010.397 273487.404)	5	104	0	877	false	1545	None
LINESTRING (3194010.397 273487.404, 3194036.827 273495.754)	5	104	0	878	false	1545	None
LINESTRING (3194036.827 273495.754, 3194045.553 273498.504)	5	104	0	879	false	1545	None
LINESTRING (3194045.553 273498.504, 3194072.787 273507.055)	5	104	0	880	false	1545	None
LINESTRING (3194072.787 273507.055, 3194149.217 273518.306)	5	104	0	881	false	1545	None
LINESTRING (3194149.217 273518.306, 3194162.497 273524.419)	5	104	0	882	false	1545	None
LINESTRING (3194162.497 273524.419, 3194174.958 273536.3)	5	104	0	883	false	1545	None
LINESTRING (3194174.958 273536.3, 3194180.751 273548.159)	5	104	0	884	false	1545	None
LINESTRING (3194180.751 273548.159, 3194184.558 273566.995)	5	104	0	885	false	1545	None
LINESTRING (3194184.558 273566.995, 3194184.715 273623.926)	5	104	0	886	false	1545	None
LINESTRING (3194184.715 273623.926, 3194184.626 273627.116)	5	104	0	887	false	1545	None
LINESTRING (3194184.626 273627.116, 3194189.875 273664.805)	5	104	0	888	false	1545	None
LINESTRING (3194189.875 273664.805, 3194215.746 273744.736)	5	104	0	889	false	1545	None
LINESTRING (3194215.746 273744.736, 3194224.662 273763.81)	5	104	0	890	false	1545	None
LINESTRING (3194224.662 273763.81, 3194227.89 273780.146)	5	104	0	891	false	1545	None
LINESTRING (3194227.89 273780.146, 3194227.181 273798.98)	5	104	0	892	false	1545	None
LINESTRING (3194227.181 273798.98, 3194213.278 273826.311)	5	104	0	893	false	1545	None
LINESTRING (3194213.278 273826.311, 3194203.36 273855.225)	5	104	0	894	false	1545	None
LINESTRING (3194203.36 273855.225, 3194199.836 273871.506)	5	104	0	895	false	1545	None
LINESTRING (3194199.836 273871.506, 3194199.842 273886.562)	5	104	0	896	false	1545	None
LINESTRING (3194199.842 273886.562, 3194204.363 273901.62)	5	104	0	897	false	1545	None
LINESTRING (3194204.363 273901.62, 3194211.942 273914.667)	5	104	0	898	false	1545	None
LINESTRING (3194211.942 273914.667, 3194221.9 273925.434)	5	104	0	899	false	1545	None
LINESTRING (3194221.9 273925.434, 3194234.523 273933.198)	5	104	0	900	false	1545	None
LINESTRING (3194234.523 273933.198, 3194282.641 273970.478)	5	104	0	901	false	1545	None
LINESTRING (3194282.641 273970.478, 3194304.666 273984.725)	5	104	0	902	false	1545	None
LINESTRING (3194304.666 273984.725, 3194323.532 274003.214)	5	104	0	903	false	1545	None
LINESTRING (3194323.532 274003.214, 3194359.653 274061.294)	5	104	0	904	false	1545	None
LINESTRING (3194359.653 274061.294, 3194374.566 274099.12)	5	104	0	905	false	1545	None
LINESTRING (3194374.566 274099.12, 3194386.31 274114.778)	5	104	0	906	false	1545	None
LINESTRING (3194386.31 274114.778, 3194409.34 274128.47)	5	104	0	907	false	1545	None
LINESTRING (3194409.34 274128.47, 3194471.139 274152.073)	5	104	0	908	false	1545	None
LINESTRING (3194471.139 274152.073, 3194482.49 274159.331)	5	104	0	909	false	1545	None
LINESTRING (3194482.49 274159.331, 3194488.388 274165.737)	5	104	0	910	false	1545	None
LINESTRING (3194488.388 274165.737, 3194492.876 274170.747)	5	104	0	911	false	1545	None
LINESTRING (3194492.876 274170.747, 3194523.66 274230.89)	5	104	0	912	false	1545	None
LINESTRING (3194523.66 274230.89, 3194556.81 274364.375)	5	104	0	913	false	1545	None
LINESTRING (3194556.81 274364.375, 3194566.32 274387.629)	5	104	0	914	false	1545	None
LINESTRING (3194566.32 274387.629, 3194566.668 274388.484)	5	104	0	915	false	1545	None
LINESTRING (3194566.668 274388.484, 3194578.52 274417.209)	5	104	0	916	false	1545	None
LINESTRING (3194578.52 274417.209, 3194608.717 274452.389)	5	104	0	917	false	1545	None
LINESTRING (3194608.717 274452.389, 3194622.325 274465.085)	5	104	0	918	false	1545	None
LINESTRING (3194622.325 274465.085, 3194684.459 274499.695)	5	104	0	919	false	1545	None
LINESTRING (3194684.459 274499.695, 3194701.449 274509.315)	5	104	0	920	false	1545	None
LINESTRING (3194701.449 274509.315, 3194722.141 274528.889)	5	104	0	921	false	1545	None
LINESTRING (3194722.141 274528.889, 3194731.482 274544.908)	5	104	0	922	false	1545	None
LINESTRING (3194731.482 274544.908, 3194793.26 274713.551)	5	104	0	923	false	1545	None
LINESTRING (3194793.26 274713.551, 3194798.44 274742.015)	5	104	0	924	false	1545	None
LINESTRING (3194798.44 274742.015, 3194800.795 274792.654)	5	104	0	925	false	1545	None
LINESTRING (3194800.795 274792.654, 3194796.617 274825.642)	5	104	0	926	false	1545	None
LINESTRING (3194796.617 274825.642, 3194784.728 274870.619)	5	104	0	927	false	1545	None
LINESTRING (3194784.728 274870.619, 3194779.442 274898.985)	5	104	0	928	false	1545	None
LINESTRING (3194779.442 274898.985, 3194777.628 274935.66)	5	104	0	929	false	1545	None
LINESTRING (3194777.628 274935.66, 3194780.816 274959.748)	5	104	0	930	false	1545	None
LINESTRING (3194780.816 274959.748, 3194787.364 274975.135)	5	104	0	931	false	1545	None
LINESTRING (3194787.364 274975.135, 3194798.039 274989.772)	5	104	0	932	false	1545	None
LINESTRING (3194798.039 274989.772, 3194811.358 275003.191)	5	104	0	933	false	1545	None
LINESTRING (3194811.358 275003.191, 3194835.992 275028.156)	5	104	0	934	false	1545	None
LINESTRING (3194835.992 275028.156, 3194867.129 275064.668)	5	104	0	935	false	1545	None
LINESTRING (3194867.129 275064.668, 3194907.236 275107.015)	5	104	0	936	false	1545	None
LINESTRING (3194907.236 275107.015, 3194914.033 275122.023)	5	104	0	937	false	1545	None
LINESTRING (3194914.033 275122.023, 3194912.787 275134.79)	5	104	0	938	false	1545	None
LINESTRING (3194912.787 275134.79, 3194912.833 275135.167)	5	104	0	939	false	1545	None
LINESTRING (3194912.833 275135.167, 3194912.68 275136.539)	5	104	0	940	false	1545	None
LINESTRING (3194912.68 275136.539, 3194912.601 275136.986)	5	104	0	941	false	1545	None
LINESTRING (3194912.601 275136.986, 3194738.4 275069.177)	5	104	0	942	false	1545	None
LINESTRING (3194738.4 275069.177, 3194487.441 274971.703)	5	104	0	943	false	1545	None
LINESTRING (3194487.441 274971.703, 3194215.708 274865.981)	5	104	0	944	false	1545	None
LINESTRING (3194215.708 274865.981, 3194061.849 274806.274)	5	104	0	945	false	1545	None
LINESTRING (3194061.849 274806.274, 3194041.376 274798.258)	5	104	0	946	false	1545	None
LINESTRING (3194041.376 274798.258, 3193997.764 274781.525)	5	104	0	947	false	1545	None
LINESTRING (3193997.764 274781.525, 3193866.884 274731.43)	5	104	0	948	false	1545	None
LINESTRING (3193866.884 274731.43, 3193835.86 274719.581)	5	104	0	949	false	1545	None
LINESTRING (3193835.86 274719.581, 3193823.146 274714.768)	5	104	0	950	false	1545	None
LINESTRING (3193823.146 274714.768, 3193769.318 274694.097)	5	104	0	951	false	1545	None
LINESTRING (3193769.318 274694.097, 3193607.708 274632.156)	5	104	0	952	false	1545	None
LINESTRING (3193607.708 274632.156, 3193578.803 274621.149)	5	104	0	953	false	1545	None
LINESTRING (3193578.803 274621.149, 3193553.836 274611.349)	5	104	0	954	false	1545	None
LINESTRING (3193553.836 274611.349, 3193553.751 274611.316)	5	104	0	955	false	1545	None
LINESTRING (3193553.751 274611.316, 3193552.479 274610.81)	5	104	0	956	false	1545	None
LINESTRING (3193552.479 274610.81, 3193548.155 274609.092)	5	104	0	957	false	1545	None
LINESTRING (3193548.155 274609.092, 3193546.673 274608.623)	5	104	0	958	false	1545	None
LINESTRING (3193546.673 274608.623, 3193469.989 274578.276)	5	104	0	959	false	1545	None
LINESTRING (3193469.989 274578.276, 3193351.722 274531.769)	5	104	0	960	false	1545	None
LINESTRING (3193351.722 274531.769, 3193239.726 274487.516)	5	104	0	961	false	1545	None
LINESTRING (3193239.726 274487.516, 3193162.874 274457.344)	5	104	0	962	false	1545	None
LINESTRING (3193162.874 274457.344, 3193100.221 274432.695)	5	104	0	963	false	1545	None
LINESTRING (3193100.221 274432.695, 3192981.359 274385.957)	5	104	0	964	false	1545	None
LINESTRING (3192981.359 274385.957, 3192912.095 274358.923)	5	104	0	965	false	1545	None
LINESTRING (3192912.095 274358.923, 3192849.275 274334.448)	5	104	0	966	false	1545	None
LINESTRING (3192849.275 274334.448, 3192712.639 274279.819)	5	104	0	967	false	1545	None
LINESTRING (3192712.639 274279.819, 3192302.684 274116.049)	5	104	0	968	false	1545	None
LINESTRING (3192302.684 274116.049, 3192199.579 274074.865)	5	104	0	969	false	1545	None
LINESTRING (3192199.579 274074.865, 3192166.343 274061.667)	5	104	0	970	false	1545	None
LINESTRING (3192166.343 274061.667, 3192165.919 274061.498)	5	104	0	971	false	1545	None
LINESTRING (3192165.919 274061.498, 3192134.801 274049.142)	5	104	0	972	false	1545	None
LINESTRING (3192134.801 274049.142, 3192041.408 274012.176)	5	104	0	973	false	1545	None
LINESTRING (3192041.408 274012.176, 3192010.165 273999.889)	5	104	0	974	false	1545	None
LINESTRING (3192010.165 273999.889, 3191967.686 273983.021)	5	104	0	975	false	1545	None
LINESTRING (3191967.686 273983.021, 3191840.166 273932.626)	5	104	0	976	false	1545	None
LINESTRING (3191840.166 273932.626, 3191797.645 273915.863)	5	104	0	977	false	1545	None
LINESTRING (3191797.645 273915.863, 3191614.273 273845.447)	5	104	0	978	false	1545	None
LINESTRING (3191614.273 273845.447, 3191324.111 273733.238)	5	104	0	979	false	1545	None
LINESTRING (3191324.111 273733.238, 3191157.983 273669.082)	5	104	0	980	false	1545	None
LINESTRING (3191157.983 273669.082, 3191153.448 273667.401)	5	104	0	981	false	1545	None
LINESTRING (3191153.448 273667.401, 3191152.983 273667.336)	5	104	0	982	false	1545	None
LINESTRING (3191152.983 273667.336, 3191028.273 273619.505)	5	104	0	983	false	1545	None
LINESTRING (3191028.273 273619.505, 3190888.601 273566.096)	5	104	0	984	false	1545	None
LINESTRING (3190888.601 273566.096, 3190881.522 273563.406)	5	104	0	985	false	1545	None
LINESTRING (3190881.522 273563.406, 3190879.233 273562.497)	5	104	0	986	false	1545	None
LINESTRING (3190879.233 273562.497, 3190872.239 273559.84)	5	104	0	987	false	1545	None
LINESTRING (3190872.239 273559.84, 3190869.783 273559.105)	5	104	0	988	false	1545	None
LINESTRING (3190869.783 273559.105, 3190799.541 273532.061)	5	104	0	989	false	1545	None
LINESTRING (3190799.541 273532.061, 3190588.693 273451.244)	5	104	0	990	false	1545	None
LINESTRING (3190588.693 273451.244, 3190522.819 273426.056)	5	104	0	991	false	1545	None
LINESTRING (3190522.819 273426.056, 3190518.24 273424.239)	5	104	0	992	false	1545	None
LINESTRING (3190518.24 273424.239, 3190494.032 273414.751)	5	104	0	993	false	1545	None
LINESTRING (3190494.032 273414.751, 3190421.033 273386.497)	5	104	0	994	false	1545	None
LINESTRING (3190421.033 273386.497, 3190412.427 273383.202)	5	104	0	995	false	1545	None
LINESTRING (3190412.427 273383.202, 3190396.445 273376.979)	5	104	0	996	false	1545	None
LINESTRING (3190396.445 273376.979, 3190251.5 273320.534)	5	104	0	997	false	1545	None
LINESTRING (3190251.5 273320.534, 3189816.237 273151.287)	5	104	0	998	false	1545	None
LINESTRING (3189816.237 273151.287, 3189769.435 273133.195)	5	104	0	999	false	1545	None
LINESTRING (3189769.435 273133.195, 3189670.952 273094.958)	5	104	0	1000	false	1545	None
LINESTRING (3189670.952 273094.958, 3189597.855 273065.958)	5	104	0	1001	false	1545	None
LINESTRING (3189597.855 273065.958, 3189378.442 272979.271)	5	104	0	1002	false	1545	None
LINESTRING (3189378.442 272979.271, 3189305.304 272950.377)	5	104	0	1003	false	1545	W:3189315.719 272954.4915643851
