LINESTRING (3109983.369 240719.794, 3109987.979 240739.299)	30	1200	0	315	false	1283	S:3109987.693253268 240738.09
LINESTRING (3109987.979 240739.299, 3109996.34 240768.101)	30	1200	0	316	false	1283	None
LINESTRING (3109996.34 240768.101, 3110006.501 240796.289)	30	1200	0	317	false	1283	None
LINESTRING (3110006.501 240796.289, 3110020.282 240823.968)	30	1200	0	318	false	1283	None
LINESTRING (3110020.282 240823.968, 3110025.238 240832.422)	30	1200	0	319	false	1283	None
LINESTRING (3110025.238 240832.422, 3110040.455 240852.563)	30	1200	0	320	false	1283	None
LINESTRING (3110040.455 240852.563, 3110049.729 240867.321)	30	1200	0	321	false	1283	None
LINESTRING (3110049.729 240867.321, 3110058.441 240885.313)	30	1200	0	322	false	1283	None
LINESTRING (3110058.441 240885.313, 3110061.857 240894.719)	30	1200	0	323	false	1283	None
LINESTRING (3110061.857 240894.719, 3110062.71 240904.686)	30	1200	0	324	false	1283	None
LINESTRING (3110062.71 240904.686, 3110069.877 240915.776)	30	1200	0	325	false	1283	None
LINESTRING (3110069.877 240915.776, 3110074.753 240924.437)	30	1200	0	326	false	1283	None
LINESTRING (3110074.753 240924.437, 3110079.214 240933.414)	30	1200	0	327	false	1283	None
LINESTRING (3110079.214 240933.414, 3110086.63 240951.978)	30	1200	0	328	false	1283	None
LINESTRING (3110086.63 240951.978, 3110084.184 240961.625)	30	1200	0	329	false	1283	None
LINESTRING (3110084.184 240961.625, 3110084.066 240971.574)	30	1200	0	330	false	1283	None
LINESTRING (3110084.066 240971.574, 3110085.34 240981.465)	30	1200	0	331	false	1283	None
LINESTRING (3110085.34 240981.465, 3110087.874 240991.127)	30	1200	0	332	false	1283	None
LINESTRING (3110087.874 240991.127, 3110091.71 241000.458)	30	1200	0	333	false	1283	None
LINESTRING (3110091.71 241000.458, 3110094.744 241017.452)	30	1200	0	334	false	1283	None
LINESTRING (3110094.744 241017.452, 3110100.726 241030.347)	30	1200	0	335	false	1283	None
LINESTRING (3110100.726 241030.347, 3110104.275 241041.947)	30	1200	0	336	false	1283	None
LINESTRING (3110104.275 241041.947, 3110104.325 241042.323)	30	1200	0	337	false	1283	None
LINESTRING (3110104.325 241042.323, 3110099.529 241058.323)	30	1200	0	338	false	1283	None
LINESTRING (3110099.529 241058.323, 3110097.338 241068.069)	30	1200	0	339	false	1283	None
LINESTRING (3110097.338 241068.069, 3110096.63 241078.029)	30	1200	0	340	false	1283	None
LINESTRING (3110096.63 241078.029, 3110096.178 241093.918)	30	1200	0	341	false	1283	None
LINESTRING (3110096.178 241093.918, 3110092.236 241108.462)	30	1200	0	342	false	1283	None
LINESTRING (3110092.236 241108.462, 3110084.119 241130.797)	30	1200	0	343	false	1283	None
LINESTRING (3110084.119 241130.797, 3110081.01 241142.926)	30	1200	0	344	false	1283	None
LINESTRING (3110081.01 241142.926, 3110086.867 241159.699)	30	1200	0	345	false	1283	None
LINESTRING (3110086.867 241159.699, 3110090.534 241182.41)	30	1200	0	346	false	1283	None
LINESTRING (3110090.534 241182.41, 3110092.215 241206.974)	30	1200	0	347	false	1283	None
LINESTRING (3110092.215 241206.974, 3110094.408 241220.313)	30	1200	0	348	false	1283	None
LINESTRING (3110094.408 241220.313, 3110099.119 241229.148)	30	1200	0	349	false	1283	None
LINESTRING (3110099.119 241229.148, 3110103.245 241238.234)	30	1200	0	350	false	1283	None
LINESTRING (3110103.245 241238.234, 3110106.785 241247.57)	30	1200	0	351	false	1283	None
LINESTRING (3110106.785 241247.57, 3110109.74 241257.156)	30	1200	0	352	false	1283	None
LINESTRING (3110109.74 241257.156, 3110120.775 241305.909)	30	1200	0	353	false	1283	None
LINESTRING (3110120.775 241305.909, 3110120.066 241315.869)	30	1200	0	354	false	1283	None
LINESTRING (3110120.066 241315.869, 3110114.981 241324.499)	30	1200	0	355	false	1283	None
LINESTRING (3110114.981 241324.499, 3110111.303 241333.791)	30	1200	0	356	false	1283	None
LINESTRING (3110111.303 241333.791, 3110110.834 241335.514)	30	1200	0	357	false	1283	None
LINESTRING (3110110.834 241335.514, 3110122.632 241365.285)	30	1200	0	358	false	1283	None
LINESTRING (3110122.632 241365.285, 3110151.305 241523.044)	30	1200	0	359	false	1283	None
LINESTRING (3110151.305 241523.044, 3110178.729 241629.992)	30	1200	0	360	false	1283	None
LINESTRING (3110178.729 241629.992, 3110183.512 241667.055)	30	1200	0	361	false	1283	None
LINESTRING (3110183.512 241667.055, 3110184.594 241689.366)	30	1200	0	362	false	1283	None
LINESTRING (3110184.594 241689.366, 3110190.286 241712.144)	30	1200	0	363	false	1283	None
LINESTRING (3110190.286 241712.144, 3110199.325 241737.402)	30	1200	0	364	false	1283	None
LINESTRING (3110199.325 241737.402, 3110214.97 241771.394)	30	1200	0	365	false	1283	None
LINESTRING (3110214.97 241771.394, 3110240.843 241863.585)	30	1200	0	366	false	1283	None
LINESTRING (3110240.843 241863.585, 3110237.047 241861.765)	30	1200	0	367	false	1283	None
LINESTRING (3110237.047 241861.765, 3110233.982 241860.584)	30	1200	0	368	false	1283	None
LINESTRING (3110233.982 241860.584, 3110224.333 241861.268)	30	1200	0	369	false	1283	None
LINESTRING (3110224.333 241861.268, 3110219.868 241861.689)	30	1200	0	370	false	1283	None
LINESTRING (3110219.868 241861.689, 3110209.634 241862.624)	30	1200	0	371	false	1283	None
LINESTRING (3110209.634 241862.624, 3110196.008 241857.135)	30	1200	0	372	false	1283	None
LINESTRING (3110196.008 241857.135, 3110169.363 241846.867)	30	1200	0	373	false	1283	None
LINESTRING (3110169.363 241846.867, 3110127.044 241830.083)	30	1200	0	374	false	1283	None
LINESTRING (3110127.044 241830.083, 3110103.929 241821.057)	30	1200	0	375	false	1283	None
LINESTRING (3110103.929 241821.057, 3110041.729 241796.494)	30	1200	0	376	false	1283	None
LINESTRING (3110041.729 241796.494, 3109885.01 241734.32)	30	1200	0	377	false	1283	None
LINESTRING (3109885.01 241734.32, 3109869.767 241728.209)	30	1200	0	378	false	1283	None
LINESTRING (3109869.767 241728.209, 3109855.29 241722.393)	30	1200	0	379	false	1283	None
LINESTRING (3109855.29 241722.393, 3109797.005 241699.34)	30	1200	0	380	false	1283	None
LINESTRING (3109797.005 241699.34, 3109793.089 241697.831)	30	1200	0	381	false	1283	None
LINESTRING (3109793.089 241697.831, 3109658.763 241644.529)	30	1200	0	382	false	1283	None
LINESTRING (3109658.763 241644.529, 3109255.618 241485.05)	30	1200	0	383	false	1283	None
LINESTRING (3109255.618 241485.05, 3109204.483 241464.757)	30	1200	0	384	false	1283	None
LINESTRING (3109204.483 241464.757, 3109121.123 241431.932)	30	1200	0	385	false	1283	None
LINESTRING (3109121.123 241431.932, 3109116.765 241429.539)	30	1200	0	386	false	1283	None
LINESTRING (3109116.765 241429.539, 3109103.362 241422.71)	30	1200	0	387	false	1283	None
LINESTRING (3109103.362 241422.71, 3109098.839 241420.492)	30	1200	0	388	false	1283	None
LINESTRING (3109098.839 241420.492, 3109056.196 241398.712)	30	1200	0	389	false	1283	None
LINESTRING (3109056.196 241398.712, 3109036.773 241388.732)	30	1200	0	390	false	1283	None
LINESTRING (3109036.773 241388.732, 3108962.244 241350.743)	30	1200	0	391	false	1283	None
LINESTRING (3108962.244 241350.743, 3108843.052 241312.21)	30	1200	0	392	false	1283	None
LINESTRING (3108843.052 241312.21, 3108776.699 241290.817)	30	1200	0	393	false	1283	None
LINESTRING (3108776.699 241290.817, 3108770.96 241288.964)	30	1200	0	394	false	1283	None
LINESTRING (3108770.96 241288.964, 3108715.83 241265.589)	30	1200	0	395	false	1283	None
LINESTRING (3108715.83 241265.589, 3108533.528 241188.358)	30	1200	0	396	false	1283	None
LINESTRING (3108533.528 241188.358, 3108504.345 241176.048)	30	1200	0	397	false	1283	None
LINESTRING (3108504.345 241176.048, 3108472.649 241162.651)	30	1200	0	398	false	1283	None
LINESTRING (3108472.649 241162.651, 3108459.953 241157.286)	30	1200	0	399	false	1283	None
LINESTRING (3108459.953 241157.286, 3108417.896 241141.09)	30	1200	0	400	false	1283	None
LINESTRING (3108417.896 241141.09, 3108253.073 241077.617)	30	1200	0	401	false	1283	None
LINESTRING (3108253.073 241077.617, 3108198.075 241056.438)	30	1200	0	402	false	1283	None
LINESTRING (3108198.075 241056.438, 3108136.011 241032.539)	30	1200	0	403	false	1283	None
LINESTRING (3108136.011 241032.539, 3107961.225 240965.237)	30	1200	0	404	false	1283	None
LINESTRING (3107961.225 240965.237, 3107951.179 240961.369)	30	1200	0	405	false	1283	None
LINESTRING (3107951.179 240961.369, 3107949.731 240960.811)	30	1200	0	406	false	1283	None
LINESTRING (3107949.731 240960.811, 3107940.962 240957.435)	30	1200	0	407	false	1283	None
LINESTRING (3107940.962 240957.435, 3107930.746 240953.501)	30	1200	0	408	false	1283	None
LINESTRING (3107930.746 240953.501, 3107887.581 240936.881)	30	1200	0	409	false	1283	None
LINESTRING (3107887.581 240936.881, 3107872.528 240931.799)	30	1200	0	410	false	1283	None
LINESTRING (3107872.528 240931.799, 3107828.562 240915.228)	30	1200	0	411	false	1283	None
LINESTRING (3107828.562 240915.228, 3107651.933 240848.652)	30	1200	0	412	false	1283	None
LINESTRING (3107651.933 240848.652, 3107592.988 240826.553)	30	1200	0	413	false	1283	None
LINESTRING (3107592.988 240826.553, 3107578.573 240819.813)	30	1200	0	414	false	1283	None
LINESTRING (3107578.573 240819.813, 3107521.58 240794.422)	30	1200	0	415	false	1283	None
LINESTRING (3107521.58 240794.422, 3107435.907 240756.681)	30	1200	0	416	false	1283	None
LINESTRING (3107435.907 240756.681, 3107420.436 240749.893)	30	1200	0	417	false	1283	None
LINESTRING (3107420.436 240749.893, 3107306.459 240699.592)	30	1200	0	418	false	1283	S:3107393.691590724 240738.09
LINESTRING (3110445.347 241949.417, 3110431.545 241943.622)	30	1203	0	0	false	707	None
LINESTRING (3110431.545 241943.622, 3110404.539 241932.262)	30	1203	0	1	false	707	None
LINESTRING (3110404.539 241932.262, 3110281.861 241880.701)	30	1203	0	2	false	707	None
LINESTRING (3110281.861 241880.701, 3110240.843 241863.585)	30	1203	0	3	false	707	None
LINESTRING (3110240.843 241863.585, 3110214.97 241771.394)	30	1203	0	4	false	707	None
LINESTRING (3110214.97 241771.394, 3110199.325 241737.402)	30	1203	0	5	false	707	None
LINESTRING (3110199.325 241737.402, 3110190.286 241712.144)	30	1203	0	6	false	707	None
LINESTRING (3110190.286 241712.144, 3110184.594 241689.366)	30	1203	0	7	false	707	None
LINESTRING (3110184.594 241689.366, 3110183.512 241667.055)	30	1203	0	8	false	707	None
LINESTRING (3110183.512 241667.055, 3110178.729 241629.992)	30	1203	0	9	false	707	None
LINESTRING (3110178.729 241629.992, 3110151.305 241523.044)	30	1203	0	10	false	707	None
LINESTRING (3110151.305 241523.044, 3110122.632 241365.285)	30	1203	0	11	false	707	None
LINESTRING (3110122.632 241365.285, 3110110.834 241335.514)	30	1203	0	12	false	707	None
LINESTRING (3110110.834 241335.514, 3110111.303 241333.791)	30	1203	0	13	false	707	None
LINESTRING (3110111.303 241333.791, 3110114.981 241324.499)	30	1203	0	14	false	707	None
LINESTRING (3110114.981 241324.499, 3110120.066 241315.869)	30	1203	0	15	false	707	None
LINESTRING (3110120.066 241315.869, 3110120.775 241305.909)	30	1203	0	16	false	707	None
LINESTRING (3110120.775 241305.909, 3110109.74 241257.156)	30	1203	0	17	false	707	None
LINESTRING (3110109.74 241257.156, 3110106.785 241247.57)	30	1203	0	18	false	707	None
LINESTRING (3110106.785 241247.57, 3110103.245 241238.234)	30	1203	0	19	false	707	None
LINESTRING (3110103.245 241238.234, 3110099.119 241229.148)	30	1203	0	20	false	707	None
LINESTRING (3110099.119 241229.148, 3110094.408 241220.313)	30	1203	0	21	false	707	None
LINESTRING (3110094.408 241220.313, 3110092.215 241206.974)	30	1203	0	22	false	707	None
LINESTRING (3110092.215 241206.974, 3110090.534 241182.41)	30	1203	0	23	false	707	None
LINESTRING (3110090.534 241182.41, 3110086.867 241159.699)	30	1203	0	24	false	707	None
LINESTRING (3110086.867 241159.699, 3110081.01 241142.926)	30	1203	0	25	false	707	None
LINESTRING (3110081.01 241142.926, 3110084.119 241130.797)	30	1203	0	26	false	707	None
LINESTRING (3110084.119 241130.797, 3110092.236 241108.462)	30	1203	0	27	false	707	None
LINESTRING (3110092.236 241108.462, 3110096.178 241093.918)	30	1203	0	28	false	707	None
LINESTRING (3110096.178 241093.918, 3110096.63 241078.029)	30	1203	0	29	false	707	None
LINESTRING (3110096.63 241078.029, 3110097.338 241068.069)	30	1203	0	30	false	707	None
LINESTRING (3110097.338 241068.069, 3110099.529 241058.323)	30	1203	0	31	false	707	None
LINESTRING (3110099.529 241058.323, 3110104.325 241042.323)	30	1203	0	32	false	707	None
LINESTRING (3110104.325 241042.323, 3110104.275 241041.947)	30	1203	0	33	false	707	None
LINESTRING (3110104.275 241041.947, 3110100.726 241030.347)	30	1203	0	34	false	707	None
LINESTRING (3110100.726 241030.347, 3110094.744 241017.452)	30	1203	0	35	false	707	None
LINESTRING (3110094.744 241017.452, 3110091.71 241000.458)	30	1203	0	36	false	707	None
LINESTRING (3110091.71 241000.458, 3110087.874 240991.127)	30	1203	0	37	false	707	None
LINESTRING (3110087.874 240991.127, 3110085.34 240981.465)	30	1203	0	38	false	707	None
LINESTRING (3110085.34 240981.465, 3110084.066 240971.574)	30	1203	0	39	false	707	None
LINESTRING (3110084.066 240971.574, 3110084.184 240961.625)	30	1203	0	40	false	707	None
LINESTRING (3110084.184 240961.625, 3110086.63 240951.978)	30	1203	0	41	false	707	None
LINESTRING (3110086.63 240951.978, 3110079.214 240933.414)	30	1203	0	42	false	707	None
LINESTRING (3110079.214 240933.414, 3110074.753 240924.437)	30	1203	0	43	false	707	None
LINESTRING (3110074.753 240924.437, 3110069.877 240915.776)	30	1203	0	44	false	707	None
LINESTRING (3110069.877 240915.776, 3110062.71 240904.686)	30	1203	0	45	false	707	None
LINESTRING (3110062.71 240904.686, 3110061.857 240894.719)	30	1203	0	46	false	707	None
LINESTRING (3110061.857 240894.719, 3110058.441 240885.313)	30	1203	0	47	false	707	None
LINESTRING (3110058.441 240885.313, 3110049.729 240867.321)	30	1203	0	48	false	707	None
LINESTRING (3110049.729 240867.321, 3110040.455 240852.563)	30	1203	0	49	false	707	None
LINESTRING (3110040.455 240852.563, 3110025.238 240832.422)	30	1203	0	50	false	707	None
LINESTRING (3110025.238 240832.422, 3110020.282 240823.968)	30	1203	0	51	false	707	None
LINESTRING (3110020.282 240823.968, 3110006.501 240796.289)	30	1203	0	52	false	707	None
LINESTRING (3110006.501 240796.289, 3109996.34 240768.101)	30	1203	0	53	false	707	None
LINESTRING (3109996.34 240768.101, 3109987.979 240739.299)	30	1203	0	54	false	707	None
LINESTRING (3109987.979 240739.299, 3109983.369 240719.794)	30	1203	0	55	false	707	S:3109987.693253268 240738.09
LINESTRING (3112325.42 242682.217, 3112276.993 242663.778)	30	1203	0	657	false	707	E:3112314.717 242678.14173997988
LINESTRING (3112276.993 242663.778, 3112265.972 242659.647)	30	1203	0	658	false	707	None
LINESTRING (3112265.972 242659.647, 3112131.419 242608.709)	30	1203	0	659	false	707	None
LINESTRING (3112131.419 242608.709, 3112082.866 242590.343)	30	1203	0	660	false	707	None
LINESTRING (3112082.866 242590.343, 3112079.081 242589.002)	30	1203	0	661	false	707	None
LINESTRING (3112079.081 242589.002, 3112067.345 242584.952)	30	1203	0	662	false	707	None
LINESTRING (3112067.345 242584.952, 3112063.184 242583.824)	30	1203	0	663	false	707	None
LINESTRING (3112063.184 242583.824, 3112047.857 242577.675)	30	1203	0	664	false	707	None
LINESTRING (3112047.857 242577.675, 3112047.216 242577.309)	30	1203	0	665	false	707	None
LINESTRING (3112047.216 242577.309, 3111998.932 242557.738)	30	1203	0	666	false	707	None
LINESTRING (3111998.932 242557.738, 3111982.669 242551.228)	30	1203	0	667	false	707	None
LINESTRING (3111982.669 242551.228, 3111967.943 242545.55)	30	1203	0	668	false	707	None
LINESTRING (3111967.943 242545.55, 3111955.305 242540.795)	30	1203	0	669	false	707	None
LINESTRING (3111955.305 242540.795, 3111923.59 242528.209)	30	1203	0	670	false	707	None
LINESTRING (3111923.59 242528.209, 3111908.779 242522.497)	30	1203	0	671	false	707	None
LINESTRING (3111908.779 242522.497, 3111907.587 242522.038)	30	1203	0	672	false	707	None
LINESTRING (3111907.587 242522.038, 3111904.012 242520.659)	30	1203	0	673	false	707	None
LINESTRING (3111904.012 242520.659, 3111902.821 242520.2)	30	1203	0	674	false	707	None
LINESTRING (3111902.821 242520.2, 3111901.799 242519.806)	30	1203	0	675	false	707	None
LINESTRING (3111901.799 242519.806, 3111898.479 242518.526)	30	1203	0	676	false	707	None
LINESTRING (3111898.479 242518.526, 3111897.373 242518.099)	30	1203	0	677	false	707	None
LINESTRING (3111897.373 242518.099, 3111832.415 242492.575)	30	1203	0	678	false	707	None
LINESTRING (3111832.415 242492.575, 3111637.421 242416.318)	30	1203	0	679	false	707	None
LINESTRING (3111637.421 242416.318, 3111572.337 242390.868)	30	1203	0	680	false	707	None
LINESTRING (3111572.337 242390.868, 3111566.589 242388.532)	30	1203	0	681	false	707	None
LINESTRING (3111566.589 242388.532, 3111549.179 242381.701)	30	1203	0	682	false	707	None
LINESTRING (3111549.179 242381.701, 3111543.305 242379.436)	30	1203	0	683	false	707	None
LINESTRING (3111543.305 242379.436, 3111539.43 242377.823)	30	1203	0	684	false	707	None
LINESTRING (3111539.43 242377.823, 3111527.683 242373.294)	30	1203	0	685	false	707	None
LINESTRING (3111527.683 242373.294, 3111523.682 242371.751)	30	1203	0	686	false	707	None
LINESTRING (3111523.682 242371.751, 3111514.529 242368.103)	30	1203	0	687	false	707	None
LINESTRING (3111514.529 242368.103, 3111486.819 242357.301)	30	1203	0	688	false	707	None
LINESTRING (3111486.819 242357.301, 3111477.54 242353.723)	30	1203	0	689	false	707	None
LINESTRING (3111477.54 242353.723, 3111471.366 242351.224)	30	1203	0	690	false	707	None
LINESTRING (3111471.366 242351.224, 3111452.764 242343.933)	30	1203	0	691	false	707	None
LINESTRING (3111452.764 242343.933, 3111446.465 242341.505)	30	1203	0	692	false	707	None
LINESTRING (3111446.465 242341.505, 3111430.968 242335.292)	30	1203	0	693	false	707	None
LINESTRING (3111430.968 242335.292, 3111384.1 242316.866)	30	1203	0	694	false	707	None
LINESTRING (3111384.1 242316.866, 3111368.437 242310.827)	30	1203	0	695	false	707	None
LINESTRING (3111368.437 242310.827, 3111310.764 242288.474)	30	1203	0	696	false	707	None
LINESTRING (3111310.764 242288.474, 3111298.886 242283.776)	30	1203	0	697	false	707	None
LINESTRING (3111298.886 242283.776, 3111250.996 242264.956)	30	1203	0	698	false	707	None
LINESTRING (3111250.996 242264.956, 3111090.347 242202.074)	30	1203	0	699	false	707	None
LINESTRING (3111090.347 242202.074, 3111020.75 242174.888)	30	1203	0	700	false	707	None
LINESTRING (3111020.75 242174.888, 3111009.128 242170.289)	30	1203	0	701	false	707	None
LINESTRING (3111009.128 242170.289, 3110974.221 242156.596)	30	1203	0	702	false	707	None
LINESTRING (3110974.221 242156.596, 3110962.474 242152.068)	30	1203	0	703	false	707	None
LINESTRING (3110962.474 242152.068, 3110948.724 242146.648)	30	1203	0	704	false	707	None
LINESTRING (3110948.724 242146.648, 3110859.117 242111.513)	30	1203	0	705	false	707	None
LINESTRING (3110859.117 242111.513, 3110548.831 241989.896)	30	1203	0	706	false	707	None
LINESTRING (3110548.831 241989.896, 3110445.347 241949.417)	30	1203	0	707	false	707	None
