LINESTRING (3159075.879 201508.821, 3159078.738 201511.601)	110	180	0	211	false	2099	S:3159076.4281748203 201509.355
LINESTRING (3159078.738 201511.601, 3159096.778 201530.299)	110	180	0	212	false	2099	None
LINESTRING (3159096.778 201530.299, 3159108.166 201541.285)	110	180	0	213	false	2099	None
LINESTRING (3159108.166 201541.285, 3159120.635 201551.263)	110	180	0	214	false	2099	None
LINESTRING (3159120.635 201551.263, 3159130.781 201557.596)	110	180	0	215	false	2099	None
LINESTRING (3159130.781 201557.596, 3159141.444 201564.37)	110	180	0	216	false	2099	None
LINESTRING (3159141.444 201564.37, 3159150.291 201569.483)	110	180	0	217	false	2099	None
LINESTRING (3159150.291 201569.483, 3159169.163 201579.215)	110	180	0	218	false	2099	None
LINESTRING (3159169.163 201579.215, 3159205.799 201598.486)	110	180	0	219	false	2099	None
LINESTRING (3159205.799 201598.486, 3159225.561 201608.208)	110	180	0	220	false	2099	None
LINESTRING (3159225.561 201608.208, 3159225.732 201608.275)	110	180	0	221	false	2099	None
LINESTRING (3159225.732 201608.275, 3159233.98 201613.155)	110	180	0	222	false	2099	None
LINESTRING (3159233.98 201613.155, 3159243.581 201619.872)	110	180	0	223	false	2099	None
LINESTRING (3159243.581 201619.872, 3159257.178 201633.029)	110	180	0	224	false	2099	None
LINESTRING (3159257.178 201633.029, 3159306.62 201692.781)	110	180	0	225	false	2099	None
LINESTRING (3159306.62 201692.781, 3159314.273 201703.741)	110	180	0	226	false	2099	None
LINESTRING (3159314.273 201703.741, 3159324.773 201723.076)	110	180	0	227	false	2099	None
LINESTRING (3159324.773 201723.076, 3159329.266 201733.044)	110	180	0	228	false	2099	None
LINESTRING (3159329.266 201733.044, 3159334.201 201745.924)	110	180	0	229	false	2099	None
LINESTRING (3159334.201 201745.924, 3159342.002 201772.187)	110	180	0	230	false	2099	None
LINESTRING (3159342.002 201772.187, 3159349.298 201806.829)	110	180	0	231	false	2099	None
LINESTRING (3159349.298 201806.829, 3159353.149 201830.839)	110	180	0	232	false	2099	None
LINESTRING (3159353.149 201830.839, 3159355.652 201847.178)	110	180	0	233	false	2099	None
LINESTRING (3159355.652 201847.178, 3159360.304 201866.855)	110	180	0	234	false	2099	None
LINESTRING (3159360.304 201866.855, 3159363.135 201876.533)	110	180	0	235	false	2099	None
LINESTRING (3159363.135 201876.533, 3159367.265 201887.432)	110	180	0	236	false	2099	None
LINESTRING (3159367.265 201887.432, 3159381.295 201919.457)	110	180	0	237	false	2099	None
LINESTRING (3159381.295 201919.457, 3159431.253 202026.695)	110	180	0	238	false	2099	None
LINESTRING (3159431.253 202026.695, 3159471.452 202105.359)	110	180	0	239	false	2099	None
LINESTRING (3159471.452 202105.359, 3159504.919 202172.469)	110	180	0	240	false	2099	None
LINESTRING (3159504.919 202172.469, 3159514.154 202192.265)	110	180	0	241	false	2099	None
LINESTRING (3159514.154 202192.265, 3159558.266 202291.988)	110	180	0	242	false	2099	None
LINESTRING (3159558.266 202291.988, 3159573.306 202323.692)	110	180	0	243	false	2099	None
LINESTRING (3159573.306 202323.692, 3159591.756 202360.299)	110	180	0	244	false	2099	None
LINESTRING (3159591.756 202360.299, 3159592.863 202362.516)	110	180	0	245	false	2099	None
LINESTRING (3159592.863 202362.516, 3159603.929 202382.668)	110	180	0	246	false	2099	None
LINESTRING (3159603.929 202382.668, 3159612.436 202395.987)	110	180	0	247	false	2099	None
LINESTRING (3159612.436 202395.987, 3159621.989 202408.642)	110	180	0	248	false	2099	None
LINESTRING (3159621.989 202408.642, 3159630.432 202416.814)	110	180	0	249	false	2099	None
LINESTRING (3159630.432 202416.814, 3159640.213 202424.079)	110	180	0	250	false	2099	None
LINESTRING (3159640.213 202424.079, 3159659.107 202435.013)	110	180	0	251	false	2099	None
LINESTRING (3159659.107 202435.013, 3159674.308 202441.769)	110	180	0	252	false	2099	None
LINESTRING (3159674.308 202441.769, 3159699.791 202451.22)	110	180	0	253	false	2099	None
LINESTRING (3159699.791 202451.22, 3159701.33 202451.82)	110	180	0	254	false	2099	None
LINESTRING (3159701.33 202451.82, 3159720.905 202456.707)	110	180	0	255	false	2099	None
LINESTRING (3159720.905 202456.707, 3159729.571 202457.224)	110	180	0	256	false	2099	None
LINESTRING (3159729.571 202457.224, 3159739.002 202455.777)	110	180	0	257	false	2099	None
LINESTRING (3159739.002 202455.777, 3159754.947 202451.27)	110	180	0	258	false	2099	None
LINESTRING (3159754.947 202451.27, 3159764.288 202447.525)	110	180	0	259	false	2099	None
LINESTRING (3159764.288 202447.525, 3159781.919 202438.434)	110	180	0	260	false	2099	None
LINESTRING (3159781.919 202438.434, 3159790.471 202433.428)	110	180	0	261	false	2099	None
LINESTRING (3159790.471 202433.428, 3159813.826 202417.992)	110	180	0	262	false	2099	None
LINESTRING (3159813.826 202417.992, 3159884.457 202366.186)	110	180	0	263	false	2099	None
LINESTRING (3159884.457 202366.186, 3159896.759 202357.878)	110	180	0	264	false	2099	None
LINESTRING (3159896.759 202357.878, 3159915.408 202346.682)	110	180	0	265	false	2099	None
LINESTRING (3159915.408 202346.682, 3159933.05 202336.047)	110	180	0	266	false	2099	None
LINESTRING (3159933.05 202336.047, 3159944.933 202330.077)	110	180	0	267	false	2099	None
LINESTRING (3159944.933 202330.077, 3159950.706 202328.158)	110	180	0	268	false	2099	None
LINESTRING (3159950.706 202328.158, 3159966.474 202325.368)	110	180	0	269	false	2099	None
LINESTRING (3159966.474 202325.368, 3159978.185 202325.405)	110	180	0	270	false	2099	None
LINESTRING (3159978.185 202325.405, 3159984.058 202326.264)	110	180	0	271	false	2099	None
LINESTRING (3159984.058 202326.264, 3159987.132 202327.224)	110	180	0	272	false	2099	None
LINESTRING (3159987.132 202327.224, 3160007.035 202333.549)	110	180	0	273	false	2099	None
LINESTRING (3160007.035 202333.549, 3160043.804 202347.16)	110	180	0	274	false	2099	None
LINESTRING (3160043.804 202347.16, 3160051.79 202349.677)	110	180	0	275	false	2099	None
LINESTRING (3160051.79 202349.677, 3160065.855 202352.775)	110	180	0	276	false	2099	None
LINESTRING (3160065.855 202352.775, 3160072.825 202353.347)	110	180	0	277	false	2099	None
LINESTRING (3160072.825 202353.347, 3160078.754 202352.798)	110	180	0	278	false	2099	None
LINESTRING (3160078.754 202352.798, 3160096.263 202348.067)	110	180	0	279	false	2099	None
LINESTRING (3160096.263 202348.067, 3160106.883 202344.582)	110	180	0	280	false	2099	None
LINESTRING (3160106.883 202344.582, 3160148.145 202329.216)	110	180	0	281	false	2099	None
LINESTRING (3160148.145 202329.216, 3160184.883 202314.587)	110	180	0	282	false	2099	None
LINESTRING (3160184.883 202314.587, 3160200.612 202307.853)	110	180	0	283	false	2099	None
LINESTRING (3160200.612 202307.853, 3160213.648 202302.213)	110	180	0	284	false	2099	None
LINESTRING (3160213.648 202302.213, 3160236.006 202293.892)	110	180	0	285	false	2099	None
LINESTRING (3160236.006 202293.892, 3160251.613 202289.492)	110	180	0	286	false	2099	None
LINESTRING (3160251.613 202289.492, 3160273.803 202285.394)	110	180	0	287	false	2099	None
LINESTRING (3160273.803 202285.394, 3160294.725 202281.517)	110	180	0	288	false	2099	None
LINESTRING (3160294.725 202281.517, 3160306.282 202278.159)	110	180	0	289	false	2099	None
LINESTRING (3160306.282 202278.159, 3160334.141 202267.099)	110	180	0	290	false	2099	None
LINESTRING (3160334.141 202267.099, 3160370.996 202249.896)	110	180	0	291	false	2099	None
LINESTRING (3160370.996 202249.896, 3160411.066 202232.28)	110	180	0	292	false	2099	None
LINESTRING (3160411.066 202232.28, 3160462.689 202211.066)	110	180	0	293	false	2099	None
LINESTRING (3160462.689 202211.066, 3160494.032 202198.148)	110	180	0	294	false	2099	None
LINESTRING (3160494.032 202198.148, 3160524.937 202184.583)	110	180	0	295	false	2099	None
LINESTRING (3160524.937 202184.583, 3160558.259 202168.863)	110	180	0	296	false	2099	None
LINESTRING (3160558.259 202168.863, 3160582.557 202155.82)	110	180	0	297	false	2099	None
LINESTRING (3160582.557 202155.82, 3160604.932 202142.147)	110	180	0	298	false	2099	None
LINESTRING (3160604.932 202142.147, 3160619.032 202132.515)	110	180	0	299	false	2099	None
LINESTRING (3160619.032 202132.515, 3160640.915 202115.553)	110	180	0	300	false	2099	None
LINESTRING (3160640.915 202115.553, 3160651.205 202106.342)	110	180	0	301	false	2099	None
LINESTRING (3160651.205 202106.342, 3160669.375 202086.267)	110	180	0	302	false	2099	None
LINESTRING (3160669.375 202086.267, 3160712.338 202031.902)	110	180	0	303	false	2099	None
LINESTRING (3160712.338 202031.902, 3160719.512 202023.859)	110	180	0	304	false	2099	None
LINESTRING (3160719.512 202023.859, 3160727.21 202016.496)	110	180	0	305	false	2099	None
LINESTRING (3160727.21 202016.496, 3160735.773 202009.947)	110	180	0	306	false	2099	None
LINESTRING (3160735.773 202009.947, 3160749.511 202001.246)	110	180	0	307	false	2099	None
LINESTRING (3160749.511 202001.246, 3160772.993 201989.791)	110	180	0	308	false	2099	None
LINESTRING (3160772.993 201989.791, 3160823.797 201969.927)	110	180	0	309	false	2099	None
LINESTRING (3160823.797 201969.927, 3160849.109 201962.878)	110	180	0	310	false	2099	None
LINESTRING (3160849.109 201962.878, 3160856.468 201961.696)	110	180	0	311	false	2099	None
LINESTRING (3160856.468 201961.696, 3160874.753 201961.556)	110	180	0	312	false	2099	None
LINESTRING (3160874.753 201961.556, 3160892.614 201963.514)	110	180	0	313	false	2099	None
LINESTRING (3160892.614 201963.514, 3160910.092 201967.467)	110	180	0	314	false	2099	None
LINESTRING (3160910.092 201967.467, 3160927.096 201973.141)	110	180	0	315	false	2099	None
LINESTRING (3160927.096 201973.141, 3160943.738 201979.746)	110	180	0	316	false	2099	None
LINESTRING (3160943.738 201979.746, 3160963.121 201989.683)	110	180	0	317	false	2099	None
LINESTRING (3160963.121 201989.683, 3160985.379 201999.072)	110	180	0	318	false	2099	None
LINESTRING (3160985.379 201999.072, 3160988.539 202000.065)	110	180	0	319	false	2099	None
LINESTRING (3160988.539 202000.065, 3161011.32 202008.11)	110	180	0	320	false	2099	None
LINESTRING (3161011.32 202008.11, 3161025.723 202013.128)	110	180	0	321	false	2099	None
LINESTRING (3161025.723 202013.128, 3161066.888 202025.836)	110	180	0	322	false	2099	None
LINESTRING (3161066.888 202025.836, 3161109.738 202040.035)	110	180	0	323	false	2099	None
LINESTRING (3161109.738 202040.035, 3161159.94 202058.887)	110	180	0	324	false	2099	None
LINESTRING (3161159.94 202058.887, 3161166.512 202060.734)	110	180	0	325	false	2099	None
LINESTRING (3161166.512 202060.734, 3161178.972 202064.161)	110	180	0	326	false	2099	None
LINESTRING (3161178.972 202064.161, 3161188.428 202065.941)	110	180	0	327	false	2099	None
LINESTRING (3161188.428 202065.941, 3161202.671 202067.323)	110	180	0	328	false	2099	None
LINESTRING (3161202.671 202067.323, 3161218.254 202065.774)	110	180	0	329	false	2099	None
LINESTRING (3161218.254 202065.774, 3161231.381 202062.433)	110	180	0	330	false	2099	None
LINESTRING (3161231.381 202062.433, 3161252.779 202054.813)	110	180	0	331	false	2099	None
LINESTRING (3161252.779 202054.813, 3161271.785 202050.548)	110	180	0	332	false	2099	None
LINESTRING (3161271.785 202050.548, 3161283.608 202049.796)	110	180	0	333	false	2099	None
LINESTRING (3161283.608 202049.796, 3161331.112 202040.678)	110	180	0	334	false	2099	None
LINESTRING (3161331.112 202040.678, 3161352.625 202034.532)	110	180	0	335	false	2099	None
LINESTRING (3161352.625 202034.532, 3161365.729 202027.966)	110	180	0	336	false	2099	None
LINESTRING (3161365.729 202027.966, 3161375.541 202020.237)	110	180	0	337	false	2099	None
LINESTRING (3161375.541 202020.237, 3161391.202 201999.78)	110	180	0	338	false	2099	None
LINESTRING (3161391.202 201999.78, 3161404.631 201982.264)	110	180	0	339	false	2099	None
LINESTRING (3161404.631 201982.264, 3161422.263 201954.475)	110	180	0	340	false	2099	None
LINESTRING (3161422.263 201954.475, 3161430.264 201945.325)	110	180	0	341	false	2099	None
LINESTRING (3161430.264 201945.325, 3161448.978 201928.917)	110	180	0	342	false	2099	None
LINESTRING (3161448.978 201928.917, 3161454.082 201915.064)	110	180	0	343	false	2099	None
LINESTRING (3161454.082 201915.064, 3161457.683 201908.607)	110	180	0	344	false	2099	None
LINESTRING (3161457.683 201908.607, 3161469.51 201897.732)	110	180	0	345	false	2099	None
LINESTRING (3161469.51 201897.732, 3161493.273 201879.242)	110	180	0	346	false	2099	None
LINESTRING (3161493.273 201879.242, 3161519.023 201862.479)	110	180	0	347	false	2099	None
LINESTRING (3161519.023 201862.479, 3161550.345 201848.364)	110	180	0	348	false	2099	None
LINESTRING (3161550.345 201848.364, 3161571.164 201843.496)	110	180	0	349	false	2099	None
LINESTRING (3161571.164 201843.496, 3161627.038 201838.952)	110	180	0	350	false	2099	None
LINESTRING (3161627.038 201838.952, 3161647.2 201839.308)	110	180	0	351	false	2099	None
LINESTRING (3161647.2 201839.308, 3161657.056 201837.789)	110	180	0	352	false	2099	None
LINESTRING (3161657.056 201837.789, 3161708.113 201821.839)	110	180	0	353	false	2099	None
LINESTRING (3161708.113 201821.839, 3161720.324 201821.358)	110	180	0	354	false	2099	None
LINESTRING (3161720.324 201821.358, 3161730.471 201819.597)	110	180	0	355	false	2099	None
LINESTRING (3161730.471 201819.597, 3161738.782 201817.238)	110	180	0	356	false	2099	None
LINESTRING (3161738.782 201817.238, 3161771.109 201808.637)	110	180	0	357	false	2099	None
LINESTRING (3161771.109 201808.637, 3161799.647 201807.732)	110	180	0	358	false	2099	None
LINESTRING (3161799.647 201807.732, 3161807.468 201808.398)	110	180	0	359	false	2099	None
LINESTRING (3161807.468 201808.398, 3161817.867 201808.521)	110	180	0	360	false	2099	None
LINESTRING (3161817.867 201808.521, 3161826.892 201805.846)	110	180	0	361	false	2099	None
LINESTRING (3161826.892 201805.846, 3161858.187 201784.218)	110	180	0	362	false	2099	None
LINESTRING (3161858.187 201784.218, 3161902.104 201742.853)	110	180	0	363	false	2099	None
LINESTRING (3161902.104 201742.853, 3161924.661 201723.417)	110	180	0	364	false	2099	None
LINESTRING (3161924.661 201723.417, 3161957.567 201701.702)	110	180	0	365	false	2099	None
LINESTRING (3161957.567 201701.702, 3161995.499 201685.044)	110	180	0	366	false	2099	None
LINESTRING (3161995.499 201685.044, 3162013.234 201678.736)	110	180	0	367	false	2099	None
LINESTRING (3162013.234 201678.736, 3162032.187 201671.831)	110	180	0	368	false	2099	None
LINESTRING (3162032.187 201671.831, 3162080.288 201654.373)	110	180	0	369	false	2099	None
LINESTRING (3162080.288 201654.373, 3162117.749 201633.362)	110	180	0	370	false	2099	None
LINESTRING (3162117.749 201633.362, 3162131.624 201627.098)	110	180	0	371	false	2099	None
LINESTRING (3162131.624 201627.098, 3162163.413 201617.098)	110	180	0	372	false	2099	None
LINESTRING (3162163.413 201617.098, 3162188.099 201610.404)	110	180	0	373	false	2099	None
LINESTRING (3162188.099 201610.404, 3162209.896 201605.561)	110	180	0	374	false	2099	None
LINESTRING (3162209.896 201605.561, 3162218.02 201604.44)	110	180	0	375	false	2099	None
LINESTRING (3162218.02 201604.44, 3162224.694 201605.017)	110	180	0	376	false	2099	None
LINESTRING (3162224.694 201605.017, 3162256.055 201609.263)	110	180	0	377	false	2099	None
LINESTRING (3162256.055 201609.263, 3162262.443 201608.299)	110	180	0	378	false	2099	None
LINESTRING (3162262.443 201608.299, 3162266.485 201606.778)	110	180	0	379	false	2099	None
LINESTRING (3162266.485 201606.778, 3162273.121 201601.385)	110	180	0	380	false	2099	None
LINESTRING (3162273.121 201601.385, 3162280.696 201590.044)	110	180	0	381	false	2099	None
LINESTRING (3162280.696 201590.044, 3162299.099 201564.582)	110	180	0	382	false	2099	None
LINESTRING (3162299.099 201564.582, 3162302.439 201559.809)	110	180	0	383	false	2099	None
LINESTRING (3162302.439 201559.809, 3162313.73 201545.51)	110	180	0	384	false	2099	None
LINESTRING (3162313.73 201545.51, 3162341.195 201515.004)	110	180	0	385	false	2099	None
LINESTRING (3162341.195 201515.004, 3162352.197 201505.239)	110	180	0	386	false	2099	S:3162347.5595978494 201509.355
LINESTRING (3162547.877 201493.506, 3162546.828 201518.945)	110	180	0	403	false	2099	S:3162547.2234522584 201509.355
LINESTRING (3162546.828 201518.945, 3162546.965 201527.694)	110	180	0	404	false	2099	None
LINESTRING (3162546.965 201527.694, 3162548.37 201538.247)	110	180	0	405	false	2099	None
LINESTRING (3162548.37 201538.247, 3162552.195 201550.935)	110	180	0	406	false	2099	None
LINESTRING (3162552.195 201550.935, 3162557.652 201558.423)	110	180	0	407	false	2099	None
LINESTRING (3162557.652 201558.423, 3162562.925 201563.1)	110	180	0	408	false	2099	None
LINESTRING (3162562.925 201563.1, 3162581.791 201572.6)	110	180	0	409	false	2099	None
LINESTRING (3162581.791 201572.6, 3162585.816 201576.432)	110	180	0	410	false	2099	None
LINESTRING (3162585.816 201576.432, 3162589.905 201583.387)	110	180	0	411	false	2099	None
LINESTRING (3162589.905 201583.387, 3162592.181 201592.97)	110	180	0	412	false	2099	None
LINESTRING (3162592.181 201592.97, 3162592.304 201598.973)	110	180	0	413	false	2099	None
LINESTRING (3162592.304 201598.973, 3162586.237 201623.885)	110	180	0	414	false	2099	None
LINESTRING (3162586.237 201623.885, 3162586.26 201629.135)	110	180	0	415	false	2099	None
LINESTRING (3162586.26 201629.135, 3162587.677 201634.095)	110	180	0	416	false	2099	None
LINESTRING (3162587.677 201634.095, 3162589.618 201637.711)	110	180	0	417	false	2099	None
LINESTRING (3162589.618 201637.711, 3162592.677 201639.976)	110	180	0	418	false	2099	None
LINESTRING (3162592.677 201639.976, 3162620.093 201652.571)	110	180	0	419	false	2099	None
LINESTRING (3162620.093 201652.571, 3162630.223 201658.189)	110	180	0	420	false	2099	None
LINESTRING (3162630.223 201658.189, 3162634.56 201662.738)	110	180	0	421	false	2099	None
LINESTRING (3162634.56 201662.738, 3162635.993 201664.369)	110	180	0	422	false	2099	None
LINESTRING (3162635.993 201664.369, 3162639.106 201671.301)	110	180	0	423	false	2099	None
LINESTRING (3162639.106 201671.301, 3162644.363 201687.644)	110	180	0	424	false	2099	None
LINESTRING (3162644.363 201687.644, 3162650.544 201740.798)	110	180	0	425	false	2099	None
LINESTRING (3162650.544 201740.798, 3162659.171 201739.397)	110	180	0	426	false	2099	None
LINESTRING (3162659.171 201739.397, 3162724.802 201717.937)	110	180	0	427	false	2099	None
LINESTRING (3162724.802 201717.937, 3162725.265 201717.761)	110	180	0	428	false	2099	None
LINESTRING (3162725.265 201717.761, 3162769.647 201701)	110	180	0	429	false	2099	None
LINESTRING (3162769.647 201701, 3162800.635 201686.996)	110	180	0	430	false	2099	None
LINESTRING (3162800.635 201686.996, 3162821.721 201674.373)	110	180	0	431	false	2099	None
LINESTRING (3162821.721 201674.373, 3162847.425 201657.238)	110	180	0	432	false	2099	None
LINESTRING (3162847.425 201657.238, 3162865.54 201646.672)	110	180	0	433	false	2099	None
LINESTRING (3162865.54 201646.672, 3162879.758 201640.543)	110	180	0	434	false	2099	None
LINESTRING (3162879.758 201640.543, 3162892.328 201636.868)	110	180	0	435	false	2099	None
LINESTRING (3162892.328 201636.868, 3162904.636 201634.878)	110	180	0	436	false	2099	None
LINESTRING (3162904.636 201634.878, 3162919.918 201633.095)	110	180	0	437	false	2099	None
LINESTRING (3162919.918 201633.095, 3162941.567 201633.437)	110	180	0	438	false	2099	None
LINESTRING (3162941.567 201633.437, 3162944.073 201633.58)	110	180	0	439	false	2099	None
LINESTRING (3162944.073 201633.58, 3162964.286 201636.341)	110	180	0	440	false	2099	None
LINESTRING (3162964.286 201636.341, 3162992.123 201642.55)	110	180	0	441	false	2099	None
LINESTRING (3162992.123 201642.55, 3163012.556 201649.803)	110	180	0	442	false	2099	None
LINESTRING (3163012.556 201649.803, 3163024.523 201653.994)	110	180	0	443	false	2099	None
LINESTRING (3163024.523 201653.994, 3163058.678 201668.266)	110	180	0	444	false	2099	None
LINESTRING (3163058.678 201668.266, 3163063.469 201670.134)	110	180	0	445	false	2099	None
LINESTRING (3163063.469 201670.134, 3163096.456 201683.356)	110	180	0	446	false	2099	None
LINESTRING (3163096.456 201683.356, 3163126.788 201693.279)	110	180	0	447	false	2099	None
LINESTRING (3163126.788 201693.279, 3163156.033 201701.944)	110	180	0	448	false	2099	None
LINESTRING (3163156.033 201701.944, 3163171.878 201702.763)	110	180	0	449	false	2099	None
LINESTRING (3163171.878 201702.763, 3163187.285 201702.935)	110	180	0	450	false	2099	None
LINESTRING (3163187.285 201702.935, 3163212.74 201700.593)	110	180	0	451	false	2099	None
LINESTRING (3163212.74 201700.593, 3163224.067 201698.339)	110	180	0	452	false	2099	None
LINESTRING (3163224.067 201698.339, 3163248.794 201693.569)	110	180	0	453	false	2099	None
LINESTRING (3163248.794 201693.569, 3163280.297 201686.082)	110	180	0	454	false	2099	None
LINESTRING (3163280.297 201686.082, 3163289.082 201684.028)	110	180	0	455	false	2099	None
LINESTRING (3163289.082 201684.028, 3163316.762 201672.191)	110	180	0	456	false	2099	None
LINESTRING (3163316.762 201672.191, 3163332.345 201664.332)	110	180	0	457	false	2099	None
LINESTRING (3163332.345 201664.332, 3163345.92 201655.808)	110	180	0	458	false	2099	None
LINESTRING (3163345.92 201655.808, 3163352.038 201652)	110	180	0	459	false	2099	None
LINESTRING (3163352.038 201652, 3163382.487 201630.284)	110	180	0	460	false	2099	None
LINESTRING (3163382.487 201630.284, 3163394.889 201622.494)	110	180	0	461	false	2099	None
LINESTRING (3163394.889 201622.494, 3163406.956 201619.1)	110	180	0	462	false	2099	None
LINESTRING (3163406.956 201619.1, 3163422.218 201618.382)	110	180	0	463	false	2099	None
LINESTRING (3163422.218 201618.382, 3163433.443 201619.424)	110	180	0	464	false	2099	None
LINESTRING (3163433.443 201619.424, 3163450.136 201624.386)	110	180	0	465	false	2099	None
LINESTRING (3163450.136 201624.386, 3163470.83 201631.981)	110	180	0	466	false	2099	None
LINESTRING (3163470.83 201631.981, 3163521.36 201654.309)	110	180	0	467	false	2099	None
LINESTRING (3163521.36 201654.309, 3163534.696 201659.034)	110	180	0	468	false	2099	None
LINESTRING (3163534.696 201659.034, 3163585.912 201677.581)	110	180	0	469	false	2099	None
LINESTRING (3163585.912 201677.581, 3163596.908 201681.989)	110	180	0	470	false	2099	None
LINESTRING (3163596.908 201681.989, 3163604.947 201680.836)	110	180	0	471	false	2099	None
LINESTRING (3163604.947 201680.836, 3163643.717 201669.632)	110	180	0	472	false	2099	None
LINESTRING (3163643.717 201669.632, 3163659.263 201664.141)	110	180	0	473	false	2099	E:3163648.718 201667.86559764578
LINESTRING (3163659.263 201664.141, 3163643.717 201669.632)	110	1595	0	874	false	1963	E:3163648.718 201667.86559764578
LINESTRING (3163643.717 201669.632, 3163604.947 201680.836)	110	1595	0	875	false	1963	None
LINESTRING (3163604.947 201680.836, 3163596.908 201681.989)	110	1595	0	876	false	1963	None
LINESTRING (3163596.908 201681.989, 3163585.912 201677.581)	110	1595	0	877	false	1963	None
LINESTRING (3163585.912 201677.581, 3163534.696 201659.034)	110	1595	0	878	false	1963	None
LINESTRING (3163534.696 201659.034, 3163521.36 201654.309)	110	1595	0	879	false	1963	None
LINESTRING (3163521.36 201654.309, 3163470.83 201631.981)	110	1595	0	880	false	1963	None
LINESTRING (3163470.83 201631.981, 3163450.136 201624.386)	110	1595	0	881	false	1963	None
LINESTRING (3163450.136 201624.386, 3163433.443 201619.424)	110	1595	0	882	false	1963	None
LINESTRING (3163433.443 201619.424, 3163422.218 201618.382)	110	1595	0	883	false	1963	None
LINESTRING (3163422.218 201618.382, 3163406.956 201619.1)	110	1595	0	884	false	1963	None
LINESTRING (3163406.956 201619.1, 3163394.889 201622.494)	110	1595	0	885	false	1963	None
LINESTRING (3163394.889 201622.494, 3163382.487 201630.284)	110	1595	0	886	false	1963	None
LINESTRING (3163382.487 201630.284, 3163352.038 201652)	110	1595	0	887	false	1963	None
LINESTRING (3163352.038 201652, 3163345.92 201655.808)	110	1595	0	888	false	1963	None
LINESTRING (3163345.92 201655.808, 3163332.345 201664.332)	110	1595	0	889	false	1963	None
LINESTRING (3163332.345 201664.332, 3163316.762 201672.191)	110	1595	0	890	false	1963	None
LINESTRING (3163316.762 201672.191, 3163289.082 201684.028)	110	1595	0	891	false	1963	None
LINESTRING (3163289.082 201684.028, 3163280.297 201686.082)	110	1595	0	892	false	1963	None
LINESTRING (3163280.297 201686.082, 3163248.794 201693.569)	110	1595	0	893	false	1963	None
LINESTRING (3163248.794 201693.569, 3163224.067 201698.339)	110	1595	0	894	false	1963	None
LINESTRING (3163224.067 201698.339, 3163212.74 201700.593)	110	1595	0	895	false	1963	None
LINESTRING (3163212.74 201700.593, 3163187.285 201702.935)	110	1595	0	896	false	1963	None
LINESTRING (3163187.285 201702.935, 3163171.878 201702.763)	110	1595	0	897	false	1963	None
LINESTRING (3163171.878 201702.763, 3163156.033 201701.944)	110	1595	0	898	false	1963	None
LINESTRING (3163156.033 201701.944, 3163126.788 201693.279)	110	1595	0	899	false	1963	None
LINESTRING (3163126.788 201693.279, 3163096.456 201683.356)	110	1595	0	900	false	1963	None
LINESTRING (3163096.456 201683.356, 3163063.469 201670.134)	110	1595	0	901	false	1963	None
LINESTRING (3163063.469 201670.134, 3163058.678 201668.266)	110	1595	0	902	false	1963	None
LINESTRING (3163058.678 201668.266, 3163024.523 201653.994)	110	1595	0	903	false	1963	None
LINESTRING (3163024.523 201653.994, 3163012.556 201649.803)	110	1595	0	904	false	1963	None
LINESTRING (3163012.556 201649.803, 3162992.123 201642.55)	110	1595	0	905	false	1963	None
LINESTRING (3162992.123 201642.55, 3162964.286 201636.341)	110	1595	0	906	false	1963	None
LINESTRING (3162964.286 201636.341, 3162944.073 201633.58)	110	1595	0	907	false	1963	None
LINESTRING (3162944.073 201633.58, 3162941.567 201633.437)	110	1595	0	908	false	1963	None
LINESTRING (3162941.567 201633.437, 3162919.918 201633.095)	110	1595	0	909	false	1963	None
LINESTRING (3162919.918 201633.095, 3162904.636 201634.878)	110	1595	0	910	false	1963	None
LINESTRING (3162904.636 201634.878, 3162892.328 201636.868)	110	1595	0	911	false	1963	None
LINESTRING (3162892.328 201636.868, 3162879.758 201640.543)	110	1595	0	912	false	1963	None
LINESTRING (3162879.758 201640.543, 3162865.54 201646.672)	110	1595	0	913	false	1963	None
LINESTRING (3162865.54 201646.672, 3162847.425 201657.238)	110	1595	0	914	false	1963	None
LINESTRING (3162847.425 201657.238, 3162821.721 201674.373)	110	1595	0	915	false	1963	None
LINESTRING (3162821.721 201674.373, 3162800.635 201686.996)	110	1595	0	916	false	1963	None
LINESTRING (3162800.635 201686.996, 3162769.647 201701)	110	1595	0	917	false	1963	None
LINESTRING (3162769.647 201701, 3162725.265 201717.761)	110	1595	0	918	false	1963	None
LINESTRING (3162725.265 201717.761, 3162724.802 201717.937)	110	1595	0	919	false	1963	None
LINESTRING (3162724.802 201717.937, 3162659.171 201739.397)	110	1595	0	920	false	1963	None
LINESTRING (3162659.171 201739.397, 3162650.544 201740.798)	110	1595	0	921	false	1963	None
LINESTRING (3162650.544 201740.798, 3162644.363 201687.644)	110	1595	0	922	false	1963	None
LINESTRING (3162644.363 201687.644, 3162639.106 201671.301)	110	1595	0	923	false	1963	None
LINESTRING (3162639.106 201671.301, 3162635.993 201664.369)	110	1595	0	924	false	1963	None
LINESTRING (3162635.993 201664.369, 3162634.56 201662.738)	110	1595	0	925	false	1963	None
LINESTRING (3162634.56 201662.738, 3162630.223 201658.189)	110	1595	0	926	false	1963	None
LINESTRING (3162630.223 201658.189, 3162620.093 201652.571)	110	1595	0	927	false	1963	None
LINESTRING (3162620.093 201652.571, 3162592.677 201639.976)	110	1595	0	928	false	1963	None
LINESTRING (3162592.677 201639.976, 3162589.618 201637.711)	110	1595	0	929	false	1963	None
LINESTRING (3162589.618 201637.711, 3162587.677 201634.095)	110	1595	0	930	false	1963	None
LINESTRING (3162587.677 201634.095, 3162586.26 201629.135)	110	1595	0	931	false	1963	None
LINESTRING (3162586.26 201629.135, 3162586.237 201623.885)	110	1595	0	932	false	1963	None
LINESTRING (3162586.237 201623.885, 3162592.304 201598.973)	110	1595	0	933	false	1963	None
LINESTRING (3162592.304 201598.973, 3162592.181 201592.97)	110	1595	0	934	false	1963	None
LINESTRING (3162592.181 201592.97, 3162589.905 201583.387)	110	1595	0	935	false	1963	None
LINESTRING (3162589.905 201583.387, 3162585.816 201576.432)	110	1595	0	936	false	1963	None
LINESTRING (3162585.816 201576.432, 3162581.791 201572.6)	110	1595	0	937	false	1963	None
LINESTRING (3162581.791 201572.6, 3162562.925 201563.1)	110	1595	0	938	false	1963	None
LINESTRING (3162562.925 201563.1, 3162557.652 201558.423)	110	1595	0	939	false	1963	None
LINESTRING (3162557.652 201558.423, 3162552.195 201550.935)	110	1595	0	940	false	1963	None
LINESTRING (3162552.195 201550.935, 3162548.37 201538.247)	110	1595	0	941	false	1963	None
LINESTRING (3162548.37 201538.247, 3162546.965 201527.694)	110	1595	0	942	false	1963	None
LINESTRING (3162546.965 201527.694, 3162546.828 201518.945)	110	1595	0	943	false	1963	None
LINESTRING (3162546.828 201518.945, 3162547.877 201493.506)	110	1595	0	944	false	1963	S:3162547.2234522584 201509.355
LINESTRING (3162352.197 201505.239, 3162341.195 201515.004)	110	1595	0	961	false	1963	S:3162347.5595978494 201509.355
LINESTRING (3162341.195 201515.004, 3162313.73 201545.51)	110	1595	0	962	false	1963	None
LINESTRING (3162313.73 201545.51, 3162302.439 201559.809)	110	1595	0	963	false	1963	None
LINESTRING (3162302.439 201559.809, 3162299.099 201564.582)	110	1595	0	964	false	1963	None
LINESTRING (3162299.099 201564.582, 3162280.696 201590.044)	110	1595	0	965	false	1963	None
LINESTRING (3162280.696 201590.044, 3162273.121 201601.385)	110	1595	0	966	false	1963	None
LINESTRING (3162273.121 201601.385, 3162266.485 201606.778)	110	1595	0	967	false	1963	None
LINESTRING (3162266.485 201606.778, 3162262.443 201608.299)	110	1595	0	968	false	1963	None
LINESTRING (3162262.443 201608.299, 3162256.055 201609.263)	110	1595	0	969	false	1963	None
LINESTRING (3162256.055 201609.263, 3162224.694 201605.017)	110	1595	0	970	false	1963	None
LINESTRING (3162224.694 201605.017, 3162218.02 201604.44)	110	1595	0	971	false	1963	None
LINESTRING (3162218.02 201604.44, 3162209.896 201605.561)	110	1595	0	972	false	1963	None
LINESTRING (3162209.896 201605.561, 3162188.099 201610.404)	110	1595	0	973	false	1963	None
LINESTRING (3162188.099 201610.404, 3162163.413 201617.098)	110	1595	0	974	false	1963	None
LINESTRING (3162163.413 201617.098, 3162131.624 201627.098)	110	1595	0	975	false	1963	None
LINESTRING (3162131.624 201627.098, 3162117.749 201633.362)	110	1595	0	976	false	1963	None
LINESTRING (3162117.749 201633.362, 3162080.288 201654.373)	110	1595	0	977	false	1963	None
LINESTRING (3162080.288 201654.373, 3162032.187 201671.831)	110	1595	0	978	false	1963	None
LINESTRING (3162032.187 201671.831, 3162013.234 201678.736)	110	1595	0	979	false	1963	None
LINESTRING (3162013.234 201678.736, 3161995.499 201685.044)	110	1595	0	980	false	1963	None
LINESTRING (3161995.499 201685.044, 3161957.567 201701.702)	110	1595	0	981	false	1963	None
LINESTRING (3161957.567 201701.702, 3161924.661 201723.417)	110	1595	0	982	false	1963	None
LINESTRING (3161924.661 201723.417, 3161902.104 201742.853)	110	1595	0	983	false	1963	None
LINESTRING (3161902.104 201742.853, 3161858.187 201784.218)	110	1595	0	984	false	1963	None
LINESTRING (3161858.187 201784.218, 3161826.892 201805.846)	110	1595	0	985	false	1963	None
LINESTRING (3161826.892 201805.846, 3161817.867 201808.521)	110	1595	0	986	false	1963	None
LINESTRING (3161817.867 201808.521, 3161807.468 201808.398)	110	1595	0	987	false	1963	None
LINESTRING (3161807.468 201808.398, 3161799.647 201807.732)	110	1595	0	988	false	1963	None
LINESTRING (3161799.647 201807.732, 3161771.109 201808.637)	110	1595	0	989	false	1963	None
LINESTRING (3161771.109 201808.637, 3161738.782 201817.238)	110	1595	0	990	false	1963	None
LINESTRING (3161738.782 201817.238, 3161730.471 201819.597)	110	1595	0	991	false	1963	None
LINESTRING (3161730.471 201819.597, 3161720.324 201821.358)	110	1595	0	992	false	1963	None
LINESTRING (3161720.324 201821.358, 3161708.113 201821.839)	110	1595	0	993	false	1963	None
LINESTRING (3161708.113 201821.839, 3161657.056 201837.789)	110	1595	0	994	false	1963	None
LINESTRING (3161657.056 201837.789, 3161647.2 201839.308)	110	1595	0	995	false	1963	None
LINESTRING (3161647.2 201839.308, 3161627.038 201838.952)	110	1595	0	996	false	1963	None
LINESTRING (3161627.038 201838.952, 3161571.164 201843.496)	110	1595	0	997	false	1963	None
LINESTRING (3161571.164 201843.496, 3161550.345 201848.364)	110	1595	0	998	false	1963	None
LINESTRING (3161550.345 201848.364, 3161519.023 201862.479)	110	1595	0	999	false	1963	None
LINESTRING (3161519.023 201862.479, 3161493.273 201879.242)	110	1595	0	1000	false	1963	None
LINESTRING (3161493.273 201879.242, 3161469.51 201897.732)	110	1595	0	1001	false	1963	None
LINESTRING (3161469.51 201897.732, 3161457.683 201908.607)	110	1595	0	1002	false	1963	None
LINESTRING (3161457.683 201908.607, 3161454.082 201915.064)	110	1595	0	1003	false	1963	None
LINESTRING (3161454.082 201915.064, 3161448.978 201928.917)	110	1595	0	1004	false	1963	None
LINESTRING (3161448.978 201928.917, 3161430.264 201945.325)	110	1595	0	1005	false	1963	None
LINESTRING (3161430.264 201945.325, 3161422.263 201954.475)	110	1595	0	1006	false	1963	None
LINESTRING (3161422.263 201954.475, 3161404.631 201982.264)	110	1595	0	1007	false	1963	None
LINESTRING (3161404.631 201982.264, 3161391.202 201999.78)	110	1595	0	1008	false	1963	None
LINESTRING (3161391.202 201999.78, 3161375.541 202020.237)	110	1595	0	1009	false	1963	None
LINESTRING (3161375.541 202020.237, 3161365.729 202027.966)	110	1595	0	1010	false	1963	None
LINESTRING (3161365.729 202027.966, 3161352.625 202034.532)	110	1595	0	1011	false	1963	None
LINESTRING (3161352.625 202034.532, 3161331.112 202040.678)	110	1595	0	1012	false	1963	None
LINESTRING (3161331.112 202040.678, 3161283.608 202049.796)	110	1595	0	1013	false	1963	None
LINESTRING (3161283.608 202049.796, 3161271.785 202050.548)	110	1595	0	1014	false	1963	None
LINESTRING (3161271.785 202050.548, 3161252.779 202054.813)	110	1595	0	1015	false	1963	None
LINESTRING (3161252.779 202054.813, 3161231.381 202062.433)	110	1595	0	1016	false	1963	None
LINESTRING (3161231.381 202062.433, 3161218.254 202065.774)	110	1595	0	1017	false	1963	None
LINESTRING (3161218.254 202065.774, 3161202.671 202067.323)	110	1595	0	1018	false	1963	None
LINESTRING (3161202.671 202067.323, 3161188.428 202065.941)	110	1595	0	1019	false	1963	None
LINESTRING (3161188.428 202065.941, 3161178.972 202064.161)	110	1595	0	1020	false	1963	None
LINESTRING (3161178.972 202064.161, 3161166.512 202060.734)	110	1595	0	1021	false	1963	None
LINESTRING (3161166.512 202060.734, 3161159.94 202058.887)	110	1595	0	1022	false	1963	None
LINESTRING (3161159.94 202058.887, 3161109.738 202040.035)	110	1595	0	1023	false	1963	None
LINESTRING (3161109.738 202040.035, 3161066.888 202025.836)	110	1595	0	1024	false	1963	None
LINESTRING (3161066.888 202025.836, 3161025.723 202013.128)	110	1595	0	1025	false	1963	None
LINESTRING (3161025.723 202013.128, 3161011.32 202008.11)	110	1595	0	1026	false	1963	None
LINESTRING (3161011.32 202008.11, 3160988.539 202000.065)	110	1595	0	1027	false	1963	None
LINESTRING (3160988.539 202000.065, 3160985.379 201999.072)	110	1595	0	1028	false	1963	None
LINESTRING (3160985.379 201999.072, 3160963.121 201989.683)	110	1595	0	1029	false	1963	None
LINESTRING (3160963.121 201989.683, 3160943.738 201979.746)	110	1595	0	1030	false	1963	None
LINESTRING (3160943.738 201979.746, 3160927.096 201973.141)	110	1595	0	1031	false	1963	None
LINESTRING (3160927.096 201973.141, 3160910.092 201967.467)	110	1595	0	1032	false	1963	None
LINESTRING (3160910.092 201967.467, 3160892.614 201963.514)	110	1595	0	1033	false	1963	None
LINESTRING (3160892.614 201963.514, 3160874.753 201961.556)	110	1595	0	1034	false	1963	None
LINESTRING (3160874.753 201961.556, 3160856.468 201961.696)	110	1595	0	1035	false	1963	None
LINESTRING (3160856.468 201961.696, 3160849.109 201962.878)	110	1595	0	1036	false	1963	None
LINESTRING (3160849.109 201962.878, 3160823.797 201969.927)	110	1595	0	1037	false	1963	None
LINESTRING (3160823.797 201969.927, 3160772.993 201989.791)	110	1595	0	1038	false	1963	None
LINESTRING (3160772.993 201989.791, 3160749.511 202001.246)	110	1595	0	1039	false	1963	None
LINESTRING (3160749.511 202001.246, 3160735.773 202009.947)	110	1595	0	1040	false	1963	None
LINESTRING (3160735.773 202009.947, 3160727.21 202016.496)	110	1595	0	1041	false	1963	None
LINESTRING (3160727.21 202016.496, 3160719.512 202023.859)	110	1595	0	1042	false	1963	None
LINESTRING (3160719.512 202023.859, 3160712.338 202031.902)	110	1595	0	1043	false	1963	None
LINESTRING (3160712.338 202031.902, 3160669.375 202086.267)	110	1595	0	1044	false	1963	None
LINESTRING (3160669.375 202086.267, 3160651.205 202106.342)	110	1595	0	1045	false	1963	None
LINESTRING (3160651.205 202106.342, 3160640.915 202115.553)	110	1595	0	1046	false	1963	None
LINESTRING (3160640.915 202115.553, 3160619.032 202132.515)	110	1595	0	1047	false	1963	None
LINESTRING (3160619.032 202132.515, 3160604.932 202142.147)	110	1595	0	1048	false	1963	None
LINESTRING (3160604.932 202142.147, 3160582.557 202155.82)	110	1595	0	1049	false	1963	None
LINESTRING (3160582.557 202155.82, 3160558.259 202168.863)	110	1595	0	1050	false	1963	None
LINESTRING (3160558.259 202168.863, 3160524.937 202184.583)	110	1595	0	1051	false	1963	None
LINESTRING (3160524.937 202184.583, 3160494.032 202198.148)	110	1595	0	1052	false	1963	None
LINESTRING (3160494.032 202198.148, 3160462.689 202211.066)	110	1595	0	1053	false	1963	None
LINESTRING (3160462.689 202211.066, 3160411.066 202232.28)	110	1595	0	1054	false	1963	None
LINESTRING (3160411.066 202232.28, 3160370.996 202249.896)	110	1595	0	1055	false	1963	None
LINESTRING (3160370.996 202249.896, 3160334.141 202267.099)	110	1595	0	1056	false	1963	None
LINESTRING (3160334.141 202267.099, 3160306.282 202278.159)	110	1595	0	1057	false	1963	None
LINESTRING (3160306.282 202278.159, 3160294.725 202281.517)	110	1595	0	1058	false	1963	None
LINESTRING (3160294.725 202281.517, 3160273.803 202285.394)	110	1595	0	1059	false	1963	None
LINESTRING (3160273.803 202285.394, 3160251.613 202289.492)	110	1595	0	1060	false	1963	None
LINESTRING (3160251.613 202289.492, 3160236.006 202293.892)	110	1595	0	1061	false	1963	None
LINESTRING (3160236.006 202293.892, 3160213.648 202302.213)	110	1595	0	1062	false	1963	None
LINESTRING (3160213.648 202302.213, 3160200.612 202307.853)	110	1595	0	1063	false	1963	None
LINESTRING (3160200.612 202307.853, 3160184.883 202314.587)	110	1595	0	1064	false	1963	None
LINESTRING (3160184.883 202314.587, 3160148.145 202329.216)	110	1595	0	1065	false	1963	None
LINESTRING (3160148.145 202329.216, 3160106.883 202344.582)	110	1595	0	1066	false	1963	None
LINESTRING (3160106.883 202344.582, 3160096.263 202348.067)	110	1595	0	1067	false	1963	None
LINESTRING (3160096.263 202348.067, 3160078.754 202352.798)	110	1595	0	1068	false	1963	None
LINESTRING (3160078.754 202352.798, 3160072.825 202353.347)	110	1595	0	1069	false	1963	None
LINESTRING (3160072.825 202353.347, 3160065.855 202352.775)	110	1595	0	1070	false	1963	None
LINESTRING (3160065.855 202352.775, 3160051.79 202349.677)	110	1595	0	1071	false	1963	None
LINESTRING (3160051.79 202349.677, 3160043.804 202347.16)	110	1595	0	1072	false	1963	None
LINESTRING (3160043.804 202347.16, 3160007.035 202333.549)	110	1595	0	1073	false	1963	None
LINESTRING (3160007.035 202333.549, 3159987.132 202327.224)	110	1595	0	1074	false	1963	None
LINESTRING (3159987.132 202327.224, 3159984.058 202326.264)	110	1595	0	1075	false	1963	None
LINESTRING (3159984.058 202326.264, 3159978.185 202325.405)	110	1595	0	1076	false	1963	None
LINESTRING (3159978.185 202325.405, 3159966.474 202325.368)	110	1595	0	1077	false	1963	None
LINESTRING (3159966.474 202325.368, 3159950.706 202328.158)	110	1595	0	1078	false	1963	None
LINESTRING (3159950.706 202328.158, 3159944.933 202330.077)	110	1595	0	1079	false	1963	None
LINESTRING (3159944.933 202330.077, 3159933.05 202336.047)	110	1595	0	1080	false	1963	None
LINESTRING (3159933.05 202336.047, 3159915.408 202346.682)	110	1595	0	1081	false	1963	None
LINESTRING (3159915.408 202346.682, 3159896.759 202357.878)	110	1595	0	1082	false	1963	None
LINESTRING (3159896.759 202357.878, 3159884.457 202366.186)	110	1595	0	1083	false	1963	None
LINESTRING (3159884.457 202366.186, 3159813.826 202417.992)	110	1595	0	1084	false	1963	None
LINESTRING (3159813.826 202417.992, 3159790.471 202433.428)	110	1595	0	1085	false	1963	None
LINESTRING (3159790.471 202433.428, 3159781.919 202438.434)	110	1595	0	1086	false	1963	None
LINESTRING (3159781.919 202438.434, 3159764.288 202447.525)	110	1595	0	1087	false	1963	None
LINESTRING (3159764.288 202447.525, 3159754.947 202451.27)	110	1595	0	1088	false	1963	None
LINESTRING (3159754.947 202451.27, 3159739.002 202455.777)	110	1595	0	1089	false	1963	None
LINESTRING (3159739.002 202455.777, 3159729.571 202457.224)	110	1595	0	1090	false	1963	None
LINESTRING (3159729.571 202457.224, 3159720.905 202456.707)	110	1595	0	1091	false	1963	None
LINESTRING (3159720.905 202456.707, 3159701.33 202451.82)	110	1595	0	1092	false	1963	None
LINESTRING (3159701.33 202451.82, 3159699.791 202451.22)	110	1595	0	1093	false	1963	None
LINESTRING (3159699.791 202451.22, 3159674.308 202441.769)	110	1595	0	1094	false	1963	None
LINESTRING (3159674.308 202441.769, 3159659.107 202435.013)	110	1595	0	1095	false	1963	None
LINESTRING (3159659.107 202435.013, 3159640.213 202424.079)	110	1595	0	1096	false	1963	None
LINESTRING (3159640.213 202424.079, 3159630.432 202416.814)	110	1595	0	1097	false	1963	None
LINESTRING (3159630.432 202416.814, 3159621.989 202408.642)	110	1595	0	1098	false	1963	None
LINESTRING (3159621.989 202408.642, 3159612.436 202395.987)	110	1595	0	1099	false	1963	None
LINESTRING (3159612.436 202395.987, 3159603.929 202382.668)	110	1595	0	1100	false	1963	None
LINESTRING (3159603.929 202382.668, 3159592.863 202362.516)	110	1595	0	1101	false	1963	None
LINESTRING (3159592.863 202362.516, 3159591.756 202360.299)	110	1595	0	1102	false	1963	None
LINESTRING (3159591.756 202360.299, 3159573.306 202323.692)	110	1595	0	1103	false	1963	None
LINESTRING (3159573.306 202323.692, 3159558.266 202291.988)	110	1595	0	1104	false	1963	None
LINESTRING (3159558.266 202291.988, 3159514.154 202192.265)	110	1595	0	1105	false	1963	None
LINESTRING (3159514.154 202192.265, 3159504.919 202172.469)	110	1595	0	1106	false	1963	None
LINESTRING (3159504.919 202172.469, 3159471.452 202105.359)	110	1595	0	1107	false	1963	None
LINESTRING (3159471.452 202105.359, 3159431.253 202026.695)	110	1595	0	1108	false	1963	None
LINESTRING (3159431.253 202026.695, 3159381.295 201919.457)	110	1595	0	1109	false	1963	None
LINESTRING (3159381.295 201919.457, 3159367.265 201887.432)	110	1595	0	1110	false	1963	None
LINESTRING (3159367.265 201887.432, 3159363.135 201876.533)	110	1595	0	1111	false	1963	None
LINESTRING (3159363.135 201876.533, 3159360.304 201866.855)	110	1595	0	1112	false	1963	None
LINESTRING (3159360.304 201866.855, 3159355.652 201847.178)	110	1595	0	1113	false	1963	None
LINESTRING (3159355.652 201847.178, 3159353.149 201830.839)	110	1595	0	1114	false	1963	None
LINESTRING (3159353.149 201830.839, 3159349.298 201806.829)	110	1595	0	1115	false	1963	None
LINESTRING (3159349.298 201806.829, 3159342.002 201772.187)	110	1595	0	1116	false	1963	None
LINESTRING (3159342.002 201772.187, 3159334.201 201745.924)	110	1595	0	1117	false	1963	None
LINESTRING (3159334.201 201745.924, 3159329.266 201733.044)	110	1595	0	1118	false	1963	None
LINESTRING (3159329.266 201733.044, 3159324.773 201723.076)	110	1595	0	1119	false	1963	None
LINESTRING (3159324.773 201723.076, 3159314.273 201703.741)	110	1595	0	1120	false	1963	None
LINESTRING (3159314.273 201703.741, 3159306.62 201692.781)	110	1595	0	1121	false	1963	None
LINESTRING (3159306.62 201692.781, 3159257.178 201633.029)	110	1595	0	1122	false	1963	None
LINESTRING (3159257.178 201633.029, 3159243.581 201619.872)	110	1595	0	1123	false	1963	None
LINESTRING (3159243.581 201619.872, 3159233.98 201613.155)	110	1595	0	1124	false	1963	None
LINESTRING (3159233.98 201613.155, 3159225.732 201608.275)	110	1595	0	1125	false	1963	None
LINESTRING (3159225.732 201608.275, 3159225.561 201608.208)	110	1595	0	1126	false	1963	None
LINESTRING (3159225.561 201608.208, 3159205.799 201598.486)	110	1595	0	1127	false	1963	None
LINESTRING (3159205.799 201598.486, 3159169.163 201579.215)	110	1595	0	1128	false	1963	None
LINESTRING (3159169.163 201579.215, 3159150.291 201569.483)	110	1595	0	1129	false	1963	None
LINESTRING (3159150.291 201569.483, 3159141.444 201564.37)	110	1595	0	1130	false	1963	None
LINESTRING (3159141.444 201564.37, 3159130.781 201557.596)	110	1595	0	1131	false	1963	None
LINESTRING (3159130.781 201557.596, 3159120.635 201551.263)	110	1595	0	1132	false	1963	None
LINESTRING (3159120.635 201551.263, 3159108.166 201541.285)	110	1595	0	1133	false	1963	None
LINESTRING (3159108.166 201541.285, 3159096.778 201530.299)	110	1595	0	1134	false	1963	None
LINESTRING (3159096.778 201530.299, 3159078.738 201511.601)	110	1595	0	1135	false	1963	None
LINESTRING (3159078.738 201511.601, 3159075.879 201508.821)	110	1595	0	1136	false	1963	S:3159076.4281748203 201509.355
