LINESTRING (3108018.352 187445.932, 3108095.68 187565.582)	69	658	0	51	false	1220	W:3108036.883 187474.60510870564
LINESTRING (3108095.68 187565.582, 3108178.837 187697.208)	69	658	0	52	false	1220	None
LINESTRING (3108178.837 187697.208, 3108198.277 187728.054)	69	658	0	53	false	1220	None
LINESTRING (3108198.277 187728.054, 3108221.387 187762.918)	69	658	0	54	false	1220	None
LINESTRING (3108221.387 187762.918, 3108240.171 187789.829)	69	658	0	55	false	1220	None
LINESTRING (3108240.171 187789.829, 3108250.756 187803.504)	69	658	0	56	false	1220	None
LINESTRING (3108250.756 187803.504, 3108261.757 187816.862)	69	658	0	57	false	1220	None
LINESTRING (3108261.757 187816.862, 3108267.745 187825.094)	69	658	0	58	false	1220	None
LINESTRING (3108267.745 187825.094, 3108273.988 187811.084)	69	658	0	59	false	1220	None
LINESTRING (3108273.988 187811.084, 3108306.081 187745.172)	69	658	0	60	false	1220	None
LINESTRING (3108306.081 187745.172, 3108334.497 187682.964)	69	658	0	61	false	1220	None
LINESTRING (3108334.497 187682.964, 3108338.515 187672.974)	69	658	0	62	false	1220	None
LINESTRING (3108338.515 187672.974, 3108361.606 187614.67)	69	658	0	63	false	1220	None
LINESTRING (3108361.606 187614.67, 3108373.621 187583.262)	69	658	0	64	false	1220	None
LINESTRING (3108373.621 187583.262, 3108406.206 187489.614)	69	658	0	65	false	1220	None
LINESTRING (3108406.206 187489.614, 3108462.169 187332.543)	69	658	0	66	false	1220	None
LINESTRING (3108462.169 187332.543, 3108508.312 187198.572)	69	658	0	67	false	1220	None
LINESTRING (3108508.312 187198.572, 3108534.406 187122.404)	69	658	0	68	false	1220	None
LINESTRING (3108534.406 187122.404, 3108541.16 187105.262)	69	658	0	69	false	1220	None
LINESTRING (3108541.16 187105.262, 3108556.714 187061.78)	69	658	0	70	false	1220	None
LINESTRING (3108556.714 187061.78, 3108564.302 187048.879)	69	658	0	71	false	1220	None
LINESTRING (3108564.302 187048.879, 3108568.759 187042.623)	69	658	0	72	false	1220	None
LINESTRING (3108568.759 187042.623, 3108572.931 187036.852)	69	658	0	73	false	1220	None
LINESTRING (3108572.931 187036.852, 3108609.598 186981.84)	69	658	0	74	false	1220	None
LINESTRING (3108609.598 186981.84, 3108693.269 186861.75)	69	658	0	75	false	1220	None
LINESTRING (3108693.269 186861.75, 3108726.796 186816.232)	69	658	0	76	false	1220	None
LINESTRING (3108726.796 186816.232, 3108742.77 186791.686)	69	658	0	77	false	1220	None
LINESTRING (3108742.77 186791.686, 3108846.677 186622.301)	69	658	0	78	false	1220	None
LINESTRING (3108846.677 186622.301, 3108889.642 186553.658)	69	658	0	79	false	1220	None
LINESTRING (3108889.642 186553.658, 3109054.314 186271.939)	69	658	0	80	false	1220	None
LINESTRING (3109054.314 186271.939, 3109102.339 186187.764)	69	658	0	81	false	1220	None
LINESTRING (3109102.339 186187.764, 3109127.376 186146.722)	69	658	0	82	false	1220	None
LINESTRING (3109127.376 186146.722, 3109137.697 186131.302)	69	658	0	83	false	1220	None
LINESTRING (3109137.697 186131.302, 3109181.287 186074.9)	69	658	0	84	false	1220	None
LINESTRING (3109181.287 186074.9, 3109197.799 186054.6)	69	658	0	85	false	1220	None
LINESTRING (3109197.799 186054.6, 3109223.036 186027.419)	69	658	0	86	false	1220	None
LINESTRING (3109223.036 186027.419, 3109249.592 186000.386)	69	658	0	87	false	1220	None
LINESTRING (3109249.592 186000.386, 3109295.026 185955.86)	69	658	0	88	false	1220	None
LINESTRING (3109295.026 185955.86, 3109325.541 185927.728)	69	658	0	89	false	1220	None
LINESTRING (3109325.541 185927.728, 3109361.111 185896.658)	69	658	0	90	false	1220	None
LINESTRING (3109361.111 185896.658, 3109395.621 185862.449)	69	658	0	91	false	1220	None
LINESTRING (3109395.621 185862.449, 3109405.139 185853.495)	69	658	0	92	false	1220	None
LINESTRING (3109405.139 185853.495, 3109480.982 185904.141)	69	658	0	93	false	1220	None
LINESTRING (3109480.982 185904.141, 3109511.887 185924.046)	69	658	0	94	false	1220	None
LINESTRING (3109511.887 185924.046, 3109530.439 185934.115)	69	658	0	95	false	1220	None
LINESTRING (3109530.439 185934.115, 3109545.015 185943.019)	69	658	0	96	false	1220	None
LINESTRING (3109545.015 185943.019, 3109551.528 185947.056)	69	658	0	97	false	1220	None
LINESTRING (3109551.528 185947.056, 3109640.213 185995.725)	69	658	0	98	false	1220	None
LINESTRING (3109640.213 185995.725, 3109644.868 185998.457)	69	658	0	99	false	1220	None
LINESTRING (3109644.868 185998.457, 3109677.506 186018.195)	69	658	0	100	false	1220	None
LINESTRING (3109677.506 186018.195, 3109686.129 186023.396)	69	658	0	101	false	1220	None
LINESTRING (3109686.129 186023.396, 3109688.891 186025.166)	69	658	0	102	false	1220	None
LINESTRING (3109688.891 186025.166, 3109722.643 186046.874)	69	658	0	103	false	1220	None
LINESTRING (3109722.643 186046.874, 3109723.164 186047.311)	69	658	0	104	false	1220	None
LINESTRING (3109723.164 186047.311, 3109733.942 186053.812)	69	658	0	105	false	1220	None
LINESTRING (3109733.942 186053.812, 3109745.406 186060.576)	69	658	0	106	false	1220	None
LINESTRING (3109745.406 186060.576, 3109762.52 186070.808)	69	658	0	107	false	1220	None
LINESTRING (3109762.52 186070.808, 3109779.918 186080.555)	69	658	0	108	false	1220	None
LINESTRING (3109779.918 186080.555, 3109791.375 186087.079)	69	658	0	109	false	1220	None
LINESTRING (3109791.375 186087.079, 3109795.937 186089.537)	69	658	0	110	false	1220	None
LINESTRING (3109795.937 186089.537, 3109806.406 186095.564)	69	658	0	111	false	1220	None
LINESTRING (3109806.406 186095.564, 3109809.498 186096.985)	69	658	0	112	false	1220	None
LINESTRING (3109809.498 186096.985, 3109814.14 186099.236)	69	658	0	113	false	1220	None
LINESTRING (3109814.14 186099.236, 3109817.575 186100.788)	69	658	0	114	false	1220	None
LINESTRING (3109817.575 186100.788, 3109819.329 186101.341)	69	658	0	115	false	1220	None
LINESTRING (3109819.329 186101.341, 3109830.716 186105.223)	69	658	0	116	false	1220	None
LINESTRING (3109830.716 186105.223, 3109835.2 186106.345)	69	658	0	117	false	1220	None
LINESTRING (3109835.2 186106.345, 3109840.502 186107.898)	69	658	0	118	false	1220	None
LINESTRING (3109840.502 186107.898, 3109844.089 186108.796)	69	658	0	119	false	1220	None
LINESTRING (3109844.089 186108.796, 3109854.772 186111.695)	69	658	0	120	false	1220	None
LINESTRING (3109854.772 186111.695, 3109855.84 186111.985)	69	658	0	121	false	1220	None
LINESTRING (3109855.84 186111.985, 3109858.273 186112.56)	69	658	0	122	false	1220	None
LINESTRING (3109858.273 186112.56, 3109867.361 186114.493)	69	658	0	123	false	1220	None
LINESTRING (3109867.361 186114.493, 3109867.618 186114.591)	69	658	0	124	false	1220	None
LINESTRING (3109867.618 186114.591, 3109877.787 186115.75)	69	658	0	125	false	1220	None
LINESTRING (3109877.787 186115.75, 3109888.149 186116.15)	69	658	0	126	false	1220	None
LINESTRING (3109888.149 186116.15, 3109895.226 186115.887)	69	658	0	127	false	1220	None
LINESTRING (3109895.226 186115.887, 3109904.553 186115.654)	69	658	0	128	false	1220	None
LINESTRING (3109904.553 186115.654, 3109908.834 186115.51)	69	658	0	129	false	1220	None
LINESTRING (3109908.834 186115.51, 3109909.256 186115.434)	69	658	0	130	false	1220	None
LINESTRING (3109909.256 186115.434, 3109923.431 186114.085)	69	658	0	131	false	1220	None
LINESTRING (3109923.431 186114.085, 3109925.338 186113.983)	69	658	0	132	false	1220	None
LINESTRING (3109925.338 186113.983, 3109928.042 186113.592)	69	658	0	133	false	1220	None
LINESTRING (3109928.042 186113.592, 3109941.822 186111.735)	69	658	0	134	false	1220	None
LINESTRING (3109941.822 186111.735, 3109942.667 186111.583)	69	658	0	135	false	1220	None
LINESTRING (3109942.667 186111.583, 3109986.278 186103.675)	69	658	0	136	false	1220	None
LINESTRING (3109986.278 186103.675, 3110000.719 186101.12)	69	658	0	137	false	1220	None
LINESTRING (3110000.719 186101.12, 3110009.163 186099.599)	69	658	0	138	false	1220	None
LINESTRING (3110009.163 186099.599, 3110013.596 186098.8)	69	658	0	139	false	1220	None
LINESTRING (3110013.596 186098.8, 3110034.185 186094.558)	69	658	0	140	false	1220	None
LINESTRING (3110034.185 186094.558, 3110042.497 186092.867)	69	658	0	141	false	1220	None
LINESTRING (3110042.497 186092.867, 3110058.488 186089.599)	69	658	0	142	false	1220	None
LINESTRING (3110058.488 186089.599, 3110079.483 186089.434)	69	658	0	143	false	1220	None
LINESTRING (3110079.483 186089.434, 3110090.457 186090.545)	69	658	0	144	false	1220	None
LINESTRING (3110090.457 186090.545, 3110095.872 186091.547)	69	658	0	145	false	1220	None
LINESTRING (3110095.872 186091.547, 3110109 186095.502)	69	658	0	146	false	1220	None
LINESTRING (3110109 186095.502, 3110124.678 186102.81)	69	658	0	147	false	1220	None
LINESTRING (3110124.678 186102.81, 3110138.179 186111.185)	69	658	0	148	false	1220	None
LINESTRING (3110138.179 186111.185, 3110143.591 186115.276)	69	658	0	149	false	1220	None
LINESTRING (3110143.591 186115.276, 3110150.504 186121.606)	69	658	0	150	false	1220	None
LINESTRING (3110150.504 186121.606, 3110163.71 186134.859)	69	658	0	151	false	1220	None
LINESTRING (3110163.71 186134.859, 3110200.038 186165.756)	69	658	0	152	false	1220	None
LINESTRING (3110200.038 186165.756, 3110207.267 186172.8)	69	658	0	153	false	1220	None
LINESTRING (3110207.267 186172.8, 3110227.089 186192.389)	69	658	0	154	false	1220	None
LINESTRING (3110227.089 186192.389, 3110240.968 186205.425)	69	658	0	155	false	1220	None
LINESTRING (3110240.968 186205.425, 3110255.249 186217.664)	69	658	0	156	false	1220	None
LINESTRING (3110255.249 186217.664, 3110262.777 186223.16)	69	658	0	157	false	1220	None
LINESTRING (3110262.777 186223.16, 3110271.821 186228.285)	69	658	0	158	false	1220	None
LINESTRING (3110271.821 186228.285, 3110290.875 186236.528)	69	658	0	159	false	1220	None
LINESTRING (3110290.875 186236.528, 3110355.658 186259.065)	69	658	0	160	false	1220	None
LINESTRING (3110355.658 186259.065, 3110389.128 186270.212)	69	658	0	161	false	1220	None
LINESTRING (3110389.128 186270.212, 3110433.194 186284.227)	69	658	0	162	false	1220	None
LINESTRING (3110433.194 186284.227, 3110501.652 186311.024)	69	658	0	163	false	1220	None
LINESTRING (3110501.652 186311.024, 3110515.893 186316.95)	69	658	0	164	false	1220	None
LINESTRING (3110515.893 186316.95, 3110581.868 186347.67)	69	658	0	165	false	1220	None
LINESTRING (3110581.868 186347.67, 3110605.155 186357.178)	69	658	0	166	false	1220	None
LINESTRING (3110605.155 186357.178, 3110617.631 186360.527)	69	658	0	167	false	1220	None
LINESTRING (3110617.631 186360.527, 3110666.212 186370.449)	69	658	0	168	false	1220	None
LINESTRING (3110666.212 186370.449, 3110704.751 186377.595)	69	658	0	169	false	1220	None
LINESTRING (3110704.751 186377.595, 3110732.061 186380.444)	69	658	0	170	false	1220	None
LINESTRING (3110732.061 186380.444, 3110735.807 186380.927)	69	658	0	171	false	1220	None
LINESTRING (3110735.807 186380.927, 3110767.623 186382.53)	69	658	0	172	false	1220	None
LINESTRING (3110767.623 186382.53, 3110784.269 186384.743)	69	658	0	173	false	1220	None
LINESTRING (3110784.269 186384.743, 3110817.354 186390.991)	69	658	0	174	false	1220	None
LINESTRING (3110817.354 186390.991, 3110831.182 186394.146)	69	658	0	175	false	1220	None
LINESTRING (3110831.182 186394.146, 3110844.944 186397.988)	69	658	0	176	false	1220	None
LINESTRING (3110844.944 186397.988, 3110860.056 186403.179)	69	658	0	177	false	1220	None
LINESTRING (3110860.056 186403.179, 3110874.812 186409.303)	69	658	0	178	false	1220	None
LINESTRING (3110874.812 186409.303, 3110896.17 186421.282)	69	658	0	179	false	1220	None
LINESTRING (3110896.17 186421.282, 3110906.486 186427.964)	69	658	0	180	false	1220	None
LINESTRING (3110906.486 186427.964, 3110912.8 186432.52)	69	658	0	181	false	1220	None
LINESTRING (3110912.8 186432.52, 3110920.801 186438.317)	69	658	0	182	false	1220	None
LINESTRING (3110920.801 186438.317, 3110933.673 186448.592)	69	658	0	183	false	1220	None
LINESTRING (3110933.673 186448.592, 3110975.027 186482.012)	69	658	0	184	false	1220	None
LINESTRING (3110975.027 186482.012, 3110995.749 186497.194)	69	658	0	185	false	1220	None
LINESTRING (3110995.749 186497.194, 3111005.009 186504.066)	69	658	0	186	false	1220	None
LINESTRING (3111005.009 186504.066, 3111015.922 186514.067)	69	658	0	187	false	1220	None
LINESTRING (3111015.922 186514.067, 3111020.225 186517.972)	69	658	0	188	false	1220	None
LINESTRING (3111020.225 186517.972, 3111032.961 186531.167)	69	658	0	189	false	1220	None
LINESTRING (3111032.961 186531.167, 3111044.911 186545.13)	69	658	0	190	false	1220	None
LINESTRING (3111044.911 186545.13, 3111053.408 186556.82)	69	658	0	191	false	1220	None
LINESTRING (3111053.408 186556.82, 3111069.371 186581.351)	69	658	0	192	false	1220	None
LINESTRING (3111069.371 186581.351, 3111079.651 186596.339)	69	658	0	193	false	1220	None
LINESTRING (3111079.651 186596.339, 3111089.984 186611.704)	69	658	0	194	false	1220	None
LINESTRING (3111089.984 186611.704, 3111102.127 186631.326)	69	658	0	195	false	1220	None
LINESTRING (3111102.127 186631.326, 3111113.477 186651.477)	69	658	0	196	false	1220	None
LINESTRING (3111113.477 186651.477, 3111127.935 186683.275)	69	658	0	197	false	1220	None
LINESTRING (3111127.935 186683.275, 3111131.279 186689.428)	69	658	0	198	false	1220	None
LINESTRING (3111131.279 186689.428, 3111137.337 186698.759)	69	658	0	199	false	1220	None
LINESTRING (3111137.337 186698.759, 3111150.708 186716.713)	69	658	0	200	false	1220	None
LINESTRING (3111150.708 186716.713, 3111161.708 186730.075)	69	658	0	201	false	1220	None
LINESTRING (3111161.708 186730.075, 3111172.581 186740.18)	69	658	0	202	false	1220	None
LINESTRING (3111172.581 186740.18, 3111179.982 186745.747)	69	658	0	203	false	1220	None
LINESTRING (3111179.982 186745.747, 3111187.786 186750.517)	69	658	0	204	false	1220	None
LINESTRING (3111187.786 186750.517, 3111197.365 186755.016)	69	658	0	205	false	1220	None
LINESTRING (3111197.365 186755.016, 3111207.347 186758.719)	69	658	0	206	false	1220	None
LINESTRING (3111207.347 186758.719, 3111227.18 186764.412)	69	658	0	207	false	1220	None
LINESTRING (3111227.18 186764.412, 3111237.007 186765.441)	69	658	0	208	false	1220	None
LINESTRING (3111237.007 186765.441, 3111256.998 186765.846)	69	658	0	209	false	1220	None
LINESTRING (3111256.998 186765.846, 3111272.978 186766.973)	69	658	0	210	false	1220	None
LINESTRING (3111272.978 186766.973, 3111298.127 186766.739)	69	658	0	211	false	1220	None
LINESTRING (3111298.127 186766.739, 3111305.324 186766.167)	69	658	0	212	false	1220	None
LINESTRING (3111305.324 186766.167, 3111317.56 186765.266)	69	658	0	213	false	1220	None
LINESTRING (3111317.56 186765.266, 3111333.999 186762.885)	69	658	0	214	false	1220	None
LINESTRING (3111333.999 186762.885, 3111339.349 186761.488)	69	658	0	215	false	1220	None
LINESTRING (3111339.349 186761.488, 3111347.67 186758.494)	69	658	0	216	false	1220	None
LINESTRING (3111347.67 186758.494, 3111355.8 186754.714)	69	658	0	217	false	1220	None
LINESTRING (3111355.8 186754.714, 3111385.451 186738.615)	69	658	0	218	false	1220	None
LINESTRING (3111385.451 186738.615, 3111398.981 186730.486)	69	658	0	219	false	1220	None
LINESTRING (3111398.981 186730.486, 3111404.064 186726.965)	69	658	0	220	false	1220	None
LINESTRING (3111404.064 186726.965, 3111411.838 186722.574)	69	658	0	221	false	1220	None
LINESTRING (3111411.838 186722.574, 3111422.727 186717.236)	69	658	0	222	false	1220	None
LINESTRING (3111422.727 186717.236, 3111433.528 186713.41)	69	658	0	223	false	1220	None
LINESTRING (3111433.528 186713.41, 3111438.12 186712.197)	69	658	0	224	false	1220	None
LINESTRING (3111438.12 186712.197, 3111447.937 186709.657)	69	658	0	225	false	1220	None
LINESTRING (3111447.937 186709.657, 3111460.907 186707.612)	69	658	0	226	false	1220	None
LINESTRING (3111460.907 186707.612, 3111471.708 186703.785)	69	658	0	227	false	1220	None
LINESTRING (3111471.708 186703.785, 3111480.54 186697.66)	69	658	0	228	false	1220	None
LINESTRING (3111480.54 186697.66, 3111492.267 186685.513)	69	658	0	229	false	1220	None
LINESTRING (3111492.267 186685.513, 3111499.627 186679.893)	69	658	0	230	false	1220	None
LINESTRING (3111499.627 186679.893, 3111515.356 186669.873)	69	658	0	231	false	1220	None
LINESTRING (3111515.356 186669.873, 3111536.182 186660.14)	69	658	0	232	false	1220	None
LINESTRING (3111536.182 186660.14, 3111538.697 186658.964)	69	658	0	233	false	1220	None
LINESTRING (3111538.697 186658.964, 3111562.252 186651.346)	69	658	0	234	false	1220	None
LINESTRING (3111562.252 186651.346, 3111570.928 186648.964)	69	658	0	235	false	1220	None
LINESTRING (3111570.928 186648.964, 3111580.051 186616.924)	69	658	0	236	false	1220	None
LINESTRING (3111580.051 186616.924, 3111580.25 186616.406)	69	658	0	237	false	1220	None
LINESTRING (3111580.25 186616.406, 3111584.076 186597.43)	69	658	0	238	false	1220	None
LINESTRING (3111584.076 186597.43, 3111587.526 186572.25)	69	658	0	239	false	1220	None
LINESTRING (3111587.526 186572.25, 3111588.571 186557.201)	69	658	0	240	false	1220	None
LINESTRING (3111588.571 186557.201, 3111591.482 186537.281)	69	658	0	241	false	1220	None
LINESTRING (3111591.482 186537.281, 3111593.048 186533.959)	69	658	0	242	false	1220	None
LINESTRING (3111593.048 186533.959, 3111599.892 186524.814)	69	658	0	243	false	1220	None
LINESTRING (3111599.892 186524.814, 3111603.563 186520.872)	69	658	0	244	false	1220	None
LINESTRING (3111603.563 186520.872, 3111608.8 186515.153)	69	658	0	245	false	1220	None
LINESTRING (3111608.8 186515.153, 3111614.689 186510.04)	69	658	0	246	false	1220	None
LINESTRING (3111614.689 186510.04, 3111618.028 186507.991)	69	658	0	247	false	1220	None
LINESTRING (3111618.028 186507.991, 3111629.2 186503.712)	69	658	0	248	false	1220	None
LINESTRING (3111629.2 186503.712, 3111633.078 186504.365)	69	658	0	249	false	1220	None
LINESTRING (3111633.078 186504.365, 3111640.325 186505.714)	69	658	0	250	false	1220	None
LINESTRING (3111640.325 186505.714, 3111644.552 186506.739)	69	658	0	251	false	1220	None
LINESTRING (3111644.552 186506.739, 3111648.185 186507.773)	69	658	0	252	false	1220	None
LINESTRING (3111648.185 186507.773, 3111650.618 186508.348)	69	658	0	253	false	1220	None
LINESTRING (3111650.618 186508.348, 3111652.544 186508.967)	69	658	0	254	false	1220	None
LINESTRING (3111652.544 186508.967, 3111661.755 186512.375)	69	658	0	255	false	1220	None
LINESTRING (3111661.755 186512.375, 3111665.223 186513.584)	69	658	0	256	false	1220	None
LINESTRING (3111665.223 186513.584, 3111669.377 186515.056)	69	658	0	257	false	1220	None
LINESTRING (3111669.377 186515.056, 3111700.768 186526.244)	69	658	0	258	false	1220	None
LINESTRING (3111700.768 186526.244, 3111794.684 186559.712)	69	658	0	259	false	1220	None
LINESTRING (3111794.684 186559.712, 3111825.989 186570.868)	69	658	0	260	false	1220	None
LINESTRING (3111825.989 186570.868, 3111828.6 186571.749)	69	658	0	261	false	1220	None
LINESTRING (3111828.6 186571.749, 3111836.393 186574.496)	69	658	0	262	false	1220	None
LINESTRING (3111836.393 186574.496, 3111838.879 186575.448)	69	658	0	263	false	1220	None
LINESTRING (3111838.879 186575.448, 3111868.562 186586.22)	69	658	0	264	false	1220	None
LINESTRING (3111868.562 186586.22, 3111957.234 186618.752)	69	658	0	265	false	1220	None
LINESTRING (3111957.234 186618.752, 3111964.302 186621.339)	69	658	0	266	false	1220	None
LINESTRING (3111964.302 186621.339, 3111986.633 186630.01)	69	658	0	267	false	1220	None
LINESTRING (3111986.633 186630.01, 3112013.717 186640.383)	69	658	0	268	false	1220	None
LINESTRING (3112013.717 186640.383, 3112094.68 186671.746)	69	658	0	269	false	1220	None
LINESTRING (3112094.68 186671.746, 3112107.24 186676.674)	69	658	0	270	false	1220	None
LINESTRING (3112107.24 186676.674, 3112121.798 186681.775)	69	658	0	271	false	1220	None
LINESTRING (3112121.798 186681.775, 3112136.956 186687.104)	69	658	0	272	false	1220	None
LINESTRING (3112136.956 186687.104, 3112179.35 186702.153)	69	658	0	273	false	1220	None
LINESTRING (3112179.35 186702.153, 3112182.133 186703.099)	69	658	0	274	false	1220	None
LINESTRING (3112182.133 186703.099, 3112197.086 186708.708)	69	658	0	275	false	1220	None
LINESTRING (3112197.086 186708.708, 3112233.539 186722.075)	69	658	0	276	false	1220	None
LINESTRING (3112233.539 186722.075, 3112342.82 186762.385)	69	658	0	277	false	1220	E:3112314.717 186752.01877046344
LINESTRING (3112337.453 186048.104, 3112228.849 185595.085)	69	659	0	438	false	1099	E:3112314.717 185953.26550432775|S:3112282.256193314 185817.862
LINESTRING (3112228.849 185595.085, 3112337.453 186048.104)	69	660	0	1062	false	1352	S:3112282.256193314 185817.862|E:3112314.717 185953.26550432775
LINESTRING (3112342.82 186762.385, 3112233.539 186722.075)	69	660	0	1075	false	1352	E:3112314.717 186752.01877046344
LINESTRING (3112233.539 186722.075, 3112197.086 186708.708)	69	660	0	1076	false	1352	None
LINESTRING (3112197.086 186708.708, 3112182.133 186703.099)	69	660	0	1077	false	1352	None
LINESTRING (3112182.133 186703.099, 3112179.35 186702.153)	69	660	0	1078	false	1352	None
LINESTRING (3112179.35 186702.153, 3112136.956 186687.104)	69	660	0	1079	false	1352	None
LINESTRING (3112136.956 186687.104, 3112121.798 186681.775)	69	660	0	1080	false	1352	None
LINESTRING (3112121.798 186681.775, 3112107.24 186676.674)	69	660	0	1081	false	1352	None
LINESTRING (3112107.24 186676.674, 3112094.68 186671.746)	69	660	0	1082	false	1352	None
LINESTRING (3112094.68 186671.746, 3112013.717 186640.383)	69	660	0	1083	false	1352	None
LINESTRING (3112013.717 186640.383, 3111986.633 186630.01)	69	660	0	1084	false	1352	None
LINESTRING (3111986.633 186630.01, 3111964.302 186621.339)	69	660	0	1085	false	1352	None
LINESTRING (3111964.302 186621.339, 3111957.234 186618.752)	69	660	0	1086	false	1352	None
LINESTRING (3111957.234 186618.752, 3111868.562 186586.22)	69	660	0	1087	false	1352	None
LINESTRING (3111868.562 186586.22, 3111838.879 186575.448)	69	660	0	1088	false	1352	None
LINESTRING (3111838.879 186575.448, 3111836.393 186574.496)	69	660	0	1089	false	1352	None
LINESTRING (3111836.393 186574.496, 3111828.6 186571.749)	69	660	0	1090	false	1352	None
LINESTRING (3111828.6 186571.749, 3111825.989 186570.868)	69	660	0	1091	false	1352	None
LINESTRING (3111825.989 186570.868, 3111794.684 186559.712)	69	660	0	1092	false	1352	None
LINESTRING (3111794.684 186559.712, 3111700.768 186526.244)	69	660	0	1093	false	1352	None
LINESTRING (3111700.768 186526.244, 3111669.377 186515.056)	69	660	0	1094	false	1352	None
LINESTRING (3111669.377 186515.056, 3111665.223 186513.584)	69	660	0	1095	false	1352	None
LINESTRING (3111665.223 186513.584, 3111661.755 186512.375)	69	660	0	1096	false	1352	None
LINESTRING (3111661.755 186512.375, 3111652.544 186508.967)	69	660	0	1097	false	1352	None
LINESTRING (3111652.544 186508.967, 3111650.618 186508.348)	69	660	0	1098	false	1352	None
LINESTRING (3111650.618 186508.348, 3111648.185 186507.773)	69	660	0	1099	false	1352	None
LINESTRING (3111648.185 186507.773, 3111644.552 186506.739)	69	660	0	1100	false	1352	None
LINESTRING (3111644.552 186506.739, 3111640.325 186505.714)	69	660	0	1101	false	1352	None
LINESTRING (3111640.325 186505.714, 3111633.078 186504.365)	69	660	0	1102	false	1352	None
LINESTRING (3111633.078 186504.365, 3111629.2 186503.712)	69	660	0	1103	false	1352	None
LINESTRING (3111629.2 186503.712, 3111618.028 186507.991)	69	660	0	1104	false	1352	None
LINESTRING (3111618.028 186507.991, 3111614.689 186510.04)	69	660	0	1105	false	1352	None
LINESTRING (3111614.689 186510.04, 3111608.8 186515.153)	69	660	0	1106	false	1352	None
LINESTRING (3111608.8 186515.153, 3111603.563 186520.872)	69	660	0	1107	false	1352	None
LINESTRING (3111603.563 186520.872, 3111599.892 186524.814)	69	660	0	1108	false	1352	None
LINESTRING (3111599.892 186524.814, 3111593.048 186533.959)	69	660	0	1109	false	1352	None
LINESTRING (3111593.048 186533.959, 3111591.482 186537.281)	69	660	0	1110	false	1352	None
LINESTRING (3111591.482 186537.281, 3111588.571 186557.201)	69	660	0	1111	false	1352	None
LINESTRING (3111588.571 186557.201, 3111587.526 186572.25)	69	660	0	1112	false	1352	None
LINESTRING (3111587.526 186572.25, 3111584.076 186597.43)	69	660	0	1113	false	1352	None
LINESTRING (3111584.076 186597.43, 3111580.25 186616.406)	69	660	0	1114	false	1352	None
LINESTRING (3111580.25 186616.406, 3111580.051 186616.924)	69	660	0	1115	false	1352	None
LINESTRING (3111580.051 186616.924, 3111570.928 186648.964)	69	660	0	1116	false	1352	None
LINESTRING (3111570.928 186648.964, 3111562.252 186651.346)	69	660	0	1117	false	1352	None
LINESTRING (3111562.252 186651.346, 3111538.697 186658.964)	69	660	0	1118	false	1352	None
LINESTRING (3111538.697 186658.964, 3111536.182 186660.14)	69	660	0	1119	false	1352	None
LINESTRING (3111536.182 186660.14, 3111515.356 186669.873)	69	660	0	1120	false	1352	None
LINESTRING (3111515.356 186669.873, 3111499.627 186679.893)	69	660	0	1121	false	1352	None
LINESTRING (3111499.627 186679.893, 3111492.267 186685.513)	69	660	0	1122	false	1352	None
LINESTRING (3111492.267 186685.513, 3111480.54 186697.66)	69	660	0	1123	false	1352	None
LINESTRING (3111480.54 186697.66, 3111471.708 186703.785)	69	660	0	1124	false	1352	None
LINESTRING (3111471.708 186703.785, 3111460.907 186707.612)	69	660	0	1125	false	1352	None
LINESTRING (3111460.907 186707.612, 3111447.937 186709.657)	69	660	0	1126	false	1352	None
LINESTRING (3111447.937 186709.657, 3111438.12 186712.197)	69	660	0	1127	false	1352	None
LINESTRING (3111438.12 186712.197, 3111433.528 186713.41)	69	660	0	1128	false	1352	None
LINESTRING (3111433.528 186713.41, 3111422.727 186717.236)	69	660	0	1129	false	1352	None
LINESTRING (3111422.727 186717.236, 3111411.838 186722.574)	69	660	0	1130	false	1352	None
LINESTRING (3111411.838 186722.574, 3111404.064 186726.965)	69	660	0	1131	false	1352	None
LINESTRING (3111404.064 186726.965, 3111398.981 186730.486)	69	660	0	1132	false	1352	None
LINESTRING (3111398.981 186730.486, 3111385.451 186738.615)	69	660	0	1133	false	1352	None
LINESTRING (3111385.451 186738.615, 3111355.8 186754.714)	69	660	0	1134	false	1352	None
LINESTRING (3111355.8 186754.714, 3111347.67 186758.494)	69	660	0	1135	false	1352	None
LINESTRING (3111347.67 186758.494, 3111339.349 186761.488)	69	660	0	1136	false	1352	None
LINESTRING (3111339.349 186761.488, 3111333.999 186762.885)	69	660	0	1137	false	1352	None
LINESTRING (3111333.999 186762.885, 3111317.56 186765.266)	69	660	0	1138	false	1352	None
LINESTRING (3111317.56 186765.266, 3111305.324 186766.167)	69	660	0	1139	false	1352	None
LINESTRING (3111305.324 186766.167, 3111298.127 186766.739)	69	660	0	1140	false	1352	None
LINESTRING (3111298.127 186766.739, 3111272.978 186766.973)	69	660	0	1141	false	1352	None
LINESTRING (3111272.978 186766.973, 3111256.998 186765.846)	69	660	0	1142	false	1352	None
LINESTRING (3111256.998 186765.846, 3111237.007 186765.441)	69	660	0	1143	false	1352	None
LINESTRING (3111237.007 186765.441, 3111227.18 186764.412)	69	660	0	1144	false	1352	None
LINESTRING (3111227.18 186764.412, 3111207.347 186758.719)	69	660	0	1145	false	1352	None
LINESTRING (3111207.347 186758.719, 3111197.365 186755.016)	69	660	0	1146	false	1352	None
LINESTRING (3111197.365 186755.016, 3111187.786 186750.517)	69	660	0	1147	false	1352	None
LINESTRING (3111187.786 186750.517, 3111179.982 186745.747)	69	660	0	1148	false	1352	None
LINESTRING (3111179.982 186745.747, 3111172.581 186740.18)	69	660	0	1149	false	1352	None
LINESTRING (3111172.581 186740.18, 3111161.708 186730.075)	69	660	0	1150	false	1352	None
LINESTRING (3111161.708 186730.075, 3111150.708 186716.713)	69	660	0	1151	false	1352	None
LINESTRING (3111150.708 186716.713, 3111137.337 186698.759)	69	660	0	1152	false	1352	None
LINESTRING (3111137.337 186698.759, 3111131.279 186689.428)	69	660	0	1153	false	1352	None
LINESTRING (3111131.279 186689.428, 3111127.935 186683.275)	69	660	0	1154	false	1352	None
LINESTRING (3111127.935 186683.275, 3111113.477 186651.477)	69	660	0	1155	false	1352	None
LINESTRING (3111113.477 186651.477, 3111102.127 186631.326)	69	660	0	1156	false	1352	None
LINESTRING (3111102.127 186631.326, 3111089.984 186611.704)	69	660	0	1157	false	1352	None
LINESTRING (3111089.984 186611.704, 3111079.651 186596.339)	69	660	0	1158	false	1352	None
LINESTRING (3111079.651 186596.339, 3111069.371 186581.351)	69	660	0	1159	false	1352	None
LINESTRING (3111069.371 186581.351, 3111053.408 186556.82)	69	660	0	1160	false	1352	None
LINESTRING (3111053.408 186556.82, 3111044.911 186545.13)	69	660	0	1161	false	1352	None
LINESTRING (3111044.911 186545.13, 3111032.961 186531.167)	69	660	0	1162	false	1352	None
LINESTRING (3111032.961 186531.167, 3111020.225 186517.972)	69	660	0	1163	false	1352	None
LINESTRING (3111020.225 186517.972, 3111015.922 186514.067)	69	660	0	1164	false	1352	None
LINESTRING (3111015.922 186514.067, 3111005.009 186504.066)	69	660	0	1165	false	1352	None
LINESTRING (3111005.009 186504.066, 3110995.749 186497.194)	69	660	0	1166	false	1352	None
LINESTRING (3110995.749 186497.194, 3110975.027 186482.012)	69	660	0	1167	false	1352	None
LINESTRING (3110975.027 186482.012, 3110933.673 186448.592)	69	660	0	1168	false	1352	None
LINESTRING (3110933.673 186448.592, 3110920.801 186438.317)	69	660	0	1169	false	1352	None
LINESTRING (3110920.801 186438.317, 3110912.8 186432.52)	69	660	0	1170	false	1352	None
LINESTRING (3110912.8 186432.52, 3110906.486 186427.964)	69	660	0	1171	false	1352	None
LINESTRING (3110906.486 186427.964, 3110896.17 186421.282)	69	660	0	1172	false	1352	None
LINESTRING (3110896.17 186421.282, 3110874.812 186409.303)	69	660	0	1173	false	1352	None
LINESTRING (3110874.812 186409.303, 3110860.056 186403.179)	69	660	0	1174	false	1352	None
LINESTRING (3110860.056 186403.179, 3110844.944 186397.988)	69	660	0	1175	false	1352	None
LINESTRING (3110844.944 186397.988, 3110831.182 186394.146)	69	660	0	1176	false	1352	None
LINESTRING (3110831.182 186394.146, 3110817.354 186390.991)	69	660	0	1177	false	1352	None
LINESTRING (3110817.354 186390.991, 3110784.269 186384.743)	69	660	0	1178	false	1352	None
LINESTRING (3110784.269 186384.743, 3110767.623 186382.53)	69	660	0	1179	false	1352	None
LINESTRING (3110767.623 186382.53, 3110735.807 186380.927)	69	660	0	1180	false	1352	None
LINESTRING (3110735.807 186380.927, 3110732.061 186380.444)	69	660	0	1181	false	1352	None
LINESTRING (3110732.061 186380.444, 3110704.751 186377.595)	69	660	0	1182	false	1352	None
LINESTRING (3110704.751 186377.595, 3110666.212 186370.449)	69	660	0	1183	false	1352	None
LINESTRING (3110666.212 186370.449, 3110617.631 186360.527)	69	660	0	1184	false	1352	None
LINESTRING (3110617.631 186360.527, 3110605.155 186357.178)	69	660	0	1185	false	1352	None
LINESTRING (3110605.155 186357.178, 3110581.868 186347.67)	69	660	0	1186	false	1352	None
LINESTRING (3110581.868 186347.67, 3110515.893 186316.95)	69	660	0	1187	false	1352	None
LINESTRING (3110515.893 186316.95, 3110501.652 186311.024)	69	660	0	1188	false	1352	None
LINESTRING (3110501.652 186311.024, 3110433.194 186284.227)	69	660	0	1189	false	1352	None
LINESTRING (3110433.194 186284.227, 3110389.128 186270.212)	69	660	0	1190	false	1352	None
LINESTRING (3110389.128 186270.212, 3110355.658 186259.065)	69	660	0	1191	false	1352	None
LINESTRING (3110355.658 186259.065, 3110290.875 186236.528)	69	660	0	1192	false	1352	None
LINESTRING (3110290.875 186236.528, 3110271.821 186228.285)	69	660	0	1193	false	1352	None
LINESTRING (3110271.821 186228.285, 3110262.777 186223.16)	69	660	0	1194	false	1352	None
LINESTRING (3110262.777 186223.16, 3110255.249 186217.664)	69	660	0	1195	false	1352	None
LINESTRING (3110255.249 186217.664, 3110240.968 186205.425)	69	660	0	1196	false	1352	None
LINESTRING (3110240.968 186205.425, 3110227.089 186192.389)	69	660	0	1197	false	1352	None
LINESTRING (3110227.089 186192.389, 3110207.267 186172.8)	69	660	0	1198	false	1352	None
LINESTRING (3110207.267 186172.8, 3110200.038 186165.756)	69	660	0	1199	false	1352	None
LINESTRING (3110200.038 186165.756, 3110163.71 186134.859)	69	660	0	1200	false	1352	None
LINESTRING (3110163.71 186134.859, 3110150.504 186121.606)	69	660	0	1201	false	1352	None
LINESTRING (3110150.504 186121.606, 3110143.591 186115.276)	69	660	0	1202	false	1352	None
LINESTRING (3110143.591 186115.276, 3110138.179 186111.185)	69	660	0	1203	false	1352	None
LINESTRING (3110138.179 186111.185, 3110124.678 186102.81)	69	660	0	1204	false	1352	None
LINESTRING (3110124.678 186102.81, 3110109 186095.502)	69	660	0	1205	false	1352	None
LINESTRING (3110109 186095.502, 3110095.872 186091.547)	69	660	0	1206	false	1352	None
LINESTRING (3110095.872 186091.547, 3110090.457 186090.545)	69	660	0	1207	false	1352	None
LINESTRING (3110090.457 186090.545, 3110079.483 186089.434)	69	660	0	1208	false	1352	None
LINESTRING (3110079.483 186089.434, 3110058.488 186089.599)	69	660	0	1209	false	1352	None
LINESTRING (3110058.488 186089.599, 3110042.497 186092.867)	69	660	0	1210	false	1352	None
LINESTRING (3110042.497 186092.867, 3110034.185 186094.558)	69	660	0	1211	false	1352	None
LINESTRING (3110034.185 186094.558, 3110013.596 186098.8)	69	660	0	1212	false	1352	None
LINESTRING (3110013.596 186098.8, 3110009.163 186099.599)	69	660	0	1213	false	1352	None
LINESTRING (3110009.163 186099.599, 3110000.719 186101.12)	69	660	0	1214	false	1352	None
LINESTRING (3110000.719 186101.12, 3109986.278 186103.675)	69	660	0	1215	false	1352	None
LINESTRING (3109986.278 186103.675, 3109942.667 186111.583)	69	660	0	1216	false	1352	None
LINESTRING (3109942.667 186111.583, 3109941.822 186111.735)	69	660	0	1217	false	1352	None
LINESTRING (3109941.822 186111.735, 3109928.042 186113.592)	69	660	0	1218	false	1352	None
LINESTRING (3109928.042 186113.592, 3109925.338 186113.983)	69	660	0	1219	false	1352	None
LINESTRING (3109925.338 186113.983, 3109923.431 186114.085)	69	660	0	1220	false	1352	None
LINESTRING (3109923.431 186114.085, 3109909.256 186115.434)	69	660	0	1221	false	1352	None
LINESTRING (3109909.256 186115.434, 3109908.834 186115.51)	69	660	0	1222	false	1352	None
LINESTRING (3109908.834 186115.51, 3109904.553 186115.654)	69	660	0	1223	false	1352	None
LINESTRING (3109904.553 186115.654, 3109895.226 186115.887)	69	660	0	1224	false	1352	None
LINESTRING (3109895.226 186115.887, 3109888.149 186116.15)	69	660	0	1225	false	1352	None
LINESTRING (3109888.149 186116.15, 3109877.787 186115.75)	69	660	0	1226	false	1352	None
LINESTRING (3109877.787 186115.75, 3109867.618 186114.591)	69	660	0	1227	false	1352	None
LINESTRING (3109867.618 186114.591, 3109867.361 186114.493)	69	660	0	1228	false	1352	None
LINESTRING (3109867.361 186114.493, 3109858.273 186112.56)	69	660	0	1229	false	1352	None
LINESTRING (3109858.273 186112.56, 3109855.84 186111.985)	69	660	0	1230	false	1352	None
LINESTRING (3109855.84 186111.985, 3109854.772 186111.695)	69	660	0	1231	false	1352	None
LINESTRING (3109854.772 186111.695, 3109844.089 186108.796)	69	660	0	1232	false	1352	None
LINESTRING (3109844.089 186108.796, 3109840.502 186107.898)	69	660	0	1233	false	1352	None
LINESTRING (3109840.502 186107.898, 3109835.2 186106.345)	69	660	0	1234	false	1352	None
LINESTRING (3109835.2 186106.345, 3109830.716 186105.223)	69	660	0	1235	false	1352	None
LINESTRING (3109830.716 186105.223, 3109819.329 186101.341)	69	660	0	1236	false	1352	None
LINESTRING (3109819.329 186101.341, 3109817.575 186100.788)	69	660	0	1237	false	1352	None
LINESTRING (3109817.575 186100.788, 3109814.14 186099.236)	69	660	0	1238	false	1352	None
LINESTRING (3109814.14 186099.236, 3109809.498 186096.985)	69	660	0	1239	false	1352	None
LINESTRING (3109809.498 186096.985, 3109806.406 186095.564)	69	660	0	1240	false	1352	None
LINESTRING (3109806.406 186095.564, 3109795.937 186089.537)	69	660	0	1241	false	1352	None
LINESTRING (3109795.937 186089.537, 3109791.375 186087.079)	69	660	0	1242	false	1352	None
LINESTRING (3109791.375 186087.079, 3109779.918 186080.555)	69	660	0	1243	false	1352	None
LINESTRING (3109779.918 186080.555, 3109762.52 186070.808)	69	660	0	1244	false	1352	None
LINESTRING (3109762.52 186070.808, 3109745.406 186060.576)	69	660	0	1245	false	1352	None
LINESTRING (3109745.406 186060.576, 3109733.942 186053.812)	69	660	0	1246	false	1352	None
LINESTRING (3109733.942 186053.812, 3109723.164 186047.311)	69	660	0	1247	false	1352	None
LINESTRING (3109723.164 186047.311, 3109722.643 186046.874)	69	660	0	1248	false	1352	None
LINESTRING (3109722.643 186046.874, 3109688.891 186025.166)	69	660	0	1249	false	1352	None
LINESTRING (3109688.891 186025.166, 3109686.129 186023.396)	69	660	0	1250	false	1352	None
LINESTRING (3109686.129 186023.396, 3109677.506 186018.195)	69	660	0	1251	false	1352	None
LINESTRING (3109677.506 186018.195, 3109644.868 185998.457)	69	660	0	1252	false	1352	None
LINESTRING (3109644.868 185998.457, 3109640.213 185995.725)	69	660	0	1253	false	1352	None
LINESTRING (3109640.213 185995.725, 3109551.528 185947.056)	69	660	0	1254	false	1352	None
LINESTRING (3109551.528 185947.056, 3109545.015 185943.019)	69	660	0	1255	false	1352	None
LINESTRING (3109545.015 185943.019, 3109530.439 185934.115)	69	660	0	1256	false	1352	None
LINESTRING (3109530.439 185934.115, 3109511.887 185924.046)	69	660	0	1257	false	1352	None
LINESTRING (3109511.887 185924.046, 3109480.982 185904.141)	69	660	0	1258	false	1352	None
LINESTRING (3109480.982 185904.141, 3109405.139 185853.495)	69	660	0	1259	false	1352	None
LINESTRING (3109405.139 185853.495, 3109395.621 185862.449)	69	660	0	1260	false	1352	None
LINESTRING (3109395.621 185862.449, 3109361.111 185896.658)	69	660	0	1261	false	1352	None
LINESTRING (3109361.111 185896.658, 3109325.541 185927.728)	69	660	0	1262	false	1352	None
LINESTRING (3109325.541 185927.728, 3109295.026 185955.86)	69	660	0	1263	false	1352	None
LINESTRING (3109295.026 185955.86, 3109249.592 186000.386)	69	660	0	1264	false	1352	None
LINESTRING (3109249.592 186000.386, 3109223.036 186027.419)	69	660	0	1265	false	1352	None
LINESTRING (3109223.036 186027.419, 3109197.799 186054.6)	69	660	0	1266	false	1352	None
LINESTRING (3109197.799 186054.6, 3109181.287 186074.9)	69	660	0	1267	false	1352	None
LINESTRING (3109181.287 186074.9, 3109137.697 186131.302)	69	660	0	1268	false	1352	None
LINESTRING (3109137.697 186131.302, 3109127.376 186146.722)	69	660	0	1269	false	1352	None
LINESTRING (3109127.376 186146.722, 3109102.339 186187.764)	69	660	0	1270	false	1352	None
LINESTRING (3109102.339 186187.764, 3109054.314 186271.939)	69	660	0	1271	false	1352	None
LINESTRING (3109054.314 186271.939, 3108889.642 186553.658)	69	660	0	1272	false	1352	None
LINESTRING (3108889.642 186553.658, 3108846.677 186622.301)	69	660	0	1273	false	1352	None
LINESTRING (3108846.677 186622.301, 3108742.77 186791.686)	69	660	0	1274	false	1352	None
LINESTRING (3108742.77 186791.686, 3108726.796 186816.232)	69	660	0	1275	false	1352	None
LINESTRING (3108726.796 186816.232, 3108693.269 186861.75)	69	660	0	1276	false	1352	None
LINESTRING (3108693.269 186861.75, 3108609.598 186981.84)	69	660	0	1277	false	1352	None
LINESTRING (3108609.598 186981.84, 3108572.931 187036.852)	69	660	0	1278	false	1352	None
LINESTRING (3108572.931 187036.852, 3108568.759 187042.623)	69	660	0	1279	false	1352	None
LINESTRING (3108568.759 187042.623, 3108564.302 187048.879)	69	660	0	1280	false	1352	None
LINESTRING (3108564.302 187048.879, 3108556.714 187061.78)	69	660	0	1281	false	1352	None
LINESTRING (3108556.714 187061.78, 3108541.16 187105.262)	69	660	0	1282	false	1352	None
LINESTRING (3108541.16 187105.262, 3108534.406 187122.404)	69	660	0	1283	false	1352	None
LINESTRING (3108534.406 187122.404, 3108508.312 187198.572)	69	660	0	1284	false	1352	None
LINESTRING (3108508.312 187198.572, 3108462.169 187332.543)	69	660	0	1285	false	1352	None
LINESTRING (3108462.169 187332.543, 3108406.206 187489.614)	69	660	0	1286	false	1352	None
LINESTRING (3108406.206 187489.614, 3108373.621 187583.262)	69	660	0	1287	false	1352	None
LINESTRING (3108373.621 187583.262, 3108361.606 187614.67)	69	660	0	1288	false	1352	None
LINESTRING (3108361.606 187614.67, 3108338.515 187672.974)	69	660	0	1289	false	1352	None
LINESTRING (3108338.515 187672.974, 3108334.497 187682.964)	69	660	0	1290	false	1352	None
LINESTRING (3108334.497 187682.964, 3108306.081 187745.172)	69	660	0	1291	false	1352	None
LINESTRING (3108306.081 187745.172, 3108273.988 187811.084)	69	660	0	1292	false	1352	None
LINESTRING (3108273.988 187811.084, 3108267.745 187825.094)	69	660	0	1293	false	1352	None
LINESTRING (3108267.745 187825.094, 3108261.757 187816.862)	69	660	0	1294	false	1352	None
LINESTRING (3108261.757 187816.862, 3108250.756 187803.504)	69	660	0	1295	false	1352	None
LINESTRING (3108250.756 187803.504, 3108240.171 187789.829)	69	660	0	1296	false	1352	None
LINESTRING (3108240.171 187789.829, 3108221.387 187762.918)	69	660	0	1297	false	1352	None
LINESTRING (3108221.387 187762.918, 3108198.277 187728.054)	69	660	0	1298	false	1352	None
LINESTRING (3108198.277 187728.054, 3108178.837 187697.208)	69	660	0	1299	false	1352	None
LINESTRING (3108178.837 187697.208, 3108095.68 187565.582)	69	660	0	1300	false	1352	None
LINESTRING (3108095.68 187565.582, 3108018.352 187445.932)	69	660	0	1301	false	1352	W:3108036.883 187474.60510870564
