LINESTRING (3180286.977 228980.84, 3180293.993 228957.001)	99	333	0	384	false	1688	N:3180290.323277948 228969.47
LINESTRING (3180293.993 228957.001, 3180297.047 228939.477)	99	333	0	385	false	1688	None
LINESTRING (3180297.047 228939.477, 3180296.549 228919.719)	99	333	0	386	false	1688	None
LINESTRING (3180296.549 228919.719, 3180290.768 228900.627)	99	333	0	387	false	1688	None
LINESTRING (3180290.768 228900.627, 3180279.475 228873.522)	99	333	0	388	false	1688	None
LINESTRING (3180279.475 228873.522, 3180267.161 228853.767)	99	333	0	389	false	1688	None
LINESTRING (3180267.161 228853.767, 3180241.977 228806.407)	99	333	0	390	false	1688	None
LINESTRING (3180241.977 228806.407, 3180232.154 228793.835)	99	333	0	391	false	1688	None
LINESTRING (3180232.154 228793.835, 3180217.866 228772.589)	99	333	0	392	false	1688	None
LINESTRING (3180217.866 228772.589, 3180208.291 228754.629)	99	333	0	393	false	1688	None
LINESTRING (3180208.291 228754.629, 3180204.213 228728.454)	99	333	0	394	false	1688	None
LINESTRING (3180204.213 228728.454, 3180209.255 228703.123)	99	333	0	395	false	1688	None
LINESTRING (3180209.255 228703.123, 3180211.825 228656.543)	99	333	0	396	false	1688	None
LINESTRING (3180211.825 228656.543, 3180214.651 228627.836)	99	333	0	397	false	1688	None
LINESTRING (3180214.651 228627.836, 3180214.919 228610.885)	99	333	0	398	false	1688	None
LINESTRING (3180214.919 228610.885, 3180222.845 228595.992)	99	333	0	399	false	1688	None
LINESTRING (3180222.845 228595.992, 3180231.23 228583.189)	99	333	0	400	false	1688	None
LINESTRING (3180231.23 228583.189, 3180234.492 228578.15)	99	333	0	401	false	1688	None
LINESTRING (3180234.492 228578.15, 3180237.731 228569.167)	99	333	0	402	false	1688	None
LINESTRING (3180237.731 228569.167, 3180248.289 228549.585)	99	333	0	403	false	1688	None
LINESTRING (3180248.289 228549.585, 3180257.466 228536.019)	99	333	0	404	false	1688	None
LINESTRING (3180257.466 228536.019, 3180266.953 228530.925)	99	333	0	405	false	1688	None
LINESTRING (3180266.953 228530.925, 3180284.225 228527.819)	99	333	0	406	false	1688	None
LINESTRING (3180284.225 228527.819, 3180305.163 228526.156)	99	333	0	407	false	1688	None
LINESTRING (3180305.163 228526.156, 3180323.202 228523.353)	99	333	0	408	false	1688	None
LINESTRING (3180323.202 228523.353, 3180333.813 228519.655)	99	333	0	409	false	1688	None
LINESTRING (3180333.813 228519.655, 3180340.845 228512.045)	99	333	0	410	false	1688	None
LINESTRING (3180340.845 228512.045, 3180345.573 228506.033)	99	333	0	411	false	1688	None
LINESTRING (3180345.573 228506.033, 3180356.412 228487.992)	99	333	0	412	false	1688	None
LINESTRING (3180356.412 228487.992, 3180359.95 228481.75)	99	333	0	413	false	1688	None
LINESTRING (3180359.95 228481.75, 3180366.861 228469.44)	99	333	0	414	false	1688	None
LINESTRING (3180366.861 228469.44, 3180368.669 228466.096)	99	333	0	415	false	1688	None
LINESTRING (3180368.669 228466.096, 3180376.325 228445.134)	99	333	0	416	false	1688	None
LINESTRING (3180376.325 228445.134, 3180383.878 228430.691)	99	333	0	417	false	1688	None
LINESTRING (3180383.878 228430.691, 3180387.815 228422.936)	99	333	0	418	false	1688	None
LINESTRING (3180387.815 228422.936, 3180390.106 228418.112)	99	333	0	419	false	1688	None
LINESTRING (3180390.106 228418.112, 3180403.112 228390.309)	99	333	0	420	false	1688	None
LINESTRING (3180403.112 228390.309, 3180432.844 228250.406)	99	333	0	421	false	1688	None
LINESTRING (3180432.844 228250.406, 3180436.888 228236.372)	99	333	0	422	false	1688	None
LINESTRING (3180436.888 228236.372, 3180450.524 228187.943)	99	333	0	423	false	1688	None
LINESTRING (3180450.524 228187.943, 3180467.859 228142.878)	99	333	0	424	false	1688	None
LINESTRING (3180467.859 228142.878, 3180477.645 228127.763)	99	333	0	425	false	1688	None
LINESTRING (3180477.645 228127.763, 3180480.487 228115.283)	99	333	0	426	false	1688	None
LINESTRING (3180480.487 228115.283, 3180481.509 228105.428)	99	333	0	427	false	1688	None
LINESTRING (3180481.509 228105.428, 3180481.501 228104.947)	99	333	0	428	false	1688	None
LINESTRING (3180481.501 228104.947, 3180480.273 228094.803)	99	333	0	429	false	1688	None
LINESTRING (3180480.273 228094.803, 3180476.621 228081.558)	99	333	0	430	false	1688	None
LINESTRING (3180476.621 228081.558, 3180465.198 228059.531)	99	333	0	431	false	1688	None
LINESTRING (3180465.198 228059.531, 3180444.94 228033.432)	99	333	0	432	false	1688	None
LINESTRING (3180444.94 228033.432, 3180425.137 228001.667)	99	333	0	433	false	1688	None
LINESTRING (3180425.137 228001.667, 3180403.998 227973.552)	99	333	0	434	false	1688	None
LINESTRING (3180403.998 227973.552, 3180372.799 227926.45)	99	333	0	435	false	1688	None
LINESTRING (3180372.799 227926.45, 3180364.722 227904.428)	99	333	0	436	false	1688	None
LINESTRING (3180364.722 227904.428, 3180361.44 227887.989)	99	333	0	437	false	1688	None
LINESTRING (3180361.44 227887.989, 3180359.563 227871.984)	99	333	0	438	false	1688	None
LINESTRING (3180359.563 227871.984, 3180353.04 227836.498)	99	333	0	439	false	1688	None
LINESTRING (3180353.04 227836.498, 3180352.27 227810.67)	99	333	0	440	false	1688	None
LINESTRING (3180352.27 227810.67, 3180347.878 227776.023)	99	333	0	441	false	1688	None
LINESTRING (3180347.878 227776.023, 3180341.495 227753.951)	99	333	0	442	false	1688	None
LINESTRING (3180341.495 227753.951, 3180339.21 227746.492)	99	333	0	443	false	1688	None
LINESTRING (3180339.21 227746.492, 3180329.006 227713.853)	99	333	0	444	false	1688	None
LINESTRING (3180329.006 227713.853, 3180295.263 227666.706)	99	333	0	445	false	1688	None
LINESTRING (3180295.263 227666.706, 3180280.331 227642.584)	99	333	0	446	false	1688	None
LINESTRING (3180280.331 227642.584, 3180274.456 227630.731)	99	333	0	447	false	1688	None
LINESTRING (3180274.456 227630.731, 3180270.321 227616.461)	99	333	0	448	false	1688	None
LINESTRING (3180270.321 227616.461, 3180267.223 227608.564)	99	333	0	449	false	1688	None
LINESTRING (3180267.223 227608.564, 3180267.833 227604.51)	99	333	0	450	false	1688	None
LINESTRING (3180267.833 227604.51, 3180259.349 227581.016)	99	333	0	451	false	1688	None
LINESTRING (3180259.349 227581.016, 3180256.065 227574.595)	99	333	0	452	false	1688	None
LINESTRING (3180256.065 227574.595, 3180233.07 227531.915)	99	333	0	453	false	1688	None
LINESTRING (3180233.07 227531.915, 3180199.854 227503.703)	99	333	0	454	false	1688	None
LINESTRING (3180199.854 227503.703, 3180198.867 227502.957)	99	333	0	455	false	1688	None
LINESTRING (3180198.867 227502.957, 3180175.636 227486.663)	99	333	0	456	false	1688	None
LINESTRING (3180175.636 227486.663, 3180222.308 227430.594)	99	333	0	457	false	1688	None
LINESTRING (3180222.308 227430.594, 3180273.96 227368.375)	99	333	0	458	false	1688	None
LINESTRING (3180273.96 227368.375, 3180308.24 227326.039)	99	333	0	459	false	1688	None
LINESTRING (3180308.24 227326.039, 3180340.134 227290.518)	99	333	0	460	false	1688	None
LINESTRING (3180340.134 227290.518, 3180367.104 227269.519)	99	333	0	461	false	1688	None
LINESTRING (3180367.104 227269.519, 3180402.227 227242.066)	99	333	0	462	false	1688	None
LINESTRING (3180402.227 227242.066, 3180423.563 227228.632)	99	333	0	463	false	1688	None
LINESTRING (3180423.563 227228.632, 3180445.655 227214.779)	99	333	0	464	false	1688	None
LINESTRING (3180445.655 227214.779, 3180447.332 227213.769)	99	333	0	465	false	1688	None
LINESTRING (3180447.332 227213.769, 3180505.378 227176.608)	99	333	0	466	false	1688	None
LINESTRING (3180505.378 227176.608, 3180517.816 227168.022)	99	333	0	467	false	1688	None
LINESTRING (3180517.816 227168.022, 3180535.444 227155.754)	99	333	0	468	false	1688	None
LINESTRING (3180535.444 227155.754, 3180541.017 227152.101)	99	333	0	469	false	1688	None
LINESTRING (3180541.017 227152.101, 3180550.485 227145.807)	99	333	0	470	false	1688	None
LINESTRING (3180550.485 227145.807, 3180562.842 227132.419)	99	333	0	471	false	1688	None
LINESTRING (3180562.842 227132.419, 3180568.22 227124.754)	99	333	0	472	false	1688	None
LINESTRING (3180568.22 227124.754, 3180576.536 227112.877)	99	333	0	473	false	1688	None
LINESTRING (3180576.536 227112.877, 3180584.445 227099.529)	99	333	0	474	false	1688	None
LINESTRING (3180584.445 227099.529, 3180594.769 227076.038)	99	333	0	475	false	1688	None
LINESTRING (3180594.769 227076.038, 3180618.026 227017.917)	99	333	0	476	false	1688	None
LINESTRING (3180618.026 227017.917, 3180619.127 227015.368)	99	333	0	477	false	1688	None
LINESTRING (3180619.127 227015.368, 3180634.94 226978.173)	99	333	0	478	false	1688	None
LINESTRING (3180634.94 226978.173, 3180661.7 226906.64)	99	333	0	479	false	1688	None
LINESTRING (3180661.7 226906.64, 3180732.074 226717.723)	99	333	0	480	false	1688	None
LINESTRING (3180732.074 226717.723, 3180741.943 226692.384)	99	333	0	481	false	1688	None
LINESTRING (3180741.943 226692.384, 3180751.609 226667.56)	99	333	0	482	false	1688	None
LINESTRING (3180751.609 226667.56, 3180770.538 226621.692)	99	333	0	483	false	1688	E:3180760.052 226647.10125817536
LINESTRING (3180810.293 225926.71, 3180732.67 225938.758)	99	333	0	514	false	1688	E:3180760.052 225934.50799245067
LINESTRING (3180732.67 225938.758, 3180697.844 225938.657)	99	333	0	515	false	1688	None
LINESTRING (3180697.844 225938.657, 3180643.997 225938.589)	99	333	0	516	false	1688	None
LINESTRING (3180643.997 225938.589, 3180607.029 225947.187)	99	333	0	517	false	1688	None
LINESTRING (3180607.029 225947.187, 3180584.474 225948.692)	99	333	0	518	false	1688	None
LINESTRING (3180584.474 225948.692, 3180555.408 225943.463)	99	333	0	519	false	1688	None
LINESTRING (3180555.408 225943.463, 3180523.633 225935.856)	99	333	0	520	false	1688	None
LINESTRING (3180523.633 225935.856, 3180480.266 225924.166)	99	333	0	521	false	1688	None
LINESTRING (3180480.266 225924.166, 3180439.564 225909.709)	99	333	0	522	false	1688	None
LINESTRING (3180439.564 225909.709, 3180428.759 225909.634)	99	333	0	523	false	1688	None
LINESTRING (3180428.759 225909.634, 3180381.252 225911.226)	99	333	0	524	false	1688	None
LINESTRING (3180381.252 225911.226, 3180353.759 225898.744)	99	333	0	525	false	1688	None
LINESTRING (3180353.759 225898.744, 3180318.848 225878.574)	99	333	0	526	false	1688	None
LINESTRING (3180318.848 225878.574, 3180317.695 225878.001)	99	333	0	527	false	1688	None
LINESTRING (3180317.695 225878.001, 3180258.361 225846.557)	99	333	0	528	false	1688	None
LINESTRING (3180258.361 225846.557, 3180229.71 225808.216)	99	333	0	529	false	1688	None
LINESTRING (3180229.71 225808.216, 3180223.557 225792.557)	99	333	0	530	false	1688	None
LINESTRING (3180223.557 225792.557, 3180190.268 225707.906)	99	333	0	531	false	1688	None
LINESTRING (3180190.268 225707.906, 3180177.786 225676.282)	99	333	0	532	false	1688	None
LINESTRING (3180177.786 225676.282, 3180171.942 225666.35)	99	333	0	533	false	1688	None
LINESTRING (3180171.942 225666.35, 3180155.763 225639.117)	99	333	0	534	false	1688	None
LINESTRING (3180155.763 225639.117, 3180145.682 225629.189)	99	333	0	535	false	1688	None
LINESTRING (3180145.682 225629.189, 3180133.943 225623.977)	99	333	0	536	false	1688	None
LINESTRING (3180133.943 225623.977, 3180119.897 225620.123)	99	333	0	537	false	1688	None
LINESTRING (3180119.897 225620.123, 3180095.542 225622.949)	99	333	0	538	false	1688	None
LINESTRING (3180095.542 225622.949, 3180078.885 225627.491)	99	333	0	539	false	1688	None
LINESTRING (3180078.885 225627.491, 3180066.931 225627.084)	99	333	0	540	false	1688	None
LINESTRING (3180066.931 225627.084, 3180051.333 225624.171)	99	333	0	541	false	1688	None
LINESTRING (3180051.333 225624.171, 3180037.641 225616.163)	99	333	0	542	false	1688	None
LINESTRING (3180037.641 225616.163, 3180014.159 225600.489)	99	333	0	543	false	1688	None
LINESTRING (3180014.159 225600.489, 3179978.02 225577.93)	99	333	0	544	false	1688	None
LINESTRING (3179978.02 225577.93, 3179946.874 225562.462)	99	333	0	545	false	1688	None
LINESTRING (3179946.874 225562.462, 3179898.549 225548.351)	99	333	0	546	false	1688	None
LINESTRING (3179898.549 225548.351, 3179885.478 225544.523)	99	333	0	547	false	1688	None
LINESTRING (3179885.478 225544.523, 3179843.186 225546.38)	99	333	0	548	false	1688	None
LINESTRING (3179843.186 225546.38, 3179833.917 225544.405)	99	333	0	549	false	1688	None
LINESTRING (3179833.917 225544.405, 3179785.11 225534.278)	99	333	0	550	false	1688	None
LINESTRING (3179785.11 225534.278, 3179765.836 225534.453)	99	333	0	551	false	1688	None
LINESTRING (3179765.836 225534.453, 3179738.821 225545.298)	99	333	0	552	false	1688	None
LINESTRING (3179738.821 225545.298, 3179708.646 225552.159)	99	333	0	553	false	1688	None
LINESTRING (3179708.646 225552.159, 3179703.033 225553.41)	99	333	0	554	false	1688	None
LINESTRING (3179703.033 225553.41, 3179687.062 225545.938)	99	333	0	555	false	1688	None
LINESTRING (3179687.062 225545.938, 3179643.98 225516.238)	99	333	0	556	false	1688	None
LINESTRING (3179643.98 225516.238, 3179625.446 225507.52)	99	333	0	557	false	1688	None
LINESTRING (3179625.446 225507.52, 3179601.765 225495.108)	99	333	0	558	false	1688	None
LINESTRING (3179601.765 225495.108, 3179577.125 225486.136)	99	333	0	559	false	1688	None
LINESTRING (3179577.125 225486.136, 3179527.131 225466.004)	99	333	0	560	false	1688	None
LINESTRING (3179527.131 225466.004, 3179494.688 225456.588)	99	333	0	561	false	1688	None
LINESTRING (3179494.688 225456.588, 3179481.99 225447.303)	99	333	0	562	false	1688	None
LINESTRING (3179481.99 225447.303, 3179481.47 225446.621)	99	333	0	563	false	1688	None
LINESTRING (3179481.47 225446.621, 3179470.031 225434.133)	99	333	0	564	false	1688	None
LINESTRING (3179470.031 225434.133, 3179461.073 225410.575)	99	333	0	565	false	1688	None
LINESTRING (3179461.073 225410.575, 3179454.803 225370.662)	99	333	0	566	false	1688	None
LINESTRING (3179454.803 225370.662, 3179459.523 225331.849)	99	333	0	567	false	1688	None
LINESTRING (3179459.523 225331.849, 3179460.372 225237.25)	99	333	0	568	false	1688	None
LINESTRING (3179460.372 225237.25, 3179465.065 225204.27)	99	333	0	569	false	1688	None
LINESTRING (3179465.065 225204.27, 3179470.067 225182.027)	99	333	0	570	false	1688	None
LINESTRING (3179470.067 225182.027, 3179499.416 225069.293)	99	333	0	571	false	1688	None
LINESTRING (3179499.416 225069.293, 3179497.808 225042.066)	99	333	0	572	false	1688	S:3179498.075537371 225046.596
LINESTRING (3178097.255 225041.37, 3178099.742 225117.24)	99	333	0	682	false	1688	S:3178097.426306999 225046.596
LINESTRING (3178099.742 225117.24, 3178099.469 225130.966)	99	333	0	683	false	1688	None
LINESTRING (3178099.469 225130.966, 3178098.836 225170.668)	99	333	0	684	false	1688	None
LINESTRING (3178098.836 225170.668, 3178090.64 225191.776)	99	333	0	685	false	1688	None
LINESTRING (3178090.64 225191.776, 3178071.121 225217.139)	99	333	0	686	false	1688	None
LINESTRING (3178071.121 225217.139, 3178070.706 225217.692)	99	333	0	687	false	1688	None
LINESTRING (3178070.706 225217.692, 3178068.636 225222.961)	99	333	0	688	false	1688	None
LINESTRING (3178068.636 225222.961, 3178061.447 225241.005)	99	333	0	689	false	1688	None
LINESTRING (3178061.447 225241.005, 3178058.966 225247.067)	99	333	0	690	false	1688	None
LINESTRING (3178058.966 225247.067, 3178058.236 225248.926)	99	333	0	691	false	1688	None
LINESTRING (3178058.236 225248.926, 3178050.616 225286.359)	99	333	0	692	false	1688	None
LINESTRING (3178050.616 225286.359, 3178042.172 225364.732)	99	333	0	693	false	1688	None
LINESTRING (3178042.172 225364.732, 3178027.403 225479.496)	99	333	0	694	false	1688	None
LINESTRING (3178027.403 225479.496, 3178011.613 225564.283)	99	333	0	695	false	1688	None
LINESTRING (3178011.613 225564.283, 3178011.349 225608.305)	99	333	0	696	false	1688	None
LINESTRING (3178011.349 225608.305, 3178010.689 225681.15)	99	333	0	697	false	1688	None
LINESTRING (3178010.689 225681.15, 3178008.477 225732.634)	99	333	0	698	false	1688	None
LINESTRING (3178008.477 225732.634, 3178008.679 225794.012)	99	333	0	699	false	1688	None
LINESTRING (3178008.679 225794.012, 3178012.679 225859.505)	99	333	0	700	false	1688	None
LINESTRING (3178012.679 225859.505, 3178004.191 225937.98)	99	333	0	701	false	1688	None
LINESTRING (3178004.191 225937.98, 3177995.588 226054.334)	99	333	0	702	false	1688	None
LINESTRING (3177995.588 226054.334, 3177999.261 226115.645)	99	333	0	703	false	1688	None
LINESTRING (3177999.261 226115.645, 3178008.464 226165.892)	99	333	0	704	false	1688	None
LINESTRING (3178008.464 226165.892, 3178010.724 226263.617)	99	333	0	705	false	1688	None
LINESTRING (3178010.724 226263.617, 3178013.099 226318.456)	99	333	0	706	false	1688	None
LINESTRING (3178013.099 226318.456, 3178034.136 226377.17)	99	333	0	707	false	1688	None
LINESTRING (3178034.136 226377.17, 3178042.806 226403.714)	99	333	0	708	false	1688	None
LINESTRING (3178042.806 226403.714, 3178045.847 226430.55)	99	333	0	709	false	1688	None
LINESTRING (3178045.847 226430.55, 3178043.801 226469.578)	99	333	0	710	false	1688	None
LINESTRING (3178043.801 226469.578, 3178042.863 226504.033)	99	333	0	711	false	1688	None
LINESTRING (3178042.863 226504.033, 3178040.935 226550.025)	99	333	0	712	false	1688	None
LINESTRING (3178040.935 226550.025, 3178043.723 226601.806)	99	333	0	713	false	1688	None
LINESTRING (3178043.723 226601.806, 3178042.405 226616.434)	99	333	0	714	false	1688	None
LINESTRING (3178042.405 226616.434, 3178038.694 226629.883)	99	333	0	715	false	1688	None
LINESTRING (3178038.694 226629.883, 3178031.857 226643.773)	99	333	0	716	false	1688	None
LINESTRING (3178031.857 226643.773, 3178023.033 226652.946)	99	333	0	717	false	1688	None
LINESTRING (3178023.033 226652.946, 3178011.536 226659.4)	99	333	0	718	false	1688	None
LINESTRING (3178011.536 226659.4, 3177999.914 226665.923)	99	333	0	719	false	1688	None
LINESTRING (3177999.914 226665.923, 3177947.5 226692.312)	99	333	0	720	false	1688	None
LINESTRING (3177947.5 226692.312, 3177889.773 226752.509)	99	333	0	721	false	1688	None
LINESTRING (3177889.773 226752.509, 3177809.364 226796.518)	99	333	0	722	false	1688	None
LINESTRING (3177809.364 226796.518, 3177752.93 226820.612)	99	333	0	723	false	1688	None
LINESTRING (3177752.93 226820.612, 3177731.228 226849.53)	99	333	0	724	false	1688	None
LINESTRING (3177731.228 226849.53, 3177720.446 226858.173)	99	333	0	725	false	1688	None
LINESTRING (3177720.446 226858.173, 3177700.346 226874.245)	99	333	0	726	false	1688	None
LINESTRING (3177700.346 226874.245, 3177687.766 226884.208)	99	333	0	727	false	1688	None
LINESTRING (3177687.766 226884.208, 3177676.859 226892.921)	99	333	0	728	false	1688	None
LINESTRING (3177676.859 226892.921, 3177671.294 226877.019)	99	333	0	729	false	1688	None
LINESTRING (3177671.294 226877.019, 3177654.305 226829.556)	99	333	0	730	false	1688	None
LINESTRING (3177654.305 226829.556, 3177648.613 226813.724)	99	333	0	731	false	1688	None
LINESTRING (3177648.613 226813.724, 3177622.633 226740.784)	99	333	0	732	false	1688	None
LINESTRING (3177622.633 226740.784, 3177576.919 226611.075)	99	333	0	733	false	1688	None
LINESTRING (3177576.919 226611.075, 3177546.888 226514.363)	99	333	0	734	false	1688	None
LINESTRING (3177546.888 226514.363, 3177530.78 226436.837)	99	333	0	735	false	1688	None
LINESTRING (3177530.78 226436.837, 3177524.598 226384.916)	99	333	0	736	false	1688	None
LINESTRING (3177524.598 226384.916, 3177510.027 226295.711)	99	333	0	737	false	1688	None
LINESTRING (3177510.027 226295.711, 3177501.477 226244.053)	99	333	0	738	false	1688	None
LINESTRING (3177501.477 226244.053, 3177483.09 226172.072)	99	333	0	739	false	1688	None
LINESTRING (3177483.09 226172.072, 3177446.233 225973.936)	99	333	0	740	false	1688	None
LINESTRING (3177446.233 225973.936, 3177410.992 225773.933)	99	333	0	741	false	1688	None
LINESTRING (3177410.992 225773.933, 3177385.949 225637.684)	99	333	0	742	false	1688	None
LINESTRING (3177385.949 225637.684, 3177379.605 225606.213)	99	333	0	743	false	1688	None
LINESTRING (3177379.605 225606.213, 3177357.499 225498.071)	99	333	0	744	false	1688	None
LINESTRING (3177357.499 225498.071, 3177342.792 225406.43)	99	333	0	745	false	1688	None
LINESTRING (3177342.792 225406.43, 3177334.501 225340.565)	99	333	0	746	false	1688	None
LINESTRING (3177334.501 225340.565, 3177325.569 225281.842)	99	333	0	747	false	1688	None
LINESTRING (3177325.569 225281.842, 3177315.447 225252.465)	99	333	0	748	false	1688	None
LINESTRING (3177315.447 225252.465, 3177283.906 225187.126)	99	333	0	749	false	1688	None
LINESTRING (3177283.906 225187.126, 3177257.765 225142.63)	99	333	0	750	false	1688	None
LINESTRING (3177257.765 225142.63, 3177216.673 225076.282)	99	333	0	751	false	1688	None
LINESTRING (3177216.673 225076.282, 3177163.591 225009.875)	99	333	0	752	false	1688	S:3177192.94369056 225046.596
LINESTRING (3176711.605 228987.152, 3176727.941 228951.593)	99	334	0	14	false	2222	N:3176719.7282079645 228969.47
LINESTRING (3176727.941 228951.593, 3176733.333 228939.877)	99	334	0	15	false	2222	None
LINESTRING (3176733.333 228939.877, 3176740.725 228923.82)	99	334	0	16	false	2222	None
LINESTRING (3176740.725 228923.82, 3176745.13 228913.864)	99	334	0	17	false	2222	None
LINESTRING (3176745.13 228913.864, 3176749.775 228903.047)	99	334	0	18	false	2222	None
LINESTRING (3176749.775 228903.047, 3176772.347 228850.618)	99	334	0	19	false	2222	None
LINESTRING (3176772.347 228850.618, 3176797.651 228791.987)	99	334	0	20	false	2222	None
LINESTRING (3176797.651 228791.987, 3176806.412 228771.697)	99	334	0	21	false	2222	None
LINESTRING (3176806.412 228771.697, 3176813.797 228755.16)	99	334	0	22	false	2222	None
LINESTRING (3176813.797 228755.16, 3176817.146 228747.889)	99	334	0	23	false	2222	None
LINESTRING (3176817.146 228747.889, 3176826.898 228726.081)	99	334	0	24	false	2222	None
LINESTRING (3176826.898 228726.081, 3176830.036 228718.846)	99	334	0	25	false	2222	None
LINESTRING (3176830.036 228718.846, 3176830.527 228717.847)	99	334	0	26	false	2222	None
LINESTRING (3176830.527 228717.847, 3176854.095 228671.652)	99	334	0	27	false	2222	None
LINESTRING (3176854.095 228671.652, 3176860.314 228658.831)	99	334	0	28	false	2222	None
LINESTRING (3176860.314 228658.831, 3176869.193 228640.496)	99	334	0	29	false	2222	None
LINESTRING (3176869.193 228640.496, 3176906.025 228584.845)	99	334	0	30	false	2222	None
LINESTRING (3176906.025 228584.845, 3176941.388 228542.451)	99	334	0	31	false	2222	None
LINESTRING (3176941.388 228542.451, 3176959.508 228517.133)	99	334	0	32	false	2222	None
LINESTRING (3176959.508 228517.133, 3176969.3 228500.23)	99	334	0	33	false	2222	None
LINESTRING (3176969.3 228500.23, 3176972.467 228494.677)	99	334	0	34	false	2222	None
LINESTRING (3176972.467 228494.677, 3176985.179 228472.601)	99	334	0	35	false	2222	None
LINESTRING (3176985.179 228472.601, 3177003.477 228435.307)	99	334	0	36	false	2222	None
LINESTRING (3177003.477 228435.307, 3177009.834 228420.632)	99	334	0	37	false	2222	None
LINESTRING (3177009.834 228420.632, 3177023.727 228388.287)	99	334	0	38	false	2222	None
LINESTRING (3177023.727 228388.287, 3177027.633 228376.345)	99	334	0	39	false	2222	None
LINESTRING (3177027.633 228376.345, 3177032.415 228361.17)	99	334	0	40	false	2222	None
LINESTRING (3177032.415 228361.17, 3177041.184 228333.847)	99	334	0	41	false	2222	None
LINESTRING (3177041.184 228333.847, 3177043.631 228325.865)	99	334	0	42	false	2222	None
LINESTRING (3177043.631 228325.865, 3177047.646 228307.884)	99	334	0	43	false	2222	None
LINESTRING (3177047.646 228307.884, 3177051.681 228283.59)	99	334	0	44	false	2222	None
LINESTRING (3177051.681 228283.59, 3177053.485 228250.191)	99	334	0	45	false	2222	None
LINESTRING (3177053.485 228250.191, 3177053.51 228249.127)	99	334	0	46	false	2222	None
LINESTRING (3177053.51 228249.127, 3177052.323 228229.102)	99	334	0	47	false	2222	None
LINESTRING (3177052.323 228229.102, 3177051.413 228222.9)	99	334	0	48	false	2222	None
LINESTRING (3177051.413 228222.9, 3177043.771 228169.451)	99	334	0	49	false	2222	None
LINESTRING (3177043.771 228169.451, 3177029.999 228074.236)	99	334	0	50	false	2222	None
LINESTRING (3177029.999 228074.236, 3177016.935 228010.785)	99	334	0	51	false	2222	None
LINESTRING (3177016.935 228010.785, 3177006.011 227958.669)	99	334	0	52	false	2222	None
LINESTRING (3177006.011 227958.669, 3176992.428 227914.573)	99	334	0	53	false	2222	None
LINESTRING (3176992.428 227914.573, 3176988.216 227900.992)	99	334	0	54	false	2222	None
LINESTRING (3176988.216 227900.992, 3176963.029 227829.557)	99	334	0	55	false	2222	None
LINESTRING (3176963.029 227829.557, 3176945.763 227785.564)	99	334	0	56	false	2222	None
LINESTRING (3176945.763 227785.564, 3176929.117 227743.246)	99	334	0	57	false	2222	None
LINESTRING (3176929.117 227743.246, 3176909.945 227694.33)	99	334	0	58	false	2222	None
LINESTRING (3176909.945 227694.33, 3176896.045 227659.053)	99	334	0	59	false	2222	None
LINESTRING (3176896.045 227659.053, 3176874.105 227596.886)	99	334	0	60	false	2222	None
LINESTRING (3176874.105 227596.886, 3176865.721 227547.32)	99	334	0	61	false	2222	None
LINESTRING (3176865.721 227547.32, 3176865.319 227541.08)	99	334	0	62	false	2222	None
LINESTRING (3176865.319 227541.08, 3176861.156 227485.779)	99	334	0	63	false	2222	None
LINESTRING (3176861.156 227485.779, 3176861.549 227479.016)	99	334	0	64	false	2222	None
LINESTRING (3176861.549 227479.016, 3176862.436 227458.972)	99	334	0	65	false	2222	None
LINESTRING (3176862.436 227458.972, 3176862.703 227452.279)	99	334	0	66	false	2222	None
LINESTRING (3176862.703 227452.279, 3176863.31 227443.216)	99	334	0	67	false	2222	None
LINESTRING (3176863.31 227443.216, 3176864.756 227416.235)	99	334	0	68	false	2222	None
LINESTRING (3176864.756 227416.235, 3176865.238 227407.242)	99	334	0	69	false	2222	None
LINESTRING (3176865.238 227407.242, 3176883.064 227406.972)	99	334	0	70	false	2222	None
LINESTRING (3176883.064 227406.972, 3176896.786 227406.877)	99	334	0	71	false	2222	None
LINESTRING (3176896.786 227406.877, 3176991.137 227406.027)	99	334	0	72	false	2222	None
LINESTRING (3176991.137 227406.027, 3176997.362 227405.969)	99	334	0	73	false	2222	None
LINESTRING (3176997.362 227405.969, 3177022.177 227408.206)	99	334	0	74	false	2222	None
LINESTRING (3177022.177 227408.206, 3177049.21 227381.501)	99	334	0	75	false	2222	None
LINESTRING (3177049.21 227381.501, 3177084.448 227341.682)	99	334	0	76	false	2222	None
LINESTRING (3177084.448 227341.682, 3177090.38 227334.353)	99	334	0	77	false	2222	None
LINESTRING (3177090.38 227334.353, 3177138.24 227274.688)	99	334	0	78	false	2222	None
LINESTRING (3177138.24 227274.688, 3177155.174 227246.877)	99	334	0	79	false	2222	None
LINESTRING (3177155.174 227246.877, 3177167.929 227192.618)	99	334	0	80	false	2222	None
LINESTRING (3177167.929 227192.618, 3177176.932 227161.69)	99	334	0	81	false	2222	None
LINESTRING (3177176.932 227161.69, 3177202.704 227118.151)	99	334	0	82	false	2222	None
LINESTRING (3177202.704 227118.151, 3177223.686 227089.307)	99	334	0	83	false	2222	None
LINESTRING (3177223.686 227089.307, 3177238.912 227070.604)	99	334	0	84	false	2222	None
LINESTRING (3177238.912 227070.604, 3177267.622 227035.375)	99	334	0	85	false	2222	None
LINESTRING (3177267.622 227035.375, 3177302.177 227015.085)	99	334	0	86	false	2222	None
LINESTRING (3177302.177 227015.085, 3177313.685 227011.855)	99	334	0	87	false	2222	None
LINESTRING (3177313.685 227011.855, 3177346.021 227002.976)	99	334	0	88	false	2222	None
LINESTRING (3177346.021 227002.976, 3177347.832 227002.376)	99	334	0	89	false	2222	None
LINESTRING (3177347.832 227002.376, 3177407.075 226981.65)	99	334	0	90	false	2222	None
LINESTRING (3177407.075 226981.65, 3177428.813 226982.202)	99	334	0	91	false	2222	None
LINESTRING (3177428.813 226982.202, 3177448.181 226987.786)	99	334	0	92	false	2222	None
LINESTRING (3177448.181 226987.786, 3177450.268 226988.487)	99	334	0	93	false	2222	None
LINESTRING (3177450.268 226988.487, 3177478.733 227000.984)	99	334	0	94	false	2222	None
LINESTRING (3177478.733 227000.984, 3177495.717 227008.374)	99	334	0	95	false	2222	None
LINESTRING (3177495.717 227008.374, 3177505.447 227012.675)	99	334	0	96	false	2222	None
LINESTRING (3177505.447 227012.675, 3177524.368 227019.395)	99	334	0	97	false	2222	None
LINESTRING (3177524.368 227019.395, 3177529.668 227019.689)	99	334	0	98	false	2222	None
LINESTRING (3177529.668 227019.689, 3177542.93 227009.993)	99	334	0	99	false	2222	None
LINESTRING (3177542.93 227009.993, 3177547.352 227006.007)	99	334	0	100	false	2222	None
LINESTRING (3177547.352 227006.007, 3177555.193 226998.832)	99	334	0	101	false	2222	None
LINESTRING (3177555.193 226998.832, 3177561.218 226989.512)	99	334	0	102	false	2222	None
LINESTRING (3177561.218 226989.512, 3177571.844 226981.763)	99	334	0	103	false	2222	None
LINESTRING (3177571.844 226981.763, 3177578.8 226977.341)	99	334	0	104	false	2222	None
LINESTRING (3177578.8 226977.341, 3177601.845 226962.545)	99	334	0	105	false	2222	None
LINESTRING (3177601.845 226962.545, 3177630.944 226945.12)	99	334	0	106	false	2222	None
LINESTRING (3177630.944 226945.12, 3177632.312 226943.392)	99	334	0	107	false	2222	None
LINESTRING (3177632.312 226943.392, 3177645.646 226925.496)	99	334	0	108	false	2222	None
LINESTRING (3177645.646 226925.496, 3177648.091 226922.282)	99	334	0	109	false	2222	None
LINESTRING (3177648.091 226922.282, 3177649 226920.97)	99	334	0	110	false	2222	None
LINESTRING (3177649 226920.97, 3177656.289 226913.698)	99	334	0	111	false	2222	None
LINESTRING (3177656.289 226913.698, 3177658.952 226910.928)	99	334	0	112	false	2222	None
LINESTRING (3177658.952 226910.928, 3177662.534 226907.327)	99	334	0	113	false	2222	None
LINESTRING (3177662.534 226907.327, 3177673.278 226896.523)	99	334	0	114	false	2222	None
LINESTRING (3177673.278 226896.523, 3177676.859 226892.921)	99	334	0	115	false	2222	None
LINESTRING (3177676.859 226892.921, 3177687.766 226884.208)	99	334	0	116	false	2222	None
LINESTRING (3177687.766 226884.208, 3177700.346 226874.245)	99	334	0	117	false	2222	None
LINESTRING (3177700.346 226874.245, 3177720.446 226858.173)	99	334	0	118	false	2222	None
LINESTRING (3177720.446 226858.173, 3177731.228 226849.53)	99	334	0	119	false	2222	None
LINESTRING (3177731.228 226849.53, 3177752.93 226820.612)	99	334	0	120	false	2222	None
LINESTRING (3177752.93 226820.612, 3177809.364 226796.518)	99	334	0	121	false	2222	None
LINESTRING (3177809.364 226796.518, 3177889.773 226752.509)	99	334	0	122	false	2222	None
LINESTRING (3177889.773 226752.509, 3177947.5 226692.312)	99	334	0	123	false	2222	None
LINESTRING (3177947.5 226692.312, 3177999.914 226665.923)	99	334	0	124	false	2222	None
LINESTRING (3177999.914 226665.923, 3178011.536 226659.4)	99	334	0	125	false	2222	None
LINESTRING (3178011.536 226659.4, 3178023.033 226652.946)	99	334	0	126	false	2222	None
LINESTRING (3178023.033 226652.946, 3178031.857 226643.773)	99	334	0	127	false	2222	None
LINESTRING (3178031.857 226643.773, 3178038.694 226629.883)	99	334	0	128	false	2222	None
LINESTRING (3178038.694 226629.883, 3178042.405 226616.434)	99	334	0	129	false	2222	None
LINESTRING (3178042.405 226616.434, 3178043.723 226601.806)	99	334	0	130	false	2222	None
LINESTRING (3178043.723 226601.806, 3178040.935 226550.025)	99	334	0	131	false	2222	None
LINESTRING (3178040.935 226550.025, 3178042.863 226504.033)	99	334	0	132	false	2222	None
LINESTRING (3178042.863 226504.033, 3178043.801 226469.578)	99	334	0	133	false	2222	None
LINESTRING (3178043.801 226469.578, 3178045.847 226430.55)	99	334	0	134	false	2222	None
LINESTRING (3178045.847 226430.55, 3178042.806 226403.714)	99	334	0	135	false	2222	None
LINESTRING (3178042.806 226403.714, 3178034.136 226377.17)	99	334	0	136	false	2222	None
LINESTRING (3178034.136 226377.17, 3178013.099 226318.456)	99	334	0	137	false	2222	None
LINESTRING (3178013.099 226318.456, 3178010.724 226263.617)	99	334	0	138	false	2222	None
LINESTRING (3178010.724 226263.617, 3178008.464 226165.892)	99	334	0	139	false	2222	None
LINESTRING (3178008.464 226165.892, 3177999.261 226115.645)	99	334	0	140	false	2222	None
LINESTRING (3177999.261 226115.645, 3177995.588 226054.334)	99	334	0	141	false	2222	None
LINESTRING (3177995.588 226054.334, 3178004.191 225937.98)	99	334	0	142	false	2222	None
LINESTRING (3178004.191 225937.98, 3178012.679 225859.505)	99	334	0	143	false	2222	None
LINESTRING (3178012.679 225859.505, 3178008.679 225794.012)	99	334	0	144	false	2222	None
LINESTRING (3178008.679 225794.012, 3178008.477 225732.634)	99	334	0	145	false	2222	None
LINESTRING (3178008.477 225732.634, 3178010.689 225681.15)	99	334	0	146	false	2222	None
LINESTRING (3178010.689 225681.15, 3178011.349 225608.305)	99	334	0	147	false	2222	None
LINESTRING (3178011.349 225608.305, 3178011.613 225564.283)	99	334	0	148	false	2222	None
LINESTRING (3178011.613 225564.283, 3178027.403 225479.496)	99	334	0	149	false	2222	None
LINESTRING (3178027.403 225479.496, 3178042.172 225364.732)	99	334	0	150	false	2222	None
LINESTRING (3178042.172 225364.732, 3178050.616 225286.359)	99	334	0	151	false	2222	None
LINESTRING (3178050.616 225286.359, 3178058.236 225248.926)	99	334	0	152	false	2222	None
LINESTRING (3178058.236 225248.926, 3178058.966 225247.067)	99	334	0	153	false	2222	None
LINESTRING (3178058.966 225247.067, 3178061.447 225241.005)	99	334	0	154	false	2222	None
LINESTRING (3178061.447 225241.005, 3178068.636 225222.961)	99	334	0	155	false	2222	None
LINESTRING (3178068.636 225222.961, 3178070.706 225217.692)	99	334	0	156	false	2222	None
LINESTRING (3178070.706 225217.692, 3178071.121 225217.139)	99	334	0	157	false	2222	None
LINESTRING (3178071.121 225217.139, 3178090.64 225191.776)	99	334	0	158	false	2222	None
LINESTRING (3178090.64 225191.776, 3178098.836 225170.668)	99	334	0	159	false	2222	None
LINESTRING (3178098.836 225170.668, 3178099.469 225130.966)	99	334	0	160	false	2222	None
LINESTRING (3178099.469 225130.966, 3178099.742 225117.24)	99	334	0	161	false	2222	None
LINESTRING (3178099.742 225117.24, 3178097.255 225041.37)	99	334	0	162	false	2222	S:3178097.426306999 225046.596
LINESTRING (3179497.808 225042.066, 3179499.416 225069.293)	99	334	0	272	false	2222	S:3179498.075537371 225046.596
LINESTRING (3179499.416 225069.293, 3179470.067 225182.027)	99	334	0	273	false	2222	None
LINESTRING (3179470.067 225182.027, 3179465.065 225204.27)	99	334	0	274	false	2222	None
LINESTRING (3179465.065 225204.27, 3179460.372 225237.25)	99	334	0	275	false	2222	None
LINESTRING (3179460.372 225237.25, 3179459.523 225331.849)	99	334	0	276	false	2222	None
LINESTRING (3179459.523 225331.849, 3179454.803 225370.662)	99	334	0	277	false	2222	None
LINESTRING (3179454.803 225370.662, 3179461.073 225410.575)	99	334	0	278	false	2222	None
LINESTRING (3179461.073 225410.575, 3179470.031 225434.133)	99	334	0	279	false	2222	None
LINESTRING (3179470.031 225434.133, 3179481.47 225446.621)	99	334	0	280	false	2222	None
LINESTRING (3179481.47 225446.621, 3179481.99 225447.303)	99	334	0	281	false	2222	None
LINESTRING (3179481.99 225447.303, 3179494.688 225456.588)	99	334	0	282	false	2222	None
LINESTRING (3179494.688 225456.588, 3179527.131 225466.004)	99	334	0	283	false	2222	None
LINESTRING (3179527.131 225466.004, 3179577.125 225486.136)	99	334	0	284	false	2222	None
LINESTRING (3179577.125 225486.136, 3179601.765 225495.108)	99	334	0	285	false	2222	None
LINESTRING (3179601.765 225495.108, 3179625.446 225507.52)	99	334	0	286	false	2222	None
LINESTRING (3179625.446 225507.52, 3179643.98 225516.238)	99	334	0	287	false	2222	None
LINESTRING (3179643.98 225516.238, 3179687.062 225545.938)	99	334	0	288	false	2222	None
LINESTRING (3179687.062 225545.938, 3179703.033 225553.41)	99	334	0	289	false	2222	None
LINESTRING (3179703.033 225553.41, 3179708.646 225552.159)	99	334	0	290	false	2222	None
LINESTRING (3179708.646 225552.159, 3179738.821 225545.298)	99	334	0	291	false	2222	None
LINESTRING (3179738.821 225545.298, 3179765.836 225534.453)	99	334	0	292	false	2222	None
LINESTRING (3179765.836 225534.453, 3179785.11 225534.278)	99	334	0	293	false	2222	None
LINESTRING (3179785.11 225534.278, 3179833.917 225544.405)	99	334	0	294	false	2222	None
LINESTRING (3179833.917 225544.405, 3179843.186 225546.38)	99	334	0	295	false	2222	None
LINESTRING (3179843.186 225546.38, 3179885.478 225544.523)	99	334	0	296	false	2222	None
LINESTRING (3179885.478 225544.523, 3179898.549 225548.351)	99	334	0	297	false	2222	None
LINESTRING (3179898.549 225548.351, 3179946.874 225562.462)	99	334	0	298	false	2222	None
LINESTRING (3179946.874 225562.462, 3179978.02 225577.93)	99	334	0	299	false	2222	None
LINESTRING (3179978.02 225577.93, 3180014.159 225600.489)	99	334	0	300	false	2222	None
LINESTRING (3180014.159 225600.489, 3180037.641 225616.163)	99	334	0	301	false	2222	None
LINESTRING (3180037.641 225616.163, 3180051.333 225624.171)	99	334	0	302	false	2222	None
LINESTRING (3180051.333 225624.171, 3180066.931 225627.084)	99	334	0	303	false	2222	None
LINESTRING (3180066.931 225627.084, 3180078.885 225627.491)	99	334	0	304	false	2222	None
LINESTRING (3180078.885 225627.491, 3180095.542 225622.949)	99	334	0	305	false	2222	None
LINESTRING (3180095.542 225622.949, 3180119.897 225620.123)	99	334	0	306	false	2222	None
LINESTRING (3180119.897 225620.123, 3180133.943 225623.977)	99	334	0	307	false	2222	None
LINESTRING (3180133.943 225623.977, 3180145.682 225629.189)	99	334	0	308	false	2222	None
LINESTRING (3180145.682 225629.189, 3180155.763 225639.117)	99	334	0	309	false	2222	None
LINESTRING (3180155.763 225639.117, 3180171.942 225666.35)	99	334	0	310	false	2222	None
LINESTRING (3180171.942 225666.35, 3180177.786 225676.282)	99	334	0	311	false	2222	None
LINESTRING (3180177.786 225676.282, 3180190.268 225707.906)	99	334	0	312	false	2222	None
LINESTRING (3180190.268 225707.906, 3180223.557 225792.557)	99	334	0	313	false	2222	None
LINESTRING (3180223.557 225792.557, 3180229.71 225808.216)	99	334	0	314	false	2222	None
LINESTRING (3180229.71 225808.216, 3180258.361 225846.557)	99	334	0	315	false	2222	None
LINESTRING (3180258.361 225846.557, 3180317.695 225878.001)	99	334	0	316	false	2222	None
LINESTRING (3180317.695 225878.001, 3180318.848 225878.574)	99	334	0	317	false	2222	None
LINESTRING (3180318.848 225878.574, 3180353.759 225898.744)	99	334	0	318	false	2222	None
LINESTRING (3180353.759 225898.744, 3180381.252 225911.226)	99	334	0	319	false	2222	None
LINESTRING (3180381.252 225911.226, 3180428.759 225909.634)	99	334	0	320	false	2222	None
LINESTRING (3180428.759 225909.634, 3180439.564 225909.709)	99	334	0	321	false	2222	None
LINESTRING (3180439.564 225909.709, 3180480.266 225924.166)	99	334	0	322	false	2222	None
LINESTRING (3180480.266 225924.166, 3180523.633 225935.856)	99	334	0	323	false	2222	None
LINESTRING (3180523.633 225935.856, 3180555.408 225943.463)	99	334	0	324	false	2222	None
LINESTRING (3180555.408 225943.463, 3180584.474 225948.692)	99	334	0	325	false	2222	None
LINESTRING (3180584.474 225948.692, 3180607.029 225947.187)	99	334	0	326	false	2222	None
LINESTRING (3180607.029 225947.187, 3180643.997 225938.589)	99	334	0	327	false	2222	None
LINESTRING (3180643.997 225938.589, 3180697.844 225938.657)	99	334	0	328	false	2222	None
LINESTRING (3180697.844 225938.657, 3180732.67 225938.758)	99	334	0	329	false	2222	None
LINESTRING (3180732.67 225938.758, 3180810.293 225926.71)	99	334	0	330	false	2222	E:3180760.052 225934.50799245067
LINESTRING (3180770.538 226621.692, 3180751.609 226667.56)	99	334	0	361	false	2222	E:3180760.052 226647.10125817536
LINESTRING (3180751.609 226667.56, 3180741.943 226692.384)	99	334	0	362	false	2222	None
LINESTRING (3180741.943 226692.384, 3180732.074 226717.723)	99	334	0	363	false	2222	None
LINESTRING (3180732.074 226717.723, 3180661.7 226906.64)	99	334	0	364	false	2222	None
LINESTRING (3180661.7 226906.64, 3180634.94 226978.173)	99	334	0	365	false	2222	None
LINESTRING (3180634.94 226978.173, 3180619.127 227015.368)	99	334	0	366	false	2222	None
LINESTRING (3180619.127 227015.368, 3180618.026 227017.917)	99	334	0	367	false	2222	None
LINESTRING (3180618.026 227017.917, 3180594.769 227076.038)	99	334	0	368	false	2222	None
LINESTRING (3180594.769 227076.038, 3180584.445 227099.529)	99	334	0	369	false	2222	None
LINESTRING (3180584.445 227099.529, 3180576.536 227112.877)	99	334	0	370	false	2222	None
LINESTRING (3180576.536 227112.877, 3180568.22 227124.754)	99	334	0	371	false	2222	None
LINESTRING (3180568.22 227124.754, 3180562.842 227132.419)	99	334	0	372	false	2222	None
LINESTRING (3180562.842 227132.419, 3180550.485 227145.807)	99	334	0	373	false	2222	None
LINESTRING (3180550.485 227145.807, 3180541.017 227152.101)	99	334	0	374	false	2222	None
LINESTRING (3180541.017 227152.101, 3180535.444 227155.754)	99	334	0	375	false	2222	None
LINESTRING (3180535.444 227155.754, 3180517.816 227168.022)	99	334	0	376	false	2222	None
LINESTRING (3180517.816 227168.022, 3180505.378 227176.608)	99	334	0	377	false	2222	None
LINESTRING (3180505.378 227176.608, 3180447.332 227213.769)	99	334	0	378	false	2222	None
LINESTRING (3180447.332 227213.769, 3180445.655 227214.779)	99	334	0	379	false	2222	None
LINESTRING (3180445.655 227214.779, 3180423.563 227228.632)	99	334	0	380	false	2222	None
LINESTRING (3180423.563 227228.632, 3180402.227 227242.066)	99	334	0	381	false	2222	None
LINESTRING (3180402.227 227242.066, 3180367.104 227269.519)	99	334	0	382	false	2222	None
LINESTRING (3180367.104 227269.519, 3180340.134 227290.518)	99	334	0	383	false	2222	None
LINESTRING (3180340.134 227290.518, 3180308.24 227326.039)	99	334	0	384	false	2222	None
LINESTRING (3180308.24 227326.039, 3180273.96 227368.375)	99	334	0	385	false	2222	None
LINESTRING (3180273.96 227368.375, 3180222.308 227430.594)	99	334	0	386	false	2222	None
LINESTRING (3180222.308 227430.594, 3180175.636 227486.663)	99	334	0	387	false	2222	None
LINESTRING (3180175.636 227486.663, 3180198.867 227502.957)	99	334	0	388	false	2222	None
LINESTRING (3180198.867 227502.957, 3180199.854 227503.703)	99	334	0	389	false	2222	None
LINESTRING (3180199.854 227503.703, 3180233.07 227531.915)	99	334	0	390	false	2222	None
LINESTRING (3180233.07 227531.915, 3180256.065 227574.595)	99	334	0	391	false	2222	None
LINESTRING (3180256.065 227574.595, 3180259.349 227581.016)	99	334	0	392	false	2222	None
LINESTRING (3180259.349 227581.016, 3180267.833 227604.51)	99	334	0	393	false	2222	None
LINESTRING (3180267.833 227604.51, 3180267.223 227608.564)	99	334	0	394	false	2222	None
LINESTRING (3180267.223 227608.564, 3180270.321 227616.461)	99	334	0	395	false	2222	None
LINESTRING (3180270.321 227616.461, 3180274.456 227630.731)	99	334	0	396	false	2222	None
LINESTRING (3180274.456 227630.731, 3180280.331 227642.584)	99	334	0	397	false	2222	None
LINESTRING (3180280.331 227642.584, 3180295.263 227666.706)	99	334	0	398	false	2222	None
LINESTRING (3180295.263 227666.706, 3180329.006 227713.853)	99	334	0	399	false	2222	None
LINESTRING (3180329.006 227713.853, 3180339.21 227746.492)	99	334	0	400	false	2222	None
LINESTRING (3180339.21 227746.492, 3180341.495 227753.951)	99	334	0	401	false	2222	None
LINESTRING (3180341.495 227753.951, 3180347.878 227776.023)	99	334	0	402	false	2222	None
LINESTRING (3180347.878 227776.023, 3180352.27 227810.67)	99	334	0	403	false	2222	None
LINESTRING (3180352.27 227810.67, 3180353.04 227836.498)	99	334	0	404	false	2222	None
LINESTRING (3180353.04 227836.498, 3180359.563 227871.984)	99	334	0	405	false	2222	None
LINESTRING (3180359.563 227871.984, 3180361.44 227887.989)	99	334	0	406	false	2222	None
LINESTRING (3180361.44 227887.989, 3180364.722 227904.428)	99	334	0	407	false	2222	None
LINESTRING (3180364.722 227904.428, 3180372.799 227926.45)	99	334	0	408	false	2222	None
LINESTRING (3180372.799 227926.45, 3180403.998 227973.552)	99	334	0	409	false	2222	None
LINESTRING (3180403.998 227973.552, 3180425.137 228001.667)	99	334	0	410	false	2222	None
LINESTRING (3180425.137 228001.667, 3180444.94 228033.432)	99	334	0	411	false	2222	None
LINESTRING (3180444.94 228033.432, 3180465.198 228059.531)	99	334	0	412	false	2222	None
LINESTRING (3180465.198 228059.531, 3180476.621 228081.558)	99	334	0	413	false	2222	None
LINESTRING (3180476.621 228081.558, 3180480.273 228094.803)	99	334	0	414	false	2222	None
LINESTRING (3180480.273 228094.803, 3180481.501 228104.947)	99	334	0	415	false	2222	None
LINESTRING (3180481.501 228104.947, 3180481.509 228105.428)	99	334	0	416	false	2222	None
LINESTRING (3180481.509 228105.428, 3180480.487 228115.283)	99	334	0	417	false	2222	None
LINESTRING (3180480.487 228115.283, 3180477.645 228127.763)	99	334	0	418	false	2222	None
LINESTRING (3180477.645 228127.763, 3180467.859 228142.878)	99	334	0	419	false	2222	None
LINESTRING (3180467.859 228142.878, 3180450.524 228187.943)	99	334	0	420	false	2222	None
LINESTRING (3180450.524 228187.943, 3180436.888 228236.372)	99	334	0	421	false	2222	None
LINESTRING (3180436.888 228236.372, 3180432.844 228250.406)	99	334	0	422	false	2222	None
LINESTRING (3180432.844 228250.406, 3180403.112 228390.309)	99	334	0	423	false	2222	None
LINESTRING (3180403.112 228390.309, 3180390.106 228418.112)	99	334	0	424	false	2222	None
LINESTRING (3180390.106 228418.112, 3180387.815 228422.936)	99	334	0	425	false	2222	None
LINESTRING (3180387.815 228422.936, 3180383.878 228430.691)	99	334	0	426	false	2222	None
LINESTRING (3180383.878 228430.691, 3180376.325 228445.134)	99	334	0	427	false	2222	None
LINESTRING (3180376.325 228445.134, 3180368.669 228466.096)	99	334	0	428	false	2222	None
LINESTRING (3180368.669 228466.096, 3180366.861 228469.44)	99	334	0	429	false	2222	None
LINESTRING (3180366.861 228469.44, 3180359.95 228481.75)	99	334	0	430	false	2222	None
LINESTRING (3180359.95 228481.75, 3180356.412 228487.992)	99	334	0	431	false	2222	None
LINESTRING (3180356.412 228487.992, 3180345.573 228506.033)	99	334	0	432	false	2222	None
LINESTRING (3180345.573 228506.033, 3180340.845 228512.045)	99	334	0	433	false	2222	None
LINESTRING (3180340.845 228512.045, 3180333.813 228519.655)	99	334	0	434	false	2222	None
LINESTRING (3180333.813 228519.655, 3180323.202 228523.353)	99	334	0	435	false	2222	None
LINESTRING (3180323.202 228523.353, 3180305.163 228526.156)	99	334	0	436	false	2222	None
LINESTRING (3180305.163 228526.156, 3180284.225 228527.819)	99	334	0	437	false	2222	None
LINESTRING (3180284.225 228527.819, 3180266.953 228530.925)	99	334	0	438	false	2222	None
LINESTRING (3180266.953 228530.925, 3180257.466 228536.019)	99	334	0	439	false	2222	None
LINESTRING (3180257.466 228536.019, 3180248.289 228549.585)	99	334	0	440	false	2222	None
LINESTRING (3180248.289 228549.585, 3180237.731 228569.167)	99	334	0	441	false	2222	None
LINESTRING (3180237.731 228569.167, 3180234.492 228578.15)	99	334	0	442	false	2222	None
LINESTRING (3180234.492 228578.15, 3180231.23 228583.189)	99	334	0	443	false	2222	None
LINESTRING (3180231.23 228583.189, 3180222.845 228595.992)	99	334	0	444	false	2222	None
LINESTRING (3180222.845 228595.992, 3180214.919 228610.885)	99	334	0	445	false	2222	None
LINESTRING (3180214.919 228610.885, 3180214.651 228627.836)	99	334	0	446	false	2222	None
LINESTRING (3180214.651 228627.836, 3180211.825 228656.543)	99	334	0	447	false	2222	None
LINESTRING (3180211.825 228656.543, 3180209.255 228703.123)	99	334	0	448	false	2222	None
LINESTRING (3180209.255 228703.123, 3180204.213 228728.454)	99	334	0	449	false	2222	None
LINESTRING (3180204.213 228728.454, 3180208.291 228754.629)	99	334	0	450	false	2222	None
LINESTRING (3180208.291 228754.629, 3180217.866 228772.589)	99	334	0	451	false	2222	None
LINESTRING (3180217.866 228772.589, 3180232.154 228793.835)	99	334	0	452	false	2222	None
LINESTRING (3180232.154 228793.835, 3180241.977 228806.407)	99	334	0	453	false	2222	None
LINESTRING (3180241.977 228806.407, 3180267.161 228853.767)	99	334	0	454	false	2222	None
LINESTRING (3180267.161 228853.767, 3180279.475 228873.522)	99	334	0	455	false	2222	None
LINESTRING (3180279.475 228873.522, 3180290.768 228900.627)	99	334	0	456	false	2222	None
LINESTRING (3180290.768 228900.627, 3180296.549 228919.719)	99	334	0	457	false	2222	None
LINESTRING (3180296.549 228919.719, 3180297.047 228939.477)	99	334	0	458	false	2222	None
LINESTRING (3180297.047 228939.477, 3180293.993 228957.001)	99	334	0	459	false	2222	None
LINESTRING (3180293.993 228957.001, 3180286.977 228980.84)	99	334	0	460	false	2222	N:3180290.323277948 228969.47
LINESTRING (3177163.591 225009.875, 3177216.673 225076.282)	99	337	0	764	false	1368	S:3177192.94369056 225046.596
LINESTRING (3177216.673 225076.282, 3177257.765 225142.63)	99	337	0	765	false	1368	None
LINESTRING (3177257.765 225142.63, 3177283.906 225187.126)	99	337	0	766	false	1368	None
LINESTRING (3177283.906 225187.126, 3177315.447 225252.465)	99	337	0	767	false	1368	None
LINESTRING (3177315.447 225252.465, 3177325.569 225281.842)	99	337	0	768	false	1368	None
LINESTRING (3177325.569 225281.842, 3177334.501 225340.565)	99	337	0	769	false	1368	None
LINESTRING (3177334.501 225340.565, 3177342.792 225406.43)	99	337	0	770	false	1368	None
LINESTRING (3177342.792 225406.43, 3177357.499 225498.071)	99	337	0	771	false	1368	None
LINESTRING (3177357.499 225498.071, 3177379.605 225606.213)	99	337	0	772	false	1368	None
LINESTRING (3177379.605 225606.213, 3177385.949 225637.684)	99	337	0	773	false	1368	None
LINESTRING (3177385.949 225637.684, 3177410.992 225773.933)	99	337	0	774	false	1368	None
LINESTRING (3177410.992 225773.933, 3177446.233 225973.936)	99	337	0	775	false	1368	None
LINESTRING (3177446.233 225973.936, 3177483.09 226172.072)	99	337	0	776	false	1368	None
LINESTRING (3177483.09 226172.072, 3177501.477 226244.053)	99	337	0	777	false	1368	None
LINESTRING (3177501.477 226244.053, 3177510.027 226295.711)	99	337	0	778	false	1368	None
LINESTRING (3177510.027 226295.711, 3177524.598 226384.916)	99	337	0	779	false	1368	None
LINESTRING (3177524.598 226384.916, 3177530.78 226436.837)	99	337	0	780	false	1368	None
LINESTRING (3177530.78 226436.837, 3177546.888 226514.363)	99	337	0	781	false	1368	None
LINESTRING (3177546.888 226514.363, 3177576.919 226611.075)	99	337	0	782	false	1368	None
LINESTRING (3177576.919 226611.075, 3177622.633 226740.784)	99	337	0	783	false	1368	None
LINESTRING (3177622.633 226740.784, 3177648.613 226813.724)	99	337	0	784	false	1368	None
LINESTRING (3177648.613 226813.724, 3177654.305 226829.556)	99	337	0	785	false	1368	None
LINESTRING (3177654.305 226829.556, 3177671.294 226877.019)	99	337	0	786	false	1368	None
LINESTRING (3177671.294 226877.019, 3177676.859 226892.921)	99	337	0	787	false	1368	None
LINESTRING (3177676.859 226892.921, 3177673.278 226896.523)	99	337	0	788	false	1368	None
LINESTRING (3177673.278 226896.523, 3177662.534 226907.327)	99	337	0	789	false	1368	None
LINESTRING (3177662.534 226907.327, 3177658.952 226910.928)	99	337	0	790	false	1368	None
LINESTRING (3177658.952 226910.928, 3177656.289 226913.698)	99	337	0	791	false	1368	None
LINESTRING (3177656.289 226913.698, 3177649 226920.97)	99	337	0	792	false	1368	None
LINESTRING (3177649 226920.97, 3177648.091 226922.282)	99	337	0	793	false	1368	None
LINESTRING (3177648.091 226922.282, 3177645.646 226925.496)	99	337	0	794	false	1368	None
LINESTRING (3177645.646 226925.496, 3177632.312 226943.392)	99	337	0	795	false	1368	None
LINESTRING (3177632.312 226943.392, 3177630.944 226945.12)	99	337	0	796	false	1368	None
LINESTRING (3177630.944 226945.12, 3177601.845 226962.545)	99	337	0	797	false	1368	None
LINESTRING (3177601.845 226962.545, 3177578.8 226977.341)	99	337	0	798	false	1368	None
LINESTRING (3177578.8 226977.341, 3177571.844 226981.763)	99	337	0	799	false	1368	None
LINESTRING (3177571.844 226981.763, 3177561.218 226989.512)	99	337	0	800	false	1368	None
LINESTRING (3177561.218 226989.512, 3177555.193 226998.832)	99	337	0	801	false	1368	None
LINESTRING (3177555.193 226998.832, 3177547.352 227006.007)	99	337	0	802	false	1368	None
LINESTRING (3177547.352 227006.007, 3177542.93 227009.993)	99	337	0	803	false	1368	None
LINESTRING (3177542.93 227009.993, 3177529.668 227019.689)	99	337	0	804	false	1368	None
LINESTRING (3177529.668 227019.689, 3177524.368 227019.395)	99	337	0	805	false	1368	None
LINESTRING (3177524.368 227019.395, 3177505.447 227012.675)	99	337	0	806	false	1368	None
LINESTRING (3177505.447 227012.675, 3177495.717 227008.374)	99	337	0	807	false	1368	None
LINESTRING (3177495.717 227008.374, 3177478.733 227000.984)	99	337	0	808	false	1368	None
LINESTRING (3177478.733 227000.984, 3177450.268 226988.487)	99	337	0	809	false	1368	None
LINESTRING (3177450.268 226988.487, 3177448.181 226987.786)	99	337	0	810	false	1368	None
LINESTRING (3177448.181 226987.786, 3177428.813 226982.202)	99	337	0	811	false	1368	None
LINESTRING (3177428.813 226982.202, 3177407.075 226981.65)	99	337	0	812	false	1368	None
LINESTRING (3177407.075 226981.65, 3177347.832 227002.376)	99	337	0	813	false	1368	None
LINESTRING (3177347.832 227002.376, 3177346.021 227002.976)	99	337	0	814	false	1368	None
LINESTRING (3177346.021 227002.976, 3177313.685 227011.855)	99	337	0	815	false	1368	None
LINESTRING (3177313.685 227011.855, 3177302.177 227015.085)	99	337	0	816	false	1368	None
LINESTRING (3177302.177 227015.085, 3177267.622 227035.375)	99	337	0	817	false	1368	None
LINESTRING (3177267.622 227035.375, 3177238.912 227070.604)	99	337	0	818	false	1368	None
LINESTRING (3177238.912 227070.604, 3177223.686 227089.307)	99	337	0	819	false	1368	None
LINESTRING (3177223.686 227089.307, 3177202.704 227118.151)	99	337	0	820	false	1368	None
LINESTRING (3177202.704 227118.151, 3177176.932 227161.69)	99	337	0	821	false	1368	None
LINESTRING (3177176.932 227161.69, 3177167.929 227192.618)	99	337	0	822	false	1368	None
LINESTRING (3177167.929 227192.618, 3177155.174 227246.877)	99	337	0	823	false	1368	None
LINESTRING (3177155.174 227246.877, 3177138.24 227274.688)	99	337	0	824	false	1368	None
LINESTRING (3177138.24 227274.688, 3177090.38 227334.353)	99	337	0	825	false	1368	None
LINESTRING (3177090.38 227334.353, 3177084.448 227341.682)	99	337	0	826	false	1368	None
LINESTRING (3177084.448 227341.682, 3177049.21 227381.501)	99	337	0	827	false	1368	None
LINESTRING (3177049.21 227381.501, 3177022.177 227408.206)	99	337	0	828	false	1368	None
LINESTRING (3177022.177 227408.206, 3176997.362 227405.969)	99	337	0	829	false	1368	None
LINESTRING (3176997.362 227405.969, 3176991.137 227406.027)	99	337	0	830	false	1368	None
LINESTRING (3176991.137 227406.027, 3176896.786 227406.877)	99	337	0	831	false	1368	None
LINESTRING (3176896.786 227406.877, 3176883.064 227406.972)	99	337	0	832	false	1368	None
LINESTRING (3176883.064 227406.972, 3176865.238 227407.242)	99	337	0	833	false	1368	None
LINESTRING (3176865.238 227407.242, 3176864.756 227416.235)	99	337	0	834	false	1368	None
LINESTRING (3176864.756 227416.235, 3176863.31 227443.216)	99	337	0	835	false	1368	None
LINESTRING (3176863.31 227443.216, 3176862.703 227452.279)	99	337	0	836	false	1368	None
LINESTRING (3176862.703 227452.279, 3176862.436 227458.972)	99	337	0	837	false	1368	None
LINESTRING (3176862.436 227458.972, 3176861.549 227479.016)	99	337	0	838	false	1368	None
LINESTRING (3176861.549 227479.016, 3176861.156 227485.779)	99	337	0	839	false	1368	None
LINESTRING (3176861.156 227485.779, 3176865.319 227541.08)	99	337	0	840	false	1368	None
LINESTRING (3176865.319 227541.08, 3176865.721 227547.32)	99	337	0	841	false	1368	None
LINESTRING (3176865.721 227547.32, 3176874.105 227596.886)	99	337	0	842	false	1368	None
LINESTRING (3176874.105 227596.886, 3176896.045 227659.053)	99	337	0	843	false	1368	None
LINESTRING (3176896.045 227659.053, 3176909.945 227694.33)	99	337	0	844	false	1368	None
LINESTRING (3176909.945 227694.33, 3176929.117 227743.246)	99	337	0	845	false	1368	None
LINESTRING (3176929.117 227743.246, 3176945.763 227785.564)	99	337	0	846	false	1368	None
LINESTRING (3176945.763 227785.564, 3176963.029 227829.557)	99	337	0	847	false	1368	None
LINESTRING (3176963.029 227829.557, 3176988.216 227900.992)	99	337	0	848	false	1368	None
LINESTRING (3176988.216 227900.992, 3176992.428 227914.573)	99	337	0	849	false	1368	None
LINESTRING (3176992.428 227914.573, 3177006.011 227958.669)	99	337	0	850	false	1368	None
LINESTRING (3177006.011 227958.669, 3177016.935 228010.785)	99	337	0	851	false	1368	None
LINESTRING (3177016.935 228010.785, 3177029.999 228074.236)	99	337	0	852	false	1368	None
LINESTRING (3177029.999 228074.236, 3177043.771 228169.451)	99	337	0	853	false	1368	None
LINESTRING (3177043.771 228169.451, 3177051.413 228222.9)	99	337	0	854	false	1368	None
LINESTRING (3177051.413 228222.9, 3177052.323 228229.102)	99	337	0	855	false	1368	None
LINESTRING (3177052.323 228229.102, 3177053.51 228249.127)	99	337	0	856	false	1368	None
LINESTRING (3177053.51 228249.127, 3177053.485 228250.191)	99	337	0	857	false	1368	None
LINESTRING (3177053.485 228250.191, 3177051.681 228283.59)	99	337	0	858	false	1368	None
LINESTRING (3177051.681 228283.59, 3177047.646 228307.884)	99	337	0	859	false	1368	None
LINESTRING (3177047.646 228307.884, 3177043.631 228325.865)	99	337	0	860	false	1368	None
LINESTRING (3177043.631 228325.865, 3177041.184 228333.847)	99	337	0	861	false	1368	None
LINESTRING (3177041.184 228333.847, 3177032.415 228361.17)	99	337	0	862	false	1368	None
LINESTRING (3177032.415 228361.17, 3177027.633 228376.345)	99	337	0	863	false	1368	None
LINESTRING (3177027.633 228376.345, 3177023.727 228388.287)	99	337	0	864	false	1368	None
LINESTRING (3177023.727 228388.287, 3177009.834 228420.632)	99	337	0	865	false	1368	None
LINESTRING (3177009.834 228420.632, 3177003.477 228435.307)	99	337	0	866	false	1368	None
LINESTRING (3177003.477 228435.307, 3176985.179 228472.601)	99	337	0	867	false	1368	None
LINESTRING (3176985.179 228472.601, 3176972.467 228494.677)	99	337	0	868	false	1368	None
LINESTRING (3176972.467 228494.677, 3176969.3 228500.23)	99	337	0	869	false	1368	None
LINESTRING (3176969.3 228500.23, 3176959.508 228517.133)	99	337	0	870	false	1368	None
LINESTRING (3176959.508 228517.133, 3176941.388 228542.451)	99	337	0	871	false	1368	None
LINESTRING (3176941.388 228542.451, 3176906.025 228584.845)	99	337	0	872	false	1368	None
LINESTRING (3176906.025 228584.845, 3176869.193 228640.496)	99	337	0	873	false	1368	None
LINESTRING (3176869.193 228640.496, 3176860.314 228658.831)	99	337	0	874	false	1368	None
LINESTRING (3176860.314 228658.831, 3176854.095 228671.652)	99	337	0	875	false	1368	None
LINESTRING (3176854.095 228671.652, 3176830.527 228717.847)	99	337	0	876	false	1368	None
LINESTRING (3176830.527 228717.847, 3176830.036 228718.846)	99	337	0	877	false	1368	None
LINESTRING (3176830.036 228718.846, 3176826.898 228726.081)	99	337	0	878	false	1368	None
LINESTRING (3176826.898 228726.081, 3176817.146 228747.889)	99	337	0	879	false	1368	None
LINESTRING (3176817.146 228747.889, 3176813.797 228755.16)	99	337	0	880	false	1368	None
LINESTRING (3176813.797 228755.16, 3176806.412 228771.697)	99	337	0	881	false	1368	None
LINESTRING (3176806.412 228771.697, 3176797.651 228791.987)	99	337	0	882	false	1368	None
LINESTRING (3176797.651 228791.987, 3176772.347 228850.618)	99	337	0	883	false	1368	None
LINESTRING (3176772.347 228850.618, 3176749.775 228903.047)	99	337	0	884	false	1368	None
LINESTRING (3176749.775 228903.047, 3176745.13 228913.864)	99	337	0	885	false	1368	None
LINESTRING (3176745.13 228913.864, 3176740.725 228923.82)	99	337	0	886	false	1368	None
LINESTRING (3176740.725 228923.82, 3176733.333 228939.877)	99	337	0	887	false	1368	None
LINESTRING (3176733.333 228939.877, 3176727.941 228951.593)	99	337	0	888	false	1368	None
LINESTRING (3176727.941 228951.593, 3176711.605 228987.152)	99	337	0	889	false	1368	N:3176719.7282079645 228969.47
