LINESTRING (3172221.856 234766.726, 3172202.884 234755.937)	82	334	0	1702	false	2222	E:3172204.385 234756.79058892035
LINESTRING (3172202.884 234755.937, 3172196.539 234751.06)	82	334	0	1703	false	2222	None
LINESTRING (3172196.539 234751.06, 3172190.619 234741.341)	82	334	0	1704	false	2222	None
LINESTRING (3172190.619 234741.341, 3172187.937 234732.894)	82	334	0	1705	false	2222	None
LINESTRING (3172187.937 234732.894, 3172186.627 234725.463)	82	334	0	1706	false	2222	None
LINESTRING (3172186.627 234725.463, 3172185.763 234714.39)	82	334	0	1707	false	2222	None
LINESTRING (3172185.763 234714.39, 3172185.601 234702.282)	82	334	0	1708	false	2222	None
LINESTRING (3172185.601 234702.282, 3172185.917 234693.462)	82	334	0	1709	false	2222	None
LINESTRING (3172185.917 234693.462, 3172185.098 234675.013)	82	334	0	1710	false	2222	None
LINESTRING (3172185.098 234675.013, 3172183.67 234665.628)	82	334	0	1711	false	2222	None
LINESTRING (3172183.67 234665.628, 3172181.077 234657.454)	82	334	0	1712	false	2222	None
LINESTRING (3172181.077 234657.454, 3172177.434 234649.703)	82	334	0	1713	false	2222	None
LINESTRING (3172177.434 234649.703, 3172172.5 234640.729)	82	334	0	1714	false	2222	None
LINESTRING (3172172.5 234640.729, 3172161.042 234623.827)	82	334	0	1715	false	2222	None
LINESTRING (3172161.042 234623.827, 3172135.314 234588.919)	82	334	0	1716	false	2222	None
LINESTRING (3172135.314 234588.919, 3172128.543 234581.371)	82	334	0	1717	false	2222	None
LINESTRING (3172128.543 234581.371, 3172123.025 234572.883)	82	334	0	1718	false	2222	None
LINESTRING (3172123.025 234572.883, 3172118.342 234563.77)	82	334	0	1719	false	2222	None
LINESTRING (3172118.342 234563.77, 3172113.202 234555.073)	82	334	0	1720	false	2222	None
LINESTRING (3172113.202 234555.073, 3172107.209 234546.042)	82	334	0	1721	false	2222	None
LINESTRING (3172107.209 234546.042, 3172097.426 234528.128)	82	334	0	1722	false	2222	None
LINESTRING (3172097.426 234528.128, 3172091.6 234513.915)	82	334	0	1723	false	2222	None
LINESTRING (3172091.6 234513.915, 3172086.621 234502.3)	82	334	0	1724	false	2222	None
LINESTRING (3172086.621 234502.3, 3172077.386 234474.227)	82	334	0	1725	false	2222	None
LINESTRING (3172077.386 234474.227, 3172075.203 234465.26)	82	334	0	1726	false	2222	None
LINESTRING (3172075.203 234465.26, 3172066.767 234436.904)	82	334	0	1727	false	2222	None
LINESTRING (3172066.767 234436.904, 3172057.362 234418.781)	82	334	0	1728	false	2222	None
LINESTRING (3172057.362 234418.781, 3172054.879 234414.586)	82	334	0	1729	false	2222	None
LINESTRING (3172054.879 234414.586, 3172048.995 234404.525)	82	334	0	1730	false	2222	None
LINESTRING (3172048.995 234404.525, 3172047.473 234402.138)	82	334	0	1731	false	2222	None
LINESTRING (3172047.473 234402.138, 3172039.849 234391.751)	82	334	0	1732	false	2222	None
LINESTRING (3172039.849 234391.751, 3172028.35 234377.457)	82	334	0	1733	false	2222	None
LINESTRING (3172028.35 234377.457, 3172021.176 234368.677)	82	334	0	1734	false	2222	None
LINESTRING (3172021.176 234368.677, 3172007.162 234353.276)	82	334	0	1735	false	2222	None
LINESTRING (3172007.162 234353.276, 3171967.499 234310.274)	82	334	0	1736	false	2222	None
LINESTRING (3171967.499 234310.274, 3171964.614 234307.352)	82	334	0	1737	false	2222	None
LINESTRING (3171964.614 234307.352, 3171949.686 234293.024)	82	334	0	1738	false	2222	None
LINESTRING (3171949.686 234293.024, 3171937.282 234280.283)	82	334	0	1739	false	2222	None
LINESTRING (3171937.282 234280.283, 3171927.714 234272.591)	82	334	0	1740	false	2222	None
LINESTRING (3171927.714 234272.591, 3171886.018 234242.028)	82	334	0	1741	false	2222	None
LINESTRING (3171886.018 234242.028, 3171873.65 234233.952)	82	334	0	1742	false	2222	None
LINESTRING (3171873.65 234233.952, 3171862.314 234229.263)	82	334	0	1743	false	2222	None
LINESTRING (3171862.314 234229.263, 3171850.222 234224.992)	82	334	0	1744	false	2222	None
LINESTRING (3171850.222 234224.992, 3171830.146 234219.018)	82	334	0	1745	false	2222	None
LINESTRING (3171830.146 234219.018, 3171815.92 234216.175)	82	334	0	1746	false	2222	None
LINESTRING (3171815.92 234216.175, 3171795.186 234213.878)	82	334	0	1747	false	2222	None
LINESTRING (3171795.186 234213.878, 3171789.173 234213.664)	82	334	0	1748	false	2222	None
LINESTRING (3171789.173 234213.664, 3171771.308 234213.328)	82	334	0	1749	false	2222	None
LINESTRING (3171771.308 234213.328, 3171759.603 234211.832)	82	334	0	1750	false	2222	None
LINESTRING (3171759.603 234211.832, 3171741.129 234208.038)	82	334	0	1751	false	2222	None
LINESTRING (3171741.129 234208.038, 3171734.17 234204.471)	82	334	0	1752	false	2222	None
LINESTRING (3171734.17 234204.471, 3171728.209 234199.865)	82	334	0	1753	false	2222	None
LINESTRING (3171728.209 234199.865, 3171711.402 234184.561)	82	334	0	1754	false	2222	None
LINESTRING (3171711.402 234184.561, 3171689.941 234161.824)	82	334	0	1755	false	2222	None
LINESTRING (3171689.941 234161.824, 3171683.728 234152.349)	82	334	0	1756	false	2222	None
LINESTRING (3171683.728 234152.349, 3171669.484 234128.512)	82	334	0	1757	false	2222	None
LINESTRING (3171669.484 234128.512, 3171663.605 234121.195)	82	334	0	1758	false	2222	None
LINESTRING (3171663.605 234121.195, 3171649.337 234108.438)	82	334	0	1759	false	2222	None
LINESTRING (3171649.337 234108.438, 3171641.068 234102.449)	82	334	0	1760	false	2222	None
LINESTRING (3171641.068 234102.449, 3171633.155 234097.554)	82	334	0	1761	false	2222	None
LINESTRING (3171633.155 234097.554, 3171615.793 234089.425)	82	334	0	1762	false	2222	None
LINESTRING (3171615.793 234089.425, 3171607.527 234083.676)	82	334	0	1763	false	2222	None
LINESTRING (3171607.527 234083.676, 3171600.174 234076.854)	82	334	0	1764	false	2222	None
LINESTRING (3171600.174 234076.854, 3171593.824 234069.233)	82	334	0	1765	false	2222	None
LINESTRING (3171593.824 234069.233, 3171588.219 234058.208)	82	334	0	1766	false	2222	None
LINESTRING (3171588.219 234058.208, 3171584.887 234046.406)	82	334	0	1767	false	2222	None
LINESTRING (3171584.887 234046.406, 3171584.699 234037.866)	82	334	0	1768	false	2222	None
LINESTRING (3171584.699 234037.866, 3171581.817 234020.158)	82	334	0	1769	false	2222	None
LINESTRING (3171581.817 234020.158, 3171579.085 234011.334)	82	334	0	1770	false	2222	None
LINESTRING (3171579.085 234011.334, 3171574.118 234002.945)	82	334	0	1771	false	2222	None
LINESTRING (3171574.118 234002.945, 3171567.11 233996.497)	82	334	0	1772	false	2222	None
LINESTRING (3171567.11 233996.497, 3171559.538 233991.735)	82	334	0	1773	false	2222	None
LINESTRING (3171559.538 233991.735, 3171549.946 233990.116)	82	334	0	1774	false	2222	None
LINESTRING (3171549.946 233990.116, 3171540.306 233990.625)	82	334	0	1775	false	2222	None
LINESTRING (3171540.306 233990.625, 3171531.067 233992.364)	82	334	0	1776	false	2222	None
LINESTRING (3171531.067 233992.364, 3171522.522 233995.091)	82	334	0	1777	false	2222	None
LINESTRING (3171522.522 233995.091, 3171515.556 233998.557)	82	334	0	1778	false	2222	None
LINESTRING (3171515.556 233998.557, 3171503.997 234003.202)	82	334	0	1779	false	2222	None
LINESTRING (3171503.997 234003.202, 3171494.012 234005.841)	82	334	0	1780	false	2222	None
LINESTRING (3171494.012 234005.841, 3171429.574 234001.89)	82	334	0	1781	false	2222	None
LINESTRING (3171429.574 234001.89, 3171374.47 234001.723)	82	334	0	1782	false	2222	None
LINESTRING (3171374.47 234001.723, 3171347.971 234003.842)	82	334	0	1783	false	2222	None
LINESTRING (3171347.971 234003.842, 3171338.091 234005.211)	82	334	0	1784	false	2222	None
LINESTRING (3171338.091 234005.211, 3171333.194 234005.912)	82	334	0	1785	false	2222	None
LINESTRING (3171333.194 234005.912, 3171321.992 234009.146)	82	334	0	1786	false	2222	None
LINESTRING (3171321.992 234009.146, 3171302.338 234013.118)	82	334	0	1787	false	2222	None
LINESTRING (3171302.338 234013.118, 3171293.286 234013.38)	82	334	0	1788	false	2222	None
LINESTRING (3171293.286 234013.38, 3171284.299 234012.476)	82	334	0	1789	false	2222	None
LINESTRING (3171284.299 234012.476, 3171275.583 234010.128)	82	334	0	1790	false	2222	None
LINESTRING (3171275.583 234010.128, 3171267.528 234004.342)	82	334	0	1791	false	2222	None
LINESTRING (3171267.528 234004.342, 3171261.932 233996.302)	82	334	0	1792	false	2222	None
LINESTRING (3171261.932 233996.302, 3171257.468 233987.633)	82	334	0	1793	false	2222	None
LINESTRING (3171257.468 233987.633, 3171254.35 233978.539)	82	334	0	1794	false	2222	None
LINESTRING (3171254.35 233978.539, 3171252.543 233969.363)	82	334	0	1795	false	2222	None
LINESTRING (3171252.543 233969.363, 3171252.473 233960.273)	82	334	0	1796	false	2222	None
LINESTRING (3171252.473 233960.273, 3171253.462 233951.24)	82	334	0	1797	false	2222	None
LINESTRING (3171253.462 233951.24, 3171255.514 233942.506)	82	334	0	1798	false	2222	None
LINESTRING (3171255.514 233942.506, 3171258.714 233934.103)	82	334	0	1799	false	2222	None
LINESTRING (3171258.714 233934.103, 3171270.317 233897.278)	82	334	0	1800	false	2222	None
LINESTRING (3171270.317 233897.278, 3171271.797 233887.246)	82	334	0	1801	false	2222	None
LINESTRING (3171271.797 233887.246, 3171272.242 233881.1)	82	334	0	1802	false	2222	None
LINESTRING (3171272.242 233881.1, 3171272.607 233875.162)	82	334	0	1803	false	2222	None
LINESTRING (3171272.607 233875.162, 3171274.082 233864.889)	82	334	0	1804	false	2222	None
LINESTRING (3171274.082 233864.889, 3171271.375 233855.002)	82	334	0	1805	false	2222	None
LINESTRING (3171271.375 233855.002, 3171268.886 233848.063)	82	334	0	1806	false	2222	None
LINESTRING (3171268.886 233848.063, 3171267.823 233845.26)	82	334	0	1807	false	2222	None
LINESTRING (3171267.823 233845.26, 3171265.168 233835.99)	82	334	0	1808	false	2222	None
LINESTRING (3171265.168 233835.99, 3171261.712 233816.985)	82	334	0	1809	false	2222	None
LINESTRING (3171261.712 233816.985, 3171260.867 233807.113)	82	334	0	1810	false	2222	None
LINESTRING (3171260.867 233807.113, 3171260.618 233797.475)	82	334	0	1811	false	2222	None
LINESTRING (3171260.618 233797.475, 3171263.465 233788.218)	82	334	0	1812	false	2222	None
LINESTRING (3171263.465 233788.218, 3171269.643 233775.737)	82	334	0	1813	false	2222	None
LINESTRING (3171269.643 233775.737, 3171276.349 233769.426)	82	334	0	1814	false	2222	None
LINESTRING (3171276.349 233769.426, 3171282.312 233761.75)	82	334	0	1815	false	2222	None
LINESTRING (3171282.312 233761.75, 3171287.127 233753.742)	82	334	0	1816	false	2222	None
LINESTRING (3171287.127 233753.742, 3171289.719 233749.393)	82	334	0	1817	false	2222	None
LINESTRING (3171289.719 233749.393, 3171295.625 233733.347)	82	334	0	1818	false	2222	None
LINESTRING (3171295.625 233733.347, 3171294.349 233720.564)	82	334	0	1819	false	2222	None
LINESTRING (3171294.349 233720.564, 3171294.482 233713.461)	82	334	0	1820	false	2222	None
LINESTRING (3171294.482 233713.461, 3171290.667 233683.344)	82	334	0	1821	false	2222	None
LINESTRING (3171290.667 233683.344, 3171286.077 233652.445)	82	334	0	1822	false	2222	None
LINESTRING (3171286.077 233652.445, 3171285.029 233645.595)	82	334	0	1823	false	2222	None
LINESTRING (3171285.029 233645.595, 3171287.442 233635.69)	82	334	0	1824	false	2222	None
LINESTRING (3171287.442 233635.69, 3171294.537 233624.881)	82	334	0	1825	false	2222	None
LINESTRING (3171294.537 233624.881, 3171301.855 233614.755)	82	334	0	1826	false	2222	None
LINESTRING (3171301.855 233614.755, 3171314.448 233601.215)	82	334	0	1827	false	2222	None
LINESTRING (3171314.448 233601.215, 3171321.072 233592.606)	82	334	0	1828	false	2222	None
LINESTRING (3171321.072 233592.606, 3171354.83 233554.461)	82	334	0	1829	false	2222	None
LINESTRING (3171354.83 233554.461, 3171374.83 233528.564)	82	334	0	1830	false	2222	None
LINESTRING (3171374.83 233528.564, 3171389.146 233511.884)	82	334	0	1831	false	2222	None
LINESTRING (3171389.146 233511.884, 3171414.239 233489.299)	82	334	0	1832	false	2222	None
LINESTRING (3171414.239 233489.299, 3171437.458 233468.482)	82	334	0	1833	false	2222	None
LINESTRING (3171437.458 233468.482, 3171450.164 233454.151)	82	334	0	1834	false	2222	None
LINESTRING (3171450.164 233454.151, 3171461.917 233438.492)	82	334	0	1835	false	2222	None
LINESTRING (3171461.917 233438.492, 3171466.992 233428.321)	82	334	0	1836	false	2222	None
LINESTRING (3171466.992 233428.321, 3171479.355 233401.335)	82	334	0	1837	false	2222	None
LINESTRING (3171479.355 233401.335, 3171488.87 233376.092)	82	334	0	1838	false	2222	None
LINESTRING (3171488.87 233376.092, 3171494.164 233363.86)	82	334	0	1839	false	2222	None
LINESTRING (3171494.164 233363.86, 3171496.091 233360.204)	82	334	0	1840	false	2222	None
LINESTRING (3171496.091 233360.204, 3171504.325 233344.238)	82	334	0	1841	false	2222	None
LINESTRING (3171504.325 233344.238, 3171510.792 233336.282)	82	334	0	1842	false	2222	None
LINESTRING (3171510.792 233336.282, 3171525.369 233324.952)	82	334	0	1843	false	2222	None
LINESTRING (3171525.369 233324.952, 3171533.208 233320.517)	82	334	0	1844	false	2222	None
LINESTRING (3171533.208 233320.517, 3171541.567 233316.762)	82	334	0	1845	false	2222	None
LINESTRING (3171541.567 233316.762, 3171548.691 233310.138)	82	334	0	1846	false	2222	None
LINESTRING (3171548.691 233310.138, 3171554.525 233302.292)	82	334	0	1847	false	2222	None
LINESTRING (3171554.525 233302.292, 3171559.201 233291.13)	82	334	0	1848	false	2222	None
LINESTRING (3171559.201 233291.13, 3171566.621 233276.989)	82	334	0	1849	false	2222	None
LINESTRING (3171566.621 233276.989, 3171575.745 233268.527)	82	334	0	1850	false	2222	None
LINESTRING (3171575.745 233268.527, 3171585.308 233260.952)	82	334	0	1851	false	2222	None
LINESTRING (3171585.308 233260.952, 3171604.661 233246.727)	82	334	0	1852	false	2222	None
LINESTRING (3171604.661 233246.727, 3171612.869 233241.602)	82	334	0	1853	false	2222	None
LINESTRING (3171612.869 233241.602, 3171629.724 233232.239)	82	334	0	1854	false	2222	None
LINESTRING (3171629.724 233232.239, 3171638.5 233228.171)	82	334	0	1855	false	2222	None
LINESTRING (3171638.5 233228.171, 3171656.751 233221.264)	82	334	0	1856	false	2222	None
LINESTRING (3171656.751 233221.264, 3171665.67 233220.592)	82	334	0	1857	false	2222	None
LINESTRING (3171665.67 233220.592, 3171674.65 233221.016)	82	334	0	1858	false	2222	None
LINESTRING (3171674.65 233221.016, 3171677.653 233220.883)	82	334	0	1859	false	2222	None
LINESTRING (3171677.653 233220.883, 3171684.421 233220.678)	82	334	0	1860	false	2222	None
LINESTRING (3171684.421 233220.678, 3171693.844 233222.231)	82	334	0	1861	false	2222	None
LINESTRING (3171693.844 233222.231, 3171703.886 233220.449)	82	334	0	1862	false	2222	None
LINESTRING (3171703.886 233220.449, 3171712.606 233215.525)	82	334	0	1863	false	2222	None
LINESTRING (3171712.606 233215.525, 3171719.251 233208.117)	82	334	0	1864	false	2222	None
LINESTRING (3171719.251 233208.117, 3171725.256 233200.337)	82	334	0	1865	false	2222	None
LINESTRING (3171725.256 233200.337, 3171728.432 233192.998)	82	334	0	1866	false	2222	None
LINESTRING (3171728.432 233192.998, 3171731.093 233185.218)	82	334	0	1867	false	2222	None
LINESTRING (3171731.093 233185.218, 3171734.038 233179.22)	82	334	0	1868	false	2222	None
LINESTRING (3171734.038 233179.22, 3171736.983 233173.221)	82	334	0	1869	false	2222	None
LINESTRING (3171736.983 233173.221, 3171741.725 233168.405)	82	334	0	1870	false	2222	None
LINESTRING (3171741.725 233168.405, 3171747.226 233158.401)	82	334	0	1871	false	2222	None
LINESTRING (3171747.226 233158.401, 3171753.726 233149.862)	82	334	0	1872	false	2222	None
LINESTRING (3171753.726 233149.862, 3171768.883 233135.301)	82	334	0	1873	false	2222	None
LINESTRING (3171768.883 233135.301, 3171777.412 233129.11)	82	334	0	1874	false	2222	None
LINESTRING (3171777.412 233129.11, 3171793.459 233119.549)	82	334	0	1875	false	2222	None
LINESTRING (3171793.459 233119.549, 3171804.395 233115.494)	82	334	0	1876	false	2222	None
LINESTRING (3171804.395 233115.494, 3171815.825 233113.185)	82	334	0	1877	false	2222	None
LINESTRING (3171815.825 233113.185, 3171825.459 233114.701)	82	334	0	1878	false	2222	None
LINESTRING (3171825.459 233114.701, 3171832.41 233117.787)	82	334	0	1879	false	2222	None
LINESTRING (3171832.41 233117.787, 3171844.142 233123.228)	82	334	0	1880	false	2222	None
LINESTRING (3171844.142 233123.228, 3171854.044 233125.565)	82	334	0	1881	false	2222	None
LINESTRING (3171854.044 233125.565, 3171863.223 233125.233)	82	334	0	1882	false	2222	None
LINESTRING (3171863.223 233125.233, 3171872.499 233123.15)	82	334	0	1883	false	2222	None
LINESTRING (3171872.499 233123.15, 3171881.596 233120.521)	82	334	0	1884	false	2222	None
LINESTRING (3171881.596 233120.521, 3171889.748 233117.043)	82	334	0	1885	false	2222	None
LINESTRING (3171889.748 233117.043, 3171895.579 233113.966)	82	334	0	1886	false	2222	None
LINESTRING (3171895.579 233113.966, 3171903.804 233112.306)	82	334	0	1887	false	2222	None
LINESTRING (3171903.804 233112.306, 3171916.318 233108.99)	82	334	0	1888	false	2222	None
LINESTRING (3171916.318 233108.99, 3171928.556 233109.383)	82	334	0	1889	false	2222	None
LINESTRING (3171928.556 233109.383, 3171937.423 233113.102)	82	334	0	1890	false	2222	None
LINESTRING (3171937.423 233113.102, 3171955.908 233119.882)	82	334	0	1891	false	2222	None
LINESTRING (3171955.908 233119.882, 3171965.708 233121.225)	82	334	0	1892	false	2222	None
LINESTRING (3171965.708 233121.225, 3171975.511 233120.304)	82	334	0	1893	false	2222	None
LINESTRING (3171975.511 233120.304, 3172021.611 233103.343)	82	334	0	1894	false	2222	None
LINESTRING (3172021.611 233103.343, 3172031.309 233101.188)	82	334	0	1895	false	2222	None
LINESTRING (3172031.309 233101.188, 3172041.157 233100.403)	82	334	0	1896	false	2222	None
LINESTRING (3172041.157 233100.403, 3172050.844 233102.537)	82	334	0	1897	false	2222	None
LINESTRING (3172050.844 233102.537, 3172060.749 233102.609)	82	334	0	1898	false	2222	None
LINESTRING (3172060.749 233102.609, 3172075.365 233100.954)	82	334	0	1899	false	2222	None
LINESTRING (3172075.365 233100.954, 3172082.904 233098.786)	82	334	0	1900	false	2222	None
LINESTRING (3172082.904 233098.786, 3172091.47 233094.756)	82	334	0	1901	false	2222	None
LINESTRING (3172091.47 233094.756, 3172097.93 233088.825)	82	334	0	1902	false	2222	None
LINESTRING (3172097.93 233088.825, 3172105.415 233081.031)	82	334	0	1903	false	2222	None
LINESTRING (3172105.415 233081.031, 3172111.68 233073.593)	82	334	0	1904	false	2222	None
LINESTRING (3172111.68 233073.593, 3172123.559 233057.865)	82	334	0	1905	false	2222	None
LINESTRING (3172123.559 233057.865, 3172142.644 233030.298)	82	334	0	1906	false	2222	None
LINESTRING (3172142.644 233030.298, 3172147.999 233019.164)	82	334	0	1907	false	2222	None
LINESTRING (3172147.999 233019.164, 3172151.841 233011.132)	82	334	0	1908	false	2222	None
LINESTRING (3172151.841 233011.132, 3172165.473 232991.442)	82	334	0	1909	false	2222	None
LINESTRING (3172165.473 232991.442, 3172188.381 232962.156)	82	334	0	1910	false	2222	None
LINESTRING (3172188.381 232962.156, 3172203.393 232946.465)	82	334	0	1911	false	2222	None
LINESTRING (3172203.393 232946.465, 3172218.43 232932.216)	82	334	0	1912	false	2222	E:3172204.385 232945.52498483777
LINESTRING (3172218.43 232932.216, 3172203.393 232946.465)	82	335	0	310	false	2348	E:3172204.385 232945.52498483777
LINESTRING (3172203.393 232946.465, 3172188.381 232962.156)	82	335	0	311	false	2348	None
LINESTRING (3172188.381 232962.156, 3172165.473 232991.442)	82	335	0	312	false	2348	None
LINESTRING (3172165.473 232991.442, 3172151.841 233011.132)	82	335	0	313	false	2348	None
LINESTRING (3172151.841 233011.132, 3172147.999 233019.164)	82	335	0	314	false	2348	None
LINESTRING (3172147.999 233019.164, 3172142.644 233030.298)	82	335	0	315	false	2348	None
LINESTRING (3172142.644 233030.298, 3172123.559 233057.865)	82	335	0	316	false	2348	None
LINESTRING (3172123.559 233057.865, 3172111.68 233073.593)	82	335	0	317	false	2348	None
LINESTRING (3172111.68 233073.593, 3172105.415 233081.031)	82	335	0	318	false	2348	None
LINESTRING (3172105.415 233081.031, 3172097.93 233088.825)	82	335	0	319	false	2348	None
LINESTRING (3172097.93 233088.825, 3172091.47 233094.756)	82	335	0	320	false	2348	None
LINESTRING (3172091.47 233094.756, 3172082.904 233098.786)	82	335	0	321	false	2348	None
LINESTRING (3172082.904 233098.786, 3172075.365 233100.954)	82	335	0	322	false	2348	None
LINESTRING (3172075.365 233100.954, 3172060.749 233102.609)	82	335	0	323	false	2348	None
LINESTRING (3172060.749 233102.609, 3172050.844 233102.537)	82	335	0	324	false	2348	None
LINESTRING (3172050.844 233102.537, 3172041.157 233100.403)	82	335	0	325	false	2348	None
LINESTRING (3172041.157 233100.403, 3172031.309 233101.188)	82	335	0	326	false	2348	None
LINESTRING (3172031.309 233101.188, 3172021.611 233103.343)	82	335	0	327	false	2348	None
LINESTRING (3172021.611 233103.343, 3171975.511 233120.304)	82	335	0	328	false	2348	None
LINESTRING (3171975.511 233120.304, 3171965.708 233121.225)	82	335	0	329	false	2348	None
LINESTRING (3171965.708 233121.225, 3171955.908 233119.882)	82	335	0	330	false	2348	None
LINESTRING (3171955.908 233119.882, 3171937.423 233113.102)	82	335	0	331	false	2348	None
LINESTRING (3171937.423 233113.102, 3171928.556 233109.383)	82	335	0	332	false	2348	None
LINESTRING (3171928.556 233109.383, 3171916.318 233108.99)	82	335	0	333	false	2348	None
LINESTRING (3171916.318 233108.99, 3171903.804 233112.306)	82	335	0	334	false	2348	None
LINESTRING (3171903.804 233112.306, 3171895.579 233113.966)	82	335	0	335	false	2348	None
LINESTRING (3171895.579 233113.966, 3171889.748 233117.043)	82	335	0	336	false	2348	None
LINESTRING (3171889.748 233117.043, 3171881.596 233120.521)	82	335	0	337	false	2348	None
LINESTRING (3171881.596 233120.521, 3171872.499 233123.15)	82	335	0	338	false	2348	None
LINESTRING (3171872.499 233123.15, 3171863.223 233125.233)	82	335	0	339	false	2348	None
LINESTRING (3171863.223 233125.233, 3171854.044 233125.565)	82	335	0	340	false	2348	None
LINESTRING (3171854.044 233125.565, 3171844.142 233123.228)	82	335	0	341	false	2348	None
LINESTRING (3171844.142 233123.228, 3171832.41 233117.787)	82	335	0	342	false	2348	None
LINESTRING (3171832.41 233117.787, 3171825.459 233114.701)	82	335	0	343	false	2348	None
LINESTRING (3171825.459 233114.701, 3171815.825 233113.185)	82	335	0	344	false	2348	None
LINESTRING (3171815.825 233113.185, 3171804.395 233115.494)	82	335	0	345	false	2348	None
LINESTRING (3171804.395 233115.494, 3171793.459 233119.549)	82	335	0	346	false	2348	None
LINESTRING (3171793.459 233119.549, 3171777.412 233129.11)	82	335	0	347	false	2348	None
LINESTRING (3171777.412 233129.11, 3171768.883 233135.301)	82	335	0	348	false	2348	None
LINESTRING (3171768.883 233135.301, 3171753.726 233149.862)	82	335	0	349	false	2348	None
LINESTRING (3171753.726 233149.862, 3171747.226 233158.401)	82	335	0	350	false	2348	None
LINESTRING (3171747.226 233158.401, 3171741.725 233168.405)	82	335	0	351	false	2348	None
LINESTRING (3171741.725 233168.405, 3171736.983 233173.221)	82	335	0	352	false	2348	None
LINESTRING (3171736.983 233173.221, 3171734.038 233179.22)	82	335	0	353	false	2348	None
LINESTRING (3171734.038 233179.22, 3171731.093 233185.218)	82	335	0	354	false	2348	None
LINESTRING (3171731.093 233185.218, 3171728.432 233192.998)	82	335	0	355	false	2348	None
LINESTRING (3171728.432 233192.998, 3171725.256 233200.337)	82	335	0	356	false	2348	None
LINESTRING (3171725.256 233200.337, 3171719.251 233208.117)	82	335	0	357	false	2348	None
LINESTRING (3171719.251 233208.117, 3171712.606 233215.525)	82	335	0	358	false	2348	None
LINESTRING (3171712.606 233215.525, 3171703.886 233220.449)	82	335	0	359	false	2348	None
LINESTRING (3171703.886 233220.449, 3171693.844 233222.231)	82	335	0	360	false	2348	None
LINESTRING (3171693.844 233222.231, 3171684.421 233220.678)	82	335	0	361	false	2348	None
LINESTRING (3171684.421 233220.678, 3171677.653 233220.883)	82	335	0	362	false	2348	None
LINESTRING (3171677.653 233220.883, 3171674.65 233221.016)	82	335	0	363	false	2348	None
LINESTRING (3171674.65 233221.016, 3171665.67 233220.592)	82	335	0	364	false	2348	None
LINESTRING (3171665.67 233220.592, 3171656.751 233221.264)	82	335	0	365	false	2348	None
LINESTRING (3171656.751 233221.264, 3171638.5 233228.171)	82	335	0	366	false	2348	None
LINESTRING (3171638.5 233228.171, 3171629.724 233232.239)	82	335	0	367	false	2348	None
LINESTRING (3171629.724 233232.239, 3171612.869 233241.602)	82	335	0	368	false	2348	None
LINESTRING (3171612.869 233241.602, 3171604.661 233246.727)	82	335	0	369	false	2348	None
LINESTRING (3171604.661 233246.727, 3171585.308 233260.952)	82	335	0	370	false	2348	None
LINESTRING (3171585.308 233260.952, 3171575.745 233268.527)	82	335	0	371	false	2348	None
LINESTRING (3171575.745 233268.527, 3171566.621 233276.989)	82	335	0	372	false	2348	None
LINESTRING (3171566.621 233276.989, 3171559.201 233291.13)	82	335	0	373	false	2348	None
LINESTRING (3171559.201 233291.13, 3171554.525 233302.292)	82	335	0	374	false	2348	None
LINESTRING (3171554.525 233302.292, 3171548.691 233310.138)	82	335	0	375	false	2348	None
LINESTRING (3171548.691 233310.138, 3171541.567 233316.762)	82	335	0	376	false	2348	None
LINESTRING (3171541.567 233316.762, 3171533.208 233320.517)	82	335	0	377	false	2348	None
LINESTRING (3171533.208 233320.517, 3171525.369 233324.952)	82	335	0	378	false	2348	None
LINESTRING (3171525.369 233324.952, 3171510.792 233336.282)	82	335	0	379	false	2348	None
LINESTRING (3171510.792 233336.282, 3171504.325 233344.238)	82	335	0	380	false	2348	None
LINESTRING (3171504.325 233344.238, 3171496.091 233360.204)	82	335	0	381	false	2348	None
LINESTRING (3171496.091 233360.204, 3171494.164 233363.86)	82	335	0	382	false	2348	None
LINESTRING (3171494.164 233363.86, 3171488.87 233376.092)	82	335	0	383	false	2348	None
LINESTRING (3171488.87 233376.092, 3171479.355 233401.335)	82	335	0	384	false	2348	None
LINESTRING (3171479.355 233401.335, 3171466.992 233428.321)	82	335	0	385	false	2348	None
LINESTRING (3171466.992 233428.321, 3171461.917 233438.492)	82	335	0	386	false	2348	None
LINESTRING (3171461.917 233438.492, 3171450.164 233454.151)	82	335	0	387	false	2348	None
LINESTRING (3171450.164 233454.151, 3171437.458 233468.482)	82	335	0	388	false	2348	None
LINESTRING (3171437.458 233468.482, 3171414.239 233489.299)	82	335	0	389	false	2348	None
LINESTRING (3171414.239 233489.299, 3171389.146 233511.884)	82	335	0	390	false	2348	None
LINESTRING (3171389.146 233511.884, 3171374.83 233528.564)	82	335	0	391	false	2348	None
LINESTRING (3171374.83 233528.564, 3171354.83 233554.461)	82	335	0	392	false	2348	None
LINESTRING (3171354.83 233554.461, 3171321.072 233592.606)	82	335	0	393	false	2348	None
LINESTRING (3171321.072 233592.606, 3171314.448 233601.215)	82	335	0	394	false	2348	None
LINESTRING (3171314.448 233601.215, 3171301.855 233614.755)	82	335	0	395	false	2348	None
LINESTRING (3171301.855 233614.755, 3171294.537 233624.881)	82	335	0	396	false	2348	None
LINESTRING (3171294.537 233624.881, 3171287.442 233635.69)	82	335	0	397	false	2348	None
LINESTRING (3171287.442 233635.69, 3171285.029 233645.595)	82	335	0	398	false	2348	None
LINESTRING (3171285.029 233645.595, 3171286.077 233652.445)	82	335	0	399	false	2348	None
LINESTRING (3171286.077 233652.445, 3171290.667 233683.344)	82	335	0	400	false	2348	None
LINESTRING (3171290.667 233683.344, 3171294.482 233713.461)	82	335	0	401	false	2348	None
LINESTRING (3171294.482 233713.461, 3171294.349 233720.564)	82	335	0	402	false	2348	None
LINESTRING (3171294.349 233720.564, 3171295.625 233733.347)	82	335	0	403	false	2348	None
LINESTRING (3171295.625 233733.347, 3171289.719 233749.393)	82	335	0	404	false	2348	None
LINESTRING (3171289.719 233749.393, 3171287.127 233753.742)	82	335	0	405	false	2348	None
LINESTRING (3171287.127 233753.742, 3171282.312 233761.75)	82	335	0	406	false	2348	None
LINESTRING (3171282.312 233761.75, 3171276.349 233769.426)	82	335	0	407	false	2348	None
LINESTRING (3171276.349 233769.426, 3171269.643 233775.737)	82	335	0	408	false	2348	None
LINESTRING (3171269.643 233775.737, 3171263.465 233788.218)	82	335	0	409	false	2348	None
LINESTRING (3171263.465 233788.218, 3171260.618 233797.475)	82	335	0	410	false	2348	None
LINESTRING (3171260.618 233797.475, 3171260.867 233807.113)	82	335	0	411	false	2348	None
LINESTRING (3171260.867 233807.113, 3171261.712 233816.985)	82	335	0	412	false	2348	None
LINESTRING (3171261.712 233816.985, 3171265.168 233835.99)	82	335	0	413	false	2348	None
LINESTRING (3171265.168 233835.99, 3171267.823 233845.26)	82	335	0	414	false	2348	None
LINESTRING (3171267.823 233845.26, 3171268.886 233848.063)	82	335	0	415	false	2348	None
LINESTRING (3171268.886 233848.063, 3171271.375 233855.002)	82	335	0	416	false	2348	None
LINESTRING (3171271.375 233855.002, 3171274.082 233864.889)	82	335	0	417	false	2348	None
LINESTRING (3171274.082 233864.889, 3171272.607 233875.162)	82	335	0	418	false	2348	None
LINESTRING (3171272.607 233875.162, 3171272.242 233881.1)	82	335	0	419	false	2348	None
LINESTRING (3171272.242 233881.1, 3171271.797 233887.246)	82	335	0	420	false	2348	None
LINESTRING (3171271.797 233887.246, 3171270.317 233897.278)	82	335	0	421	false	2348	None
LINESTRING (3171270.317 233897.278, 3171258.714 233934.103)	82	335	0	422	false	2348	None
LINESTRING (3171258.714 233934.103, 3171255.514 233942.506)	82	335	0	423	false	2348	None
LINESTRING (3171255.514 233942.506, 3171253.462 233951.24)	82	335	0	424	false	2348	None
LINESTRING (3171253.462 233951.24, 3171252.473 233960.273)	82	335	0	425	false	2348	None
LINESTRING (3171252.473 233960.273, 3171252.543 233969.363)	82	335	0	426	false	2348	None
LINESTRING (3171252.543 233969.363, 3171254.35 233978.539)	82	335	0	427	false	2348	None
LINESTRING (3171254.35 233978.539, 3171257.468 233987.633)	82	335	0	428	false	2348	None
LINESTRING (3171257.468 233987.633, 3171261.932 233996.302)	82	335	0	429	false	2348	None
LINESTRING (3171261.932 233996.302, 3171267.528 234004.342)	82	335	0	430	false	2348	None
LINESTRING (3171267.528 234004.342, 3171275.583 234010.128)	82	335	0	431	false	2348	None
LINESTRING (3171275.583 234010.128, 3171284.299 234012.476)	82	335	0	432	false	2348	None
LINESTRING (3171284.299 234012.476, 3171293.286 234013.38)	82	335	0	433	false	2348	None
LINESTRING (3171293.286 234013.38, 3171302.338 234013.118)	82	335	0	434	false	2348	None
LINESTRING (3171302.338 234013.118, 3171321.992 234009.146)	82	335	0	435	false	2348	None
LINESTRING (3171321.992 234009.146, 3171333.194 234005.912)	82	335	0	436	false	2348	None
LINESTRING (3171333.194 234005.912, 3171338.091 234005.211)	82	335	0	437	false	2348	None
LINESTRING (3171338.091 234005.211, 3171347.971 234003.842)	82	335	0	438	false	2348	None
LINESTRING (3171347.971 234003.842, 3171374.47 234001.723)	82	335	0	439	false	2348	None
LINESTRING (3171374.47 234001.723, 3171429.574 234001.89)	82	335	0	440	false	2348	None
LINESTRING (3171429.574 234001.89, 3171494.012 234005.841)	82	335	0	441	false	2348	None
LINESTRING (3171494.012 234005.841, 3171503.997 234003.202)	82	335	0	442	false	2348	None
LINESTRING (3171503.997 234003.202, 3171515.556 233998.557)	82	335	0	443	false	2348	None
LINESTRING (3171515.556 233998.557, 3171522.522 233995.091)	82	335	0	444	false	2348	None
LINESTRING (3171522.522 233995.091, 3171531.067 233992.364)	82	335	0	445	false	2348	None
LINESTRING (3171531.067 233992.364, 3171540.306 233990.625)	82	335	0	446	false	2348	None
LINESTRING (3171540.306 233990.625, 3171549.946 233990.116)	82	335	0	447	false	2348	None
LINESTRING (3171549.946 233990.116, 3171559.538 233991.735)	82	335	0	448	false	2348	None
LINESTRING (3171559.538 233991.735, 3171567.11 233996.497)	82	335	0	449	false	2348	None
LINESTRING (3171567.11 233996.497, 3171574.118 234002.945)	82	335	0	450	false	2348	None
LINESTRING (3171574.118 234002.945, 3171579.085 234011.334)	82	335	0	451	false	2348	None
LINESTRING (3171579.085 234011.334, 3171581.817 234020.158)	82	335	0	452	false	2348	None
LINESTRING (3171581.817 234020.158, 3171584.699 234037.866)	82	335	0	453	false	2348	None
LINESTRING (3171584.699 234037.866, 3171584.887 234046.406)	82	335	0	454	false	2348	None
LINESTRING (3171584.887 234046.406, 3171588.219 234058.208)	82	335	0	455	false	2348	None
LINESTRING (3171588.219 234058.208, 3171593.824 234069.233)	82	335	0	456	false	2348	None
LINESTRING (3171593.824 234069.233, 3171600.174 234076.854)	82	335	0	457	false	2348	None
LINESTRING (3171600.174 234076.854, 3171607.527 234083.676)	82	335	0	458	false	2348	None
LINESTRING (3171607.527 234083.676, 3171615.793 234089.425)	82	335	0	459	false	2348	None
LINESTRING (3171615.793 234089.425, 3171633.155 234097.554)	82	335	0	460	false	2348	None
LINESTRING (3171633.155 234097.554, 3171641.068 234102.449)	82	335	0	461	false	2348	None
LINESTRING (3171641.068 234102.449, 3171649.337 234108.438)	82	335	0	462	false	2348	None
LINESTRING (3171649.337 234108.438, 3171663.605 234121.195)	82	335	0	463	false	2348	None
LINESTRING (3171663.605 234121.195, 3171669.484 234128.512)	82	335	0	464	false	2348	None
LINESTRING (3171669.484 234128.512, 3171683.728 234152.349)	82	335	0	465	false	2348	None
LINESTRING (3171683.728 234152.349, 3171689.941 234161.824)	82	335	0	466	false	2348	None
LINESTRING (3171689.941 234161.824, 3171711.402 234184.561)	82	335	0	467	false	2348	None
LINESTRING (3171711.402 234184.561, 3171728.209 234199.865)	82	335	0	468	false	2348	None
LINESTRING (3171728.209 234199.865, 3171734.17 234204.471)	82	335	0	469	false	2348	None
LINESTRING (3171734.17 234204.471, 3171741.129 234208.038)	82	335	0	470	false	2348	None
LINESTRING (3171741.129 234208.038, 3171759.603 234211.832)	82	335	0	471	false	2348	None
LINESTRING (3171759.603 234211.832, 3171771.308 234213.328)	82	335	0	472	false	2348	None
LINESTRING (3171771.308 234213.328, 3171789.173 234213.664)	82	335	0	473	false	2348	None
LINESTRING (3171789.173 234213.664, 3171795.186 234213.878)	82	335	0	474	false	2348	None
LINESTRING (3171795.186 234213.878, 3171815.92 234216.175)	82	335	0	475	false	2348	None
LINESTRING (3171815.92 234216.175, 3171830.146 234219.018)	82	335	0	476	false	2348	None
LINESTRING (3171830.146 234219.018, 3171850.222 234224.992)	82	335	0	477	false	2348	None
LINESTRING (3171850.222 234224.992, 3171862.314 234229.263)	82	335	0	478	false	2348	None
LINESTRING (3171862.314 234229.263, 3171873.65 234233.952)	82	335	0	479	false	2348	None
LINESTRING (3171873.65 234233.952, 3171886.018 234242.028)	82	335	0	480	false	2348	None
LINESTRING (3171886.018 234242.028, 3171927.714 234272.591)	82	335	0	481	false	2348	None
LINESTRING (3171927.714 234272.591, 3171937.282 234280.283)	82	335	0	482	false	2348	None
LINESTRING (3171937.282 234280.283, 3171949.686 234293.024)	82	335	0	483	false	2348	None
LINESTRING (3171949.686 234293.024, 3171964.614 234307.352)	82	335	0	484	false	2348	None
LINESTRING (3171964.614 234307.352, 3171967.499 234310.274)	82	335	0	485	false	2348	None
LINESTRING (3171967.499 234310.274, 3172007.162 234353.276)	82	335	0	486	false	2348	None
LINESTRING (3172007.162 234353.276, 3172021.176 234368.677)	82	335	0	487	false	2348	None
LINESTRING (3172021.176 234368.677, 3172028.35 234377.457)	82	335	0	488	false	2348	None
LINESTRING (3172028.35 234377.457, 3172039.849 234391.751)	82	335	0	489	false	2348	None
LINESTRING (3172039.849 234391.751, 3172047.473 234402.138)	82	335	0	490	false	2348	None
LINESTRING (3172047.473 234402.138, 3172048.995 234404.525)	82	335	0	491	false	2348	None
LINESTRING (3172048.995 234404.525, 3172054.879 234414.586)	82	335	0	492	false	2348	None
LINESTRING (3172054.879 234414.586, 3172057.362 234418.781)	82	335	0	493	false	2348	None
LINESTRING (3172057.362 234418.781, 3172066.767 234436.904)	82	335	0	494	false	2348	None
LINESTRING (3172066.767 234436.904, 3172075.203 234465.26)	82	335	0	495	false	2348	None
LINESTRING (3172075.203 234465.26, 3172077.386 234474.227)	82	335	0	496	false	2348	None
LINESTRING (3172077.386 234474.227, 3172086.621 234502.3)	82	335	0	497	false	2348	None
LINESTRING (3172086.621 234502.3, 3172091.6 234513.915)	82	335	0	498	false	2348	None
LINESTRING (3172091.6 234513.915, 3172097.426 234528.128)	82	335	0	499	false	2348	None
LINESTRING (3172097.426 234528.128, 3172107.209 234546.042)	82	335	0	500	false	2348	None
LINESTRING (3172107.209 234546.042, 3172113.202 234555.073)	82	335	0	501	false	2348	None
LINESTRING (3172113.202 234555.073, 3172118.342 234563.77)	82	335	0	502	false	2348	None
LINESTRING (3172118.342 234563.77, 3172123.025 234572.883)	82	335	0	503	false	2348	None
LINESTRING (3172123.025 234572.883, 3172128.543 234581.371)	82	335	0	504	false	2348	None
LINESTRING (3172128.543 234581.371, 3172135.314 234588.919)	82	335	0	505	false	2348	None
LINESTRING (3172135.314 234588.919, 3172161.042 234623.827)	82	335	0	506	false	2348	None
LINESTRING (3172161.042 234623.827, 3172172.5 234640.729)	82	335	0	507	false	2348	None
LINESTRING (3172172.5 234640.729, 3172177.434 234649.703)	82	335	0	508	false	2348	None
LINESTRING (3172177.434 234649.703, 3172181.077 234657.454)	82	335	0	509	false	2348	None
LINESTRING (3172181.077 234657.454, 3172183.67 234665.628)	82	335	0	510	false	2348	None
LINESTRING (3172183.67 234665.628, 3172185.098 234675.013)	82	335	0	511	false	2348	None
LINESTRING (3172185.098 234675.013, 3172185.917 234693.462)	82	335	0	512	false	2348	None
LINESTRING (3172185.917 234693.462, 3172185.601 234702.282)	82	335	0	513	false	2348	None
LINESTRING (3172185.601 234702.282, 3172185.763 234714.39)	82	335	0	514	false	2348	None
LINESTRING (3172185.763 234714.39, 3172186.627 234725.463)	82	335	0	515	false	2348	None
LINESTRING (3172186.627 234725.463, 3172187.937 234732.894)	82	335	0	516	false	2348	None
LINESTRING (3172187.937 234732.894, 3172190.619 234741.341)	82	335	0	517	false	2348	None
LINESTRING (3172190.619 234741.341, 3172196.539 234751.06)	82	335	0	518	false	2348	None
LINESTRING (3172196.539 234751.06, 3172202.884 234755.937)	82	335	0	519	false	2348	None
LINESTRING (3172202.884 234755.937, 3172221.856 234766.726)	82	335	0	520	false	2348	E:3172204.385 234756.79058892035
