LINESTRING (3193298.608 272139.02, 3193248.411 272116.337)	7	101	0	257	false	1511	N:3193258.9027328836 272121.078
LINESTRING (3193248.411 272116.337, 3193230.834 272103.98)	7	101	0	258	false	1511	None
LINESTRING (3193230.834 272103.98, 3193220.914 272093.112)	7	101	0	259	false	1511	None
LINESTRING (3193220.914 272093.112, 3193210.416 272076.28)	7	101	0	260	false	1511	None
LINESTRING (3193210.416 272076.28, 3193204.225 272056.021)	7	101	0	261	false	1511	None
LINESTRING (3193204.225 272056.021, 3193203.562 271985.992)	7	101	0	262	false	1511	None
LINESTRING (3193203.562 271985.992, 3193215.288 271875.368)	7	101	0	263	false	1511	None
LINESTRING (3193215.288 271875.368, 3193213.098 271854.428)	7	101	0	264	false	1511	None
LINESTRING (3193213.098 271854.428, 3193206.58 271838.699)	7	101	0	265	false	1511	None
LINESTRING (3193206.58 271838.699, 3193192.551 271823.093)	7	101	0	266	false	1511	None
LINESTRING (3193192.551 271823.093, 3193151.261 271800.723)	7	101	0	267	false	1511	None
LINESTRING (3193151.261 271800.723, 3193116.923 271770.243)	7	101	0	268	false	1511	None
LINESTRING (3193116.923 271770.243, 3193078.138 271752.691)	7	101	0	269	false	1511	None
LINESTRING (3193078.138 271752.691, 3193066.723 271747.561)	7	101	0	270	false	1511	None
LINESTRING (3193066.723 271747.561, 3193054.547 271738.664)	7	101	0	271	false	1511	None
LINESTRING (3193054.547 271738.664, 3193047.378 271728.53)	7	101	0	272	false	1511	None
LINESTRING (3193047.378 271728.53, 3193038.392 271707.64)	7	101	0	273	false	1511	None
LINESTRING (3193038.392 271707.64, 3193031.344 271668.764)	7	101	0	274	false	1511	None
LINESTRING (3193031.344 271668.764, 3193026.162 271655.358)	7	101	0	275	false	1511	None
LINESTRING (3193026.162 271655.358, 3193003.659 271615.84)	7	101	0	276	false	1511	None
LINESTRING (3193003.659 271615.84, 3192960.969 271561.14)	7	101	0	277	false	1511	None
LINESTRING (3192960.969 271561.14, 3192906.702 271505.426)	7	101	0	278	false	1511	None
LINESTRING (3192906.702 271505.426, 3192859.185 271474.254)	7	101	0	279	false	1511	None
LINESTRING (3192859.185 271474.254, 3192826.542 271437.521)	7	101	0	280	false	1511	None
LINESTRING (3192826.542 271437.521, 3192812.546 271414.164)	7	101	0	281	false	1511	None
LINESTRING (3192812.546 271414.164, 3192803.537 271387.89)	7	101	0	282	false	1511	None
LINESTRING (3192803.537 271387.89, 3192801.081 271369.593)	7	101	0	283	false	1511	None
LINESTRING (3192801.081 271369.593, 3192783.105 271295.918)	7	101	0	284	false	1511	None
LINESTRING (3192783.105 271295.918, 3192783.542 271276.023)	7	101	0	285	false	1511	None
LINESTRING (3192783.542 271276.023, 3192788.035 271245.911)	7	101	0	286	false	1511	None
LINESTRING (3192788.035 271245.911, 3192802.798 271199.331)	7	101	0	287	false	1511	None
LINESTRING (3192802.798 271199.331, 3192806.002 271177.906)	7	101	0	288	false	1511	None
LINESTRING (3192806.002 271177.906, 3192802.581 271160.062)	7	101	0	289	false	1511	None
LINESTRING (3192802.581 271160.062, 3192785.49 271114.572)	7	101	0	290	false	1511	None
LINESTRING (3192785.49 271114.572, 3192772.928 271063.116)	7	101	0	291	false	1511	None
LINESTRING (3192772.928 271063.116, 3192765.792 271045.231)	7	101	0	292	false	1511	None
LINESTRING (3192765.792 271045.231, 3192755.434 271029.77)	7	101	0	293	false	1511	None
LINESTRING (3192755.434 271029.77, 3192739.285 271010.099)	7	101	0	294	false	1511	None
LINESTRING (3192739.285 271010.099, 3192703.057 270984.367)	7	101	0	295	false	1511	None
LINESTRING (3192703.057 270984.367, 3192680.462 270962.137)	7	101	0	296	false	1511	None
LINESTRING (3192680.462 270962.137, 3192666.858 270943.476)	7	101	0	297	false	1511	None
LINESTRING (3192666.858 270943.476, 3192642.458 270901.058)	7	101	0	298	false	1511	None
LINESTRING (3192642.458 270901.058, 3192613.514 270870.335)	7	101	0	299	false	1511	None
LINESTRING (3192613.514 270870.335, 3192582.032 270849.713)	7	101	0	300	false	1511	None
LINESTRING (3192582.032 270849.713, 3192562.377 270836.893)	7	101	0	301	false	1511	None
LINESTRING (3192562.377 270836.893, 3192477.268 270803.942)	7	101	0	302	false	1511	None
LINESTRING (3192477.268 270803.942, 3192461.968 270795.241)	7	101	0	303	false	1511	None
LINESTRING (3192461.968 270795.241, 3192455.453 270783.456)	7	101	0	304	false	1511	None
LINESTRING (3192455.453 270783.456, 3192426.311 270778.457)	7	101	0	305	false	1511	None
LINESTRING (3192426.311 270778.457, 3192429.795 270661.341)	7	101	0	306	false	1511	None
LINESTRING (3192429.795 270661.341, 3192414.619 270617.45)	7	101	0	307	false	1511	None
LINESTRING (3192414.619 270617.45, 3192375.668 270565.674)	7	101	0	308	false	1511	None
LINESTRING (3192375.668 270565.674, 3192337.464 270498.905)	7	101	0	309	false	1511	None
LINESTRING (3192337.464 270498.905, 3192322.641 270428.396)	7	101	0	310	false	1511	None
LINESTRING (3192322.641 270428.396, 3192341.857 270359.454)	7	101	0	311	false	1511	None
LINESTRING (3192341.857 270359.454, 3192347.68 270338.353)	7	101	0	312	false	1511	None
LINESTRING (3192347.68 270338.353, 3192369.325 270285.307)	7	101	0	313	false	1511	None
LINESTRING (3192369.325 270285.307, 3192386.194 270224.75)	7	101	0	314	false	1511	None
LINESTRING (3192386.194 270224.75, 3192385.121 270181.441)	7	101	0	315	false	1511	None
LINESTRING (3192385.121 270181.441, 3192353.882 270111.465)	7	101	0	316	false	1511	None
LINESTRING (3192353.882 270111.465, 3192326.816 270058.435)	7	101	0	317	false	1511	None
LINESTRING (3192326.816 270058.435, 3192286.348 270000.325)	7	101	0	318	false	1511	None
LINESTRING (3192286.348 270000.325, 3192282.621 269954.051)	7	101	0	319	false	1511	None
LINESTRING (3192282.621 269954.051, 3192268.532 269909.637)	7	101	0	320	false	1511	None
LINESTRING (3192268.532 269909.637, 3192262.735 269898.019)	7	101	0	321	false	1511	None
LINESTRING (3192262.735 269898.019, 3192242.177 269870.15)	7	101	0	322	false	1511	None
LINESTRING (3192242.177 269870.15, 3192209.66 269844.702)	7	101	0	323	false	1511	None
LINESTRING (3192209.66 269844.702, 3192177.041 269814.316)	7	101	0	324	false	1511	None
LINESTRING (3192177.041 269814.316, 3192181.221 269741.437)	7	101	0	325	false	1511	None
LINESTRING (3192181.221 269741.437, 3192199.026 269678.267)	7	101	0	326	false	1511	None
LINESTRING (3192199.026 269678.267, 3192231.399 269612.039)	7	101	0	327	false	1511	None
LINESTRING (3192231.399 269612.039, 3192268.365 269558.982)	7	101	0	328	false	1511	None
LINESTRING (3192268.365 269558.982, 3192273.482 269556.235)	7	101	0	329	false	1511	None
LINESTRING (3192273.482 269556.235, 3192278.514 269553.454)	7	101	0	330	false	1511	None
LINESTRING (3192278.514 269553.454, 3192318.607 269531.859)	7	101	0	331	false	1511	None
LINESTRING (3192318.607 269531.859, 3192369.209 269485.767)	7	101	0	332	false	1511	None
LINESTRING (3192369.209 269485.767, 3192389.327 269453.139)	7	101	0	333	false	1511	None
LINESTRING (3192389.327 269453.139, 3192397.928 269448.788)	7	101	0	334	false	1511	None
LINESTRING (3192397.928 269448.788, 3192422.14 269415.993)	7	101	0	335	false	1511	None
LINESTRING (3192422.14 269415.993, 3192437.525 269382.919)	7	101	0	336	false	1511	None
LINESTRING (3192437.525 269382.919, 3192436.897 269369.411)	7	101	0	337	false	1511	None
LINESTRING (3192436.897 269369.411, 3192433.211 269357.914)	7	101	0	338	false	1511	None
LINESTRING (3192433.211 269357.914, 3192433.755 269336.748)	7	101	0	339	false	1511	None
LINESTRING (3192433.755 269336.748, 3192433.864 269331.774)	7	101	0	340	false	1511	None
LINESTRING (3192433.864 269331.774, 3192438.685 269308.245)	7	101	0	341	false	1511	None
LINESTRING (3192438.685 269308.245, 3192448.229 269284.201)	7	101	0	342	false	1511	None
LINESTRING (3192448.229 269284.201, 3192457.646 269267.154)	7	101	0	343	false	1511	None
LINESTRING (3192457.646 269267.154, 3192464.5 269254.585)	7	101	0	344	false	1511	None
LINESTRING (3192464.5 269254.585, 3192470.556 269245.76)	7	101	0	345	false	1511	None
LINESTRING (3192470.556 269245.76, 3192484.283 269225.526)	7	101	0	346	false	1511	None
LINESTRING (3192484.283 269225.526, 3192491.568 269217.07)	7	101	0	347	false	1511	None
LINESTRING (3192491.568 269217.07, 3192508.006 269197.674)	7	101	0	348	false	1511	None
LINESTRING (3192508.006 269197.674, 3192531.8 269175.582)	7	101	0	349	false	1511	None
LINESTRING (3192531.8 269175.582, 3192561.816 269158.35)	7	101	0	350	false	1511	None
LINESTRING (3192561.816 269158.35, 3192610.336 269145.715)	7	101	0	351	false	1511	None
LINESTRING (3192610.336 269145.715, 3192644.199 269132.399)	7	101	0	352	false	1511	None
LINESTRING (3192644.199 269132.399, 3192649.199 269130.441)	7	101	0	353	false	1511	None
LINESTRING (3192649.199 269130.441, 3192654.073 269128.553)	7	101	0	354	false	1511	None
LINESTRING (3192654.073 269128.553, 3192657.961 269125.438)	7	101	0	355	false	1511	None
LINESTRING (3192657.961 269125.438, 3192669.008 269117.4)	7	101	0	356	false	1511	None
LINESTRING (3192669.008 269117.4, 3192707.878 269088.751)	7	101	0	357	false	1511	None
LINESTRING (3192707.878 269088.751, 3192715.841 269084.028)	7	101	0	358	false	1511	None
LINESTRING (3192715.841 269084.028, 3192753.941 269061.523)	7	101	0	359	false	1511	None
LINESTRING (3192753.941 269061.523, 3192777.109 269053.877)	7	101	0	360	false	1511	None
LINESTRING (3192777.109 269053.877, 3192791.626 269053.427)	7	101	0	361	false	1511	None
LINESTRING (3192791.626 269053.427, 3192794.326 269053.305)	7	101	0	362	false	1511	None
LINESTRING (3192794.326 269053.305, 3192801.5 269053.046)	7	101	0	363	false	1511	None
LINESTRING (3192801.5 269053.046, 3192843.119 269059.533)	7	101	0	364	false	1511	None
LINESTRING (3192843.119 269059.533, 3192900.638 269075.197)	7	101	0	365	false	1511	None
LINESTRING (3192900.638 269075.197, 3192909.321 269077.569)	7	101	0	366	false	1511	None
LINESTRING (3192909.321 269077.569, 3192917.083 269077.067)	7	101	0	367	false	1511	None
LINESTRING (3192917.083 269077.067, 3192941.925 269057.781)	7	101	0	368	false	1511	None
LINESTRING (3192941.925 269057.781, 3192946.483 269054.215)	7	101	0	369	false	1511	None
LINESTRING (3192946.483 269054.215, 3192951.711 269050.198)	7	101	0	370	false	1511	None
LINESTRING (3192951.711 269050.198, 3192957.194 269042.819)	7	101	0	371	false	1511	None
LINESTRING (3192957.194 269042.819, 3192959.769 269039.302)	7	101	0	372	false	1511	None
LINESTRING (3192959.769 269039.302, 3192981.463 269021.514)	7	101	0	373	false	1511	None
LINESTRING (3192981.463 269021.514, 3193005.372 269001.858)	7	101	0	374	false	1511	None
LINESTRING (3193005.372 269001.858, 3193016.256 268983.841)	7	101	0	375	false	1511	None
LINESTRING (3193016.256 268983.841, 3193027.701 268973.811)	7	101	0	376	false	1511	None
LINESTRING (3193027.701 268973.811, 3193054.167 268963.055)	7	101	0	377	false	1511	None
LINESTRING (3193054.167 268963.055, 3193054.504 268962.949)	7	101	0	378	false	1511	None
LINESTRING (3193054.504 268962.949, 3193082.812 268961.405)	7	101	0	379	false	1511	None
LINESTRING (3193082.812 268961.405, 3193095.606 268954.658)	7	101	0	380	false	1511	None
LINESTRING (3193095.606 268954.658, 3193102.862 268950.73)	7	101	0	381	false	1511	None
LINESTRING (3193102.862 268950.73, 3193109.892 268949.101)	7	101	0	382	false	1511	None
LINESTRING (3193109.892 268949.101, 3193129.723 268944.669)	7	101	0	383	false	1511	None
LINESTRING (3193129.723 268944.669, 3193135.237 268943.394)	7	101	0	384	false	1511	None
LINESTRING (3193135.237 268943.394, 3193135.785 268943.253)	7	101	0	385	false	1511	None
LINESTRING (3193135.785 268943.253, 3193139.307 268941.307)	7	101	0	386	false	1511	None
LINESTRING (3193139.307 268941.307, 3193147.686 268936.033)	7	101	0	387	false	1511	None
LINESTRING (3193147.686 268936.033, 3193155.235 268931.862)	7	101	0	388	false	1511	None
LINESTRING (3193155.235 268931.862, 3193169.062 268916.327)	7	101	0	389	false	1511	None
LINESTRING (3193169.062 268916.327, 3193171.353 268913.772)	7	101	0	390	false	1511	None
LINESTRING (3193171.353 268913.772, 3193200.996 268862.11)	7	101	0	391	false	1511	None
LINESTRING (3193200.996 268862.11, 3193208.758 268844.287)	7	101	0	392	false	1511	None
LINESTRING (3193208.758 268844.287, 3193212.457 268835.96)	7	101	0	393	false	1511	None
LINESTRING (3193212.457 268835.96, 3193224.286 268808.882)	7	101	0	394	false	1511	None
LINESTRING (3193224.286 268808.882, 3193224.611 268807.816)	7	101	0	395	false	1511	None
LINESTRING (3193224.611 268807.816, 3193241.776 268757.651)	7	101	0	396	false	1511	None
LINESTRING (3193241.776 268757.651, 3193241.978 268756.895)	7	101	0	397	false	1511	None
LINESTRING (3193241.978 268756.895, 3193271.448 268701.461)	7	101	0	398	false	1511	None
LINESTRING (3193271.448 268701.461, 3193315.082 268640.78)	7	101	0	399	false	1511	None
LINESTRING (3193315.082 268640.78, 3193328.087 268627.07)	7	101	0	400	false	1511	None
LINESTRING (3193328.087 268627.07, 3193344.595 268609.732)	7	101	0	401	false	1511	None
LINESTRING (3193344.595 268609.732, 3193364.555 268591.615)	7	101	0	402	false	1511	None
LINESTRING (3193364.555 268591.615, 3193407.545 268568.187)	7	101	0	403	false	1511	None
LINESTRING (3193407.545 268568.187, 3193408.68 268567.801)	7	101	0	404	false	1511	None
LINESTRING (3193408.68 268567.801, 3193457.605 268553.419)	7	101	0	405	false	1511	None
LINESTRING (3193457.605 268553.419, 3193486.132 268541.928)	7	101	0	406	false	1511	None
LINESTRING (3193486.132 268541.928, 3193517.837 268524.412)	7	101	0	407	false	1511	None
LINESTRING (3193517.837 268524.412, 3193538.207 268505.264)	7	101	0	408	false	1511	None
LINESTRING (3193538.207 268505.264, 3193554.422 268502.026)	7	101	0	409	false	1511	None
LINESTRING (3193554.422 268502.026, 3193577.13 268501.484)	7	101	0	410	false	1511	None
LINESTRING (3193577.13 268501.484, 3193611.379 268509.228)	7	101	0	411	false	1511	None
LINESTRING (3193611.379 268509.228, 3193676.831 268524.224)	7	101	0	412	false	1511	None
LINESTRING (3193676.831 268524.224, 3193730.233 268527.268)	7	101	0	413	false	1511	None
LINESTRING (3193730.233 268527.268, 3193761.435 268520.424)	7	101	0	414	false	1511	None
LINESTRING (3193761.435 268520.424, 3193781.991 268523.568)	7	101	0	415	false	1511	None
LINESTRING (3193781.991 268523.568, 3193820.011 268542.844)	7	101	0	416	false	1511	None
LINESTRING (3193820.011 268542.844, 3193867.458 268587.605)	7	101	0	417	false	1511	None
LINESTRING (3193867.458 268587.605, 3193908.218 268617.048)	7	101	0	418	false	1511	None
LINESTRING (3193908.218 268617.048, 3193934.974 268623.132)	7	101	0	419	false	1511	None
LINESTRING (3193934.974 268623.132, 3193984.005 268624.323)	7	101	0	420	false	1511	None
LINESTRING (3193984.005 268624.323, 3193996.401 268626.498)	7	101	0	421	false	1511	None
LINESTRING (3193996.401 268626.498, 3194011.931 268629.439)	7	101	0	422	false	1511	None
LINESTRING (3194011.931 268629.439, 3194019.398 268632.404)	7	101	0	423	false	1511	None
LINESTRING (3194019.398 268632.404, 3194099.698 268677.787)	7	101	0	424	false	1511	None
LINESTRING (3194099.698 268677.787, 3194150.971 268693.368)	7	101	0	425	false	1511	None
LINESTRING (3194150.971 268693.368, 3194159.547 268669.298)	7	101	0	426	false	1511	None
LINESTRING (3194159.547 268669.298, 3194154.171 268626.19)	7	101	0	427	false	1511	None
LINESTRING (3194154.171 268626.19, 3194177.353 268546.041)	7	101	0	428	false	1511	None
LINESTRING (3194177.353 268546.041, 3194231.885 268467.829)	7	101	0	429	false	1511	None
LINESTRING (3194231.885 268467.829, 3194261.975 268393.29)	7	101	0	430	false	1511	None
LINESTRING (3194261.975 268393.29, 3194303.463 268353.62)	7	101	0	431	false	1511	None
LINESTRING (3194303.463 268353.62, 3194308.33 268249.833)	7	101	0	432	false	1511	None
LINESTRING (3194308.33 268249.833, 3194321.233 268224.018)	7	101	0	433	false	1511	None
LINESTRING (3194321.233 268224.018, 3194321.641 268219.282)	7	101	0	434	false	1511	None
LINESTRING (3194321.641 268219.282, 3194327.108 268200.07)	7	101	0	435	false	1511	None
LINESTRING (3194327.108 268200.07, 3194335.528 268180.597)	7	101	0	436	false	1511	None
LINESTRING (3194335.528 268180.597, 3194345.009 268168.594)	7	101	0	437	false	1511	None
LINESTRING (3194345.009 268168.594, 3194364.385 268143.795)	7	101	0	438	false	1511	None
LINESTRING (3194364.385 268143.795, 3194413.435 268093.988)	7	101	0	439	false	1511	None
LINESTRING (3194413.435 268093.988, 3194463.521 268056.417)	7	101	0	440	false	1511	None
LINESTRING (3194463.521 268056.417, 3194473.42 268047.566)	7	101	0	441	false	1511	None
LINESTRING (3194473.42 268047.566, 3194517.279 268008.36)	7	101	0	442	false	1511	None
LINESTRING (3194517.279 268008.36, 3194582.138 267924.932)	7	101	0	443	false	1511	None
LINESTRING (3194582.138 267924.932, 3194655.457 267867.201)	7	101	0	444	false	1511	None
LINESTRING (3194655.457 267867.201, 3194737.205 267822.137)	7	101	0	445	false	1511	None
LINESTRING (3194737.205 267822.137, 3194929.956 267906.21)	7	101	0	446	false	1511	None
LINESTRING (3194929.956 267906.21, 3195057.622 267936.246)	7	101	0	447	false	1511	None
LINESTRING (3195057.622 267936.246, 3195203.318 267983.958)	7	101	0	448	false	1511	None
LINESTRING (3195203.318 267983.958, 3195328.495 268000.228)	7	101	0	449	false	1511	None
LINESTRING (3195328.495 268000.228, 3195515.06 267970.282)	7	101	0	450	false	1511	None
LINESTRING (3195515.06 267970.282, 3195534.734 267963.045)	7	101	0	451	false	1511	None
LINESTRING (3195534.734 267963.045, 3195653.861 267932.476)	7	101	0	452	false	1511	None
LINESTRING (3195653.861 267932.476, 3195765.929 267830.652)	7	101	0	453	false	1511	None
LINESTRING (3195765.929 267830.652, 3195808.036 267718.718)	7	101	0	454	false	1511	None
LINESTRING (3195808.036 267718.718, 3195866.624 267653.59)	7	101	0	455	false	1511	None
LINESTRING (3195866.624 267653.59, 3195943.011 267625.518)	7	101	0	456	false	1511	None
LINESTRING (3195943.011 267625.518, 3195968.976 267568.814)	7	101	0	457	false	1511	None
LINESTRING (3195968.976 267568.814, 3195988.742 267526.97)	7	101	0	458	false	1511	None
LINESTRING (3195988.742 267526.97, 3196028.69 267463.755)	7	101	0	459	false	1511	None
LINESTRING (3196028.69 267463.755, 3196083.976 267457.644)	7	101	0	460	false	1511	None
LINESTRING (3196083.976 267457.644, 3196212.568 267546.72)	7	101	0	461	false	1511	None
LINESTRING (3196212.568 267546.72, 3196271.941 267571.622)	7	101	0	462	false	1511	None
LINESTRING (3196271.941 267571.622, 3196276.457 267571.385)	7	101	0	463	false	1511	None
LINESTRING (3196276.457 267571.385, 3196318.38 267556.622)	7	101	0	464	false	1511	None
LINESTRING (3196318.38 267556.622, 3196415.259 267486.878)	7	101	0	465	false	1511	None
LINESTRING (3196415.259 267486.878, 3196530.648 267446.469)	7	101	0	466	false	1511	None
LINESTRING (3196530.648 267446.469, 3196599.231 267436.326)	7	101	0	467	false	1511	None
LINESTRING (3196599.231 267436.326, 3196840.947 267408.365)	7	101	0	468	false	1511	None
LINESTRING (3196840.947 267408.365, 3196940.596 267396.949)	7	101	0	469	false	1511	None
LINESTRING (3196940.596 267396.949, 3197128.878 267360.306)	7	101	0	470	false	1511	None
LINESTRING (3197128.878 267360.306, 3197155.101 267356.629)	7	101	0	471	false	1511	None
LINESTRING (3197155.101 267356.629, 3197171.673 267358.197)	7	101	0	472	false	1511	None
LINESTRING (3197171.673 267358.197, 3197189.052 267363.67)	7	101	0	473	false	1511	None
LINESTRING (3197189.052 267363.67, 3197196.282 267367.977)	7	101	0	474	false	1511	None
LINESTRING (3197196.282 267367.977, 3197203.003 267372.081)	7	101	0	475	false	1511	None
LINESTRING (3197203.003 267372.081, 3197212.401 267377.608)	7	101	0	476	false	1511	None
LINESTRING (3197212.401 267377.608, 3197213.891 267378.558)	7	101	0	477	false	1511	None
LINESTRING (3197213.891 267378.558, 3197237.788 267399.524)	7	101	0	478	false	1511	None
LINESTRING (3197237.788 267399.524, 3197251.955 267419.013)	7	101	0	479	false	1511	None
LINESTRING (3197251.955 267419.013, 3197258.054 267427.649)	7	101	0	480	false	1511	None
LINESTRING (3197258.054 267427.649, 3197264.418 267433.642)	7	101	0	481	false	1511	None
LINESTRING (3197264.418 267433.642, 3197269.713 267438.614)	7	101	0	482	false	1511	None
LINESTRING (3197269.713 267438.614, 3197273.856 267442.53)	7	101	0	483	false	1511	None
LINESTRING (3197273.856 267442.53, 3197277.554 267444.597)	7	101	0	484	false	1511	None
LINESTRING (3197277.554 267444.597, 3197326.59 267466.594)	7	101	0	485	false	1511	None
LINESTRING (3197326.59 267466.594, 3197369.317 267483.694)	7	101	0	486	false	1511	None
LINESTRING (3197369.317 267483.694, 3197433.263 267555.94)	7	101	0	487	false	1511	None
LINESTRING (3197433.263 267555.94, 3197463.804 267635.101)	7	101	0	488	false	1511	None
LINESTRING (3197463.804 267635.101, 3197465.755 267646.509)	7	101	0	489	false	1511	None
LINESTRING (3197465.755 267646.509, 3197479.032 267665.764)	7	101	0	490	false	1511	None
LINESTRING (3197479.032 267665.764, 3197510.285 267644.733)	7	101	0	491	false	1511	None
LINESTRING (3197510.285 267644.733, 3197596.276 267603.167)	7	101	0	492	false	1511	None
LINESTRING (3197596.276 267603.167, 3197650.942 267580.093)	7	101	0	493	false	1511	None
LINESTRING (3197650.942 267580.093, 3197691.537 267566.958)	7	101	0	494	false	1511	None
LINESTRING (3197691.537 267566.958, 3197697.912 267563.28)	7	101	0	495	false	1511	None
LINESTRING (3197697.912 267563.28, 3197730.971 267544.879)	7	101	0	496	false	1511	None
LINESTRING (3197730.971 267544.879, 3197763.369 267531.353)	7	101	0	497	false	1511	None
LINESTRING (3197763.369 267531.353, 3197790.14 267516.905)	7	101	0	498	false	1511	None
LINESTRING (3197790.14 267516.905, 3197822.682 267504.751)	7	101	0	499	false	1511	None
LINESTRING (3197822.682 267504.751, 3197828.8 267500.731)	7	101	0	500	false	1511	None
LINESTRING (3197828.8 267500.731, 3197853.945 267484.442)	7	101	0	501	false	1511	None
LINESTRING (3197853.945 267484.442, 3197863.181 267476.286)	7	101	0	502	false	1511	None
LINESTRING (3197863.181 267476.286, 3197867.204 267470.12)	7	101	0	503	false	1511	None
LINESTRING (3197867.204 267470.12, 3197873.093 267460.991)	7	101	0	504	false	1511	E:3197871.386 267463.63715435547
LINESTRING (3190672.426 264269.946, 3190662.042 264300.105)	7	104	0	496	false	1545	S:3190670.5718987365 264275.331
LINESTRING (3190662.042 264300.105, 3190654.702 264320.603)	7	104	0	497	false	1545	None
LINESTRING (3190654.702 264320.603, 3190613.641 264435.576)	7	104	0	498	false	1545	None
LINESTRING (3190613.641 264435.576, 3190593.946 264490.707)	7	104	0	499	false	1545	None
LINESTRING (3190593.946 264490.707, 3190535.232 264665.324)	7	104	0	500	false	1545	None
LINESTRING (3190535.232 264665.324, 3190514.454 264724.922)	7	104	0	501	false	1545	None
LINESTRING (3190514.454 264724.922, 3190496.989 264779.384)	7	104	0	502	false	1545	None
LINESTRING (3190496.989 264779.384, 3190496.183 264782.409)	7	104	0	503	false	1545	None
LINESTRING (3190496.183 264782.409, 3190493.387 264791.691)	7	104	0	504	false	1545	None
LINESTRING (3190493.387 264791.691, 3190492.987 264793.443)	7	104	0	505	false	1545	None
LINESTRING (3190492.987 264793.443, 3190490.505 264804.163)	7	104	0	506	false	1545	None
LINESTRING (3190490.505 264804.163, 3190486.654 264826.761)	7	104	0	507	false	1545	None
LINESTRING (3190486.654 264826.761, 3190485.364 264838.192)	7	104	0	508	false	1545	None
LINESTRING (3190485.364 264838.192, 3190484.665 264849.619)	7	104	0	509	false	1545	None
LINESTRING (3190484.665 264849.619, 3190484.666 264862.996)	7	104	0	510	false	1545	None
LINESTRING (3190484.666 264862.996, 3190485.258 264876.368)	7	104	0	511	false	1545	None
LINESTRING (3190485.258 264876.368, 3190486.696 264889.836)	7	104	0	512	false	1545	None
LINESTRING (3190486.696 264889.836, 3190489.23 264899.798)	7	104	0	513	false	1545	None
LINESTRING (3190489.23 264899.798, 3190492.699 264913.594)	7	104	0	514	false	1545	None
LINESTRING (3190492.699 264913.594, 3190496.222 264928.247)	7	104	0	515	false	1545	None
LINESTRING (3190496.222 264928.247, 3190504.938 264952.841)	7	104	0	516	false	1545	None
LINESTRING (3190504.938 264952.841, 3190505.371 264953.729)	7	104	0	517	false	1545	None
LINESTRING (3190505.371 264953.729, 3190511.02 264966.24)	7	104	0	518	false	1545	None
LINESTRING (3190511.02 264966.24, 3190512.716 264970.137)	7	104	0	519	false	1545	None
LINESTRING (3190512.716 264970.137, 3190518.476 264981.377)	7	104	0	520	false	1545	None
LINESTRING (3190518.476 264981.377, 3190526.85 264995.685)	7	104	0	521	false	1545	None
LINESTRING (3190526.85 264995.685, 3190552.335 265033.974)	7	104	0	522	false	1545	None
LINESTRING (3190552.335 265033.974, 3190562.822 265048.402)	7	104	0	523	false	1545	None
LINESTRING (3190562.822 265048.402, 3190589.471 265085.242)	7	104	0	524	false	1545	None
LINESTRING (3190589.471 265085.242, 3190662.741 265195.504)	7	104	0	525	false	1545	None
LINESTRING (3190662.741 265195.504, 3190725.653 265288.285)	7	104	0	526	false	1545	None
LINESTRING (3190725.653 265288.285, 3190739.768 265309.168)	7	104	0	527	false	1545	None
LINESTRING (3190739.768 265309.168, 3190778.912 265369.237)	7	104	0	528	false	1545	None
LINESTRING (3190778.912 265369.237, 3190778.871 265369.34)	7	104	0	529	false	1545	None
LINESTRING (3190778.871 265369.34, 3190814.264 265429.952)	7	104	0	530	false	1545	None
LINESTRING (3190814.264 265429.952, 3190816.063 265428.635)	7	104	0	531	false	1545	None
LINESTRING (3190816.063 265428.635, 3190841.369 265479.754)	7	104	0	532	false	1545	None
LINESTRING (3190841.369 265479.754, 3190842.975 265483.137)	7	104	0	533	false	1545	None
LINESTRING (3190842.975 265483.137, 3190852.09 265502.756)	7	104	0	534	false	1545	None
LINESTRING (3190852.09 265502.756, 3190861.834 265522.026)	7	104	0	535	false	1545	None
LINESTRING (3190861.834 265522.026, 3190883.509 265559.762)	7	104	0	536	false	1545	None
LINESTRING (3190883.509 265559.762, 3190889.661 265568.77)	7	104	0	537	false	1545	None
LINESTRING (3190889.661 265568.77, 3190896.269 265577.124)	7	104	0	538	false	1545	None
LINESTRING (3190896.269 265577.124, 3190911.077 265592.789)	7	104	0	539	false	1545	None
LINESTRING (3190911.077 265592.789, 3190919.23 265599.724)	7	104	0	540	false	1545	None
LINESTRING (3190919.23 265599.724, 3190927.842 265606.244)	7	104	0	541	false	1545	None
LINESTRING (3190927.842 265606.244, 3190937.039 265612.28)	7	104	0	542	false	1545	None
LINESTRING (3190937.039 265612.28, 3190937.718 265612.549)	7	104	0	543	false	1545	None
LINESTRING (3190937.718 265612.549, 3190946.522 265617.593)	7	104	0	544	false	1545	None
LINESTRING (3190946.522 265617.593, 3190963.887 265625.076)	7	104	0	545	false	1545	None
LINESTRING (3190963.887 265625.076, 3190982.033 265630.838)	7	104	0	546	false	1545	None
LINESTRING (3190982.033 265630.838, 3190986.525 265632.142)	7	104	0	547	false	1545	None
LINESTRING (3190986.525 265632.142, 3190999.874 265635.882)	7	104	0	548	false	1545	None
LINESTRING (3190999.874 265635.882, 3191006.105 265637.756)	7	104	0	549	false	1545	None
LINESTRING (3191006.105 265637.756, 3191039.98 265645.217)	7	104	0	550	false	1545	None
LINESTRING (3191039.98 265645.217, 3191040.36 265645.249)	7	104	0	551	false	1545	None
LINESTRING (3191040.36 265645.249, 3191053.583 265649.059)	7	104	0	552	false	1545	None
LINESTRING (3191053.583 265649.059, 3191079.004 265655.796)	7	104	0	553	false	1545	None
LINESTRING (3191079.004 265655.796, 3191134.127 265670.608)	7	104	0	554	false	1545	None
LINESTRING (3191134.127 265670.608, 3191154.97 265676.008)	7	104	0	555	false	1545	None
LINESTRING (3191154.97 265676.008, 3191180.221 265682.677)	7	104	0	556	false	1545	None
LINESTRING (3191180.221 265682.677, 3191188.058 265684.71)	7	104	0	557	false	1545	None
LINESTRING (3191188.058 265684.71, 3191211.571 265690.81)	7	104	0	558	false	1545	None
LINESTRING (3191211.571 265690.81, 3191219.282 265692.913)	7	104	0	559	false	1545	None
LINESTRING (3191219.282 265692.913, 3191255.631 265702.311)	7	104	0	560	false	1545	None
LINESTRING (3191255.631 265702.311, 3191342.777 265725.048)	7	104	0	561	false	1545	None
LINESTRING (3191342.777 265725.048, 3191364.346 265731.094)	7	104	0	562	false	1545	None
LINESTRING (3191364.346 265731.094, 3191400.408 265741.215)	7	104	0	563	false	1545	None
LINESTRING (3191400.408 265741.215, 3191468.244 265759.639)	7	104	0	564	false	1545	None
LINESTRING (3191468.244 265759.639, 3191481.218 265763.829)	7	104	0	565	false	1545	None
LINESTRING (3191481.218 265763.829, 3191493.905 265768.742)	7	104	0	566	false	1545	None
LINESTRING (3191493.905 265768.742, 3191512.672 265776.902)	7	104	0	567	false	1545	None
LINESTRING (3191512.672 265776.902, 3191521.558 265781.74)	7	104	0	568	false	1545	None
LINESTRING (3191521.558 265781.74, 3191528.796 265786.522)	7	104	0	569	false	1545	None
LINESTRING (3191528.796 265786.522, 3191542.405 265797.532)	7	104	0	570	false	1545	None
LINESTRING (3191542.405 265797.532, 3191553.681 265807.738)	7	104	0	571	false	1545	None
LINESTRING (3191553.681 265807.738, 3191567.199 265821.699)	7	104	0	572	false	1545	None
LINESTRING (3191567.199 265821.699, 3191593.318 265850.451)	7	104	0	573	false	1545	None
LINESTRING (3191593.318 265850.451, 3191635.122 265897.608)	7	104	0	574	false	1545	None
LINESTRING (3191635.122 265897.608, 3191660.64 265925.645)	7	104	0	575	false	1545	None
LINESTRING (3191660.64 265925.645, 3191815.581 266092.208)	7	104	0	576	false	1545	None
LINESTRING (3191815.581 266092.208, 3191820.417 266097.351)	7	104	0	577	false	1545	None
LINESTRING (3191820.417 266097.351, 3191856.334 266136.561)	7	104	0	578	false	1545	None
LINESTRING (3191856.334 266136.561, 3191864.343 266145.591)	7	104	0	579	false	1545	None
LINESTRING (3191864.343 266145.591, 3191871.966 266154.109)	7	104	0	580	false	1545	None
LINESTRING (3191871.966 266154.109, 3191882.802 266166.41)	7	104	0	581	false	1545	None
LINESTRING (3191882.802 266166.41, 3191894.292 266180.284)	7	104	0	582	false	1545	None
LINESTRING (3191894.292 266180.284, 3191898.967 266186.08)	7	104	0	583	false	1545	None
LINESTRING (3191898.967 266186.08, 3191901.914 266188.802)	7	104	0	584	false	1545	None
LINESTRING (3191901.914 266188.802, 3191913.531 266206.07)	7	104	0	585	false	1545	None
LINESTRING (3191913.531 266206.07, 3191923.296 266227.262)	7	104	0	586	false	1545	None
LINESTRING (3191923.296 266227.262, 3191943.865 266271.732)	7	104	0	587	false	1545	None
LINESTRING (3191943.865 266271.732, 3191948.858 266282.67)	7	104	0	588	false	1545	None
LINESTRING (3191948.858 266282.67, 3192007.754 266414.247)	7	104	0	589	false	1545	None
LINESTRING (3192007.754 266414.247, 3192056.552 266521.753)	7	104	0	590	false	1545	None
LINESTRING (3192056.552 266521.753, 3192059.758 266528.28)	7	104	0	591	false	1545	None
LINESTRING (3192059.758 266528.28, 3192099.657 266612.907)	7	104	0	592	false	1545	None
LINESTRING (3192099.657 266612.907, 3192117.265 266647.006)	7	104	0	593	false	1545	None
LINESTRING (3192117.265 266647.006, 3192123.273 266661.573)	7	104	0	594	false	1545	None
LINESTRING (3192123.273 266661.573, 3192127.121 266672.177)	7	104	0	595	false	1545	None
LINESTRING (3192127.121 266672.177, 3192128.523 266676.317)	7	104	0	596	false	1545	None
LINESTRING (3192128.523 266676.317, 3192132.89 266691.307)	7	104	0	597	false	1545	None
LINESTRING (3192132.89 266691.307, 3192137.342 266709.795)	7	104	0	598	false	1545	None
LINESTRING (3192137.342 266709.795, 3192137.711 266712.33)	7	104	0	599	false	1545	None
LINESTRING (3192137.711 266712.33, 3192140.448 266728.705)	7	104	0	600	false	1545	None
LINESTRING (3192140.448 266728.705, 3192141.199 266738.2)	7	104	0	601	false	1545	None
LINESTRING (3192141.199 266738.2, 3192140.682 266757.822)	7	104	0	602	false	1545	None
LINESTRING (3192140.682 266757.822, 3192139.622 266767.674)	7	104	0	603	false	1545	None
LINESTRING (3192139.622 266767.674, 3192137.194 266782.954)	7	104	0	604	false	1545	None
LINESTRING (3192137.194 266782.954, 3192132.841 266799.621)	7	104	0	605	false	1545	None
LINESTRING (3192132.841 266799.621, 3192106.508 266879.114)	7	104	0	606	false	1545	None
LINESTRING (3192106.508 266879.114, 3192103.374 266888.501)	7	104	0	607	false	1545	None
LINESTRING (3192103.374 266888.501, 3192081.818 266948.031)	7	104	0	608	false	1545	None
LINESTRING (3192081.818 266948.031, 3192076.744 266961.068)	7	104	0	609	false	1545	None
LINESTRING (3192076.744 266961.068, 3192075.431 266964.13)	7	104	0	610	false	1545	None
LINESTRING (3192075.431 266964.13, 3192063.733 266991.141)	7	104	0	611	false	1545	None
LINESTRING (3192063.733 266991.141, 3192056.018 267012.566)	7	104	0	612	false	1545	None
LINESTRING (3192056.018 267012.566, 3192052.096 267023.193)	7	104	0	613	false	1545	None
LINESTRING (3192052.096 267023.193, 3192050.099 267028.97)	7	104	0	614	false	1545	None
LINESTRING (3192050.099 267028.97, 3192037.259 267066.039)	7	104	0	615	false	1545	None
LINESTRING (3192037.259 267066.039, 3192032.2 267080.276)	7	104	0	616	false	1545	None
LINESTRING (3192032.2 267080.276, 3192024.108 267105.374)	7	104	0	617	false	1545	None
LINESTRING (3192024.108 267105.374, 3192021.015 267118.122)	7	104	0	618	false	1545	None
LINESTRING (3192021.015 267118.122, 3192016.529 267144.53)	7	104	0	619	false	1545	None
LINESTRING (3192016.529 267144.53, 3192015.3 267157.778)	7	104	0	620	false	1545	None
LINESTRING (3192015.3 267157.778, 3192014.933 267179.252)	7	104	0	621	false	1545	None
LINESTRING (3192014.933 267179.252, 3192014.983 267179.869)	7	104	0	622	false	1545	None
LINESTRING (3192014.983 267179.869, 3192015.488 267189.983)	7	104	0	623	false	1545	None
LINESTRING (3192015.488 267189.983, 3192017.695 267211.403)	7	104	0	624	false	1545	None
LINESTRING (3192017.695 267211.403, 3192018.653 267217.158)	7	104	0	625	false	1545	None
LINESTRING (3192018.653 267217.158, 3192020.44 267228.497)	7	104	0	626	false	1545	None
LINESTRING (3192020.44 267228.497, 3192024.693 267247.982)	7	104	0	627	false	1545	None
LINESTRING (3192024.693 267247.982, 3192028.23 267260.851)	7	104	0	628	false	1545	None
LINESTRING (3192028.23 267260.851, 3192034.231 267278.402)	7	104	0	629	false	1545	None
LINESTRING (3192034.231 267278.402, 3192036.942 267285.927)	7	104	0	630	false	1545	None
LINESTRING (3192036.942 267285.927, 3192041.857 267297.552)	7	104	0	631	false	1545	None
LINESTRING (3192041.857 267297.552, 3192053.202 267320.448)	7	104	0	632	false	1545	None
LINESTRING (3192053.202 267320.448, 3192060.795 267333.493)	7	104	0	633	false	1545	None
LINESTRING (3192060.795 267333.493, 3192070.199 267349.647)	7	104	0	634	false	1545	None
LINESTRING (3192070.199 267349.647, 3192084.472 267370.36)	7	104	0	635	false	1545	None
LINESTRING (3192084.472 267370.36, 3192135.46 267437.412)	7	104	0	636	false	1545	None
LINESTRING (3192135.46 267437.412, 3192158.667 267467.045)	7	104	0	637	false	1545	None
LINESTRING (3192158.667 267467.045, 3192156.894 267467.058)	7	104	0	638	false	1545	None
LINESTRING (3192156.894 267467.058, 3192182.771 267504.32)	7	104	0	639	false	1545	None
LINESTRING (3192182.771 267504.32, 3192193.889 267519.123)	7	104	0	640	false	1545	None
LINESTRING (3192193.889 267519.123, 3192226.265 267563.025)	7	104	0	641	false	1545	None
LINESTRING (3192226.265 267563.025, 3192237.003 267577.797)	7	104	0	642	false	1545	None
LINESTRING (3192237.003 267577.797, 3192292.608 267653.253)	7	104	0	643	false	1545	None
LINESTRING (3192292.608 267653.253, 3192306.181 267672.016)	7	104	0	644	false	1545	None
LINESTRING (3192306.181 267672.016, 3192337.965 267715.923)	7	104	0	645	false	1545	None
LINESTRING (3192337.965 267715.923, 3192417.261 267826.224)	7	104	0	646	false	1545	None
LINESTRING (3192417.261 267826.224, 3192425.718 267837.583)	7	104	0	647	false	1545	None
LINESTRING (3192425.718 267837.583, 3192454.304 267875.683)	7	104	0	648	false	1545	None
LINESTRING (3192454.304 267875.683, 3192493.144 267923.585)	7	104	0	649	false	1545	None
LINESTRING (3192493.144 267923.585, 3192512.98 267947.105)	7	104	0	650	false	1545	None
LINESTRING (3192512.98 267947.105, 3192516.661 267951.193)	7	104	0	651	false	1545	None
LINESTRING (3192516.661 267951.193, 3192533.402 267970.14)	7	104	0	652	false	1545	None
LINESTRING (3192533.402 267970.14, 3192552.226 267990.271)	7	104	0	653	false	1545	None
LINESTRING (3192552.226 267990.271, 3192564.155 268002.531)	7	104	0	654	false	1545	None
LINESTRING (3192564.155 268002.531, 3192571.467 268010.091)	7	104	0	655	false	1545	None
LINESTRING (3192571.467 268010.091, 3192591.169 268029.496)	7	104	0	656	false	1545	None
LINESTRING (3192591.169 268029.496, 3192595.452 268034.541)	7	104	0	657	false	1545	None
LINESTRING (3192595.452 268034.541, 3192620.441 268061.658)	7	104	0	658	false	1545	None
LINESTRING (3192620.441 268061.658, 3192695.028 268143.22)	7	104	0	659	false	1545	None
LINESTRING (3192695.028 268143.22, 3192710.393 268160.188)	7	104	0	660	false	1545	None
LINESTRING (3192710.393 268160.188, 3192720.473 268169.683)	7	104	0	661	false	1545	None
LINESTRING (3192720.473 268169.683, 3192721.968 268171.112)	7	104	0	662	false	1545	None
LINESTRING (3192721.968 268171.112, 3192726.409 268175.264)	7	104	0	663	false	1545	None
LINESTRING (3192726.409 268175.264, 3192727.779 268176.763)	7	104	0	664	false	1545	None
LINESTRING (3192727.779 268176.763, 3192729.915 268178.805)	7	104	0	665	false	1545	None
LINESTRING (3192729.915 268178.805, 3192733.505 268182.38)	7	104	0	666	false	1545	None
LINESTRING (3192733.505 268182.38, 3192735.986 268185.037)	7	104	0	667	false	1545	None
LINESTRING (3192735.986 268185.037, 3192737.87 268187.219)	7	104	0	668	false	1545	None
LINESTRING (3192737.87 268187.219, 3192773.304 268226.127)	7	104	0	669	false	1545	None
LINESTRING (3192773.304 268226.127, 3192793.314 268250.195)	7	104	0	670	false	1545	None
LINESTRING (3192793.314 268250.195, 3192802.587 268262.714)	7	104	0	671	false	1545	None
LINESTRING (3192802.587 268262.714, 3192807.318 268269.848)	7	104	0	672	false	1545	None
LINESTRING (3192807.318 268269.848, 3192819.733 268290.781)	7	104	0	673	false	1545	None
LINESTRING (3192819.733 268290.781, 3192820.467 268292.148)	7	104	0	674	false	1545	None
LINESTRING (3192820.467 268292.148, 3192828.59 268307.317)	7	104	0	675	false	1545	None
LINESTRING (3192828.59 268307.317, 3192835.387 268321.123)	7	104	0	676	false	1545	None
LINESTRING (3192835.387 268321.123, 3192853.92 268362.522)	7	104	0	677	false	1545	None
LINESTRING (3192853.92 268362.522, 3192882.011 268429.575)	7	104	0	678	false	1545	None
LINESTRING (3192882.011 268429.575, 3192910.957 268497.445)	7	104	0	679	false	1545	None
LINESTRING (3192910.957 268497.445, 3192957.634 268606.994)	7	104	0	680	false	1545	None
LINESTRING (3192957.634 268606.994, 3192968.38 268629.655)	7	104	0	681	false	1545	None
LINESTRING (3192968.38 268629.655, 3192980.27 268652.65)	7	104	0	682	false	1545	None
LINESTRING (3192980.27 268652.65, 3192989.246 268668.636)	7	104	0	683	false	1545	None
LINESTRING (3192989.246 268668.636, 3192992.789 268675.298)	7	104	0	684	false	1545	None
LINESTRING (3192992.789 268675.298, 3193057.708 268785.401)	7	104	0	685	false	1545	None
LINESTRING (3193057.708 268785.401, 3193066.113 268799.607)	7	104	0	686	false	1545	None
LINESTRING (3193066.113 268799.607, 3193066.244 268800.018)	7	104	0	687	false	1545	None
LINESTRING (3193066.244 268800.018, 3193088.56 268836.828)	7	104	0	688	false	1545	None
LINESTRING (3193088.56 268836.828, 3193091.743 268841.675)	7	104	0	689	false	1545	None
LINESTRING (3193091.743 268841.675, 3193100.481 268855.537)	7	104	0	690	false	1545	None
LINESTRING (3193100.481 268855.537, 3193105.946 268864.037)	7	104	0	691	false	1545	None
LINESTRING (3193105.946 268864.037, 3193121.785 268888.959)	7	104	0	692	false	1545	None
LINESTRING (3193121.785 268888.959, 3193122.13 268889.574)	7	104	0	693	false	1545	None
LINESTRING (3193122.13 268889.574, 3193126.717 268898.801)	7	104	0	694	false	1545	None
LINESTRING (3193126.717 268898.801, 3193130.944 268906.213)	7	104	0	695	false	1545	None
LINESTRING (3193130.944 268906.213, 3193143.585 268928.551)	7	104	0	696	false	1545	None
LINESTRING (3193143.585 268928.551, 3193147.686 268936.033)	7	104	0	697	false	1545	None
LINESTRING (3193147.686 268936.033, 3193139.307 268941.307)	7	104	0	698	false	1545	None
LINESTRING (3193139.307 268941.307, 3193135.785 268943.253)	7	104	0	699	false	1545	None
LINESTRING (3193135.785 268943.253, 3193135.237 268943.394)	7	104	0	700	false	1545	None
LINESTRING (3193135.237 268943.394, 3193129.723 268944.669)	7	104	0	701	false	1545	None
LINESTRING (3193129.723 268944.669, 3193109.892 268949.101)	7	104	0	702	false	1545	None
LINESTRING (3193109.892 268949.101, 3193102.862 268950.73)	7	104	0	703	false	1545	None
LINESTRING (3193102.862 268950.73, 3193095.606 268954.658)	7	104	0	704	false	1545	None
LINESTRING (3193095.606 268954.658, 3193082.812 268961.405)	7	104	0	705	false	1545	None
LINESTRING (3193082.812 268961.405, 3193054.504 268962.949)	7	104	0	706	false	1545	None
LINESTRING (3193054.504 268962.949, 3193054.167 268963.055)	7	104	0	707	false	1545	None
LINESTRING (3193054.167 268963.055, 3193027.701 268973.811)	7	104	0	708	false	1545	None
LINESTRING (3193027.701 268973.811, 3193016.256 268983.841)	7	104	0	709	false	1545	None
LINESTRING (3193016.256 268983.841, 3193005.372 269001.858)	7	104	0	710	false	1545	None
LINESTRING (3193005.372 269001.858, 3192981.463 269021.514)	7	104	0	711	false	1545	None
LINESTRING (3192981.463 269021.514, 3192959.769 269039.302)	7	104	0	712	false	1545	None
LINESTRING (3192959.769 269039.302, 3192957.194 269042.819)	7	104	0	713	false	1545	None
LINESTRING (3192957.194 269042.819, 3192951.711 269050.198)	7	104	0	714	false	1545	None
LINESTRING (3192951.711 269050.198, 3192946.483 269054.215)	7	104	0	715	false	1545	None
LINESTRING (3192946.483 269054.215, 3192941.925 269057.781)	7	104	0	716	false	1545	None
LINESTRING (3192941.925 269057.781, 3192917.083 269077.067)	7	104	0	717	false	1545	None
LINESTRING (3192917.083 269077.067, 3192909.321 269077.569)	7	104	0	718	false	1545	None
LINESTRING (3192909.321 269077.569, 3192900.638 269075.197)	7	104	0	719	false	1545	None
LINESTRING (3192900.638 269075.197, 3192843.119 269059.533)	7	104	0	720	false	1545	None
LINESTRING (3192843.119 269059.533, 3192801.5 269053.046)	7	104	0	721	false	1545	None
LINESTRING (3192801.5 269053.046, 3192794.326 269053.305)	7	104	0	722	false	1545	None
LINESTRING (3192794.326 269053.305, 3192791.626 269053.427)	7	104	0	723	false	1545	None
LINESTRING (3192791.626 269053.427, 3192777.109 269053.877)	7	104	0	724	false	1545	None
LINESTRING (3192777.109 269053.877, 3192753.941 269061.523)	7	104	0	725	false	1545	None
LINESTRING (3192753.941 269061.523, 3192715.841 269084.028)	7	104	0	726	false	1545	None
LINESTRING (3192715.841 269084.028, 3192707.878 269088.751)	7	104	0	727	false	1545	None
LINESTRING (3192707.878 269088.751, 3192669.008 269117.4)	7	104	0	728	false	1545	None
LINESTRING (3192669.008 269117.4, 3192657.961 269125.438)	7	104	0	729	false	1545	None
LINESTRING (3192657.961 269125.438, 3192654.073 269128.553)	7	104	0	730	false	1545	None
LINESTRING (3192654.073 269128.553, 3192649.199 269130.441)	7	104	0	731	false	1545	None
LINESTRING (3192649.199 269130.441, 3192644.199 269132.399)	7	104	0	732	false	1545	None
LINESTRING (3192644.199 269132.399, 3192610.336 269145.715)	7	104	0	733	false	1545	None
LINESTRING (3192610.336 269145.715, 3192561.816 269158.35)	7	104	0	734	false	1545	None
LINESTRING (3192561.816 269158.35, 3192531.8 269175.582)	7	104	0	735	false	1545	None
LINESTRING (3192531.8 269175.582, 3192508.006 269197.674)	7	104	0	736	false	1545	None
LINESTRING (3192508.006 269197.674, 3192491.568 269217.07)	7	104	0	737	false	1545	None
LINESTRING (3192491.568 269217.07, 3192484.283 269225.526)	7	104	0	738	false	1545	None
LINESTRING (3192484.283 269225.526, 3192470.556 269245.76)	7	104	0	739	false	1545	None
LINESTRING (3192470.556 269245.76, 3192464.5 269254.585)	7	104	0	740	false	1545	None
LINESTRING (3192464.5 269254.585, 3192457.646 269267.154)	7	104	0	741	false	1545	None
LINESTRING (3192457.646 269267.154, 3192448.229 269284.201)	7	104	0	742	false	1545	None
LINESTRING (3192448.229 269284.201, 3192438.685 269308.245)	7	104	0	743	false	1545	None
LINESTRING (3192438.685 269308.245, 3192433.864 269331.774)	7	104	0	744	false	1545	None
LINESTRING (3192433.864 269331.774, 3192433.755 269336.748)	7	104	0	745	false	1545	None
LINESTRING (3192433.755 269336.748, 3192433.211 269357.914)	7	104	0	746	false	1545	None
LINESTRING (3192433.211 269357.914, 3192436.897 269369.411)	7	104	0	747	false	1545	None
LINESTRING (3192436.897 269369.411, 3192437.525 269382.919)	7	104	0	748	false	1545	None
LINESTRING (3192437.525 269382.919, 3192422.14 269415.993)	7	104	0	749	false	1545	None
LINESTRING (3192422.14 269415.993, 3192397.928 269448.788)	7	104	0	750	false	1545	None
LINESTRING (3192397.928 269448.788, 3192389.327 269453.139)	7	104	0	751	false	1545	None
LINESTRING (3192389.327 269453.139, 3192369.209 269485.767)	7	104	0	752	false	1545	None
LINESTRING (3192369.209 269485.767, 3192318.607 269531.859)	7	104	0	753	false	1545	None
LINESTRING (3192318.607 269531.859, 3192278.514 269553.454)	7	104	0	754	false	1545	None
LINESTRING (3192278.514 269553.454, 3192273.482 269556.235)	7	104	0	755	false	1545	None
LINESTRING (3192273.482 269556.235, 3192268.365 269558.982)	7	104	0	756	false	1545	None
LINESTRING (3192268.365 269558.982, 3192231.399 269612.039)	7	104	0	757	false	1545	None
LINESTRING (3192231.399 269612.039, 3192199.026 269678.267)	7	104	0	758	false	1545	None
LINESTRING (3192199.026 269678.267, 3192181.221 269741.437)	7	104	0	759	false	1545	None
LINESTRING (3192181.221 269741.437, 3192177.041 269814.316)	7	104	0	760	false	1545	None
LINESTRING (3192177.041 269814.316, 3192209.66 269844.702)	7	104	0	761	false	1545	None
LINESTRING (3192209.66 269844.702, 3192242.177 269870.15)	7	104	0	762	false	1545	None
LINESTRING (3192242.177 269870.15, 3192262.735 269898.019)	7	104	0	763	false	1545	None
LINESTRING (3192262.735 269898.019, 3192268.532 269909.637)	7	104	0	764	false	1545	None
LINESTRING (3192268.532 269909.637, 3192282.621 269954.051)	7	104	0	765	false	1545	None
LINESTRING (3192282.621 269954.051, 3192286.348 270000.325)	7	104	0	766	false	1545	None
LINESTRING (3192286.348 270000.325, 3192326.816 270058.435)	7	104	0	767	false	1545	None
LINESTRING (3192326.816 270058.435, 3192353.882 270111.465)	7	104	0	768	false	1545	None
LINESTRING (3192353.882 270111.465, 3192385.121 270181.441)	7	104	0	769	false	1545	None
LINESTRING (3192385.121 270181.441, 3192386.194 270224.75)	7	104	0	770	false	1545	None
LINESTRING (3192386.194 270224.75, 3192369.325 270285.307)	7	104	0	771	false	1545	None
LINESTRING (3192369.325 270285.307, 3192347.68 270338.353)	7	104	0	772	false	1545	None
LINESTRING (3192347.68 270338.353, 3192341.857 270359.454)	7	104	0	773	false	1545	None
LINESTRING (3192341.857 270359.454, 3192322.641 270428.396)	7	104	0	774	false	1545	None
LINESTRING (3192322.641 270428.396, 3192337.464 270498.905)	7	104	0	775	false	1545	None
LINESTRING (3192337.464 270498.905, 3192375.668 270565.674)	7	104	0	776	false	1545	None
LINESTRING (3192375.668 270565.674, 3192414.619 270617.45)	7	104	0	777	false	1545	None
LINESTRING (3192414.619 270617.45, 3192429.795 270661.341)	7	104	0	778	false	1545	None
LINESTRING (3192429.795 270661.341, 3192426.311 270778.457)	7	104	0	779	false	1545	None
LINESTRING (3192426.311 270778.457, 3192455.453 270783.456)	7	104	0	780	false	1545	None
LINESTRING (3192455.453 270783.456, 3192461.968 270795.241)	7	104	0	781	false	1545	None
LINESTRING (3192461.968 270795.241, 3192477.268 270803.942)	7	104	0	782	false	1545	None
LINESTRING (3192477.268 270803.942, 3192562.377 270836.893)	7	104	0	783	false	1545	None
LINESTRING (3192562.377 270836.893, 3192582.032 270849.713)	7	104	0	784	false	1545	None
LINESTRING (3192582.032 270849.713, 3192613.514 270870.335)	7	104	0	785	false	1545	None
LINESTRING (3192613.514 270870.335, 3192642.458 270901.058)	7	104	0	786	false	1545	None
LINESTRING (3192642.458 270901.058, 3192666.858 270943.476)	7	104	0	787	false	1545	None
LINESTRING (3192666.858 270943.476, 3192680.462 270962.137)	7	104	0	788	false	1545	None
LINESTRING (3192680.462 270962.137, 3192703.057 270984.367)	7	104	0	789	false	1545	None
LINESTRING (3192703.057 270984.367, 3192739.285 271010.099)	7	104	0	790	false	1545	None
LINESTRING (3192739.285 271010.099, 3192755.434 271029.77)	7	104	0	791	false	1545	None
LINESTRING (3192755.434 271029.77, 3192765.792 271045.231)	7	104	0	792	false	1545	None
LINESTRING (3192765.792 271045.231, 3192772.928 271063.116)	7	104	0	793	false	1545	None
LINESTRING (3192772.928 271063.116, 3192785.49 271114.572)	7	104	0	794	false	1545	None
LINESTRING (3192785.49 271114.572, 3192802.581 271160.062)	7	104	0	795	false	1545	None
LINESTRING (3192802.581 271160.062, 3192806.002 271177.906)	7	104	0	796	false	1545	None
LINESTRING (3192806.002 271177.906, 3192802.798 271199.331)	7	104	0	797	false	1545	None
LINESTRING (3192802.798 271199.331, 3192788.035 271245.911)	7	104	0	798	false	1545	None
LINESTRING (3192788.035 271245.911, 3192783.542 271276.023)	7	104	0	799	false	1545	None
LINESTRING (3192783.542 271276.023, 3192783.105 271295.918)	7	104	0	800	false	1545	None
LINESTRING (3192783.105 271295.918, 3192801.081 271369.593)	7	104	0	801	false	1545	None
LINESTRING (3192801.081 271369.593, 3192803.537 271387.89)	7	104	0	802	false	1545	None
LINESTRING (3192803.537 271387.89, 3192812.546 271414.164)	7	104	0	803	false	1545	None
LINESTRING (3192812.546 271414.164, 3192826.542 271437.521)	7	104	0	804	false	1545	None
LINESTRING (3192826.542 271437.521, 3192859.185 271474.254)	7	104	0	805	false	1545	None
LINESTRING (3192859.185 271474.254, 3192906.702 271505.426)	7	104	0	806	false	1545	None
LINESTRING (3192906.702 271505.426, 3192960.969 271561.14)	7	104	0	807	false	1545	None
LINESTRING (3192960.969 271561.14, 3193003.659 271615.84)	7	104	0	808	false	1545	None
LINESTRING (3193003.659 271615.84, 3193026.162 271655.358)	7	104	0	809	false	1545	None
LINESTRING (3193026.162 271655.358, 3193031.344 271668.764)	7	104	0	810	false	1545	None
LINESTRING (3193031.344 271668.764, 3193038.392 271707.64)	7	104	0	811	false	1545	None
LINESTRING (3193038.392 271707.64, 3193047.378 271728.53)	7	104	0	812	false	1545	None
LINESTRING (3193047.378 271728.53, 3193054.547 271738.664)	7	104	0	813	false	1545	None
LINESTRING (3193054.547 271738.664, 3193066.723 271747.561)	7	104	0	814	false	1545	None
LINESTRING (3193066.723 271747.561, 3193078.138 271752.691)	7	104	0	815	false	1545	None
LINESTRING (3193078.138 271752.691, 3193116.923 271770.243)	7	104	0	816	false	1545	None
LINESTRING (3193116.923 271770.243, 3193151.261 271800.723)	7	104	0	817	false	1545	None
LINESTRING (3193151.261 271800.723, 3193192.551 271823.093)	7	104	0	818	false	1545	None
LINESTRING (3193192.551 271823.093, 3193206.58 271838.699)	7	104	0	819	false	1545	None
LINESTRING (3193206.58 271838.699, 3193213.098 271854.428)	7	104	0	820	false	1545	None
LINESTRING (3193213.098 271854.428, 3193215.288 271875.368)	7	104	0	821	false	1545	None
LINESTRING (3193215.288 271875.368, 3193203.562 271985.992)	7	104	0	822	false	1545	None
LINESTRING (3193203.562 271985.992, 3193204.225 272056.021)	7	104	0	823	false	1545	None
LINESTRING (3193204.225 272056.021, 3193210.416 272076.28)	7	104	0	824	false	1545	None
LINESTRING (3193210.416 272076.28, 3193220.914 272093.112)	7	104	0	825	false	1545	None
LINESTRING (3193220.914 272093.112, 3193230.834 272103.98)	7	104	0	826	false	1545	None
LINESTRING (3193230.834 272103.98, 3193248.411 272116.337)	7	104	0	827	false	1545	None
LINESTRING (3193248.411 272116.337, 3193298.608 272139.02)	7	104	0	828	false	1545	N:3193258.9027328836 272121.078
LINESTRING (3197873.093 267460.991, 3197867.204 267470.12)	7	591	0	1550	false	2171	E:3197871.386 267463.63715435547
LINESTRING (3197867.204 267470.12, 3197863.181 267476.286)	7	591	0	1551	false	2171	None
LINESTRING (3197863.181 267476.286, 3197853.945 267484.442)	7	591	0	1552	false	2171	None
LINESTRING (3197853.945 267484.442, 3197828.8 267500.731)	7	591	0	1553	false	2171	None
LINESTRING (3197828.8 267500.731, 3197822.682 267504.751)	7	591	0	1554	false	2171	None
LINESTRING (3197822.682 267504.751, 3197790.14 267516.905)	7	591	0	1555	false	2171	None
LINESTRING (3197790.14 267516.905, 3197763.369 267531.353)	7	591	0	1556	false	2171	None
LINESTRING (3197763.369 267531.353, 3197730.971 267544.879)	7	591	0	1557	false	2171	None
LINESTRING (3197730.971 267544.879, 3197697.912 267563.28)	7	591	0	1558	false	2171	None
LINESTRING (3197697.912 267563.28, 3197691.537 267566.958)	7	591	0	1559	false	2171	None
LINESTRING (3197691.537 267566.958, 3197650.942 267580.093)	7	591	0	1560	false	2171	None
LINESTRING (3197650.942 267580.093, 3197596.276 267603.167)	7	591	0	1561	false	2171	None
LINESTRING (3197596.276 267603.167, 3197510.285 267644.733)	7	591	0	1562	false	2171	None
LINESTRING (3197510.285 267644.733, 3197479.032 267665.764)	7	591	0	1563	false	2171	None
LINESTRING (3197479.032 267665.764, 3197465.755 267646.509)	7	591	0	1564	false	2171	None
LINESTRING (3197465.755 267646.509, 3197463.804 267635.101)	7	591	0	1565	false	2171	None
LINESTRING (3197463.804 267635.101, 3197433.263 267555.94)	7	591	0	1566	false	2171	None
LINESTRING (3197433.263 267555.94, 3197369.317 267483.694)	7	591	0	1567	false	2171	None
LINESTRING (3197369.317 267483.694, 3197326.59 267466.594)	7	591	0	1568	false	2171	None
LINESTRING (3197326.59 267466.594, 3197277.554 267444.597)	7	591	0	1569	false	2171	None
LINESTRING (3197277.554 267444.597, 3197273.856 267442.53)	7	591	0	1570	false	2171	None
LINESTRING (3197273.856 267442.53, 3197269.713 267438.614)	7	591	0	1571	false	2171	None
LINESTRING (3197269.713 267438.614, 3197264.418 267433.642)	7	591	0	1572	false	2171	None
LINESTRING (3197264.418 267433.642, 3197258.054 267427.649)	7	591	0	1573	false	2171	None
LINESTRING (3197258.054 267427.649, 3197251.955 267419.013)	7	591	0	1574	false	2171	None
LINESTRING (3197251.955 267419.013, 3197237.788 267399.524)	7	591	0	1575	false	2171	None
LINESTRING (3197237.788 267399.524, 3197213.891 267378.558)	7	591	0	1576	false	2171	None
LINESTRING (3197213.891 267378.558, 3197212.401 267377.608)	7	591	0	1577	false	2171	None
LINESTRING (3197212.401 267377.608, 3197203.003 267372.081)	7	591	0	1578	false	2171	None
LINESTRING (3197203.003 267372.081, 3197196.282 267367.977)	7	591	0	1579	false	2171	None
LINESTRING (3197196.282 267367.977, 3197189.052 267363.67)	7	591	0	1580	false	2171	None
LINESTRING (3197189.052 267363.67, 3197171.673 267358.197)	7	591	0	1581	false	2171	None
LINESTRING (3197171.673 267358.197, 3197155.101 267356.629)	7	591	0	1582	false	2171	None
LINESTRING (3197155.101 267356.629, 3197128.878 267360.306)	7	591	0	1583	false	2171	None
LINESTRING (3197128.878 267360.306, 3196940.596 267396.949)	7	591	0	1584	false	2171	None
LINESTRING (3196940.596 267396.949, 3196840.947 267408.365)	7	591	0	1585	false	2171	None
LINESTRING (3196840.947 267408.365, 3196599.231 267436.326)	7	591	0	1586	false	2171	None
LINESTRING (3196599.231 267436.326, 3196530.648 267446.469)	7	591	0	1587	false	2171	None
LINESTRING (3196530.648 267446.469, 3196415.259 267486.878)	7	591	0	1588	false	2171	None
LINESTRING (3196415.259 267486.878, 3196318.38 267556.622)	7	591	0	1589	false	2171	None
LINESTRING (3196318.38 267556.622, 3196276.457 267571.385)	7	591	0	1590	false	2171	None
LINESTRING (3196276.457 267571.385, 3196271.941 267571.622)	7	591	0	1591	false	2171	None
LINESTRING (3196271.941 267571.622, 3196212.568 267546.72)	7	591	0	1592	false	2171	None
LINESTRING (3196212.568 267546.72, 3196083.976 267457.644)	7	591	0	1593	false	2171	None
LINESTRING (3196083.976 267457.644, 3196028.69 267463.755)	7	591	0	1594	false	2171	None
LINESTRING (3196028.69 267463.755, 3195988.742 267526.97)	7	591	0	1595	false	2171	None
LINESTRING (3195988.742 267526.97, 3195968.976 267568.814)	7	591	0	1596	false	2171	None
LINESTRING (3195968.976 267568.814, 3195943.011 267625.518)	7	591	0	1597	false	2171	None
LINESTRING (3195943.011 267625.518, 3195866.624 267653.59)	7	591	0	1598	false	2171	None
LINESTRING (3195866.624 267653.59, 3195808.036 267718.718)	7	591	0	1599	false	2171	None
LINESTRING (3195808.036 267718.718, 3195765.929 267830.652)	7	591	0	1600	false	2171	None
LINESTRING (3195765.929 267830.652, 3195653.861 267932.476)	7	591	0	1601	false	2171	None
LINESTRING (3195653.861 267932.476, 3195534.734 267963.045)	7	591	0	1602	false	2171	None
LINESTRING (3195534.734 267963.045, 3195515.06 267970.282)	7	591	0	1603	false	2171	None
LINESTRING (3195515.06 267970.282, 3195328.495 268000.228)	7	591	0	1604	false	2171	None
LINESTRING (3195328.495 268000.228, 3195203.318 267983.958)	7	591	0	1605	false	2171	None
LINESTRING (3195203.318 267983.958, 3195057.622 267936.246)	7	591	0	1606	false	2171	None
LINESTRING (3195057.622 267936.246, 3194929.956 267906.21)	7	591	0	1607	false	2171	None
LINESTRING (3194929.956 267906.21, 3194737.205 267822.137)	7	591	0	1608	false	2171	None
LINESTRING (3194737.205 267822.137, 3194655.457 267867.201)	7	591	0	1609	false	2171	None
LINESTRING (3194655.457 267867.201, 3194582.138 267924.932)	7	591	0	1610	false	2171	None
LINESTRING (3194582.138 267924.932, 3194517.279 268008.36)	7	591	0	1611	false	2171	None
LINESTRING (3194517.279 268008.36, 3194473.42 268047.566)	7	591	0	1612	false	2171	None
LINESTRING (3194473.42 268047.566, 3194463.521 268056.417)	7	591	0	1613	false	2171	None
LINESTRING (3194463.521 268056.417, 3194413.435 268093.988)	7	591	0	1614	false	2171	None
LINESTRING (3194413.435 268093.988, 3194364.385 268143.795)	7	591	0	1615	false	2171	None
LINESTRING (3194364.385 268143.795, 3194345.009 268168.594)	7	591	0	1616	false	2171	None
LINESTRING (3194345.009 268168.594, 3194335.528 268180.597)	7	591	0	1617	false	2171	None
LINESTRING (3194335.528 268180.597, 3194327.108 268200.07)	7	591	0	1618	false	2171	None
LINESTRING (3194327.108 268200.07, 3194321.641 268219.282)	7	591	0	1619	false	2171	None
LINESTRING (3194321.641 268219.282, 3194321.233 268224.018)	7	591	0	1620	false	2171	None
LINESTRING (3194321.233 268224.018, 3194308.33 268249.833)	7	591	0	1621	false	2171	None
LINESTRING (3194308.33 268249.833, 3194303.463 268353.62)	7	591	0	1622	false	2171	None
LINESTRING (3194303.463 268353.62, 3194261.975 268393.29)	7	591	0	1623	false	2171	None
LINESTRING (3194261.975 268393.29, 3194231.885 268467.829)	7	591	0	1624	false	2171	None
LINESTRING (3194231.885 268467.829, 3194177.353 268546.041)	7	591	0	1625	false	2171	None
LINESTRING (3194177.353 268546.041, 3194154.171 268626.19)	7	591	0	1626	false	2171	None
LINESTRING (3194154.171 268626.19, 3194159.547 268669.298)	7	591	0	1627	false	2171	None
LINESTRING (3194159.547 268669.298, 3194150.971 268693.368)	7	591	0	1628	false	2171	None
LINESTRING (3194150.971 268693.368, 3194099.698 268677.787)	7	591	0	1629	false	2171	None
LINESTRING (3194099.698 268677.787, 3194019.398 268632.404)	7	591	0	1630	false	2171	None
LINESTRING (3194019.398 268632.404, 3194011.931 268629.439)	7	591	0	1631	false	2171	None
LINESTRING (3194011.931 268629.439, 3193996.401 268626.498)	7	591	0	1632	false	2171	None
LINESTRING (3193996.401 268626.498, 3193984.005 268624.323)	7	591	0	1633	false	2171	None
LINESTRING (3193984.005 268624.323, 3193934.974 268623.132)	7	591	0	1634	false	2171	None
LINESTRING (3193934.974 268623.132, 3193908.218 268617.048)	7	591	0	1635	false	2171	None
LINESTRING (3193908.218 268617.048, 3193867.458 268587.605)	7	591	0	1636	false	2171	None
LINESTRING (3193867.458 268587.605, 3193820.011 268542.844)	7	591	0	1637	false	2171	None
LINESTRING (3193820.011 268542.844, 3193781.991 268523.568)	7	591	0	1638	false	2171	None
LINESTRING (3193781.991 268523.568, 3193761.435 268520.424)	7	591	0	1639	false	2171	None
LINESTRING (3193761.435 268520.424, 3193730.233 268527.268)	7	591	0	1640	false	2171	None
LINESTRING (3193730.233 268527.268, 3193676.831 268524.224)	7	591	0	1641	false	2171	None
LINESTRING (3193676.831 268524.224, 3193611.379 268509.228)	7	591	0	1642	false	2171	None
LINESTRING (3193611.379 268509.228, 3193577.13 268501.484)	7	591	0	1643	false	2171	None
LINESTRING (3193577.13 268501.484, 3193554.422 268502.026)	7	591	0	1644	false	2171	None
LINESTRING (3193554.422 268502.026, 3193538.207 268505.264)	7	591	0	1645	false	2171	None
LINESTRING (3193538.207 268505.264, 3193517.837 268524.412)	7	591	0	1646	false	2171	None
LINESTRING (3193517.837 268524.412, 3193486.132 268541.928)	7	591	0	1647	false	2171	None
LINESTRING (3193486.132 268541.928, 3193457.605 268553.419)	7	591	0	1648	false	2171	None
LINESTRING (3193457.605 268553.419, 3193408.68 268567.801)	7	591	0	1649	false	2171	None
LINESTRING (3193408.68 268567.801, 3193407.545 268568.187)	7	591	0	1650	false	2171	None
LINESTRING (3193407.545 268568.187, 3193364.555 268591.615)	7	591	0	1651	false	2171	None
LINESTRING (3193364.555 268591.615, 3193344.595 268609.732)	7	591	0	1652	false	2171	None
LINESTRING (3193344.595 268609.732, 3193328.087 268627.07)	7	591	0	1653	false	2171	None
LINESTRING (3193328.087 268627.07, 3193315.082 268640.78)	7	591	0	1654	false	2171	None
LINESTRING (3193315.082 268640.78, 3193271.448 268701.461)	7	591	0	1655	false	2171	None
LINESTRING (3193271.448 268701.461, 3193241.978 268756.895)	7	591	0	1656	false	2171	None
LINESTRING (3193241.978 268756.895, 3193241.776 268757.651)	7	591	0	1657	false	2171	None
LINESTRING (3193241.776 268757.651, 3193224.611 268807.816)	7	591	0	1658	false	2171	None
LINESTRING (3193224.611 268807.816, 3193224.286 268808.882)	7	591	0	1659	false	2171	None
LINESTRING (3193224.286 268808.882, 3193212.457 268835.96)	7	591	0	1660	false	2171	None
LINESTRING (3193212.457 268835.96, 3193208.758 268844.287)	7	591	0	1661	false	2171	None
LINESTRING (3193208.758 268844.287, 3193200.996 268862.11)	7	591	0	1662	false	2171	None
LINESTRING (3193200.996 268862.11, 3193171.353 268913.772)	7	591	0	1663	false	2171	None
LINESTRING (3193171.353 268913.772, 3193169.062 268916.327)	7	591	0	1664	false	2171	None
LINESTRING (3193169.062 268916.327, 3193155.235 268931.862)	7	591	0	1665	false	2171	None
LINESTRING (3193155.235 268931.862, 3193147.686 268936.033)	7	591	0	1666	false	2171	None
LINESTRING (3193147.686 268936.033, 3193143.585 268928.551)	7	591	0	1667	false	2171	None
LINESTRING (3193143.585 268928.551, 3193130.944 268906.213)	7	591	0	1668	false	2171	None
LINESTRING (3193130.944 268906.213, 3193126.717 268898.801)	7	591	0	1669	false	2171	None
LINESTRING (3193126.717 268898.801, 3193122.13 268889.574)	7	591	0	1670	false	2171	None
LINESTRING (3193122.13 268889.574, 3193121.785 268888.959)	7	591	0	1671	false	2171	None
LINESTRING (3193121.785 268888.959, 3193105.946 268864.037)	7	591	0	1672	false	2171	None
LINESTRING (3193105.946 268864.037, 3193100.481 268855.537)	7	591	0	1673	false	2171	None
LINESTRING (3193100.481 268855.537, 3193091.743 268841.675)	7	591	0	1674	false	2171	None
LINESTRING (3193091.743 268841.675, 3193088.56 268836.828)	7	591	0	1675	false	2171	None
LINESTRING (3193088.56 268836.828, 3193066.244 268800.018)	7	591	0	1676	false	2171	None
LINESTRING (3193066.244 268800.018, 3193066.113 268799.607)	7	591	0	1677	false	2171	None
LINESTRING (3193066.113 268799.607, 3193057.708 268785.401)	7	591	0	1678	false	2171	None
LINESTRING (3193057.708 268785.401, 3192992.789 268675.298)	7	591	0	1679	false	2171	None
LINESTRING (3192992.789 268675.298, 3192989.246 268668.636)	7	591	0	1680	false	2171	None
LINESTRING (3192989.246 268668.636, 3192980.27 268652.65)	7	591	0	1681	false	2171	None
LINESTRING (3192980.27 268652.65, 3192968.38 268629.655)	7	591	0	1682	false	2171	None
LINESTRING (3192968.38 268629.655, 3192957.634 268606.994)	7	591	0	1683	false	2171	None
LINESTRING (3192957.634 268606.994, 3192910.957 268497.445)	7	591	0	1684	false	2171	None
LINESTRING (3192910.957 268497.445, 3192882.011 268429.575)	7	591	0	1685	false	2171	None
LINESTRING (3192882.011 268429.575, 3192853.92 268362.522)	7	591	0	1686	false	2171	None
LINESTRING (3192853.92 268362.522, 3192835.387 268321.123)	7	591	0	1687	false	2171	None
LINESTRING (3192835.387 268321.123, 3192828.59 268307.317)	7	591	0	1688	false	2171	None
LINESTRING (3192828.59 268307.317, 3192820.467 268292.148)	7	591	0	1689	false	2171	None
LINESTRING (3192820.467 268292.148, 3192819.733 268290.781)	7	591	0	1690	false	2171	None
LINESTRING (3192819.733 268290.781, 3192807.318 268269.848)	7	591	0	1691	false	2171	None
LINESTRING (3192807.318 268269.848, 3192802.587 268262.714)	7	591	0	1692	false	2171	None
LINESTRING (3192802.587 268262.714, 3192793.314 268250.195)	7	591	0	1693	false	2171	None
LINESTRING (3192793.314 268250.195, 3192773.304 268226.127)	7	591	0	1694	false	2171	None
LINESTRING (3192773.304 268226.127, 3192737.87 268187.219)	7	591	0	1695	false	2171	None
LINESTRING (3192737.87 268187.219, 3192735.986 268185.037)	7	591	0	1696	false	2171	None
LINESTRING (3192735.986 268185.037, 3192733.505 268182.38)	7	591	0	1697	false	2171	None
LINESTRING (3192733.505 268182.38, 3192729.915 268178.805)	7	591	0	1698	false	2171	None
LINESTRING (3192729.915 268178.805, 3192727.779 268176.763)	7	591	0	1699	false	2171	None
LINESTRING (3192727.779 268176.763, 3192726.409 268175.264)	7	591	0	1700	false	2171	None
LINESTRING (3192726.409 268175.264, 3192721.968 268171.112)	7	591	0	1701	false	2171	None
LINESTRING (3192721.968 268171.112, 3192720.473 268169.683)	7	591	0	1702	false	2171	None
LINESTRING (3192720.473 268169.683, 3192710.393 268160.188)	7	591	0	1703	false	2171	None
LINESTRING (3192710.393 268160.188, 3192695.028 268143.22)	7	591	0	1704	false	2171	None
LINESTRING (3192695.028 268143.22, 3192620.441 268061.658)	7	591	0	1705	false	2171	None
LINESTRING (3192620.441 268061.658, 3192595.452 268034.541)	7	591	0	1706	false	2171	None
LINESTRING (3192595.452 268034.541, 3192591.169 268029.496)	7	591	0	1707	false	2171	None
LINESTRING (3192591.169 268029.496, 3192571.467 268010.091)	7	591	0	1708	false	2171	None
LINESTRING (3192571.467 268010.091, 3192564.155 268002.531)	7	591	0	1709	false	2171	None
LINESTRING (3192564.155 268002.531, 3192552.226 267990.271)	7	591	0	1710	false	2171	None
LINESTRING (3192552.226 267990.271, 3192533.402 267970.14)	7	591	0	1711	false	2171	None
LINESTRING (3192533.402 267970.14, 3192516.661 267951.193)	7	591	0	1712	false	2171	None
LINESTRING (3192516.661 267951.193, 3192512.98 267947.105)	7	591	0	1713	false	2171	None
LINESTRING (3192512.98 267947.105, 3192493.144 267923.585)	7	591	0	1714	false	2171	None
LINESTRING (3192493.144 267923.585, 3192454.304 267875.683)	7	591	0	1715	false	2171	None
LINESTRING (3192454.304 267875.683, 3192425.718 267837.583)	7	591	0	1716	false	2171	None
LINESTRING (3192425.718 267837.583, 3192417.261 267826.224)	7	591	0	1717	false	2171	None
LINESTRING (3192417.261 267826.224, 3192337.965 267715.923)	7	591	0	1718	false	2171	None
LINESTRING (3192337.965 267715.923, 3192306.181 267672.016)	7	591	0	1719	false	2171	None
LINESTRING (3192306.181 267672.016, 3192292.608 267653.253)	7	591	0	1720	false	2171	None
LINESTRING (3192292.608 267653.253, 3192237.003 267577.797)	7	591	0	1721	false	2171	None
LINESTRING (3192237.003 267577.797, 3192226.265 267563.025)	7	591	0	1722	false	2171	None
LINESTRING (3192226.265 267563.025, 3192193.889 267519.123)	7	591	0	1723	false	2171	None
LINESTRING (3192193.889 267519.123, 3192182.771 267504.32)	7	591	0	1724	false	2171	None
LINESTRING (3192182.771 267504.32, 3192156.894 267467.058)	7	591	0	1725	false	2171	None
LINESTRING (3192156.894 267467.058, 3192158.667 267467.045)	7	591	0	1726	false	2171	None
LINESTRING (3192158.667 267467.045, 3192135.46 267437.412)	7	591	0	1727	false	2171	None
LINESTRING (3192135.46 267437.412, 3192084.472 267370.36)	7	591	0	1728	false	2171	None
LINESTRING (3192084.472 267370.36, 3192070.199 267349.647)	7	591	0	1729	false	2171	None
LINESTRING (3192070.199 267349.647, 3192060.795 267333.493)	7	591	0	1730	false	2171	None
LINESTRING (3192060.795 267333.493, 3192053.202 267320.448)	7	591	0	1731	false	2171	None
LINESTRING (3192053.202 267320.448, 3192041.857 267297.552)	7	591	0	1732	false	2171	None
LINESTRING (3192041.857 267297.552, 3192036.942 267285.927)	7	591	0	1733	false	2171	None
LINESTRING (3192036.942 267285.927, 3192034.231 267278.402)	7	591	0	1734	false	2171	None
LINESTRING (3192034.231 267278.402, 3192028.23 267260.851)	7	591	0	1735	false	2171	None
LINESTRING (3192028.23 267260.851, 3192024.693 267247.982)	7	591	0	1736	false	2171	None
LINESTRING (3192024.693 267247.982, 3192020.44 267228.497)	7	591	0	1737	false	2171	None
LINESTRING (3192020.44 267228.497, 3192018.653 267217.158)	7	591	0	1738	false	2171	None
LINESTRING (3192018.653 267217.158, 3192017.695 267211.403)	7	591	0	1739	false	2171	None
LINESTRING (3192017.695 267211.403, 3192015.488 267189.983)	7	591	0	1740	false	2171	None
LINESTRING (3192015.488 267189.983, 3192014.983 267179.869)	7	591	0	1741	false	2171	None
LINESTRING (3192014.983 267179.869, 3192014.933 267179.252)	7	591	0	1742	false	2171	None
LINESTRING (3192014.933 267179.252, 3192015.3 267157.778)	7	591	0	1743	false	2171	None
LINESTRING (3192015.3 267157.778, 3192016.529 267144.53)	7	591	0	1744	false	2171	None
LINESTRING (3192016.529 267144.53, 3192021.015 267118.122)	7	591	0	1745	false	2171	None
LINESTRING (3192021.015 267118.122, 3192024.108 267105.374)	7	591	0	1746	false	2171	None
LINESTRING (3192024.108 267105.374, 3192032.2 267080.276)	7	591	0	1747	false	2171	None
LINESTRING (3192032.2 267080.276, 3192037.259 267066.039)	7	591	0	1748	false	2171	None
LINESTRING (3192037.259 267066.039, 3192050.099 267028.97)	7	591	0	1749	false	2171	None
LINESTRING (3192050.099 267028.97, 3192052.096 267023.193)	7	591	0	1750	false	2171	None
LINESTRING (3192052.096 267023.193, 3192056.018 267012.566)	7	591	0	1751	false	2171	None
LINESTRING (3192056.018 267012.566, 3192063.733 266991.141)	7	591	0	1752	false	2171	None
LINESTRING (3192063.733 266991.141, 3192075.431 266964.13)	7	591	0	1753	false	2171	None
LINESTRING (3192075.431 266964.13, 3192076.744 266961.068)	7	591	0	1754	false	2171	None
LINESTRING (3192076.744 266961.068, 3192081.818 266948.031)	7	591	0	1755	false	2171	None
LINESTRING (3192081.818 266948.031, 3192103.374 266888.501)	7	591	0	1756	false	2171	None
LINESTRING (3192103.374 266888.501, 3192106.508 266879.114)	7	591	0	1757	false	2171	None
LINESTRING (3192106.508 266879.114, 3192132.841 266799.621)	7	591	0	1758	false	2171	None
LINESTRING (3192132.841 266799.621, 3192137.194 266782.954)	7	591	0	1759	false	2171	None
LINESTRING (3192137.194 266782.954, 3192139.622 266767.674)	7	591	0	1760	false	2171	None
LINESTRING (3192139.622 266767.674, 3192140.682 266757.822)	7	591	0	1761	false	2171	None
LINESTRING (3192140.682 266757.822, 3192141.199 266738.2)	7	591	0	1762	false	2171	None
LINESTRING (3192141.199 266738.2, 3192140.448 266728.705)	7	591	0	1763	false	2171	None
LINESTRING (3192140.448 266728.705, 3192137.711 266712.33)	7	591	0	1764	false	2171	None
LINESTRING (3192137.711 266712.33, 3192137.342 266709.795)	7	591	0	1765	false	2171	None
LINESTRING (3192137.342 266709.795, 3192132.89 266691.307)	7	591	0	1766	false	2171	None
LINESTRING (3192132.89 266691.307, 3192128.523 266676.317)	7	591	0	1767	false	2171	None
LINESTRING (3192128.523 266676.317, 3192127.121 266672.177)	7	591	0	1768	false	2171	None
LINESTRING (3192127.121 266672.177, 3192123.273 266661.573)	7	591	0	1769	false	2171	None
LINESTRING (3192123.273 266661.573, 3192117.265 266647.006)	7	591	0	1770	false	2171	None
LINESTRING (3192117.265 266647.006, 3192099.657 266612.907)	7	591	0	1771	false	2171	None
LINESTRING (3192099.657 266612.907, 3192059.758 266528.28)	7	591	0	1772	false	2171	None
LINESTRING (3192059.758 266528.28, 3192056.552 266521.753)	7	591	0	1773	false	2171	None
LINESTRING (3192056.552 266521.753, 3192007.754 266414.247)	7	591	0	1774	false	2171	None
LINESTRING (3192007.754 266414.247, 3191948.858 266282.67)	7	591	0	1775	false	2171	None
LINESTRING (3191948.858 266282.67, 3191943.865 266271.732)	7	591	0	1776	false	2171	None
LINESTRING (3191943.865 266271.732, 3191923.296 266227.262)	7	591	0	1777	false	2171	None
LINESTRING (3191923.296 266227.262, 3191913.531 266206.07)	7	591	0	1778	false	2171	None
LINESTRING (3191913.531 266206.07, 3191901.914 266188.802)	7	591	0	1779	false	2171	None
LINESTRING (3191901.914 266188.802, 3191898.967 266186.08)	7	591	0	1780	false	2171	None
LINESTRING (3191898.967 266186.08, 3191894.292 266180.284)	7	591	0	1781	false	2171	None
LINESTRING (3191894.292 266180.284, 3191882.802 266166.41)	7	591	0	1782	false	2171	None
LINESTRING (3191882.802 266166.41, 3191871.966 266154.109)	7	591	0	1783	false	2171	None
LINESTRING (3191871.966 266154.109, 3191864.343 266145.591)	7	591	0	1784	false	2171	None
LINESTRING (3191864.343 266145.591, 3191856.334 266136.561)	7	591	0	1785	false	2171	None
LINESTRING (3191856.334 266136.561, 3191820.417 266097.351)	7	591	0	1786	false	2171	None
LINESTRING (3191820.417 266097.351, 3191815.581 266092.208)	7	591	0	1787	false	2171	None
LINESTRING (3191815.581 266092.208, 3191660.64 265925.645)	7	591	0	1788	false	2171	None
LINESTRING (3191660.64 265925.645, 3191635.122 265897.608)	7	591	0	1789	false	2171	None
LINESTRING (3191635.122 265897.608, 3191593.318 265850.451)	7	591	0	1790	false	2171	None
LINESTRING (3191593.318 265850.451, 3191567.199 265821.699)	7	591	0	1791	false	2171	None
LINESTRING (3191567.199 265821.699, 3191553.681 265807.738)	7	591	0	1792	false	2171	None
LINESTRING (3191553.681 265807.738, 3191542.405 265797.532)	7	591	0	1793	false	2171	None
LINESTRING (3191542.405 265797.532, 3191528.796 265786.522)	7	591	0	1794	false	2171	None
LINESTRING (3191528.796 265786.522, 3191521.558 265781.74)	7	591	0	1795	false	2171	None
LINESTRING (3191521.558 265781.74, 3191512.672 265776.902)	7	591	0	1796	false	2171	None
LINESTRING (3191512.672 265776.902, 3191493.905 265768.742)	7	591	0	1797	false	2171	None
LINESTRING (3191493.905 265768.742, 3191481.218 265763.829)	7	591	0	1798	false	2171	None
LINESTRING (3191481.218 265763.829, 3191468.244 265759.639)	7	591	0	1799	false	2171	None
LINESTRING (3191468.244 265759.639, 3191400.408 265741.215)	7	591	0	1800	false	2171	None
LINESTRING (3191400.408 265741.215, 3191364.346 265731.094)	7	591	0	1801	false	2171	None
LINESTRING (3191364.346 265731.094, 3191342.777 265725.048)	7	591	0	1802	false	2171	None
LINESTRING (3191342.777 265725.048, 3191255.631 265702.311)	7	591	0	1803	false	2171	None
LINESTRING (3191255.631 265702.311, 3191219.282 265692.913)	7	591	0	1804	false	2171	None
LINESTRING (3191219.282 265692.913, 3191211.571 265690.81)	7	591	0	1805	false	2171	None
LINESTRING (3191211.571 265690.81, 3191188.058 265684.71)	7	591	0	1806	false	2171	None
LINESTRING (3191188.058 265684.71, 3191180.221 265682.677)	7	591	0	1807	false	2171	None
LINESTRING (3191180.221 265682.677, 3191154.97 265676.008)	7	591	0	1808	false	2171	None
LINESTRING (3191154.97 265676.008, 3191134.127 265670.608)	7	591	0	1809	false	2171	None
LINESTRING (3191134.127 265670.608, 3191079.004 265655.796)	7	591	0	1810	false	2171	None
LINESTRING (3191079.004 265655.796, 3191053.583 265649.059)	7	591	0	1811	false	2171	None
LINESTRING (3191053.583 265649.059, 3191040.36 265645.249)	7	591	0	1812	false	2171	None
LINESTRING (3191040.36 265645.249, 3191039.98 265645.217)	7	591	0	1813	false	2171	None
LINESTRING (3191039.98 265645.217, 3191006.105 265637.756)	7	591	0	1814	false	2171	None
LINESTRING (3191006.105 265637.756, 3190999.874 265635.882)	7	591	0	1815	false	2171	None
LINESTRING (3190999.874 265635.882, 3190986.525 265632.142)	7	591	0	1816	false	2171	None
LINESTRING (3190986.525 265632.142, 3190982.033 265630.838)	7	591	0	1817	false	2171	None
LINESTRING (3190982.033 265630.838, 3190963.887 265625.076)	7	591	0	1818	false	2171	None
LINESTRING (3190963.887 265625.076, 3190946.522 265617.593)	7	591	0	1819	false	2171	None
LINESTRING (3190946.522 265617.593, 3190937.718 265612.549)	7	591	0	1820	false	2171	None
LINESTRING (3190937.718 265612.549, 3190937.039 265612.28)	7	591	0	1821	false	2171	None
LINESTRING (3190937.039 265612.28, 3190927.842 265606.244)	7	591	0	1822	false	2171	None
LINESTRING (3190927.842 265606.244, 3190919.23 265599.724)	7	591	0	1823	false	2171	None
LINESTRING (3190919.23 265599.724, 3190911.077 265592.789)	7	591	0	1824	false	2171	None
LINESTRING (3190911.077 265592.789, 3190896.269 265577.124)	7	591	0	1825	false	2171	None
LINESTRING (3190896.269 265577.124, 3190889.661 265568.77)	7	591	0	1826	false	2171	None
LINESTRING (3190889.661 265568.77, 3190883.509 265559.762)	7	591	0	1827	false	2171	None
LINESTRING (3190883.509 265559.762, 3190861.834 265522.026)	7	591	0	1828	false	2171	None
LINESTRING (3190861.834 265522.026, 3190852.09 265502.756)	7	591	0	1829	false	2171	None
LINESTRING (3190852.09 265502.756, 3190842.975 265483.137)	7	591	0	1830	false	2171	None
LINESTRING (3190842.975 265483.137, 3190841.369 265479.754)	7	591	0	1831	false	2171	None
LINESTRING (3190841.369 265479.754, 3190816.063 265428.635)	7	591	0	1832	false	2171	None
LINESTRING (3190816.063 265428.635, 3190814.264 265429.952)	7	591	0	1833	false	2171	None
LINESTRING (3190814.264 265429.952, 3190778.871 265369.34)	7	591	0	1834	false	2171	None
LINESTRING (3190778.871 265369.34, 3190778.912 265369.237)	7	591	0	1835	false	2171	None
LINESTRING (3190778.912 265369.237, 3190739.768 265309.168)	7	591	0	1836	false	2171	None
LINESTRING (3190739.768 265309.168, 3190725.653 265288.285)	7	591	0	1837	false	2171	None
LINESTRING (3190725.653 265288.285, 3190662.741 265195.504)	7	591	0	1838	false	2171	None
LINESTRING (3190662.741 265195.504, 3190589.471 265085.242)	7	591	0	1839	false	2171	None
LINESTRING (3190589.471 265085.242, 3190562.822 265048.402)	7	591	0	1840	false	2171	None
LINESTRING (3190562.822 265048.402, 3190552.335 265033.974)	7	591	0	1841	false	2171	None
LINESTRING (3190552.335 265033.974, 3190526.85 264995.685)	7	591	0	1842	false	2171	None
LINESTRING (3190526.85 264995.685, 3190518.476 264981.377)	7	591	0	1843	false	2171	None
LINESTRING (3190518.476 264981.377, 3190512.716 264970.137)	7	591	0	1844	false	2171	None
LINESTRING (3190512.716 264970.137, 3190511.02 264966.24)	7	591	0	1845	false	2171	None
LINESTRING (3190511.02 264966.24, 3190505.371 264953.729)	7	591	0	1846	false	2171	None
LINESTRING (3190505.371 264953.729, 3190504.938 264952.841)	7	591	0	1847	false	2171	None
LINESTRING (3190504.938 264952.841, 3190496.222 264928.247)	7	591	0	1848	false	2171	None
LINESTRING (3190496.222 264928.247, 3190492.699 264913.594)	7	591	0	1849	false	2171	None
LINESTRING (3190492.699 264913.594, 3190489.23 264899.798)	7	591	0	1850	false	2171	None
LINESTRING (3190489.23 264899.798, 3190486.696 264889.836)	7	591	0	1851	false	2171	None
LINESTRING (3190486.696 264889.836, 3190485.258 264876.368)	7	591	0	1852	false	2171	None
LINESTRING (3190485.258 264876.368, 3190484.666 264862.996)	7	591	0	1853	false	2171	None
LINESTRING (3190484.666 264862.996, 3190484.665 264849.619)	7	591	0	1854	false	2171	None
LINESTRING (3190484.665 264849.619, 3190485.364 264838.192)	7	591	0	1855	false	2171	None
LINESTRING (3190485.364 264838.192, 3190486.654 264826.761)	7	591	0	1856	false	2171	None
LINESTRING (3190486.654 264826.761, 3190490.505 264804.163)	7	591	0	1857	false	2171	None
LINESTRING (3190490.505 264804.163, 3190492.987 264793.443)	7	591	0	1858	false	2171	None
LINESTRING (3190492.987 264793.443, 3190493.387 264791.691)	7	591	0	1859	false	2171	None
LINESTRING (3190493.387 264791.691, 3190496.183 264782.409)	7	591	0	1860	false	2171	None
LINESTRING (3190496.183 264782.409, 3190496.989 264779.384)	7	591	0	1861	false	2171	None
LINESTRING (3190496.989 264779.384, 3190514.454 264724.922)	7	591	0	1862	false	2171	None
LINESTRING (3190514.454 264724.922, 3190535.232 264665.324)	7	591	0	1863	false	2171	None
LINESTRING (3190535.232 264665.324, 3190593.946 264490.707)	7	591	0	1864	false	2171	None
LINESTRING (3190593.946 264490.707, 3190613.641 264435.576)	7	591	0	1865	false	2171	None
LINESTRING (3190613.641 264435.576, 3190654.702 264320.603)	7	591	0	1866	false	2171	None
LINESTRING (3190654.702 264320.603, 3190662.042 264300.105)	7	591	0	1867	false	2171	None
LINESTRING (3190662.042 264300.105, 3190672.426 264269.946)	7	591	0	1868	false	2171	S:3190670.5718987365 264275.331
