LINESTRING (3160296.498 217116.191, 3160195.736 217386.407)	92	180	0	1478	false	2099	S:3160264.9295162833 217200.849
LINESTRING (3160195.736 217386.407, 3160165.61 217467.108)	92	180	0	1479	false	2099	None
LINESTRING (3160165.61 217467.108, 3160162.108 217476.583)	92	180	0	1480	false	2099	None
LINESTRING (3160162.108 217476.583, 3160138.382 217483.168)	92	180	0	1481	false	2099	None
LINESTRING (3160138.382 217483.168, 3160102.63 217490.063)	92	180	0	1482	false	2099	None
LINESTRING (3160102.63 217490.063, 3160054.579 217494.182)	92	180	0	1483	false	2099	None
LINESTRING (3160054.579 217494.182, 3160038.859 217500.676)	92	180	0	1484	false	2099	None
LINESTRING (3160038.859 217500.676, 3160030.097 217505.477)	92	180	0	1485	false	2099	None
LINESTRING (3160030.097 217505.477, 3160021.731 217511.028)	92	180	0	1486	false	2099	None
LINESTRING (3160021.731 217511.028, 3160013.927 217517.156)	92	180	0	1487	false	2099	None
LINESTRING (3160013.927 217517.156, 3160006.645 217523.965)	92	180	0	1488	false	2099	None
LINESTRING (3160006.645 217523.965, 3160006.106 217524.588)	92	180	0	1489	false	2099	None
LINESTRING (3160006.106 217524.588, 3159999.924 217531.35)	92	180	0	1490	false	2099	None
LINESTRING (3159999.924 217531.35, 3159993.766 217539.312)	92	180	0	1491	false	2099	None
LINESTRING (3159993.766 217539.312, 3159988.336 217547.677)	92	180	0	1492	false	2099	None
LINESTRING (3159988.336 217547.677, 3159983.593 217556.55)	92	180	0	1493	false	2099	None
LINESTRING (3159983.593 217556.55, 3159976.526 217574.404)	92	180	0	1494	false	2099	None
LINESTRING (3159976.526 217574.404, 3159970.285 217593.415)	92	180	0	1495	false	2099	None
LINESTRING (3159970.285 217593.415, 3159965.195 217612.756)	92	180	0	1496	false	2099	None
LINESTRING (3159965.195 217612.756, 3159961.341 217632.46)	92	180	0	1497	false	2099	None
LINESTRING (3159961.341 217632.46, 3159958.718 217652.287)	92	180	0	1498	false	2099	None
LINESTRING (3159958.718 217652.287, 3159961.334 217699.777)	92	180	0	1499	false	2099	None
LINESTRING (3159961.334 217699.777, 3159954.641 217745.658)	92	180	0	1500	false	2099	None
LINESTRING (3159954.641 217745.658, 3159949.959 217764.205)	92	180	0	1501	false	2099	None
LINESTRING (3159949.959 217764.205, 3159946.241 217773.477)	92	180	0	1502	false	2099	None
LINESTRING (3159946.241 217773.477, 3159941.625 217782.279)	92	180	0	1503	false	2099	None
LINESTRING (3159941.625 217782.279, 3159936.109 217790.612)	92	180	0	1504	false	2099	None
LINESTRING (3159936.109 217790.612, 3159929.82 217798.404)	92	180	0	1505	false	2099	None
LINESTRING (3159929.82 217798.404, 3159922.799 217805.552)	92	180	0	1506	false	2099	None
LINESTRING (3159922.799 217805.552, 3159910.293 217813.896)	92	180	0	1507	false	2099	None
LINESTRING (3159910.293 217813.896, 3159901.266 217818.117)	92	180	0	1508	false	2099	None
LINESTRING (3159901.266 217818.117, 3159891.793 217821.211)	92	180	0	1509	false	2099	None
LINESTRING (3159891.793 217821.211, 3159882.001 217823.108)	92	180	0	1510	false	2099	None
LINESTRING (3159882.001 217823.108, 3159872.014 217823.737)	92	180	0	1511	false	2099	None
LINESTRING (3159872.014 217823.737, 3159862.005 217823.166)	92	180	0	1512	false	2099	None
LINESTRING (3159862.005 217823.166, 3159852.183 217821.357)	92	180	0	1513	false	2099	None
LINESTRING (3159852.183 217821.357, 3159838.154 217816.715)	92	180	0	1514	false	2099	None
LINESTRING (3159838.154 217816.715, 3159819.783 217808.829)	92	180	0	1515	false	2099	None
LINESTRING (3159819.783 217808.829, 3159802.228 217799.356)	92	180	0	1516	false	2099	None
LINESTRING (3159802.228 217799.356, 3159785.742 217788.154)	92	180	0	1517	false	2099	None
LINESTRING (3159785.742 217788.154, 3159770.243 217775.432)	92	180	0	1518	false	2099	None
LINESTRING (3159770.243 217775.432, 3159762.951 217768.654)	92	180	0	1519	false	2099	None
LINESTRING (3159762.951 217768.654, 3159756.032 217761.425)	92	180	0	1520	false	2099	None
LINESTRING (3159756.032 217761.425, 3159729.378 217743.753)	92	180	0	1521	false	2099	None
LINESTRING (3159729.378 217743.753, 3159643.332 217687.172)	92	180	0	1522	false	2099	None
LINESTRING (3159643.332 217687.172, 3159626.037 217675.774)	92	180	0	1523	false	2099	None
LINESTRING (3159626.037 217675.774, 3159599.035 217655.465)	92	180	0	1524	false	2099	None
LINESTRING (3159599.035 217655.465, 3159542.793 217613.019)	92	180	0	1525	false	2099	None
LINESTRING (3159542.793 217613.019, 3159506.117 217585.479)	92	180	0	1526	false	2099	None
LINESTRING (3159506.117 217585.479, 3159414.877 217525.563)	92	180	0	1527	false	2099	None
LINESTRING (3159414.877 217525.563, 3159366.193 217499.295)	92	180	0	1528	false	2099	None
LINESTRING (3159366.193 217499.295, 3159309.294 217468.868)	92	180	0	1529	false	2099	None
LINESTRING (3159309.294 217468.868, 3159304.422 217466.728)	92	180	0	1530	false	2099	None
LINESTRING (3159304.422 217466.728, 3159234.907 217436.859)	92	180	0	1531	false	2099	None
LINESTRING (3159234.907 217436.859, 3159165.347 217406.853)	92	180	0	1532	false	2099	None
LINESTRING (3159165.347 217406.853, 3159158.426 217403.914)	92	180	0	1533	false	2099	None
LINESTRING (3159158.426 217403.914, 3159131.856 217390.566)	92	180	0	1534	false	2099	None
LINESTRING (3159131.856 217390.566, 3159104.459 217378.326)	92	180	0	1535	false	2099	None
LINESTRING (3159104.459 217378.326, 3159076.618 217367.223)	92	180	0	1536	false	2099	None
LINESTRING (3159076.618 217367.223, 3159048.253 217357.465)	92	180	0	1537	false	2099	None
LINESTRING (3159048.253 217357.465, 3159009.864 217346.416)	92	180	0	1538	false	2099	None
LINESTRING (3159009.864 217346.416, 3159005.056 217345.374)	92	180	0	1539	false	2099	None
LINESTRING (3159005.056 217345.374, 3158975.535 217339.335)	92	180	0	1540	false	2099	None
LINESTRING (3158975.535 217339.335, 3158926.405 217329.338)	92	180	0	1541	false	2099	None
LINESTRING (3158926.405 217329.338, 3158858.45 217318.667)	92	180	0	1542	false	2099	None
LINESTRING (3158858.45 217318.667, 3158789.122 217309.249)	92	180	0	1543	false	2099	None
LINESTRING (3158789.122 217309.249, 3158657.976 217299.658)	92	180	0	1544	false	2099	None
LINESTRING (3158657.976 217299.658, 3158640.72 217299.001)	92	180	0	1545	false	2099	None
LINESTRING (3158640.72 217299.001, 3158620.897 217297.105)	92	180	0	1546	false	2099	None
LINESTRING (3158620.897 217297.105, 3158601.055 217294.248)	92	180	0	1547	false	2099	None
LINESTRING (3158601.055 217294.248, 3158581.446 217290.291)	92	180	0	1548	false	2099	None
LINESTRING (3158581.446 217290.291, 3158562.115 217285.369)	92	180	0	1549	false	2099	None
LINESTRING (3158562.115 217285.369, 3158554.826 217283.121)	92	180	0	1550	false	2099	None
LINESTRING (3158554.826 217283.121, 3158533.589 217276.026)	92	180	0	1551	false	2099	None
LINESTRING (3158533.589 217276.026, 3158417.734 217233.804)	92	180	0	1552	false	2099	None
LINESTRING (3158417.734 217233.804, 3158391.605 217227.899)	92	180	0	1553	false	2099	None
LINESTRING (3158391.605 217227.899, 3158362.062 217222.926)	92	180	0	1554	false	2099	None
LINESTRING (3158362.062 217222.926, 3158332.256 217219.637)	92	180	0	1555	false	2099	None
LINESTRING (3158332.256 217219.637, 3158302.352 217217.859)	92	180	0	1556	false	2099	None
LINESTRING (3158302.352 217217.859, 3158282.351 217217.681)	92	180	0	1557	false	2099	None
LINESTRING (3158282.351 217217.681, 3158191.214 217226.09)	92	180	0	1558	false	2099	None
LINESTRING (3158191.214 217226.09, 3158099.106 217232.452)	92	180	0	1559	false	2099	None
LINESTRING (3158099.106 217232.452, 3158082.663 217232.233)	92	180	0	1560	false	2099	None
LINESTRING (3158082.663 217232.233, 3158042.833 217231.944)	92	180	0	1561	false	2099	None
LINESTRING (3158042.833 217231.944, 3158038.195 217230.969)	92	180	0	1562	false	2099	None
LINESTRING (3158038.195 217230.969, 3157952.877 217214.128)	92	180	0	1563	false	2099	None
LINESTRING (3157952.877 217214.128, 3157866.743 217186.01)	92	180	0	1564	false	2099	S:3157912.1993776225 217200.849
LINESTRING (3157731.924 217194.181, 3157723.28 217217.854)	92	182	0	206	false	1985	S:3157729.4892349937 217200.849
LINESTRING (3157723.28 217217.854, 3157716.436 217229.6)	92	182	0	207	false	1985	None
LINESTRING (3157716.436 217229.6, 3157715.081 217231.812)	92	182	0	208	false	1985	None
LINESTRING (3157715.081 217231.812, 3157698.668 217248.165)	92	182	0	209	false	1985	None
LINESTRING (3157698.668 217248.165, 3157697.047 217249.797)	92	182	0	210	false	1985	None
LINESTRING (3157697.047 217249.797, 3157675.871 217288.954)	92	182	0	211	false	1985	None
LINESTRING (3157675.871 217288.954, 3157671.604 217308.973)	92	182	0	212	false	1985	None
LINESTRING (3157671.604 217308.973, 3157674.126 217325.206)	92	182	0	213	false	1985	None
LINESTRING (3157674.126 217325.206, 3157679.22 217338.63)	92	182	0	214	false	1985	None
LINESTRING (3157679.22 217338.63, 3157688.808 217354.403)	92	182	0	215	false	1985	None
LINESTRING (3157688.808 217354.403, 3157699.286 217365.877)	92	182	0	216	false	1985	None
LINESTRING (3157699.286 217365.877, 3157713.776 217368.074)	92	182	0	217	false	1985	None
LINESTRING (3157713.776 217368.074, 3157726.224 217363.399)	92	182	0	218	false	1985	None
LINESTRING (3157726.224 217363.399, 3157753.58 217341.187)	92	182	0	219	false	1985	None
LINESTRING (3157753.58 217341.187, 3157768.718 217339.705)	92	182	0	220	false	1985	None
LINESTRING (3157768.718 217339.705, 3157781.438 217346.692)	92	182	0	221	false	1985	None
LINESTRING (3157781.438 217346.692, 3157787.039 217355.787)	92	182	0	222	false	1985	None
LINESTRING (3157787.039 217355.787, 3157788.704 217358.581)	92	182	0	223	false	1985	None
LINESTRING (3157788.704 217358.581, 3157790.382 217370.673)	92	182	0	224	false	1985	None
LINESTRING (3157790.382 217370.673, 3157784.909 217394.034)	92	182	0	225	false	1985	None
LINESTRING (3157784.909 217394.034, 3157779.361 217413.553)	92	182	0	226	false	1985	None
LINESTRING (3157779.361 217413.553, 3157781.964 217425.291)	92	182	0	227	false	1985	None
LINESTRING (3157781.964 217425.291, 3157784.933 217434.074)	92	182	0	228	false	1985	None
LINESTRING (3157784.933 217434.074, 3157793.359 217442.484)	92	182	0	229	false	1985	None
LINESTRING (3157793.359 217442.484, 3157800.383 217454.993)	92	182	0	230	false	1985	None
LINESTRING (3157800.383 217454.993, 3157797.454 217474.104)	92	182	0	231	false	1985	None
LINESTRING (3157797.454 217474.104, 3157793.824 217483.411)	92	182	0	232	false	1985	None
LINESTRING (3157793.824 217483.411, 3157780.526 217503.124)	92	182	0	233	false	1985	None
LINESTRING (3157780.526 217503.124, 3157770.6 217524.033)	92	182	0	234	false	1985	None
LINESTRING (3157770.6 217524.033, 3157766.819 217536.497)	92	182	0	235	false	1985	None
LINESTRING (3157766.819 217536.497, 3157769.264 217546.624)	92	182	0	236	false	1985	None
LINESTRING (3157769.264 217546.624, 3157771.745 217562.961)	92	182	0	237	false	1985	None
LINESTRING (3157771.745 217562.961, 3157769.371 217575.856)	92	182	0	238	false	1985	None
LINESTRING (3157769.371 217575.856, 3157759.799 217606.195)	92	182	0	239	false	1985	None
LINESTRING (3157759.799 217606.195, 3157759.23 217618.245)	92	182	0	240	false	1985	None
LINESTRING (3157759.23 217618.245, 3157762.835 217635.735)	92	182	0	241	false	1985	None
LINESTRING (3157762.835 217635.735, 3157760.582 217652.608)	92	182	0	242	false	1985	None
LINESTRING (3157760.582 217652.608, 3157751.458 217666.92)	92	182	0	243	false	1985	None
LINESTRING (3157751.458 217666.92, 3157736.95 217678.893)	92	182	0	244	false	1985	None
LINESTRING (3157736.95 217678.893, 3157705.155 217690.795)	92	182	0	245	false	1985	None
LINESTRING (3157705.155 217690.795, 3157679.333 217709.077)	92	182	0	246	false	1985	None
LINESTRING (3157679.333 217709.077, 3157660.57 217735.237)	92	182	0	247	false	1985	None
LINESTRING (3157660.57 217735.237, 3157642.649 217763.273)	92	182	0	248	false	1985	None
LINESTRING (3157642.649 217763.273, 3157623.246 217787.038)	92	182	0	249	false	1985	None
LINESTRING (3157623.246 217787.038, 3157590.587 217830.413)	92	182	0	250	false	1985	None
LINESTRING (3157590.587 217830.413, 3157572.75 217856.219)	92	182	0	251	false	1985	None
LINESTRING (3157572.75 217856.219, 3157566.799 217872.483)	92	182	0	252	false	1985	None
LINESTRING (3157566.799 217872.483, 3157565.791 217885.911)	92	182	0	253	false	1985	None
LINESTRING (3157565.791 217885.911, 3157570.276 217902.91)	92	182	0	254	false	1985	None
LINESTRING (3157570.276 217902.91, 3157574.566 217922.931)	92	182	0	255	false	1985	None
LINESTRING (3157574.566 217922.931, 3157573.876 217939.579)	92	182	0	256	false	1985	None
LINESTRING (3157573.876 217939.579, 3157570.321 217952.728)	92	182	0	257	false	1985	None
LINESTRING (3157570.321 217952.728, 3157565.877 217961.598)	92	182	0	258	false	1985	None
LINESTRING (3157565.877 217961.598, 3157560.751 217970.201)	92	182	0	259	false	1985	None
LINESTRING (3157560.751 217970.201, 3157554.981 217978.435)	92	182	0	260	false	1985	None
LINESTRING (3157554.981 217978.435, 3157548.263 217985.822)	92	182	0	261	false	1985	None
LINESTRING (3157548.263 217985.822, 3157542.015 217991.248)	92	182	0	262	false	1985	None
LINESTRING (3157542.015 217991.248, 3157540.722 217992.293)	92	182	0	263	false	1985	None
LINESTRING (3157540.722 217992.293, 3157532.444 217997.88)	92	182	0	264	false	1985	None
LINESTRING (3157532.444 217997.88, 3157523.509 218002.377)	92	182	0	265	false	1985	None
LINESTRING (3157523.509 218002.377, 3157514.128 218005.747)	92	182	0	266	false	1985	None
LINESTRING (3157514.128 218005.747, 3157482.542 218013.084)	92	182	0	267	false	1985	None
LINESTRING (3157482.542 218013.084, 3157453.713 218024.952)	92	182	0	268	false	1985	None
LINESTRING (3157453.713 218024.952, 3157435.717 218038.305)	92	182	0	269	false	1985	None
LINESTRING (3157435.717 218038.305, 3157421.457 218060.741)	92	182	0	270	false	1985	None
LINESTRING (3157421.457 218060.741, 3157403.217 218083.292)	92	182	0	271	false	1985	None
LINESTRING (3157403.217 218083.292, 3157388.285 218077.944)	92	182	0	272	false	1985	None
LINESTRING (3157388.285 218077.944, 3157373.233 218068.618)	92	182	0	273	false	1985	None
LINESTRING (3157373.233 218068.618, 3157362.103 218060.583)	92	182	0	274	false	1985	None
LINESTRING (3157362.103 218060.583, 3157352.225 218060.185)	92	182	0	275	false	1985	None
LINESTRING (3157352.225 218060.185, 3157350.923 218060.75)	92	182	0	276	false	1985	None
LINESTRING (3157350.923 218060.75, 3157343.2 218064.409)	92	182	0	277	false	1985	None
LINESTRING (3157343.2 218064.409, 3157334.656 218069.416)	92	182	0	278	false	1985	None
LINESTRING (3157334.656 218069.416, 3157327.291 218076.194)	92	182	0	279	false	1985	None
LINESTRING (3157327.291 218076.194, 3157321.477 218084.291)	92	182	0	280	false	1985	None
LINESTRING (3157321.477 218084.291, 3157298.577 218119.798)	92	182	0	281	false	1985	None
LINESTRING (3157298.577 218119.798, 3157291.627 218128.286)	92	182	0	282	false	1985	None
LINESTRING (3157291.627 218128.286, 3157261.259 218165.288)	92	182	0	283	false	1985	None
LINESTRING (3157261.259 218165.288, 3157230.693 218196.494)	92	182	0	284	false	1985	None
LINESTRING (3157230.693 218196.494, 3157193.624 218224.448)	92	182	0	285	false	1985	None
LINESTRING (3157193.624 218224.448, 3157162.778 218250.065)	92	182	0	286	false	1985	None
LINESTRING (3157162.778 218250.065, 3157150.352 218257.966)	92	182	0	287	false	1985	None
LINESTRING (3157150.352 218257.966, 3157142.38 218264.031)	92	182	0	288	false	1985	None
LINESTRING (3157142.38 218264.031, 3157134.929 218270.775)	92	182	0	289	false	1985	None
LINESTRING (3157134.929 218270.775, 3157127.996 218277.959)	92	182	0	290	false	1985	None
LINESTRING (3157127.996 218277.959, 3157121.409 218285.517)	92	182	0	291	false	1985	None
LINESTRING (3157121.409 218285.517, 3157115.379 218293.411)	92	182	0	292	false	1985	None
LINESTRING (3157115.379 218293.411, 3157104.74 218310.348)	92	182	0	293	false	1985	None
LINESTRING (3157104.74 218310.348, 3157100.517 218319.662)	92	182	0	294	false	1985	None
LINESTRING (3157100.517 218319.662, 3157093.81 218334.083)	92	182	0	295	false	1985	None
LINESTRING (3157093.81 218334.083, 3157079.388 218350.379)	92	182	0	296	false	1985	None
LINESTRING (3157079.388 218350.379, 3157036.092 218380.433)	92	182	0	297	false	1985	None
LINESTRING (3157036.092 218380.433, 3157017.406 218371.596)	92	182	0	298	false	1985	None
LINESTRING (3157017.406 218371.596, 3156974.986 218357.792)	92	182	0	299	false	1985	None
LINESTRING (3156974.986 218357.792, 3156954.763 218356.933)	92	182	0	300	false	1985	None
LINESTRING (3156954.763 218356.933, 3156907.967 218361.914)	92	182	0	301	false	1985	None
LINESTRING (3156907.967 218361.914, 3156876.063 218368.056)	92	182	0	302	false	1985	None
LINESTRING (3156876.063 218368.056, 3156874.244 218368.181)	92	182	0	303	false	1985	None
LINESTRING (3156874.244 218368.181, 3156854.455 218369.994)	92	182	0	304	false	1985	None
LINESTRING (3156854.455 218369.994, 3156825.904 218378.636)	92	182	0	305	false	1985	None
LINESTRING (3156825.904 218378.636, 3156797.279 218389.989)	92	182	0	306	false	1985	None
LINESTRING (3156797.279 218389.989, 3156706.744 218434.741)	92	182	0	307	false	1985	None
LINESTRING (3156706.744 218434.741, 3156655.688 218459.982)	92	182	0	308	false	1985	None
LINESTRING (3156655.688 218459.982, 3156649.528 218463.418)	92	182	0	309	false	1985	None
LINESTRING (3156649.528 218463.418, 3156645.38 218465.732)	92	182	0	310	false	1985	None
LINESTRING (3156645.38 218465.732, 3156631.613 218465.724)	92	182	0	311	false	1985	None
LINESTRING (3156631.613 218465.724, 3156622.371 218463.192)	92	182	0	312	false	1985	None
LINESTRING (3156622.371 218463.192, 3156611.68 218458.069)	92	182	0	313	false	1985	None
LINESTRING (3156611.68 218458.069, 3156602.873 218449.631)	92	182	0	314	false	1985	None
LINESTRING (3156602.873 218449.631, 3156601.016 218447.835)	92	182	0	315	false	1985	None
LINESTRING (3156601.016 218447.835, 3156585.107 218429.359)	92	182	0	316	false	1985	None
LINESTRING (3156585.107 218429.359, 3156575.095 218415.686)	92	182	0	317	false	1985	None
LINESTRING (3156575.095 218415.686, 3156564.855 218407.642)	92	182	0	318	false	1985	None
LINESTRING (3156564.855 218407.642, 3156550.427 218402.015)	92	182	0	319	false	1985	None
LINESTRING (3156550.427 218402.015, 3156517.569 218391.942)	92	182	0	320	false	1985	None
LINESTRING (3156517.569 218391.942, 3156491.897 218381.097)	92	182	0	321	false	1985	None
LINESTRING (3156491.897 218381.097, 3156463.237 218364.798)	92	182	0	322	false	1985	None
LINESTRING (3156463.237 218364.798, 3156424.862 218334.822)	92	182	0	323	false	1985	None
LINESTRING (3156424.862 218334.822, 3156377.802 218298.362)	92	182	0	324	false	1985	None
LINESTRING (3156377.802 218298.362, 3156342.872 218273.424)	92	182	0	325	false	1985	None
LINESTRING (3156342.872 218273.424, 3156324.26 218261.877)	92	182	0	326	false	1985	None
LINESTRING (3156324.26 218261.877, 3156312.056 218257.357)	92	182	0	327	false	1985	None
LINESTRING (3156312.056 218257.357, 3156298.329 218257.246)	92	182	0	328	false	1985	None
LINESTRING (3156298.329 218257.246, 3156284.234 218262.115)	92	182	0	329	false	1985	None
LINESTRING (3156284.234 218262.115, 3156276.956 218264.638)	92	182	0	330	false	1985	None
LINESTRING (3156276.956 218264.638, 3156265.242 218274.247)	92	182	0	331	false	1985	None
LINESTRING (3156265.242 218274.247, 3156258.261 218287.608)	92	182	0	332	false	1985	None
LINESTRING (3156258.261 218287.608, 3156255.963 218297.792)	92	182	0	333	false	1985	None
LINESTRING (3156255.963 218297.792, 3156249.926 218320.337)	92	182	0	334	false	1985	None
LINESTRING (3156249.926 218320.337, 3156246.149 218339.355)	92	182	0	335	false	1985	None
LINESTRING (3156246.149 218339.355, 3156238.326 218363.706)	92	182	0	336	false	1985	None
LINESTRING (3156238.326 218363.706, 3156229.512 218385.049)	92	182	0	337	false	1985	None
LINESTRING (3156229.512 218385.049, 3156226.552 218389.613)	92	182	0	338	false	1985	None
LINESTRING (3156226.552 218389.613, 3156206.724 218419.528)	92	182	0	339	false	1985	None
LINESTRING (3156206.724 218419.528, 3156187.233 218440.758)	92	182	0	340	false	1985	None
LINESTRING (3156187.233 218440.758, 3156177.316 218464.173)	92	182	0	341	false	1985	None
LINESTRING (3156177.316 218464.173, 3156157.098 218500.132)	92	182	0	342	false	1985	None
LINESTRING (3156157.098 218500.132, 3156149.897 218513.05)	92	182	0	343	false	1985	None
LINESTRING (3156149.897 218513.05, 3156128.414 218544.94)	92	182	0	344	false	1985	None
LINESTRING (3156128.414 218544.94, 3156113.531 218565.704)	92	182	0	345	false	1985	None
LINESTRING (3156113.531 218565.704, 3156092.135 218591.315)	92	182	0	346	false	1985	None
LINESTRING (3156092.135 218591.315, 3156080.955 218612.926)	92	182	0	347	false	1985	None
LINESTRING (3156080.955 218612.926, 3156051.36 218658.81)	92	182	0	348	false	1985	None
LINESTRING (3156051.36 218658.81, 3156025.316 218693.568)	92	182	0	349	false	1985	None
LINESTRING (3156025.316 218693.568, 3156002.422 218720.501)	92	182	0	350	false	1985	None
LINESTRING (3156002.422 218720.501, 3155978.516 218745.49)	92	182	0	351	false	1985	None
LINESTRING (3155978.516 218745.49, 3155967.599 218756.84)	92	182	0	352	false	1985	None
LINESTRING (3155967.599 218756.84, 3155951.263 218774.774)	92	182	0	353	false	1985	None
LINESTRING (3155951.263 218774.774, 3155937.304 218784.342)	92	182	0	354	false	1985	None
LINESTRING (3155937.304 218784.342, 3155919.927 218794.603)	92	182	0	355	false	1985	None
LINESTRING (3155919.927 218794.603, 3155868.545 218822.461)	92	182	0	356	false	1985	None
LINESTRING (3155868.545 218822.461, 3155866.835 218823.819)	92	182	0	357	false	1985	None
LINESTRING (3155866.835 218823.819, 3155839.391 218845.523)	92	182	0	358	false	1985	None
LINESTRING (3155839.391 218845.523, 3155824.227 218858.434)	92	182	0	359	false	1985	None
LINESTRING (3155824.227 218858.434, 3155813.975 218869.09)	92	182	0	360	false	1985	None
LINESTRING (3155813.975 218869.09, 3155798.474 218886.396)	92	182	0	361	false	1985	None
LINESTRING (3155798.474 218886.396, 3155784.595 218904.335)	92	182	0	362	false	1985	None
LINESTRING (3155784.595 218904.335, 3155763.172 218937.084)	92	182	0	363	false	1985	None
LINESTRING (3155763.172 218937.084, 3155754.43 218953.451)	92	182	0	364	false	1985	None
LINESTRING (3155754.43 218953.451, 3155738.978 218984.001)	92	182	0	365	false	1985	None
LINESTRING (3155738.978 218984.001, 3155729.446 218996.844)	92	182	0	366	false	1985	None
LINESTRING (3155729.446 218996.844, 3155714.342 219010.612)	92	182	0	367	false	1985	None
LINESTRING (3155714.342 219010.612, 3155703.243 219019.151)	92	182	0	368	false	1985	None
LINESTRING (3155703.243 219019.151, 3155689.821 219025.831)	92	182	0	369	false	1985	None
LINESTRING (3155689.821 219025.831, 3155635.668 219044.151)	92	182	0	370	false	1985	None
LINESTRING (3155635.668 219044.151, 3155597.832 219052.154)	92	182	0	371	false	1985	None
LINESTRING (3155597.832 219052.154, 3155563.025 219056.929)	92	182	0	372	false	1985	None
LINESTRING (3155563.025 219056.929, 3155542.771 219058.682)	92	182	0	373	false	1985	None
LINESTRING (3155542.771 219058.682, 3155516.87 219064.072)	92	182	0	374	false	1985	None
LINESTRING (3155516.87 219064.072, 3155496.037 219070.841)	92	182	0	375	false	1985	None
LINESTRING (3155496.037 219070.841, 3155485.852 219076.282)	92	182	0	376	false	1985	None
LINESTRING (3155485.852 219076.282, 3155478.946 219082.643)	92	182	0	377	false	1985	None
LINESTRING (3155478.946 219082.643, 3155471.9 219092.644)	92	182	0	378	false	1985	None
LINESTRING (3155471.9 219092.644, 3155465.696 219104.521)	92	182	0	379	false	1985	None
LINESTRING (3155465.696 219104.521, 3155462.985 219119.547)	92	182	0	380	false	1985	None
LINESTRING (3155462.985 219119.547, 3155458.844 219173.806)	92	182	0	381	false	1985	None
LINESTRING (3155458.844 219173.806, 3155455.09 219187.472)	92	182	0	382	false	1985	None
LINESTRING (3155455.09 219187.472, 3155449.395 219197.285)	92	182	0	383	false	1985	None
LINESTRING (3155449.395 219197.285, 3155442.167 219204.474)	92	182	0	384	false	1985	None
LINESTRING (3155442.167 219204.474, 3155432.024 219212.075)	92	182	0	385	false	1985	None
LINESTRING (3155432.024 219212.075, 3155415.406 219219.892)	92	182	0	386	false	1985	None
LINESTRING (3155415.406 219219.892, 3155393.745 219234.083)	92	182	0	387	false	1985	None
LINESTRING (3155393.745 219234.083, 3155360.436 219263.27)	92	182	0	388	false	1985	None
LINESTRING (3155360.436 219263.27, 3155348.761 219270.512)	92	182	0	389	false	1985	None
LINESTRING (3155348.761 219270.512, 3155337.032 219277.138)	92	182	0	390	false	1985	None
LINESTRING (3155337.032 219277.138, 3155331.061 219279.337)	92	182	0	391	false	1985	None
LINESTRING (3155331.061 219279.337, 3155275.251 219303.684)	92	182	0	392	false	1985	None
LINESTRING (3155275.251 219303.684, 3155253.703 219312.795)	92	182	0	393	false	1985	None
LINESTRING (3155253.703 219312.795, 3155242.889 219318.587)	92	182	0	394	false	1985	None
LINESTRING (3155242.889 219318.587, 3155222.045 219326.901)	92	182	0	395	false	1985	None
LINESTRING (3155222.045 219326.901, 3155201.763 219331.503)	92	182	0	396	false	1985	None
LINESTRING (3155201.763 219331.503, 3155183.784 219330.451)	92	182	0	397	false	1985	None
LINESTRING (3155183.784 219330.451, 3155162.898 219323.738)	92	182	0	398	false	1985	None
LINESTRING (3155162.898 219323.738, 3155143.902 219316.213)	92	182	0	399	false	1985	None
LINESTRING (3155143.902 219316.213, 3155126.971 219308.183)	92	182	0	400	false	1985	None
LINESTRING (3155126.971 219308.183, 3155113.832 219305.563)	92	182	0	401	false	1985	None
LINESTRING (3155113.832 219305.563, 3155090.752 219305.739)	92	182	0	402	false	1985	W:3155093.051 219305.72146863086
LINESTRING (3156273.168 224254.992, 3156125.657 224441.811)	92	183	0	0	false	1074	None
LINESTRING (3156125.657 224441.811, 3156038.109 224521.319)	92	183	0	1	false	1074	None
LINESTRING (3156038.109 224521.319, 3155738.145 224793.543)	92	183	0	2	false	1074	None
LINESTRING (3155738.145 224793.543, 3155705.047 224826.978)	92	183	0	3	false	1074	None
LINESTRING (3155705.047 224826.978, 3155689.081 224846.485)	92	183	0	4	false	1074	None
LINESTRING (3155689.081 224846.485, 3155585.017 224973.885)	92	183	0	5	false	1074	None
LINESTRING (3155585.017 224973.885, 3155569.194 225027.287)	92	183	0	6	false	1074	None
LINESTRING (3155569.194 225027.287, 3155548.002 225098.73)	92	183	0	7	false	1074	N:3155563.4664083817 225046.596
LINESTRING (3155090.752 219305.739, 3155113.832 219305.563)	92	183	0	610	false	1074	W:3155093.051 219305.72146863086
LINESTRING (3155113.832 219305.563, 3155126.971 219308.183)	92	183	0	611	false	1074	None
LINESTRING (3155126.971 219308.183, 3155143.902 219316.213)	92	183	0	612	false	1074	None
LINESTRING (3155143.902 219316.213, 3155162.898 219323.738)	92	183	0	613	false	1074	None
LINESTRING (3155162.898 219323.738, 3155183.784 219330.451)	92	183	0	614	false	1074	None
LINESTRING (3155183.784 219330.451, 3155201.763 219331.503)	92	183	0	615	false	1074	None
LINESTRING (3155201.763 219331.503, 3155222.045 219326.901)	92	183	0	616	false	1074	None
LINESTRING (3155222.045 219326.901, 3155242.889 219318.587)	92	183	0	617	false	1074	None
LINESTRING (3155242.889 219318.587, 3155253.703 219312.795)	92	183	0	618	false	1074	None
LINESTRING (3155253.703 219312.795, 3155275.251 219303.684)	92	183	0	619	false	1074	None
LINESTRING (3155275.251 219303.684, 3155331.061 219279.337)	92	183	0	620	false	1074	None
LINESTRING (3155331.061 219279.337, 3155337.032 219277.138)	92	183	0	621	false	1074	None
LINESTRING (3155337.032 219277.138, 3155348.761 219270.512)	92	183	0	622	false	1074	None
LINESTRING (3155348.761 219270.512, 3155360.436 219263.27)	92	183	0	623	false	1074	None
LINESTRING (3155360.436 219263.27, 3155393.745 219234.083)	92	183	0	624	false	1074	None
LINESTRING (3155393.745 219234.083, 3155415.406 219219.892)	92	183	0	625	false	1074	None
LINESTRING (3155415.406 219219.892, 3155432.024 219212.075)	92	183	0	626	false	1074	None
LINESTRING (3155432.024 219212.075, 3155442.167 219204.474)	92	183	0	627	false	1074	None
LINESTRING (3155442.167 219204.474, 3155449.395 219197.285)	92	183	0	628	false	1074	None
LINESTRING (3155449.395 219197.285, 3155455.09 219187.472)	92	183	0	629	false	1074	None
LINESTRING (3155455.09 219187.472, 3155458.844 219173.806)	92	183	0	630	false	1074	None
LINESTRING (3155458.844 219173.806, 3155462.985 219119.547)	92	183	0	631	false	1074	None
LINESTRING (3155462.985 219119.547, 3155465.696 219104.521)	92	183	0	632	false	1074	None
LINESTRING (3155465.696 219104.521, 3155471.9 219092.644)	92	183	0	633	false	1074	None
LINESTRING (3155471.9 219092.644, 3155478.946 219082.643)	92	183	0	634	false	1074	None
LINESTRING (3155478.946 219082.643, 3155485.852 219076.282)	92	183	0	635	false	1074	None
LINESTRING (3155485.852 219076.282, 3155496.037 219070.841)	92	183	0	636	false	1074	None
LINESTRING (3155496.037 219070.841, 3155516.87 219064.072)	92	183	0	637	false	1074	None
LINESTRING (3155516.87 219064.072, 3155542.771 219058.682)	92	183	0	638	false	1074	None
LINESTRING (3155542.771 219058.682, 3155563.025 219056.929)	92	183	0	639	false	1074	None
LINESTRING (3155563.025 219056.929, 3155597.832 219052.154)	92	183	0	640	false	1074	None
LINESTRING (3155597.832 219052.154, 3155635.668 219044.151)	92	183	0	641	false	1074	None
LINESTRING (3155635.668 219044.151, 3155689.821 219025.831)	92	183	0	642	false	1074	None
LINESTRING (3155689.821 219025.831, 3155703.243 219019.151)	92	183	0	643	false	1074	None
LINESTRING (3155703.243 219019.151, 3155714.342 219010.612)	92	183	0	644	false	1074	None
LINESTRING (3155714.342 219010.612, 3155729.446 218996.844)	92	183	0	645	false	1074	None
LINESTRING (3155729.446 218996.844, 3155738.978 218984.001)	92	183	0	646	false	1074	None
LINESTRING (3155738.978 218984.001, 3155754.43 218953.451)	92	183	0	647	false	1074	None
LINESTRING (3155754.43 218953.451, 3155763.172 218937.084)	92	183	0	648	false	1074	None
LINESTRING (3155763.172 218937.084, 3155784.595 218904.335)	92	183	0	649	false	1074	None
LINESTRING (3155784.595 218904.335, 3155798.474 218886.396)	92	183	0	650	false	1074	None
LINESTRING (3155798.474 218886.396, 3155813.975 218869.09)	92	183	0	651	false	1074	None
LINESTRING (3155813.975 218869.09, 3155824.227 218858.434)	92	183	0	652	false	1074	None
LINESTRING (3155824.227 218858.434, 3155839.391 218845.523)	92	183	0	653	false	1074	None
LINESTRING (3155839.391 218845.523, 3155866.835 218823.819)	92	183	0	654	false	1074	None
LINESTRING (3155866.835 218823.819, 3155868.545 218822.461)	92	183	0	655	false	1074	None
LINESTRING (3155868.545 218822.461, 3155919.927 218794.603)	92	183	0	656	false	1074	None
LINESTRING (3155919.927 218794.603, 3155937.304 218784.342)	92	183	0	657	false	1074	None
LINESTRING (3155937.304 218784.342, 3155951.263 218774.774)	92	183	0	658	false	1074	None
LINESTRING (3155951.263 218774.774, 3155967.599 218756.84)	92	183	0	659	false	1074	None
LINESTRING (3155967.599 218756.84, 3155978.516 218745.49)	92	183	0	660	false	1074	None
LINESTRING (3155978.516 218745.49, 3156002.422 218720.501)	92	183	0	661	false	1074	None
LINESTRING (3156002.422 218720.501, 3156025.316 218693.568)	92	183	0	662	false	1074	None
LINESTRING (3156025.316 218693.568, 3156051.36 218658.81)	92	183	0	663	false	1074	None
LINESTRING (3156051.36 218658.81, 3156080.955 218612.926)	92	183	0	664	false	1074	None
LINESTRING (3156080.955 218612.926, 3156092.135 218591.315)	92	183	0	665	false	1074	None
LINESTRING (3156092.135 218591.315, 3156113.531 218565.704)	92	183	0	666	false	1074	None
LINESTRING (3156113.531 218565.704, 3156128.414 218544.94)	92	183	0	667	false	1074	None
LINESTRING (3156128.414 218544.94, 3156149.897 218513.05)	92	183	0	668	false	1074	None
LINESTRING (3156149.897 218513.05, 3156157.098 218500.132)	92	183	0	669	false	1074	None
LINESTRING (3156157.098 218500.132, 3156177.316 218464.173)	92	183	0	670	false	1074	None
LINESTRING (3156177.316 218464.173, 3156187.233 218440.758)	92	183	0	671	false	1074	None
LINESTRING (3156187.233 218440.758, 3156206.724 218419.528)	92	183	0	672	false	1074	None
LINESTRING (3156206.724 218419.528, 3156226.552 218389.613)	92	183	0	673	false	1074	None
LINESTRING (3156226.552 218389.613, 3156229.512 218385.049)	92	183	0	674	false	1074	None
LINESTRING (3156229.512 218385.049, 3156238.326 218363.706)	92	183	0	675	false	1074	None
LINESTRING (3156238.326 218363.706, 3156246.149 218339.355)	92	183	0	676	false	1074	None
LINESTRING (3156246.149 218339.355, 3156249.926 218320.337)	92	183	0	677	false	1074	None
LINESTRING (3156249.926 218320.337, 3156255.963 218297.792)	92	183	0	678	false	1074	None
LINESTRING (3156255.963 218297.792, 3156258.261 218287.608)	92	183	0	679	false	1074	None
LINESTRING (3156258.261 218287.608, 3156265.242 218274.247)	92	183	0	680	false	1074	None
LINESTRING (3156265.242 218274.247, 3156276.956 218264.638)	92	183	0	681	false	1074	None
LINESTRING (3156276.956 218264.638, 3156284.234 218262.115)	92	183	0	682	false	1074	None
LINESTRING (3156284.234 218262.115, 3156298.329 218257.246)	92	183	0	683	false	1074	None
LINESTRING (3156298.329 218257.246, 3156312.056 218257.357)	92	183	0	684	false	1074	None
LINESTRING (3156312.056 218257.357, 3156324.26 218261.877)	92	183	0	685	false	1074	None
LINESTRING (3156324.26 218261.877, 3156342.872 218273.424)	92	183	0	686	false	1074	None
LINESTRING (3156342.872 218273.424, 3156377.802 218298.362)	92	183	0	687	false	1074	None
LINESTRING (3156377.802 218298.362, 3156424.862 218334.822)	92	183	0	688	false	1074	None
LINESTRING (3156424.862 218334.822, 3156463.237 218364.798)	92	183	0	689	false	1074	None
LINESTRING (3156463.237 218364.798, 3156491.897 218381.097)	92	183	0	690	false	1074	None
LINESTRING (3156491.897 218381.097, 3156517.569 218391.942)	92	183	0	691	false	1074	None
LINESTRING (3156517.569 218391.942, 3156550.427 218402.015)	92	183	0	692	false	1074	None
LINESTRING (3156550.427 218402.015, 3156564.855 218407.642)	92	183	0	693	false	1074	None
LINESTRING (3156564.855 218407.642, 3156575.095 218415.686)	92	183	0	694	false	1074	None
LINESTRING (3156575.095 218415.686, 3156585.107 218429.359)	92	183	0	695	false	1074	None
LINESTRING (3156585.107 218429.359, 3156601.016 218447.835)	92	183	0	696	false	1074	None
LINESTRING (3156601.016 218447.835, 3156602.873 218449.631)	92	183	0	697	false	1074	None
LINESTRING (3156602.873 218449.631, 3156611.68 218458.069)	92	183	0	698	false	1074	None
LINESTRING (3156611.68 218458.069, 3156622.371 218463.192)	92	183	0	699	false	1074	None
LINESTRING (3156622.371 218463.192, 3156631.613 218465.724)	92	183	0	700	false	1074	None
LINESTRING (3156631.613 218465.724, 3156645.38 218465.732)	92	183	0	701	false	1074	None
LINESTRING (3156645.38 218465.732, 3156649.528 218463.418)	92	183	0	702	false	1074	None
LINESTRING (3156649.528 218463.418, 3156655.688 218459.982)	92	183	0	703	false	1074	None
LINESTRING (3156655.688 218459.982, 3156706.744 218434.741)	92	183	0	704	false	1074	None
LINESTRING (3156706.744 218434.741, 3156797.279 218389.989)	92	183	0	705	false	1074	None
LINESTRING (3156797.279 218389.989, 3156825.904 218378.636)	92	183	0	706	false	1074	None
LINESTRING (3156825.904 218378.636, 3156854.455 218369.994)	92	183	0	707	false	1074	None
LINESTRING (3156854.455 218369.994, 3156874.244 218368.181)	92	183	0	708	false	1074	None
LINESTRING (3156874.244 218368.181, 3156876.063 218368.056)	92	183	0	709	false	1074	None
LINESTRING (3156876.063 218368.056, 3156907.967 218361.914)	92	183	0	710	false	1074	None
LINESTRING (3156907.967 218361.914, 3156954.763 218356.933)	92	183	0	711	false	1074	None
LINESTRING (3156954.763 218356.933, 3156974.986 218357.792)	92	183	0	712	false	1074	None
LINESTRING (3156974.986 218357.792, 3157017.406 218371.596)	92	183	0	713	false	1074	None
LINESTRING (3157017.406 218371.596, 3157036.092 218380.433)	92	183	0	714	false	1074	None
LINESTRING (3157036.092 218380.433, 3157079.388 218350.379)	92	183	0	715	false	1074	None
LINESTRING (3157079.388 218350.379, 3157093.81 218334.083)	92	183	0	716	false	1074	None
LINESTRING (3157093.81 218334.083, 3157100.517 218319.662)	92	183	0	717	false	1074	None
LINESTRING (3157100.517 218319.662, 3157104.74 218310.348)	92	183	0	718	false	1074	None
LINESTRING (3157104.74 218310.348, 3157115.379 218293.411)	92	183	0	719	false	1074	None
LINESTRING (3157115.379 218293.411, 3157121.409 218285.517)	92	183	0	720	false	1074	None
LINESTRING (3157121.409 218285.517, 3157127.996 218277.959)	92	183	0	721	false	1074	None
LINESTRING (3157127.996 218277.959, 3157134.929 218270.775)	92	183	0	722	false	1074	None
LINESTRING (3157134.929 218270.775, 3157142.38 218264.031)	92	183	0	723	false	1074	None
LINESTRING (3157142.38 218264.031, 3157150.352 218257.966)	92	183	0	724	false	1074	None
LINESTRING (3157150.352 218257.966, 3157162.778 218250.065)	92	183	0	725	false	1074	None
LINESTRING (3157162.778 218250.065, 3157193.624 218224.448)	92	183	0	726	false	1074	None
LINESTRING (3157193.624 218224.448, 3157230.693 218196.494)	92	183	0	727	false	1074	None
LINESTRING (3157230.693 218196.494, 3157261.259 218165.288)	92	183	0	728	false	1074	None
LINESTRING (3157261.259 218165.288, 3157291.627 218128.286)	92	183	0	729	false	1074	None
LINESTRING (3157291.627 218128.286, 3157298.577 218119.798)	92	183	0	730	false	1074	None
LINESTRING (3157298.577 218119.798, 3157321.477 218084.291)	92	183	0	731	false	1074	None
LINESTRING (3157321.477 218084.291, 3157327.291 218076.194)	92	183	0	732	false	1074	None
LINESTRING (3157327.291 218076.194, 3157334.656 218069.416)	92	183	0	733	false	1074	None
LINESTRING (3157334.656 218069.416, 3157343.2 218064.409)	92	183	0	734	false	1074	None
LINESTRING (3157343.2 218064.409, 3157350.923 218060.75)	92	183	0	735	false	1074	None
LINESTRING (3157350.923 218060.75, 3157352.225 218060.185)	92	183	0	736	false	1074	None
LINESTRING (3157352.225 218060.185, 3157362.103 218060.583)	92	183	0	737	false	1074	None
LINESTRING (3157362.103 218060.583, 3157373.233 218068.618)	92	183	0	738	false	1074	None
LINESTRING (3157373.233 218068.618, 3157388.285 218077.944)	92	183	0	739	false	1074	None
LINESTRING (3157388.285 218077.944, 3157403.217 218083.292)	92	183	0	740	false	1074	None
LINESTRING (3157403.217 218083.292, 3157421.457 218060.741)	92	183	0	741	false	1074	None
LINESTRING (3157421.457 218060.741, 3157435.717 218038.305)	92	183	0	742	false	1074	None
LINESTRING (3157435.717 218038.305, 3157453.713 218024.952)	92	183	0	743	false	1074	None
LINESTRING (3157453.713 218024.952, 3157482.542 218013.084)	92	183	0	744	false	1074	None
LINESTRING (3157482.542 218013.084, 3157514.128 218005.747)	92	183	0	745	false	1074	None
LINESTRING (3157514.128 218005.747, 3157523.509 218002.377)	92	183	0	746	false	1074	None
LINESTRING (3157523.509 218002.377, 3157532.444 217997.88)	92	183	0	747	false	1074	None
LINESTRING (3157532.444 217997.88, 3157540.722 217992.293)	92	183	0	748	false	1074	None
LINESTRING (3157540.722 217992.293, 3157542.015 217991.248)	92	183	0	749	false	1074	None
LINESTRING (3157542.015 217991.248, 3157548.263 217985.822)	92	183	0	750	false	1074	None
LINESTRING (3157548.263 217985.822, 3157554.981 217978.435)	92	183	0	751	false	1074	None
LINESTRING (3157554.981 217978.435, 3157560.751 217970.201)	92	183	0	752	false	1074	None
LINESTRING (3157560.751 217970.201, 3157565.877 217961.598)	92	183	0	753	false	1074	None
LINESTRING (3157565.877 217961.598, 3157570.321 217952.728)	92	183	0	754	false	1074	None
LINESTRING (3157570.321 217952.728, 3157573.876 217939.579)	92	183	0	755	false	1074	None
LINESTRING (3157573.876 217939.579, 3157574.566 217922.931)	92	183	0	756	false	1074	None
LINESTRING (3157574.566 217922.931, 3157570.276 217902.91)	92	183	0	757	false	1074	None
LINESTRING (3157570.276 217902.91, 3157565.791 217885.911)	92	183	0	758	false	1074	None
LINESTRING (3157565.791 217885.911, 3157566.799 217872.483)	92	183	0	759	false	1074	None
LINESTRING (3157566.799 217872.483, 3157572.75 217856.219)	92	183	0	760	false	1074	None
LINESTRING (3157572.75 217856.219, 3157590.587 217830.413)	92	183	0	761	false	1074	None
LINESTRING (3157590.587 217830.413, 3157623.246 217787.038)	92	183	0	762	false	1074	None
LINESTRING (3157623.246 217787.038, 3157642.649 217763.273)	92	183	0	763	false	1074	None
LINESTRING (3157642.649 217763.273, 3157660.57 217735.237)	92	183	0	764	false	1074	None
LINESTRING (3157660.57 217735.237, 3157679.333 217709.077)	92	183	0	765	false	1074	None
LINESTRING (3157679.333 217709.077, 3157705.155 217690.795)	92	183	0	766	false	1074	None
LINESTRING (3157705.155 217690.795, 3157736.95 217678.893)	92	183	0	767	false	1074	None
LINESTRING (3157736.95 217678.893, 3157751.458 217666.92)	92	183	0	768	false	1074	None
LINESTRING (3157751.458 217666.92, 3157760.582 217652.608)	92	183	0	769	false	1074	None
LINESTRING (3157760.582 217652.608, 3157762.835 217635.735)	92	183	0	770	false	1074	None
LINESTRING (3157762.835 217635.735, 3157759.23 217618.245)	92	183	0	771	false	1074	None
LINESTRING (3157759.23 217618.245, 3157759.799 217606.195)	92	183	0	772	false	1074	None
LINESTRING (3157759.799 217606.195, 3157769.371 217575.856)	92	183	0	773	false	1074	None
LINESTRING (3157769.371 217575.856, 3157771.745 217562.961)	92	183	0	774	false	1074	None
LINESTRING (3157771.745 217562.961, 3157769.264 217546.624)	92	183	0	775	false	1074	None
LINESTRING (3157769.264 217546.624, 3157766.819 217536.497)	92	183	0	776	false	1074	None
LINESTRING (3157766.819 217536.497, 3157770.6 217524.033)	92	183	0	777	false	1074	None
LINESTRING (3157770.6 217524.033, 3157780.526 217503.124)	92	183	0	778	false	1074	None
LINESTRING (3157780.526 217503.124, 3157793.824 217483.411)	92	183	0	779	false	1074	None
LINESTRING (3157793.824 217483.411, 3157797.454 217474.104)	92	183	0	780	false	1074	None
LINESTRING (3157797.454 217474.104, 3157800.383 217454.993)	92	183	0	781	false	1074	None
LINESTRING (3157800.383 217454.993, 3157793.359 217442.484)	92	183	0	782	false	1074	None
LINESTRING (3157793.359 217442.484, 3157784.933 217434.074)	92	183	0	783	false	1074	None
LINESTRING (3157784.933 217434.074, 3157781.964 217425.291)	92	183	0	784	false	1074	None
LINESTRING (3157781.964 217425.291, 3157779.361 217413.553)	92	183	0	785	false	1074	None
LINESTRING (3157779.361 217413.553, 3157784.909 217394.034)	92	183	0	786	false	1074	None
LINESTRING (3157784.909 217394.034, 3157790.382 217370.673)	92	183	0	787	false	1074	None
LINESTRING (3157790.382 217370.673, 3157788.704 217358.581)	92	183	0	788	false	1074	None
LINESTRING (3157788.704 217358.581, 3157787.039 217355.787)	92	183	0	789	false	1074	None
LINESTRING (3157787.039 217355.787, 3157781.438 217346.692)	92	183	0	790	false	1074	None
LINESTRING (3157781.438 217346.692, 3157768.718 217339.705)	92	183	0	791	false	1074	None
LINESTRING (3157768.718 217339.705, 3157753.58 217341.187)	92	183	0	792	false	1074	None
LINESTRING (3157753.58 217341.187, 3157726.224 217363.399)	92	183	0	793	false	1074	None
LINESTRING (3157726.224 217363.399, 3157713.776 217368.074)	92	183	0	794	false	1074	None
LINESTRING (3157713.776 217368.074, 3157699.286 217365.877)	92	183	0	795	false	1074	None
LINESTRING (3157699.286 217365.877, 3157688.808 217354.403)	92	183	0	796	false	1074	None
LINESTRING (3157688.808 217354.403, 3157679.22 217338.63)	92	183	0	797	false	1074	None
LINESTRING (3157679.22 217338.63, 3157674.126 217325.206)	92	183	0	798	false	1074	None
LINESTRING (3157674.126 217325.206, 3157671.604 217308.973)	92	183	0	799	false	1074	None
LINESTRING (3157671.604 217308.973, 3157675.871 217288.954)	92	183	0	800	false	1074	None
LINESTRING (3157675.871 217288.954, 3157697.047 217249.797)	92	183	0	801	false	1074	None
LINESTRING (3157697.047 217249.797, 3157698.668 217248.165)	92	183	0	802	false	1074	None
LINESTRING (3157698.668 217248.165, 3157715.081 217231.812)	92	183	0	803	false	1074	None
LINESTRING (3157715.081 217231.812, 3157716.436 217229.6)	92	183	0	804	false	1074	None
LINESTRING (3157716.436 217229.6, 3157723.28 217217.854)	92	183	0	805	false	1074	None
LINESTRING (3157723.28 217217.854, 3157731.924 217194.181)	92	183	0	806	false	1074	S:3157729.4892349937 217200.849
LINESTRING (3157866.743 217186.01, 3157952.877 217214.128)	92	183	0	817	false	1074	S:3157912.1993776225 217200.849
LINESTRING (3157952.877 217214.128, 3158038.195 217230.969)	92	183	0	818	false	1074	None
LINESTRING (3158038.195 217230.969, 3158042.833 217231.944)	92	183	0	819	false	1074	None
LINESTRING (3158042.833 217231.944, 3158082.663 217232.233)	92	183	0	820	false	1074	None
LINESTRING (3158082.663 217232.233, 3158099.106 217232.452)	92	183	0	821	false	1074	None
LINESTRING (3158099.106 217232.452, 3158191.214 217226.09)	92	183	0	822	false	1074	None
LINESTRING (3158191.214 217226.09, 3158282.351 217217.681)	92	183	0	823	false	1074	None
LINESTRING (3158282.351 217217.681, 3158302.352 217217.859)	92	183	0	824	false	1074	None
LINESTRING (3158302.352 217217.859, 3158332.256 217219.637)	92	183	0	825	false	1074	None
LINESTRING (3158332.256 217219.637, 3158362.062 217222.926)	92	183	0	826	false	1074	None
LINESTRING (3158362.062 217222.926, 3158391.605 217227.899)	92	183	0	827	false	1074	None
LINESTRING (3158391.605 217227.899, 3158417.734 217233.804)	92	183	0	828	false	1074	None
LINESTRING (3158417.734 217233.804, 3158533.589 217276.026)	92	183	0	829	false	1074	None
LINESTRING (3158533.589 217276.026, 3158554.826 217283.121)	92	183	0	830	false	1074	None
LINESTRING (3158554.826 217283.121, 3158562.115 217285.369)	92	183	0	831	false	1074	None
LINESTRING (3158562.115 217285.369, 3158581.446 217290.291)	92	183	0	832	false	1074	None
LINESTRING (3158581.446 217290.291, 3158601.055 217294.248)	92	183	0	833	false	1074	None
LINESTRING (3158601.055 217294.248, 3158620.897 217297.105)	92	183	0	834	false	1074	None
LINESTRING (3158620.897 217297.105, 3158640.72 217299.001)	92	183	0	835	false	1074	None
LINESTRING (3158640.72 217299.001, 3158657.976 217299.658)	92	183	0	836	false	1074	None
LINESTRING (3158657.976 217299.658, 3158789.122 217309.249)	92	183	0	837	false	1074	None
LINESTRING (3158789.122 217309.249, 3158858.45 217318.667)	92	183	0	838	false	1074	None
LINESTRING (3158858.45 217318.667, 3158926.405 217329.338)	92	183	0	839	false	1074	None
LINESTRING (3158926.405 217329.338, 3158975.535 217339.335)	92	183	0	840	false	1074	None
LINESTRING (3158975.535 217339.335, 3159005.056 217345.374)	92	183	0	841	false	1074	None
LINESTRING (3159005.056 217345.374, 3159009.864 217346.416)	92	183	0	842	false	1074	None
LINESTRING (3159009.864 217346.416, 3159048.253 217357.465)	92	183	0	843	false	1074	None
LINESTRING (3159048.253 217357.465, 3159076.618 217367.223)	92	183	0	844	false	1074	None
LINESTRING (3159076.618 217367.223, 3159104.459 217378.326)	92	183	0	845	false	1074	None
LINESTRING (3159104.459 217378.326, 3159131.856 217390.566)	92	183	0	846	false	1074	None
LINESTRING (3159131.856 217390.566, 3159158.426 217403.914)	92	183	0	847	false	1074	None
LINESTRING (3159158.426 217403.914, 3159165.347 217406.853)	92	183	0	848	false	1074	None
LINESTRING (3159165.347 217406.853, 3159234.907 217436.859)	92	183	0	849	false	1074	None
LINESTRING (3159234.907 217436.859, 3159304.422 217466.728)	92	183	0	850	false	1074	None
LINESTRING (3159304.422 217466.728, 3159309.294 217468.868)	92	183	0	851	false	1074	None
LINESTRING (3159309.294 217468.868, 3159366.193 217499.295)	92	183	0	852	false	1074	None
LINESTRING (3159366.193 217499.295, 3159414.877 217525.563)	92	183	0	853	false	1074	None
LINESTRING (3159414.877 217525.563, 3159506.117 217585.479)	92	183	0	854	false	1074	None
LINESTRING (3159506.117 217585.479, 3159542.793 217613.019)	92	183	0	855	false	1074	None
LINESTRING (3159542.793 217613.019, 3159599.035 217655.465)	92	183	0	856	false	1074	None
LINESTRING (3159599.035 217655.465, 3159626.037 217675.774)	92	183	0	857	false	1074	None
LINESTRING (3159626.037 217675.774, 3159643.332 217687.172)	92	183	0	858	false	1074	None
LINESTRING (3159643.332 217687.172, 3159729.378 217743.753)	92	183	0	859	false	1074	None
LINESTRING (3159729.378 217743.753, 3159756.032 217761.425)	92	183	0	860	false	1074	None
LINESTRING (3159756.032 217761.425, 3159762.951 217768.654)	92	183	0	861	false	1074	None
LINESTRING (3159762.951 217768.654, 3159770.243 217775.432)	92	183	0	862	false	1074	None
LINESTRING (3159770.243 217775.432, 3159785.742 217788.154)	92	183	0	863	false	1074	None
LINESTRING (3159785.742 217788.154, 3159802.228 217799.356)	92	183	0	864	false	1074	None
LINESTRING (3159802.228 217799.356, 3159819.783 217808.829)	92	183	0	865	false	1074	None
LINESTRING (3159819.783 217808.829, 3159838.154 217816.715)	92	183	0	866	false	1074	None
LINESTRING (3159838.154 217816.715, 3159852.183 217821.357)	92	183	0	867	false	1074	None
LINESTRING (3159852.183 217821.357, 3159862.005 217823.166)	92	183	0	868	false	1074	None
LINESTRING (3159862.005 217823.166, 3159872.014 217823.737)	92	183	0	869	false	1074	None
LINESTRING (3159872.014 217823.737, 3159882.001 217823.108)	92	183	0	870	false	1074	None
LINESTRING (3159882.001 217823.108, 3159891.793 217821.211)	92	183	0	871	false	1074	None
LINESTRING (3159891.793 217821.211, 3159901.266 217818.117)	92	183	0	872	false	1074	None
LINESTRING (3159901.266 217818.117, 3159910.293 217813.896)	92	183	0	873	false	1074	None
LINESTRING (3159910.293 217813.896, 3159922.799 217805.552)	92	183	0	874	false	1074	None
LINESTRING (3159922.799 217805.552, 3159929.82 217798.404)	92	183	0	875	false	1074	None
LINESTRING (3159929.82 217798.404, 3159936.109 217790.612)	92	183	0	876	false	1074	None
LINESTRING (3159936.109 217790.612, 3159941.625 217782.279)	92	183	0	877	false	1074	None
LINESTRING (3159941.625 217782.279, 3159946.241 217773.477)	92	183	0	878	false	1074	None
LINESTRING (3159946.241 217773.477, 3159949.959 217764.205)	92	183	0	879	false	1074	None
LINESTRING (3159949.959 217764.205, 3159954.641 217745.658)	92	183	0	880	false	1074	None
LINESTRING (3159954.641 217745.658, 3159961.334 217699.777)	92	183	0	881	false	1074	None
LINESTRING (3159961.334 217699.777, 3159958.718 217652.287)	92	183	0	882	false	1074	None
LINESTRING (3159958.718 217652.287, 3159961.341 217632.46)	92	183	0	883	false	1074	None
LINESTRING (3159961.341 217632.46, 3159965.195 217612.756)	92	183	0	884	false	1074	None
LINESTRING (3159965.195 217612.756, 3159970.285 217593.415)	92	183	0	885	false	1074	None
LINESTRING (3159970.285 217593.415, 3159976.526 217574.404)	92	183	0	886	false	1074	None
LINESTRING (3159976.526 217574.404, 3159983.593 217556.55)	92	183	0	887	false	1074	None
LINESTRING (3159983.593 217556.55, 3159988.336 217547.677)	92	183	0	888	false	1074	None
LINESTRING (3159988.336 217547.677, 3159993.766 217539.312)	92	183	0	889	false	1074	None
LINESTRING (3159993.766 217539.312, 3159999.924 217531.35)	92	183	0	890	false	1074	None
LINESTRING (3159999.924 217531.35, 3160006.106 217524.588)	92	183	0	891	false	1074	None
LINESTRING (3160006.106 217524.588, 3160006.645 217523.965)	92	183	0	892	false	1074	None
LINESTRING (3160006.645 217523.965, 3160013.927 217517.156)	92	183	0	893	false	1074	None
LINESTRING (3160013.927 217517.156, 3160021.731 217511.028)	92	183	0	894	false	1074	None
LINESTRING (3160021.731 217511.028, 3160030.097 217505.477)	92	183	0	895	false	1074	None
LINESTRING (3160030.097 217505.477, 3160038.859 217500.676)	92	183	0	896	false	1074	None
LINESTRING (3160038.859 217500.676, 3160054.579 217494.182)	92	183	0	897	false	1074	None
LINESTRING (3160054.579 217494.182, 3160102.63 217490.063)	92	183	0	898	false	1074	None
LINESTRING (3160102.63 217490.063, 3160138.382 217483.168)	92	183	0	899	false	1074	None
LINESTRING (3160138.382 217483.168, 3160162.108 217476.583)	92	183	0	900	false	1074	None
LINESTRING (3160162.108 217476.583, 3160165.61 217467.108)	92	183	0	901	false	1074	None
LINESTRING (3160165.61 217467.108, 3160195.736 217386.407)	92	183	0	902	false	1074	None
LINESTRING (3160195.736 217386.407, 3160296.498 217116.191)	92	183	0	903	false	1074	S:3160264.9295162833 217200.849
LINESTRING (3162274.026 217188.019, 3162267.217 217226.111)	92	183	0	989	false	1074	S:3162271.7326189755 217200.849
LINESTRING (3162267.217 217226.111, 3162246.536 217340.529)	92	183	0	990	false	1074	None
LINESTRING (3162246.536 217340.529, 3162239.601 217378.691)	92	183	0	991	false	1074	None
LINESTRING (3162239.601 217378.691, 3162236.425 217389.843)	92	183	0	992	false	1074	None
LINESTRING (3162236.425 217389.843, 3162226.688 217423.337)	92	183	0	993	false	1074	None
LINESTRING (3162226.688 217423.337, 3162223.387 217434.559)	92	183	0	994	false	1074	None
LINESTRING (3162223.387 217434.559, 3162214.674 217477.27)	92	183	0	995	false	1074	None
LINESTRING (3162214.674 217477.27, 3162205.15 217524.074)	92	183	0	996	false	1074	None
LINESTRING (3162205.15 217524.074, 3162201.514 217539.932)	92	183	0	997	false	1074	None
LINESTRING (3162201.514 217539.932, 3162175.686 217651.147)	92	183	0	998	false	1074	None
LINESTRING (3162175.686 217651.147, 3162125.989 217730.756)	92	183	0	999	false	1074	None
LINESTRING (3162125.989 217730.756, 3162046.386 217808.574)	92	183	0	1000	false	1074	None
LINESTRING (3162046.386 217808.574, 3162020.641 217833.669)	92	183	0	1001	false	1074	None
LINESTRING (3162020.641 217833.669, 3161963.575 217864.881)	92	183	0	1002	false	1074	None
LINESTRING (3161963.575 217864.881, 3161800.509 217991.365)	92	183	0	1003	false	1074	None
LINESTRING (3161800.509 217991.365, 3161430.261 218278.464)	92	183	0	1004	false	1074	None
LINESTRING (3161430.261 218278.464, 3161305.873 218360.123)	92	183	0	1005	false	1074	None
LINESTRING (3161305.873 218360.123, 3161266.797 218385.852)	92	183	0	1006	false	1074	None
LINESTRING (3161266.797 218385.852, 3161153.247 218433.971)	92	183	0	1007	false	1074	None
LINESTRING (3161153.247 218433.971, 3161128.227 218448.151)	92	183	0	1008	false	1074	None
LINESTRING (3161128.227 218448.151, 3161107.86 218459.738)	92	183	0	1009	false	1074	None
LINESTRING (3161107.86 218459.738, 3161071.712 218490.067)	92	183	0	1010	false	1074	None
LINESTRING (3161071.712 218490.067, 3161018.68 218534.654)	92	183	0	1011	false	1074	None
LINESTRING (3161018.68 218534.654, 3160907.57 218627.936)	92	183	0	1012	false	1074	None
LINESTRING (3160907.57 218627.936, 3160852.703 218673.953)	92	183	0	1013	false	1074	None
LINESTRING (3160852.703 218673.953, 3160845.024 218680.01)	92	183	0	1014	false	1074	None
LINESTRING (3160845.024 218680.01, 3160821.732 218698.082)	92	183	0	1015	false	1074	None
LINESTRING (3160821.732 218698.082, 3160813.928 218704.209)	92	183	0	1016	false	1074	None
LINESTRING (3160813.928 218704.209, 3160811.724 218706.327)	92	183	0	1017	false	1074	None
LINESTRING (3160811.724 218706.327, 3160658.405 218844.97)	92	183	0	1018	false	1074	None
LINESTRING (3160658.405 218844.97, 3160615.391 218883.819)	92	183	0	1019	false	1074	None
LINESTRING (3160615.391 218883.819, 3160342.367 219154.932)	92	183	0	1020	false	1074	None
LINESTRING (3160342.367 219154.932, 3160197.786 219276.02)	92	183	0	1021	false	1074	None
LINESTRING (3160197.786 219276.02, 3160062.21 219389.424)	92	183	0	1022	false	1074	None
LINESTRING (3160062.21 219389.424, 3160037.425 219409.059)	92	183	0	1023	false	1074	None
LINESTRING (3160037.425 219409.059, 3159993.76 219442.531)	92	183	0	1024	false	1074	None
LINESTRING (3159993.76 219442.531, 3159966.125 219463.675)	92	183	0	1025	false	1074	None
LINESTRING (3159966.125 219463.675, 3159862.596 219542.884)	92	183	0	1026	false	1074	None
LINESTRING (3159862.596 219542.884, 3159818.806 219576.428)	92	183	0	1027	false	1074	None
LINESTRING (3159818.806 219576.428, 3159788.594 219600.141)	92	183	0	1028	false	1074	None
LINESTRING (3159788.594 219600.141, 3159697.582 219671.489)	92	183	0	1029	false	1074	None
LINESTRING (3159697.582 219671.489, 3159667.244 219695.272)	92	183	0	1030	false	1074	None
LINESTRING (3159667.244 219695.272, 3159642.537 219714.461)	92	183	0	1031	false	1074	None
LINESTRING (3159642.537 219714.461, 3159618.428 219733.883)	92	183	0	1032	false	1074	None
LINESTRING (3159618.428 219733.883, 3159517.191 219815.301)	92	183	0	1033	false	1074	None
LINESTRING (3159517.191 219815.301, 3159472.435 219851.328)	92	183	0	1034	false	1074	None
LINESTRING (3159472.435 219851.328, 3159423.714 219890.454)	92	183	0	1035	false	1074	None
LINESTRING (3159423.714 219890.454, 3159291.359 219996.662)	92	183	0	1036	false	1074	None
LINESTRING (3159291.359 219996.662, 3159216.843 220048.955)	92	183	0	1037	false	1074	None
LINESTRING (3159216.843 220048.955, 3159106.654 220157.86)	92	183	0	1038	false	1074	None
LINESTRING (3159106.654 220157.86, 3159073.768 220205.313)	92	183	0	1039	false	1074	None
LINESTRING (3159073.768 220205.313, 3158646.979 220819.641)	92	183	0	1040	false	1074	None
LINESTRING (3158646.979 220819.641, 3158226.723 221404.714)	92	183	0	1041	false	1074	None
LINESTRING (3158226.723 221404.714, 3158151.821 221508.929)	92	183	0	1042	false	1074	None
LINESTRING (3158151.821 221508.929, 3158076.014 221614.459)	92	183	0	1043	false	1074	None
LINESTRING (3158076.014 221614.459, 3157943.983 221804.329)	92	183	0	1044	false	1074	None
LINESTRING (3157943.983 221804.329, 3157938.132 221812.769)	92	183	0	1045	false	1074	None
LINESTRING (3157938.132 221812.769, 3157729.364 222114.6)	92	183	0	1046	false	1074	None
LINESTRING (3157729.364 222114.6, 3157724.007 222122.279)	92	183	0	1047	false	1074	None
LINESTRING (3157724.007 222122.279, 3157659.594 222273.961)	92	183	0	1048	false	1074	None
LINESTRING (3157659.594 222273.961, 3157566.489 222646.793)	92	183	0	1049	false	1074	None
LINESTRING (3157566.489 222646.793, 3157537.668 222806.291)	92	183	0	1050	false	1074	None
LINESTRING (3157537.668 222806.291, 3157534.456 222830.894)	92	183	0	1051	false	1074	None
LINESTRING (3157534.456 222830.894, 3157533.428 222839.072)	92	183	0	1052	false	1074	None
LINESTRING (3157533.428 222839.072, 3157530.121 222852.079)	92	183	0	1053	false	1074	None
LINESTRING (3157530.121 222852.079, 3157527.486 222862.609)	92	183	0	1054	false	1074	None
LINESTRING (3157527.486 222862.609, 3157509.616 222961.8)	92	183	0	1055	false	1074	None
LINESTRING (3157509.616 222961.8, 3157456.756 223181.621)	92	183	0	1056	false	1074	None
LINESTRING (3157456.756 223181.621, 3157444.362 223215.389)	92	183	0	1057	false	1074	None
LINESTRING (3157444.362 223215.389, 3157402.337 223329.103)	92	183	0	1058	false	1074	None
LINESTRING (3157402.337 223329.103, 3157343.328 223424.868)	92	183	0	1059	false	1074	None
LINESTRING (3157343.328 223424.868, 3157314.003 223456.675)	92	183	0	1060	false	1074	None
LINESTRING (3157314.003 223456.675, 3157246.31 223530.105)	92	183	0	1061	false	1074	None
LINESTRING (3157246.31 223530.105, 3157154.958 223626.116)	92	183	0	1062	false	1074	None
LINESTRING (3157154.958 223626.116, 3157129.434 223652.972)	92	183	0	1063	false	1074	None
LINESTRING (3157129.434 223652.972, 3157102.621 223681.113)	92	183	0	1064	false	1074	None
LINESTRING (3157102.621 223681.113, 3157029.373 223747.371)	92	183	0	1065	false	1074	None
LINESTRING (3157029.373 223747.371, 3156944.374 223790.337)	92	183	0	1066	false	1074	None
LINESTRING (3156944.374 223790.337, 3156877.994 223823.888)	92	183	0	1067	false	1074	None
LINESTRING (3156877.994 223823.888, 3156806.52 223850.089)	92	183	0	1068	false	1074	None
LINESTRING (3156806.52 223850.089, 3156555.988 223942.129)	92	183	0	1069	false	1074	None
LINESTRING (3156555.988 223942.129, 3156448.248 224033.058)	92	183	0	1070	false	1074	None
LINESTRING (3156448.248 224033.058, 3156436.511 224048.019)	92	183	0	1071	false	1074	None
LINESTRING (3156436.511 224048.019, 3156384.472 224113.859)	92	183	0	1072	false	1074	None
LINESTRING (3156384.472 224113.859, 3156305.941 224213.328)	92	183	0	1073	false	1074	None
LINESTRING (3156305.941 224213.328, 3156273.168 224254.992)	92	183	0	1074	false	1074	None
LINESTRING (3155548.002 225098.73, 3155569.194 225027.287)	92	184	0	155	false	1125	N:3155563.4664083817 225046.596
LINESTRING (3155569.194 225027.287, 3155585.017 224973.885)	92	184	0	156	false	1125	None
LINESTRING (3155585.017 224973.885, 3155689.081 224846.485)	92	184	0	157	false	1125	None
LINESTRING (3155689.081 224846.485, 3155705.047 224826.978)	92	184	0	158	false	1125	None
LINESTRING (3155705.047 224826.978, 3155738.145 224793.543)	92	184	0	159	false	1125	None
LINESTRING (3155738.145 224793.543, 3156038.109 224521.319)	92	184	0	160	false	1125	None
LINESTRING (3156038.109 224521.319, 3156125.657 224441.811)	92	184	0	161	false	1125	None
LINESTRING (3156125.657 224441.811, 3156273.168 224254.992)	92	184	0	162	false	1125	None
LINESTRING (3156273.168 224254.992, 3156305.941 224213.328)	92	184	0	163	false	1125	None
LINESTRING (3156305.941 224213.328, 3156384.472 224113.859)	92	184	0	164	false	1125	None
LINESTRING (3156384.472 224113.859, 3156436.511 224048.019)	92	184	0	165	false	1125	None
LINESTRING (3156436.511 224048.019, 3156448.248 224033.058)	92	184	0	166	false	1125	None
LINESTRING (3156448.248 224033.058, 3156555.988 223942.129)	92	184	0	167	false	1125	None
LINESTRING (3156555.988 223942.129, 3156806.52 223850.089)	92	184	0	168	false	1125	None
LINESTRING (3156806.52 223850.089, 3156877.994 223823.888)	92	184	0	169	false	1125	None
LINESTRING (3156877.994 223823.888, 3156944.374 223790.337)	92	184	0	170	false	1125	None
LINESTRING (3156944.374 223790.337, 3157029.373 223747.371)	92	184	0	171	false	1125	None
LINESTRING (3157029.373 223747.371, 3157102.621 223681.113)	92	184	0	172	false	1125	None
LINESTRING (3157102.621 223681.113, 3157129.434 223652.972)	92	184	0	173	false	1125	None
LINESTRING (3157129.434 223652.972, 3157154.958 223626.116)	92	184	0	174	false	1125	None
LINESTRING (3157154.958 223626.116, 3157246.31 223530.105)	92	184	0	175	false	1125	None
LINESTRING (3157246.31 223530.105, 3157314.003 223456.675)	92	184	0	176	false	1125	None
LINESTRING (3157314.003 223456.675, 3157343.328 223424.868)	92	184	0	177	false	1125	None
LINESTRING (3157343.328 223424.868, 3157402.337 223329.103)	92	184	0	178	false	1125	None
LINESTRING (3157402.337 223329.103, 3157444.362 223215.389)	92	184	0	179	false	1125	None
LINESTRING (3157444.362 223215.389, 3157456.756 223181.621)	92	184	0	180	false	1125	None
LINESTRING (3157456.756 223181.621, 3157509.616 222961.8)	92	184	0	181	false	1125	None
LINESTRING (3157509.616 222961.8, 3157527.486 222862.609)	92	184	0	182	false	1125	None
LINESTRING (3157527.486 222862.609, 3157530.121 222852.079)	92	184	0	183	false	1125	None
LINESTRING (3157530.121 222852.079, 3157533.428 222839.072)	92	184	0	184	false	1125	None
LINESTRING (3157533.428 222839.072, 3157534.456 222830.894)	92	184	0	185	false	1125	None
LINESTRING (3157534.456 222830.894, 3157537.668 222806.291)	92	184	0	186	false	1125	None
LINESTRING (3157537.668 222806.291, 3157566.489 222646.793)	92	184	0	187	false	1125	None
LINESTRING (3157566.489 222646.793, 3157659.594 222273.961)	92	184	0	188	false	1125	None
LINESTRING (3157659.594 222273.961, 3157724.007 222122.279)	92	184	0	189	false	1125	None
LINESTRING (3157724.007 222122.279, 3157729.364 222114.6)	92	184	0	190	false	1125	None
LINESTRING (3157729.364 222114.6, 3157938.132 221812.769)	92	184	0	191	false	1125	None
LINESTRING (3157938.132 221812.769, 3157943.983 221804.329)	92	184	0	192	false	1125	None
LINESTRING (3157943.983 221804.329, 3158076.014 221614.459)	92	184	0	193	false	1125	None
LINESTRING (3158076.014 221614.459, 3158151.821 221508.929)	92	184	0	194	false	1125	None
LINESTRING (3158151.821 221508.929, 3158226.723 221404.714)	92	184	0	195	false	1125	None
LINESTRING (3158226.723 221404.714, 3158646.979 220819.641)	92	184	0	196	false	1125	None
LINESTRING (3158646.979 220819.641, 3159073.768 220205.313)	92	184	0	197	false	1125	None
LINESTRING (3159073.768 220205.313, 3159106.654 220157.86)	92	184	0	198	false	1125	None
LINESTRING (3159106.654 220157.86, 3159216.843 220048.955)	92	184	0	199	false	1125	None
LINESTRING (3159216.843 220048.955, 3159291.359 219996.662)	92	184	0	200	false	1125	None
LINESTRING (3159291.359 219996.662, 3159423.714 219890.454)	92	184	0	201	false	1125	None
LINESTRING (3159423.714 219890.454, 3159472.435 219851.328)	92	184	0	202	false	1125	None
LINESTRING (3159472.435 219851.328, 3159517.191 219815.301)	92	184	0	203	false	1125	None
LINESTRING (3159517.191 219815.301, 3159618.428 219733.883)	92	184	0	204	false	1125	None
LINESTRING (3159618.428 219733.883, 3159642.537 219714.461)	92	184	0	205	false	1125	None
LINESTRING (3159642.537 219714.461, 3159667.244 219695.272)	92	184	0	206	false	1125	None
LINESTRING (3159667.244 219695.272, 3159697.582 219671.489)	92	184	0	207	false	1125	None
LINESTRING (3159697.582 219671.489, 3159788.594 219600.141)	92	184	0	208	false	1125	None
LINESTRING (3159788.594 219600.141, 3159818.806 219576.428)	92	184	0	209	false	1125	None
LINESTRING (3159818.806 219576.428, 3159862.596 219542.884)	92	184	0	210	false	1125	None
LINESTRING (3159862.596 219542.884, 3159966.125 219463.675)	92	184	0	211	false	1125	None
LINESTRING (3159966.125 219463.675, 3159993.76 219442.531)	92	184	0	212	false	1125	None
LINESTRING (3159993.76 219442.531, 3160037.425 219409.059)	92	184	0	213	false	1125	None
LINESTRING (3160037.425 219409.059, 3160062.21 219389.424)	92	184	0	214	false	1125	None
LINESTRING (3160062.21 219389.424, 3160197.786 219276.02)	92	184	0	215	false	1125	None
LINESTRING (3160197.786 219276.02, 3160342.367 219154.932)	92	184	0	216	false	1125	None
LINESTRING (3160342.367 219154.932, 3160615.391 218883.819)	92	184	0	217	false	1125	None
LINESTRING (3160615.391 218883.819, 3160658.405 218844.97)	92	184	0	218	false	1125	None
LINESTRING (3160658.405 218844.97, 3160811.724 218706.327)	92	184	0	219	false	1125	None
LINESTRING (3160811.724 218706.327, 3160813.928 218704.209)	92	184	0	220	false	1125	None
LINESTRING (3160813.928 218704.209, 3160821.732 218698.082)	92	184	0	221	false	1125	None
LINESTRING (3160821.732 218698.082, 3160845.024 218680.01)	92	184	0	222	false	1125	None
LINESTRING (3160845.024 218680.01, 3160852.703 218673.953)	92	184	0	223	false	1125	None
LINESTRING (3160852.703 218673.953, 3160907.57 218627.936)	92	184	0	224	false	1125	None
LINESTRING (3160907.57 218627.936, 3161018.68 218534.654)	92	184	0	225	false	1125	None
LINESTRING (3161018.68 218534.654, 3161071.712 218490.067)	92	184	0	226	false	1125	None
LINESTRING (3161071.712 218490.067, 3161107.86 218459.738)	92	184	0	227	false	1125	None
LINESTRING (3161107.86 218459.738, 3161128.227 218448.151)	92	184	0	228	false	1125	None
LINESTRING (3161128.227 218448.151, 3161153.247 218433.971)	92	184	0	229	false	1125	None
LINESTRING (3161153.247 218433.971, 3161266.797 218385.852)	92	184	0	230	false	1125	None
LINESTRING (3161266.797 218385.852, 3161305.873 218360.123)	92	184	0	231	false	1125	None
LINESTRING (3161305.873 218360.123, 3161430.261 218278.464)	92	184	0	232	false	1125	None
LINESTRING (3161430.261 218278.464, 3161800.509 217991.365)	92	184	0	233	false	1125	None
LINESTRING (3161800.509 217991.365, 3161963.575 217864.881)	92	184	0	234	false	1125	None
LINESTRING (3161963.575 217864.881, 3162020.641 217833.669)	92	184	0	235	false	1125	None
LINESTRING (3162020.641 217833.669, 3162046.386 217808.574)	92	184	0	236	false	1125	None
LINESTRING (3162046.386 217808.574, 3162125.989 217730.756)	92	184	0	237	false	1125	None
LINESTRING (3162125.989 217730.756, 3162175.686 217651.147)	92	184	0	238	false	1125	None
LINESTRING (3162175.686 217651.147, 3162201.514 217539.932)	92	184	0	239	false	1125	None
LINESTRING (3162201.514 217539.932, 3162205.15 217524.074)	92	184	0	240	false	1125	None
LINESTRING (3162205.15 217524.074, 3162214.674 217477.27)	92	184	0	241	false	1125	None
LINESTRING (3162214.674 217477.27, 3162223.387 217434.559)	92	184	0	242	false	1125	None
LINESTRING (3162223.387 217434.559, 3162226.688 217423.337)	92	184	0	243	false	1125	None
LINESTRING (3162226.688 217423.337, 3162236.425 217389.843)	92	184	0	244	false	1125	None
LINESTRING (3162236.425 217389.843, 3162239.601 217378.691)	92	184	0	245	false	1125	None
LINESTRING (3162239.601 217378.691, 3162246.536 217340.529)	92	184	0	246	false	1125	None
LINESTRING (3162246.536 217340.529, 3162267.217 217226.111)	92	184	0	247	false	1125	None
LINESTRING (3162267.217 217226.111, 3162274.026 217188.019)	92	184	0	248	false	1125	S:3162271.7326189755 217200.849
LINESTRING (3163649.989 223524.236, 3163507.918 223857.57)	92	184	0	421	false	1125	E:3163648.718 223527.21808300118
LINESTRING (3163507.918 223857.57, 3163411.336 224084.148)	92	184	0	422	false	1125	None
LINESTRING (3163411.336 224084.148, 3163410.285 224086.836)	92	184	0	423	false	1125	None
LINESTRING (3163410.285 224086.836, 3163398.349 224121.379)	92	184	0	424	false	1125	None
LINESTRING (3163398.349 224121.379, 3163359.186 224233.59)	92	184	0	425	false	1125	None
LINESTRING (3163359.186 224233.59, 3163352.591 224252.464)	92	184	0	426	false	1125	None
LINESTRING (3163352.591 224252.464, 3163344.883 224270.664)	92	184	0	427	false	1125	None
LINESTRING (3163344.883 224270.664, 3163188.27 224646.465)	92	184	0	428	false	1125	None
LINESTRING (3163188.27 224646.465, 3162718.303 225773.705)	92	184	0	429	false	1125	N:3163021.4480581977 225046.596
LINESTRING (3162718.303 225773.705, 3163188.27 224646.465)	92	335	0	2011	false	2348	N:3163021.4480581977 225046.596
LINESTRING (3163188.27 224646.465, 3163344.883 224270.664)	92	335	0	2012	false	2348	None
LINESTRING (3163344.883 224270.664, 3163351.954 224275.218)	92	335	0	2013	false	2348	None
LINESTRING (3163351.954 224275.218, 3163432.132 224326.241)	92	335	0	2014	false	2348	None
LINESTRING (3163432.132 224326.241, 3163459.764 224343.365)	92	335	0	2015	false	2348	None
LINESTRING (3163459.764 224343.365, 3163469.574 224347.202)	92	335	0	2016	false	2348	None
LINESTRING (3163469.574 224347.202, 3163479.812 224351.206)	92	335	0	2017	false	2348	None
LINESTRING (3163479.812 224351.206, 3163503.228 224357.981)	92	335	0	2018	false	2348	None
LINESTRING (3163503.228 224357.981, 3163517.184 224359.268)	92	335	0	2019	false	2348	None
LINESTRING (3163517.184 224359.268, 3163540.386 224361.311)	92	335	0	2020	false	2348	None
LINESTRING (3163540.386 224361.311, 3163547.09 224362.026)	92	335	0	2021	false	2348	None
LINESTRING (3163547.09 224362.026, 3163610.593 224363.384)	92	335	0	2022	false	2348	None
LINESTRING (3163610.593 224363.384, 3163633.894 224363.916)	92	335	0	2023	false	2348	None
LINESTRING (3163633.894 224363.916, 3163664.523 224364.574)	92	335	0	2024	false	2348	E:3163648.718 224364.23446263344
LINESTRING (3163664.523 224364.574, 3163633.894 224363.916)	92	337	0	321	false	1368	E:3163648.718 224364.23446263344
LINESTRING (3163633.894 224363.916, 3163610.593 224363.384)	92	337	0	322	false	1368	None
LINESTRING (3163610.593 224363.384, 3163547.09 224362.026)	92	337	0	323	false	1368	None
LINESTRING (3163547.09 224362.026, 3163540.386 224361.311)	92	337	0	324	false	1368	None
LINESTRING (3163540.386 224361.311, 3163517.184 224359.268)	92	337	0	325	false	1368	None
LINESTRING (3163517.184 224359.268, 3163503.228 224357.981)	92	337	0	326	false	1368	None
LINESTRING (3163503.228 224357.981, 3163479.812 224351.206)	92	337	0	327	false	1368	None
LINESTRING (3163479.812 224351.206, 3163469.574 224347.202)	92	337	0	328	false	1368	None
LINESTRING (3163469.574 224347.202, 3163459.764 224343.365)	92	337	0	329	false	1368	None
LINESTRING (3163459.764 224343.365, 3163432.132 224326.241)	92	337	0	330	false	1368	None
LINESTRING (3163432.132 224326.241, 3163351.954 224275.218)	92	337	0	331	false	1368	None
LINESTRING (3163351.954 224275.218, 3163344.883 224270.664)	92	337	0	332	false	1368	None
LINESTRING (3163344.883 224270.664, 3163352.591 224252.464)	92	337	0	333	false	1368	None
LINESTRING (3163352.591 224252.464, 3163359.186 224233.59)	92	337	0	334	false	1368	None
LINESTRING (3163359.186 224233.59, 3163398.349 224121.379)	92	337	0	335	false	1368	None
LINESTRING (3163398.349 224121.379, 3163410.285 224086.836)	92	337	0	336	false	1368	None
LINESTRING (3163410.285 224086.836, 3163411.336 224084.148)	92	337	0	337	false	1368	None
LINESTRING (3163411.336 224084.148, 3163507.918 223857.57)	92	337	0	338	false	1368	None
LINESTRING (3163507.918 223857.57, 3163649.989 223524.236)	92	337	0	339	false	1368	E:3163648.718 223527.21808300118
