LINESTRING (3171137.681 204625.184, 3170749.75 205534.378)	112	180	0	1277	false	2099	S:3170793.3344976087 205432.229
LINESTRING (3170749.75 205534.378, 3170620.37 205837.457)	112	180	0	1278	false	2099	None
LINESTRING (3170620.37 205837.457, 3170616.475 205846.658)	112	180	0	1279	false	2099	None
LINESTRING (3170616.475 205846.658, 3170604.54 205874.403)	112	180	0	1280	false	2099	None
LINESTRING (3170604.54 205874.403, 3170600.519 205883.675)	112	180	0	1281	false	2099	None
LINESTRING (3170600.519 205883.675, 3170594.958 205896.633)	112	180	0	1282	false	2099	None
LINESTRING (3170594.958 205896.633, 3170585.214 205919.277)	112	180	0	1283	false	2099	None
LINESTRING (3170585.214 205919.277, 3170579.896 205931.616)	112	180	0	1284	false	2099	None
LINESTRING (3170579.896 205931.616, 3170578.324 205935.887)	112	180	0	1285	false	2099	None
LINESTRING (3170578.324 205935.887, 3170573.15 205949.117)	112	180	0	1286	false	2099	None
LINESTRING (3170573.15 205949.117, 3170569.799 205957.935)	112	180	0	1287	false	2099	None
LINESTRING (3170569.799 205957.935, 3170566.727 205965.79)	112	180	0	1288	false	2099	None
LINESTRING (3170566.727 205965.79, 3170559.496 205984.531)	112	180	0	1289	false	2099	None
LINESTRING (3170559.496 205984.531, 3170556.02 205993.42)	112	180	0	1290	false	2099	None
LINESTRING (3170556.02 205993.42, 3170487.222 206171.595)	112	180	0	1291	false	2099	None
LINESTRING (3170487.222 206171.595, 3170280.445 206706.094)	112	180	0	1292	false	2099	None
LINESTRING (3170280.445 206706.094, 3170218.667 206865.567)	112	180	0	1293	false	2099	None
LINESTRING (3170218.667 206865.567, 3170211.436 206884.307)	112	180	0	1294	false	2099	None
LINESTRING (3170211.436 206884.307, 3170197.944 206919.309)	112	180	0	1295	false	2099	None
LINESTRING (3170197.944 206919.309, 3170157.297 207024.246)	112	180	0	1296	false	2099	None
LINESTRING (3170157.297 207024.246, 3170148.606 207046.467)	112	180	0	1297	false	2099	None
LINESTRING (3170148.606 207046.467, 3170143.337 207059.183)	112	180	0	1298	false	2099	None
LINESTRING (3170143.337 207059.183, 3170091.182 207185.479)	112	180	0	1299	false	2099	None
LINESTRING (3170091.182 207185.479, 3170037.594 207320.986)	112	180	0	1300	false	2099	None
LINESTRING (3170037.594 207320.986, 3169725.885 208108.913)	112	180	0	1301	false	2099	None
LINESTRING (3169725.885 208108.913, 3169634.072 208340.893)	112	180	0	1302	false	2099	None
LINESTRING (3169634.072 208340.893, 3169621.77 208371.594)	112	180	0	1303	false	2099	None
LINESTRING (3169621.77 208371.594, 3169502.546 208673.411)	112	180	0	1304	false	2099	None
LINESTRING (3169502.546 208673.411, 3169287.79 209216.72)	112	180	0	1305	false	2099	None
LINESTRING (3169287.79 209216.72, 3169234.807 209350.679)	112	180	0	1306	false	2099	None
LINESTRING (3169234.807 209350.679, 3169144.62 209579.008)	112	180	0	1307	false	2099	N:3169233.059972242 209355.102
LINESTRING (3169144.62 209579.008, 3169234.807 209350.679)	112	1076	0	2075	false	2191	N:3169233.059972242 209355.102
LINESTRING (3169234.807 209350.679, 3169287.79 209216.72)	112	1076	0	2076	false	2191	None
LINESTRING (3169287.79 209216.72, 3169502.546 208673.411)	112	1076	0	2077	false	2191	None
LINESTRING (3169502.546 208673.411, 3169621.77 208371.594)	112	1076	0	2078	false	2191	None
LINESTRING (3169621.77 208371.594, 3169634.072 208340.893)	112	1076	0	2079	false	2191	None
LINESTRING (3169634.072 208340.893, 3169725.885 208108.913)	112	1076	0	2080	false	2191	None
LINESTRING (3169725.885 208108.913, 3170037.594 207320.986)	112	1076	0	2081	false	2191	None
LINESTRING (3170037.594 207320.986, 3170091.182 207185.479)	112	1076	0	2082	false	2191	None
LINESTRING (3170091.182 207185.479, 3170143.337 207059.183)	112	1076	0	2083	false	2191	None
LINESTRING (3170143.337 207059.183, 3170148.606 207046.467)	112	1076	0	2084	false	2191	None
LINESTRING (3170148.606 207046.467, 3170157.297 207024.246)	112	1076	0	2085	false	2191	None
LINESTRING (3170157.297 207024.246, 3170197.944 206919.309)	112	1076	0	2086	false	2191	None
LINESTRING (3170197.944 206919.309, 3170211.436 206884.307)	112	1076	0	2087	false	2191	None
LINESTRING (3170211.436 206884.307, 3170218.667 206865.567)	112	1076	0	2088	false	2191	None
LINESTRING (3170218.667 206865.567, 3170280.445 206706.094)	112	1076	0	2089	false	2191	None
LINESTRING (3170280.445 206706.094, 3170487.222 206171.595)	112	1076	0	2090	false	2191	None
LINESTRING (3170487.222 206171.595, 3170556.02 205993.42)	112	1076	0	2091	false	2191	None
LINESTRING (3170556.02 205993.42, 3170559.496 205984.531)	112	1076	0	2092	false	2191	None
LINESTRING (3170559.496 205984.531, 3170566.727 205965.79)	112	1076	0	2093	false	2191	None
LINESTRING (3170566.727 205965.79, 3170569.799 205957.935)	112	1076	0	2094	false	2191	None
LINESTRING (3170569.799 205957.935, 3170573.15 205949.117)	112	1076	0	2095	false	2191	None
LINESTRING (3170573.15 205949.117, 3170578.324 205935.887)	112	1076	0	2096	false	2191	None
LINESTRING (3170578.324 205935.887, 3170579.896 205931.616)	112	1076	0	2097	false	2191	None
LINESTRING (3170579.896 205931.616, 3170585.214 205919.277)	112	1076	0	2098	false	2191	None
LINESTRING (3170585.214 205919.277, 3170594.958 205896.633)	112	1076	0	2099	false	2191	None
LINESTRING (3170594.958 205896.633, 3170600.519 205883.675)	112	1076	0	2100	false	2191	None
LINESTRING (3170600.519 205883.675, 3170604.54 205874.403)	112	1076	0	2101	false	2191	None
LINESTRING (3170604.54 205874.403, 3170616.475 205846.658)	112	1076	0	2102	false	2191	None
LINESTRING (3170616.475 205846.658, 3170620.37 205837.457)	112	1076	0	2103	false	2191	None
LINESTRING (3170620.37 205837.457, 3170749.75 205534.378)	112	1076	0	2104	false	2191	None
LINESTRING (3170749.75 205534.378, 3171137.681 204625.184)	112	1076	0	2105	false	2191	S:3170793.3344976087 205432.229
