LINESTRING (3126485.949 217047.108, 3126484.542 217208.278)	50	1613	0	322	false	645	S:3126484.60685452 217200.849
LINESTRING (3126484.542 217208.278, 3126482.265 217259.399)	50	1613	0	323	false	645	None
LINESTRING (3126482.265 217259.399, 3126480.377 217299.604)	50	1613	0	324	false	645	None
LINESTRING (3126480.377 217299.604, 3126483.217 217361.864)	50	1613	0	325	false	645	None
LINESTRING (3126483.217 217361.864, 3126486.73 217386.306)	50	1613	0	326	false	645	None
LINESTRING (3126486.73 217386.306, 3126492.809 217411.977)	50	1613	0	327	false	645	None
LINESTRING (3126492.809 217411.977, 3126496.145 217426.712)	50	1613	0	328	false	645	None
LINESTRING (3126496.145 217426.712, 3126514.391 217464.579)	50	1613	0	329	false	645	None
LINESTRING (3126514.391 217464.579, 3126535.413 217496.021)	50	1613	0	330	false	645	None
LINESTRING (3126535.413 217496.021, 3126555.856 217520.576)	50	1613	0	331	false	645	None
LINESTRING (3126555.856 217520.576, 3126588.557 217548.199)	50	1613	0	332	false	645	None
LINESTRING (3126588.557 217548.199, 3126641.941 217580.955)	50	1613	0	333	false	645	None
LINESTRING (3126641.941 217580.955, 3126624.339 217630.085)	50	1613	0	334	false	645	None
LINESTRING (3126624.339 217630.085, 3126620.476 217640.85)	50	1613	0	335	false	645	None
LINESTRING (3126620.476 217640.85, 3126607.34 217679.686)	50	1613	0	336	false	645	None
LINESTRING (3126607.34 217679.686, 3126594.938 217709.762)	50	1613	0	337	false	645	None
LINESTRING (3126594.938 217709.762, 3126580.888 217738.011)	50	1613	0	338	false	645	None
LINESTRING (3126580.888 217738.011, 3126560.161 217772.368)	50	1613	0	339	false	645	None
LINESTRING (3126560.161 217772.368, 3126557.182 217777.286)	50	1613	0	340	false	645	None
LINESTRING (3126557.182 217777.286, 3126529.43 217813.571)	50	1613	0	341	false	645	None
LINESTRING (3126529.43 217813.571, 3126502.832 217848.398)	50	1613	0	342	false	645	None
LINESTRING (3126502.832 217848.398, 3126483.711 217873.261)	50	1613	0	343	false	645	None
LINESTRING (3126483.711 217873.261, 3126475.045 217890.619)	50	1613	0	344	false	645	None
LINESTRING (3126475.045 217890.619, 3126459.202 217931.384)	50	1613	0	345	false	645	None
LINESTRING (3126459.202 217931.384, 3126445.41 217961.757)	50	1613	0	346	false	645	None
LINESTRING (3126445.41 217961.757, 3126442.773 217966.807)	50	1613	0	347	false	645	None
LINESTRING (3126442.773 217966.807, 3126421.909 218006.347)	50	1613	0	348	false	645	None
LINESTRING (3126421.909 218006.347, 3126400.359 218047.407)	50	1613	0	349	false	645	None
LINESTRING (3126400.359 218047.407, 3126379.137 218095.496)	50	1613	0	350	false	645	None
LINESTRING (3126379.137 218095.496, 3126371.158 218122.758)	50	1613	0	351	false	645	None
LINESTRING (3126371.158 218122.758, 3126371.66 218135.685)	50	1613	0	352	false	645	None
LINESTRING (3126371.66 218135.685, 3126371.701 218139.39)	50	1613	0	353	false	645	None
LINESTRING (3126371.701 218139.39, 3126375.345 218149.008)	50	1613	0	354	false	645	None
LINESTRING (3126375.345 218149.008, 3126389.262 218171.4)	50	1613	0	355	false	645	None
LINESTRING (3126389.262 218171.4, 3126398.223 218195.447)	50	1613	0	356	false	645	None
LINESTRING (3126398.223 218195.447, 3126396.417 218218.668)	50	1613	0	357	false	645	None
LINESTRING (3126396.417 218218.668, 3126392.749 218232.483)	50	1613	0	358	false	645	None
LINESTRING (3126392.749 218232.483, 3126379.281 218264.051)	50	1613	0	359	false	645	None
LINESTRING (3126379.281 218264.051, 3126361.43 218298.329)	50	1613	0	360	false	645	None
LINESTRING (3126361.43 218298.329, 3126316.8 218370.696)	50	1613	0	361	false	645	None
LINESTRING (3126316.8 218370.696, 3126291.309 218407.736)	50	1613	0	362	false	645	None
LINESTRING (3126291.309 218407.736, 3126259.17 218438.875)	50	1613	0	363	false	645	None
LINESTRING (3126259.17 218438.875, 3126227.358 218467.642)	50	1613	0	364	false	645	None
LINESTRING (3126227.358 218467.642, 3126217.895 218479.695)	50	1613	0	365	false	645	None
LINESTRING (3126217.895 218479.695, 3126208.022 218492.304)	50	1613	0	366	false	645	None
LINESTRING (3126208.022 218492.304, 3126198.782 218508.607)	50	1613	0	367	false	645	None
LINESTRING (3126198.782 218508.607, 3126149.889 218602.176)	50	1613	0	368	false	645	None
LINESTRING (3126149.889 218602.176, 3126112.036 218674.781)	50	1613	0	369	false	645	None
LINESTRING (3126112.036 218674.781, 3126084.999 218737.164)	50	1613	0	370	false	645	None
LINESTRING (3126084.999 218737.164, 3126082.343 218743.278)	50	1613	0	371	false	645	None
LINESTRING (3126082.343 218743.278, 3126059.82 218806.929)	50	1613	0	372	false	645	None
LINESTRING (3126059.82 218806.929, 3126047.381 218848.534)	50	1613	0	373	false	645	None
LINESTRING (3126047.381 218848.534, 3126042.95 218888.71)	50	1613	0	374	false	645	None
LINESTRING (3126042.95 218888.71, 3126041.101 218930.835)	50	1613	0	375	false	645	None
LINESTRING (3126041.101 218930.835, 3126035.755 218956.615)	50	1613	0	376	false	645	None
LINESTRING (3126035.755 218956.615, 3126029.575 218975.41)	50	1613	0	377	false	645	None
LINESTRING (3126029.575 218975.41, 3126015.275 218994.4)	50	1613	0	378	false	645	None
LINESTRING (3126015.275 218994.4, 3125983.484 219029.721)	50	1613	0	379	false	645	None
LINESTRING (3125983.484 219029.721, 3125968.379 219050.542)	50	1613	0	380	false	645	None
LINESTRING (3125968.379 219050.542, 3125922.632 219142.827)	50	1613	0	381	false	645	None
LINESTRING (3125922.632 219142.827, 3125912.39 219163.504)	50	1613	0	382	false	645	None
LINESTRING (3125912.39 219163.504, 3125898.761 219187.87)	50	1613	0	383	false	645	None
LINESTRING (3125898.761 219187.87, 3125875.333 219220.59)	50	1613	0	384	false	645	None
LINESTRING (3125875.333 219220.59, 3125839.124 219264.557)	50	1613	0	385	false	645	None
LINESTRING (3125839.124 219264.557, 3125817.151 219290.461)	50	1613	0	386	false	645	None
LINESTRING (3125817.151 219290.461, 3125803.97 219312.145)	50	1613	0	387	false	645	None
LINESTRING (3125803.97 219312.145, 3125761.653 219398.853)	50	1613	0	388	false	645	None
LINESTRING (3125761.653 219398.853, 3125729.872 219466.664)	50	1613	0	389	false	645	None
LINESTRING (3125729.872 219466.664, 3125720.188 219491.483)	50	1613	0	390	false	645	None
LINESTRING (3125720.188 219491.483, 3125718.743 219494.971)	50	1613	0	391	false	645	None
LINESTRING (3125718.743 219494.971, 3125707.809 219509.312)	50	1613	0	392	false	645	None
LINESTRING (3125707.809 219509.312, 3125698.096 219517.698)	50	1613	0	393	false	645	None
LINESTRING (3125698.096 219517.698, 3125684.41 219524.431)	50	1613	0	394	false	645	None
LINESTRING (3125684.41 219524.431, 3125660.829 219531.388)	50	1613	0	395	false	645	None
LINESTRING (3125660.829 219531.388, 3125640.024 219539.537)	50	1613	0	396	false	645	None
LINESTRING (3125640.024 219539.537, 3125628.727 219548.978)	50	1613	0	397	false	645	None
LINESTRING (3125628.727 219548.978, 3125620.238 219557.242)	50	1613	0	398	false	645	None
LINESTRING (3125620.238 219557.242, 3125613.025 219569.569)	50	1613	0	399	false	645	None
LINESTRING (3125613.025 219569.569, 3125597.043 219617.302)	50	1613	0	400	false	645	None
LINESTRING (3125597.043 219617.302, 3125579.44 219692.85)	50	1613	0	401	false	645	None
LINESTRING (3125579.44 219692.85, 3125575.172 219721.427)	50	1613	0	402	false	645	None
LINESTRING (3125575.172 219721.427, 3125574.65 219724.557)	50	1613	0	403	false	645	None
LINESTRING (3125574.65 219724.557, 3125570.187 219770.909)	50	1613	0	404	false	645	None
LINESTRING (3125570.187 219770.909, 3125549.613 219829.006)	50	1613	0	405	false	645	None
LINESTRING (3125549.613 219829.006, 3125505.047 219921.034)	50	1613	0	406	false	645	None
LINESTRING (3125505.047 219921.034, 3125499.583 219932.133)	50	1613	0	407	false	645	None
LINESTRING (3125499.583 219932.133, 3125481.216 219962.167)	50	1613	0	408	false	645	None
LINESTRING (3125481.216 219962.167, 3125467.344 219981.323)	50	1613	0	409	false	645	None
LINESTRING (3125467.344 219981.323, 3125440.196 220016.057)	50	1613	0	410	false	645	None
LINESTRING (3125440.196 220016.057, 3125431.159 220030.06)	50	1613	0	411	false	645	None
LINESTRING (3125431.159 220030.06, 3125405.38 220080.554)	50	1613	0	412	false	645	None
LINESTRING (3125405.38 220080.554, 3125379.037 220139.875)	50	1613	0	413	false	645	None
LINESTRING (3125379.037 220139.875, 3125378.632 220140.671)	50	1613	0	414	false	645	None
LINESTRING (3125378.632 220140.671, 3125363.113 220169.425)	50	1613	0	415	false	645	None
LINESTRING (3125363.113 220169.425, 3125351.156 220187.178)	50	1613	0	416	false	645	None
LINESTRING (3125351.156 220187.178, 3125324.624 220217.272)	50	1613	0	417	false	645	None
LINESTRING (3125324.624 220217.272, 3125303.553 220247.451)	50	1613	0	418	false	645	None
LINESTRING (3125303.553 220247.451, 3125249.736 220360.897)	50	1613	0	419	false	645	None
LINESTRING (3125249.736 220360.897, 3125390.834 220417.651)	50	1613	0	420	false	645	None
LINESTRING (3125390.834 220417.651, 3125398.93 220422.087)	50	1613	0	421	false	645	None
LINESTRING (3125398.93 220422.087, 3125408.658 220427.629)	50	1613	0	422	false	645	None
LINESTRING (3125408.658 220427.629, 3125416.232 220442.811)	50	1613	0	423	false	645	None
LINESTRING (3125416.232 220442.811, 3125415.49 220460.731)	50	1613	0	424	false	645	None
LINESTRING (3125415.49 220460.731, 3125404.612 220488.897)	50	1613	0	425	false	645	None
LINESTRING (3125404.612 220488.897, 3125362.809 220570.212)	50	1613	0	426	false	645	None
LINESTRING (3125362.809 220570.212, 3125343.899 220610.032)	50	1613	0	427	false	645	None
LINESTRING (3125343.899 220610.032, 3125303.604 220703.949)	50	1613	0	428	false	645	None
LINESTRING (3125303.604 220703.949, 3125274.27 220780.916)	50	1613	0	429	false	645	None
LINESTRING (3125274.27 220780.916, 3125264.164 220822.828)	50	1613	0	430	false	645	None
LINESTRING (3125264.164 220822.828, 3125259.88 220886.742)	50	1613	0	431	false	645	None
LINESTRING (3125259.88 220886.742, 3125253.969 220953.597)	50	1613	0	432	false	645	None
LINESTRING (3125253.969 220953.597, 3125254.02 220961.59)	50	1613	0	433	false	645	None
LINESTRING (3125254.02 220961.59, 3125253.719 220989.796)	50	1613	0	434	false	645	None
LINESTRING (3125253.719 220989.796, 3125257.378 221019.174)	50	1613	0	435	false	645	None
LINESTRING (3125257.378 221019.174, 3125267.131 221042.933)	50	1613	0	436	false	645	None
LINESTRING (3125267.131 221042.933, 3125278.316 221060.7)	50	1613	0	437	false	645	None
LINESTRING (3125278.316 221060.7, 3125320.548 221099.145)	50	1613	0	438	false	645	None
LINESTRING (3125320.548 221099.145, 3125329.969 221108.02)	50	1613	0	439	false	645	None
LINESTRING (3125329.969 221108.02, 3125339.219 221116.829)	50	1613	0	440	false	645	None
LINESTRING (3125339.219 221116.829, 3125363.971 221141.621)	50	1613	0	441	false	645	None
LINESTRING (3125363.971 221141.621, 3125389.093 221162.154)	50	1613	0	442	false	645	None
LINESTRING (3125389.093 221162.154, 3125389.655 221162.728)	50	1613	0	443	false	645	None
LINESTRING (3125389.655 221162.728, 3125441.624 221195.772)	50	1613	0	444	false	645	None
LINESTRING (3125441.624 221195.772, 3125448.759 221210.31)	50	1613	0	445	false	645	None
LINESTRING (3125448.759 221210.31, 3125449.942 221231.116)	50	1613	0	446	false	645	None
LINESTRING (3125449.942 221231.116, 3125439.489 221259.446)	50	1613	0	447	false	645	None
LINESTRING (3125439.489 221259.446, 3125416.554 221318.061)	50	1613	0	448	false	645	None
LINESTRING (3125416.554 221318.061, 3125385.432 221388.984)	50	1613	0	449	false	645	None
LINESTRING (3125385.432 221388.984, 3125375.203 221412.165)	50	1613	0	450	false	645	None
LINESTRING (3125375.203 221412.165, 3125344.748 221475.015)	50	1613	0	451	false	645	None
LINESTRING (3125344.748 221475.015, 3125337.497 221497.085)	50	1613	0	452	false	645	None
LINESTRING (3125337.497 221497.085, 3125336.543 221499.811)	50	1613	0	453	false	645	None
LINESTRING (3125336.543 221499.811, 3125312.168 221562.153)	50	1613	0	454	false	645	None
LINESTRING (3125312.168 221562.153, 3125303.598 221583.833)	50	1613	0	455	false	645	None
LINESTRING (3125303.598 221583.833, 3125303.194 221611.286)	50	1613	0	456	false	645	None
LINESTRING (3125303.194 221611.286, 3125302.866 221632.699)	50	1613	0	457	false	645	None
LINESTRING (3125302.866 221632.699, 3125305.814 221649.188)	50	1613	0	458	false	645	None
LINESTRING (3125305.814 221649.188, 3125323.619 221685.102)	50	1613	0	459	false	645	None
LINESTRING (3125323.619 221685.102, 3125334.698 221707.708)	50	1613	0	460	false	645	None
LINESTRING (3125334.698 221707.708, 3125358.888 221756.799)	50	1613	0	461	false	645	None
LINESTRING (3125358.888 221756.799, 3125366.735 221774.824)	50	1613	0	462	false	645	None
LINESTRING (3125366.735 221774.824, 3125373.765 221798.008)	50	1613	0	463	false	645	None
LINESTRING (3125373.765 221798.008, 3125373.973 221799.754)	50	1613	0	464	false	645	None
LINESTRING (3125373.973 221799.754, 3125376.534 221831.208)	50	1613	0	465	false	645	None
LINESTRING (3125376.534 221831.208, 3125369.404 221879.625)	50	1613	0	466	false	645	None
LINESTRING (3125369.404 221879.625, 3125361.991 221911.51)	50	1613	0	467	false	645	None
LINESTRING (3125361.991 221911.51, 3125341.14 221980.213)	50	1613	0	468	false	645	None
LINESTRING (3125341.14 221980.213, 3125308.841 222064.842)	50	1613	0	469	false	645	None
LINESTRING (3125308.841 222064.842, 3125294.225 222105.726)	50	1613	0	470	false	645	None
LINESTRING (3125294.225 222105.726, 3125291.707 222118.082)	50	1613	0	471	false	645	None
LINESTRING (3125291.707 222118.082, 3125289.793 222127.101)	50	1613	0	472	false	645	None
LINESTRING (3125289.793 222127.101, 3125290.265 222138.826)	50	1613	0	473	false	645	None
LINESTRING (3125290.265 222138.826, 3125293.414 222156.822)	50	1613	0	474	false	645	None
LINESTRING (3125293.414 222156.822, 3125309.713 222220.24)	50	1613	0	475	false	645	None
LINESTRING (3125309.713 222220.24, 3125313.001 222233.053)	50	1613	0	476	false	645	None
LINESTRING (3125313.001 222233.053, 3125313.364 222234.146)	50	1613	0	477	false	645	None
LINESTRING (3125313.364 222234.146, 3125318.601 222256.637)	50	1613	0	478	false	645	None
LINESTRING (3125318.601 222256.637, 3125320.686 222274.341)	50	1613	0	479	false	645	None
LINESTRING (3125320.686 222274.341, 3125320.5 222277.363)	50	1613	0	480	false	645	None
LINESTRING (3125320.5 222277.363, 3125319.105 222292.652)	50	1613	0	481	false	645	None
LINESTRING (3125319.105 222292.652, 3125301.422 222328.781)	50	1613	0	482	false	645	None
LINESTRING (3125301.422 222328.781, 3125266.37 222388.547)	50	1613	0	483	false	645	None
LINESTRING (3125266.37 222388.547, 3125265.445 222390.688)	50	1613	0	484	false	645	None
LINESTRING (3125265.445 222390.688, 3125234.041 222462.336)	50	1613	0	485	false	645	None
LINESTRING (3125234.041 222462.336, 3125221.731 222502.326)	50	1613	0	486	false	645	None
LINESTRING (3125221.731 222502.326, 3125204.934 222610.795)	50	1613	0	487	false	645	None
LINESTRING (3125204.934 222610.795, 3125167.959 222707.78)	50	1613	0	488	false	645	None
LINESTRING (3125167.959 222707.78, 3125166.903 222709.752)	50	1613	0	489	false	645	None
LINESTRING (3125166.903 222709.752, 3125148.639 222742.563)	50	1613	0	490	false	645	None
LINESTRING (3125148.639 222742.563, 3125124.497 222769.771)	50	1613	0	491	false	645	None
LINESTRING (3125124.497 222769.771, 3125095.565 222788.822)	50	1613	0	492	false	645	None
LINESTRING (3125095.565 222788.822, 3125030.156 222831.982)	50	1613	0	493	false	645	None
LINESTRING (3125030.156 222831.982, 3125029.7 222832.401)	50	1613	0	494	false	645	None
LINESTRING (3125029.7 222832.401, 3125009.073 222850.257)	50	1613	0	495	false	645	None
LINESTRING (3125009.073 222850.257, 3124995.412 222876.992)	50	1613	0	496	false	645	None
LINESTRING (3124995.412 222876.992, 3124928.149 223061.526)	50	1613	0	497	false	645	None
LINESTRING (3124928.149 223061.526, 3124898.919 223141.511)	50	1613	0	498	false	645	None
LINESTRING (3124898.919 223141.511, 3124883.857 223175.678)	50	1613	0	499	false	645	None
LINESTRING (3124883.857 223175.678, 3124875.839 223193.644)	50	1613	0	500	false	645	None
LINESTRING (3124875.839 223193.644, 3124853.741 223225.213)	50	1613	0	501	false	645	None
LINESTRING (3124853.741 223225.213, 3124817.332 223261.844)	50	1613	0	502	false	645	None
LINESTRING (3124817.332 223261.844, 3124791.845 223287.462)	50	1613	0	503	false	645	None
LINESTRING (3124791.845 223287.462, 3124772.606 223306.806)	50	1613	0	504	false	645	None
LINESTRING (3124772.606 223306.806, 3124714.85 223364.943)	50	1613	0	505	false	645	None
LINESTRING (3124714.85 223364.943, 3124695.486 223384.358)	50	1613	0	506	false	645	None
LINESTRING (3124695.486 223384.358, 3124696.434 223415.665)	50	1613	0	507	false	645	None
LINESTRING (3124696.434 223415.665, 3124772.215 223500.989)	50	1613	0	508	false	645	None
LINESTRING (3124772.215 223500.989, 3124801.281 223541.492)	50	1613	0	509	false	645	None
LINESTRING (3124801.281 223541.492, 3124840.291 223603.211)	50	1613	0	510	false	645	None
LINESTRING (3124840.291 223603.211, 3124862.458 223647.357)	50	1613	0	511	false	645	None
LINESTRING (3124862.458 223647.357, 3124887.344 223707.31)	50	1613	0	512	false	645	None
LINESTRING (3124887.344 223707.31, 3124951.614 223863.283)	50	1613	0	513	false	645	None
LINESTRING (3124951.614 223863.283, 3124965.035 223898.339)	50	1613	0	514	false	645	None
LINESTRING (3124965.035 223898.339, 3124996.021 223981.833)	50	1613	0	515	false	645	None
LINESTRING (3124996.021 223981.833, 3125004.323 224003.486)	50	1613	0	516	false	645	None
LINESTRING (3125004.323 224003.486, 3125028.896 224068.556)	50	1613	0	517	false	645	None
LINESTRING (3125028.896 224068.556, 3125037.033 224090.384)	50	1613	0	518	false	645	None
LINESTRING (3125037.033 224090.384, 3125061.62 224159.982)	50	1613	0	519	false	645	None
LINESTRING (3125061.62 224159.982, 3125095.843 224238.897)	50	1613	0	520	false	645	None
LINESTRING (3125095.843 224238.897, 3125096.256 224240.365)	50	1613	0	521	false	645	None
LINESTRING (3125096.256 224240.365, 3125095.394 224241.58)	50	1613	0	522	false	645	None
LINESTRING (3125095.394 224241.58, 3125093.893 224261.707)	50	1613	0	523	false	645	None
LINESTRING (3125093.893 224261.707, 3125115.41 224324.526)	50	1613	0	524	false	645	None
LINESTRING (3125115.41 224324.526, 3125126.221 224364.049)	50	1613	0	525	false	645	None
LINESTRING (3125126.221 224364.049, 3125129.413 224405.269)	50	1613	0	526	false	645	None
LINESTRING (3125129.413 224405.269, 3125129.743 224429.793)	50	1613	0	527	false	645	None
LINESTRING (3125129.743 224429.793, 3125126.988 224450.626)	50	1613	0	528	false	645	None
LINESTRING (3125126.988 224450.626, 3125126.379 224457.531)	50	1613	0	529	false	645	None
LINESTRING (3125126.379 224457.531, 3125125.209 224469.694)	50	1613	0	530	false	645	None
LINESTRING (3125125.209 224469.694, 3125120.812 224488.941)	50	1613	0	531	false	645	None
LINESTRING (3125120.812 224488.941, 3125105.672 224531.171)	50	1613	0	532	false	645	None
LINESTRING (3125105.672 224531.171, 3125072.005 224602.064)	50	1613	0	533	false	645	None
LINESTRING (3125072.005 224602.064, 3125051.293 224640.951)	50	1613	0	534	false	645	None
LINESTRING (3125051.293 224640.951, 3125002.967 224739.383)	50	1613	0	535	false	645	None
LINESTRING (3125002.967 224739.383, 3124985.741 224773.309)	50	1613	0	536	false	645	None
LINESTRING (3124985.741 224773.309, 3124972.055 224806.699)	50	1613	0	537	false	645	None
LINESTRING (3124972.055 224806.699, 3124968.39 224816.946)	50	1613	0	538	false	645	None
LINESTRING (3124968.39 224816.946, 3124955.739 224851.212)	50	1613	0	539	false	645	None
LINESTRING (3124955.739 224851.212, 3124946.659 224890.19)	50	1613	0	540	false	645	None
LINESTRING (3124946.659 224890.19, 3124943.312 224924.48)	50	1613	0	541	false	645	None
LINESTRING (3124943.312 224924.48, 3124943.004 224948.877)	50	1613	0	542	false	645	None
LINESTRING (3124943.004 224948.877, 3124943.85 225000.735)	50	1613	0	543	false	645	None
LINESTRING (3124943.85 225000.735, 3124943.935 225000.768)	50	1613	0	544	false	645	None
LINESTRING (3124943.935 225000.768, 3124956.316 225056.012)	50	1613	0	545	false	645	N:3124954.205734704 225046.596
LINESTRING (3124956.316 225056.012, 3124943.935 225000.768)	50	1618	0	77	false	884	N:3124954.205734704 225046.596
LINESTRING (3124943.935 225000.768, 3124943.85 225000.735)	50	1618	0	78	false	884	None
LINESTRING (3124943.85 225000.735, 3124943.004 224948.877)	50	1618	0	79	false	884	None
LINESTRING (3124943.004 224948.877, 3124943.312 224924.48)	50	1618	0	80	false	884	None
LINESTRING (3124943.312 224924.48, 3124946.659 224890.19)	50	1618	0	81	false	884	None
LINESTRING (3124946.659 224890.19, 3124955.739 224851.212)	50	1618	0	82	false	884	None
LINESTRING (3124955.739 224851.212, 3124968.39 224816.946)	50	1618	0	83	false	884	None
LINESTRING (3124968.39 224816.946, 3124972.055 224806.699)	50	1618	0	84	false	884	None
LINESTRING (3124972.055 224806.699, 3124985.741 224773.309)	50	1618	0	85	false	884	None
LINESTRING (3124985.741 224773.309, 3125002.967 224739.383)	50	1618	0	86	false	884	None
LINESTRING (3125002.967 224739.383, 3125051.293 224640.951)	50	1618	0	87	false	884	None
LINESTRING (3125051.293 224640.951, 3125072.005 224602.064)	50	1618	0	88	false	884	None
LINESTRING (3125072.005 224602.064, 3125105.672 224531.171)	50	1618	0	89	false	884	None
LINESTRING (3125105.672 224531.171, 3125120.812 224488.941)	50	1618	0	90	false	884	None
LINESTRING (3125120.812 224488.941, 3125125.209 224469.694)	50	1618	0	91	false	884	None
LINESTRING (3125125.209 224469.694, 3125126.379 224457.531)	50	1618	0	92	false	884	None
LINESTRING (3125126.379 224457.531, 3125126.988 224450.626)	50	1618	0	93	false	884	None
LINESTRING (3125126.988 224450.626, 3125129.743 224429.793)	50	1618	0	94	false	884	None
LINESTRING (3125129.743 224429.793, 3125129.413 224405.269)	50	1618	0	95	false	884	None
LINESTRING (3125129.413 224405.269, 3125126.221 224364.049)	50	1618	0	96	false	884	None
LINESTRING (3125126.221 224364.049, 3125115.41 224324.526)	50	1618	0	97	false	884	None
LINESTRING (3125115.41 224324.526, 3125093.893 224261.707)	50	1618	0	98	false	884	None
LINESTRING (3125093.893 224261.707, 3125095.394 224241.58)	50	1618	0	99	false	884	None
LINESTRING (3125095.394 224241.58, 3125096.256 224240.365)	50	1618	0	100	false	884	None
LINESTRING (3125096.256 224240.365, 3125095.843 224238.897)	50	1618	0	101	false	884	None
LINESTRING (3125095.843 224238.897, 3125061.62 224159.982)	50	1618	0	102	false	884	None
LINESTRING (3125061.62 224159.982, 3125037.033 224090.384)	50	1618	0	103	false	884	None
LINESTRING (3125037.033 224090.384, 3125028.896 224068.556)	50	1618	0	104	false	884	None
LINESTRING (3125028.896 224068.556, 3125004.323 224003.486)	50	1618	0	105	false	884	None
LINESTRING (3125004.323 224003.486, 3124996.021 223981.833)	50	1618	0	106	false	884	None
LINESTRING (3124996.021 223981.833, 3124965.035 223898.339)	50	1618	0	107	false	884	None
LINESTRING (3124965.035 223898.339, 3124951.614 223863.283)	50	1618	0	108	false	884	None
LINESTRING (3124951.614 223863.283, 3124887.344 223707.31)	50	1618	0	109	false	884	None
LINESTRING (3124887.344 223707.31, 3124862.458 223647.357)	50	1618	0	110	false	884	None
LINESTRING (3124862.458 223647.357, 3124840.291 223603.211)	50	1618	0	111	false	884	None
LINESTRING (3124840.291 223603.211, 3124801.281 223541.492)	50	1618	0	112	false	884	None
LINESTRING (3124801.281 223541.492, 3124772.215 223500.989)	50	1618	0	113	false	884	None
LINESTRING (3124772.215 223500.989, 3124696.434 223415.665)	50	1618	0	114	false	884	None
LINESTRING (3124696.434 223415.665, 3124695.486 223384.358)	50	1618	0	115	false	884	None
LINESTRING (3124695.486 223384.358, 3124714.85 223364.943)	50	1618	0	116	false	884	None
LINESTRING (3124714.85 223364.943, 3124772.606 223306.806)	50	1618	0	117	false	884	None
LINESTRING (3124772.606 223306.806, 3124791.845 223287.462)	50	1618	0	118	false	884	None
LINESTRING (3124791.845 223287.462, 3124817.332 223261.844)	50	1618	0	119	false	884	None
LINESTRING (3124817.332 223261.844, 3124853.741 223225.213)	50	1618	0	120	false	884	None
LINESTRING (3124853.741 223225.213, 3124875.839 223193.644)	50	1618	0	121	false	884	None
LINESTRING (3124875.839 223193.644, 3124883.857 223175.678)	50	1618	0	122	false	884	None
LINESTRING (3124883.857 223175.678, 3124898.919 223141.511)	50	1618	0	123	false	884	None
LINESTRING (3124898.919 223141.511, 3124928.149 223061.526)	50	1618	0	124	false	884	None
LINESTRING (3124928.149 223061.526, 3124995.412 222876.992)	50	1618	0	125	false	884	None
LINESTRING (3124995.412 222876.992, 3125009.073 222850.257)	50	1618	0	126	false	884	None
LINESTRING (3125009.073 222850.257, 3125029.7 222832.401)	50	1618	0	127	false	884	None
LINESTRING (3125029.7 222832.401, 3125030.156 222831.982)	50	1618	0	128	false	884	None
LINESTRING (3125030.156 222831.982, 3125095.565 222788.822)	50	1618	0	129	false	884	None
LINESTRING (3125095.565 222788.822, 3125124.497 222769.771)	50	1618	0	130	false	884	None
LINESTRING (3125124.497 222769.771, 3125148.639 222742.563)	50	1618	0	131	false	884	None
LINESTRING (3125148.639 222742.563, 3125166.903 222709.752)	50	1618	0	132	false	884	None
LINESTRING (3125166.903 222709.752, 3125167.959 222707.78)	50	1618	0	133	false	884	None
LINESTRING (3125167.959 222707.78, 3125204.934 222610.795)	50	1618	0	134	false	884	None
LINESTRING (3125204.934 222610.795, 3125221.731 222502.326)	50	1618	0	135	false	884	None
LINESTRING (3125221.731 222502.326, 3125234.041 222462.336)	50	1618	0	136	false	884	None
LINESTRING (3125234.041 222462.336, 3125265.445 222390.688)	50	1618	0	137	false	884	None
LINESTRING (3125265.445 222390.688, 3125266.37 222388.547)	50	1618	0	138	false	884	None
LINESTRING (3125266.37 222388.547, 3125301.422 222328.781)	50	1618	0	139	false	884	None
LINESTRING (3125301.422 222328.781, 3125319.105 222292.652)	50	1618	0	140	false	884	None
LINESTRING (3125319.105 222292.652, 3125320.5 222277.363)	50	1618	0	141	false	884	None
LINESTRING (3125320.5 222277.363, 3125320.686 222274.341)	50	1618	0	142	false	884	None
LINESTRING (3125320.686 222274.341, 3125318.601 222256.637)	50	1618	0	143	false	884	None
LINESTRING (3125318.601 222256.637, 3125313.364 222234.146)	50	1618	0	144	false	884	None
LINESTRING (3125313.364 222234.146, 3125313.001 222233.053)	50	1618	0	145	false	884	None
LINESTRING (3125313.001 222233.053, 3125309.713 222220.24)	50	1618	0	146	false	884	None
LINESTRING (3125309.713 222220.24, 3125293.414 222156.822)	50	1618	0	147	false	884	None
LINESTRING (3125293.414 222156.822, 3125290.265 222138.826)	50	1618	0	148	false	884	None
LINESTRING (3125290.265 222138.826, 3125289.793 222127.101)	50	1618	0	149	false	884	None
LINESTRING (3125289.793 222127.101, 3125291.707 222118.082)	50	1618	0	150	false	884	None
LINESTRING (3125291.707 222118.082, 3125294.225 222105.726)	50	1618	0	151	false	884	None
LINESTRING (3125294.225 222105.726, 3125308.841 222064.842)	50	1618	0	152	false	884	None
LINESTRING (3125308.841 222064.842, 3125341.14 221980.213)	50	1618	0	153	false	884	None
LINESTRING (3125341.14 221980.213, 3125361.991 221911.51)	50	1618	0	154	false	884	None
LINESTRING (3125361.991 221911.51, 3125369.404 221879.625)	50	1618	0	155	false	884	None
LINESTRING (3125369.404 221879.625, 3125376.534 221831.208)	50	1618	0	156	false	884	None
LINESTRING (3125376.534 221831.208, 3125373.973 221799.754)	50	1618	0	157	false	884	None
LINESTRING (3125373.973 221799.754, 3125373.765 221798.008)	50	1618	0	158	false	884	None
LINESTRING (3125373.765 221798.008, 3125366.735 221774.824)	50	1618	0	159	false	884	None
LINESTRING (3125366.735 221774.824, 3125358.888 221756.799)	50	1618	0	160	false	884	None
LINESTRING (3125358.888 221756.799, 3125334.698 221707.708)	50	1618	0	161	false	884	None
LINESTRING (3125334.698 221707.708, 3125323.619 221685.102)	50	1618	0	162	false	884	None
LINESTRING (3125323.619 221685.102, 3125305.814 221649.188)	50	1618	0	163	false	884	None
LINESTRING (3125305.814 221649.188, 3125302.866 221632.699)	50	1618	0	164	false	884	None
LINESTRING (3125302.866 221632.699, 3125303.194 221611.286)	50	1618	0	165	false	884	None
LINESTRING (3125303.194 221611.286, 3125303.598 221583.833)	50	1618	0	166	false	884	None
LINESTRING (3125303.598 221583.833, 3125312.168 221562.153)	50	1618	0	167	false	884	None
LINESTRING (3125312.168 221562.153, 3125336.543 221499.811)	50	1618	0	168	false	884	None
LINESTRING (3125336.543 221499.811, 3125337.497 221497.085)	50	1618	0	169	false	884	None
LINESTRING (3125337.497 221497.085, 3125344.748 221475.015)	50	1618	0	170	false	884	None
LINESTRING (3125344.748 221475.015, 3125375.203 221412.165)	50	1618	0	171	false	884	None
LINESTRING (3125375.203 221412.165, 3125385.432 221388.984)	50	1618	0	172	false	884	None
LINESTRING (3125385.432 221388.984, 3125416.554 221318.061)	50	1618	0	173	false	884	None
LINESTRING (3125416.554 221318.061, 3125439.489 221259.446)	50	1618	0	174	false	884	None
LINESTRING (3125439.489 221259.446, 3125449.942 221231.116)	50	1618	0	175	false	884	None
LINESTRING (3125449.942 221231.116, 3125448.759 221210.31)	50	1618	0	176	false	884	None
LINESTRING (3125448.759 221210.31, 3125441.624 221195.772)	50	1618	0	177	false	884	None
LINESTRING (3125441.624 221195.772, 3125389.655 221162.728)	50	1618	0	178	false	884	None
LINESTRING (3125389.655 221162.728, 3125389.093 221162.154)	50	1618	0	179	false	884	None
LINESTRING (3125389.093 221162.154, 3125363.971 221141.621)	50	1618	0	180	false	884	None
LINESTRING (3125363.971 221141.621, 3125339.219 221116.829)	50	1618	0	181	false	884	None
LINESTRING (3125339.219 221116.829, 3125329.969 221108.02)	50	1618	0	182	false	884	None
LINESTRING (3125329.969 221108.02, 3125320.548 221099.145)	50	1618	0	183	false	884	None
LINESTRING (3125320.548 221099.145, 3125278.316 221060.7)	50	1618	0	184	false	884	None
LINESTRING (3125278.316 221060.7, 3125267.131 221042.933)	50	1618	0	185	false	884	None
LINESTRING (3125267.131 221042.933, 3125257.378 221019.174)	50	1618	0	186	false	884	None
LINESTRING (3125257.378 221019.174, 3125253.719 220989.796)	50	1618	0	187	false	884	None
LINESTRING (3125253.719 220989.796, 3125254.02 220961.59)	50	1618	0	188	false	884	None
LINESTRING (3125254.02 220961.59, 3125253.969 220953.597)	50	1618	0	189	false	884	None
LINESTRING (3125253.969 220953.597, 3125259.88 220886.742)	50	1618	0	190	false	884	None
LINESTRING (3125259.88 220886.742, 3125264.164 220822.828)	50	1618	0	191	false	884	None
LINESTRING (3125264.164 220822.828, 3125274.27 220780.916)	50	1618	0	192	false	884	None
LINESTRING (3125274.27 220780.916, 3125303.604 220703.949)	50	1618	0	193	false	884	None
LINESTRING (3125303.604 220703.949, 3125343.899 220610.032)	50	1618	0	194	false	884	None
LINESTRING (3125343.899 220610.032, 3125362.809 220570.212)	50	1618	0	195	false	884	None
LINESTRING (3125362.809 220570.212, 3125404.612 220488.897)	50	1618	0	196	false	884	None
LINESTRING (3125404.612 220488.897, 3125415.49 220460.731)	50	1618	0	197	false	884	None
LINESTRING (3125415.49 220460.731, 3125416.232 220442.811)	50	1618	0	198	false	884	None
LINESTRING (3125416.232 220442.811, 3125408.658 220427.629)	50	1618	0	199	false	884	None
LINESTRING (3125408.658 220427.629, 3125398.93 220422.087)	50	1618	0	200	false	884	None
LINESTRING (3125398.93 220422.087, 3125390.834 220417.651)	50	1618	0	201	false	884	None
LINESTRING (3125390.834 220417.651, 3125249.736 220360.897)	50	1618	0	202	false	884	None
LINESTRING (3125249.736 220360.897, 3125303.553 220247.451)	50	1618	0	203	false	884	None
LINESTRING (3125303.553 220247.451, 3125324.624 220217.272)	50	1618	0	204	false	884	None
LINESTRING (3125324.624 220217.272, 3125351.156 220187.178)	50	1618	0	205	false	884	None
LINESTRING (3125351.156 220187.178, 3125363.113 220169.425)	50	1618	0	206	false	884	None
LINESTRING (3125363.113 220169.425, 3125378.632 220140.671)	50	1618	0	207	false	884	None
LINESTRING (3125378.632 220140.671, 3125379.037 220139.875)	50	1618	0	208	false	884	None
LINESTRING (3125379.037 220139.875, 3125405.38 220080.554)	50	1618	0	209	false	884	None
LINESTRING (3125405.38 220080.554, 3125431.159 220030.06)	50	1618	0	210	false	884	None
LINESTRING (3125431.159 220030.06, 3125440.196 220016.057)	50	1618	0	211	false	884	None
LINESTRING (3125440.196 220016.057, 3125467.344 219981.323)	50	1618	0	212	false	884	None
LINESTRING (3125467.344 219981.323, 3125481.216 219962.167)	50	1618	0	213	false	884	None
LINESTRING (3125481.216 219962.167, 3125499.583 219932.133)	50	1618	0	214	false	884	None
LINESTRING (3125499.583 219932.133, 3125505.047 219921.034)	50	1618	0	215	false	884	None
LINESTRING (3125505.047 219921.034, 3125549.613 219829.006)	50	1618	0	216	false	884	None
LINESTRING (3125549.613 219829.006, 3125570.187 219770.909)	50	1618	0	217	false	884	None
LINESTRING (3125570.187 219770.909, 3125574.65 219724.557)	50	1618	0	218	false	884	None
LINESTRING (3125574.65 219724.557, 3125575.172 219721.427)	50	1618	0	219	false	884	None
LINESTRING (3125575.172 219721.427, 3125579.44 219692.85)	50	1618	0	220	false	884	None
LINESTRING (3125579.44 219692.85, 3125597.043 219617.302)	50	1618	0	221	false	884	None
LINESTRING (3125597.043 219617.302, 3125613.025 219569.569)	50	1618	0	222	false	884	None
LINESTRING (3125613.025 219569.569, 3125620.238 219557.242)	50	1618	0	223	false	884	None
LINESTRING (3125620.238 219557.242, 3125628.727 219548.978)	50	1618	0	224	false	884	None
LINESTRING (3125628.727 219548.978, 3125640.024 219539.537)	50	1618	0	225	false	884	None
LINESTRING (3125640.024 219539.537, 3125660.829 219531.388)	50	1618	0	226	false	884	None
LINESTRING (3125660.829 219531.388, 3125684.41 219524.431)	50	1618	0	227	false	884	None
LINESTRING (3125684.41 219524.431, 3125698.096 219517.698)	50	1618	0	228	false	884	None
LINESTRING (3125698.096 219517.698, 3125707.809 219509.312)	50	1618	0	229	false	884	None
LINESTRING (3125707.809 219509.312, 3125718.743 219494.971)	50	1618	0	230	false	884	None
LINESTRING (3125718.743 219494.971, 3125720.188 219491.483)	50	1618	0	231	false	884	None
LINESTRING (3125720.188 219491.483, 3125729.872 219466.664)	50	1618	0	232	false	884	None
LINESTRING (3125729.872 219466.664, 3125761.653 219398.853)	50	1618	0	233	false	884	None
LINESTRING (3125761.653 219398.853, 3125803.97 219312.145)	50	1618	0	234	false	884	None
LINESTRING (3125803.97 219312.145, 3125817.151 219290.461)	50	1618	0	235	false	884	None
LINESTRING (3125817.151 219290.461, 3125839.124 219264.557)	50	1618	0	236	false	884	None
LINESTRING (3125839.124 219264.557, 3125875.333 219220.59)	50	1618	0	237	false	884	None
LINESTRING (3125875.333 219220.59, 3125898.761 219187.87)	50	1618	0	238	false	884	None
LINESTRING (3125898.761 219187.87, 3125912.39 219163.504)	50	1618	0	239	false	884	None
LINESTRING (3125912.39 219163.504, 3125922.632 219142.827)	50	1618	0	240	false	884	None
LINESTRING (3125922.632 219142.827, 3125968.379 219050.542)	50	1618	0	241	false	884	None
LINESTRING (3125968.379 219050.542, 3125983.484 219029.721)	50	1618	0	242	false	884	None
LINESTRING (3125983.484 219029.721, 3126015.275 218994.4)	50	1618	0	243	false	884	None
LINESTRING (3126015.275 218994.4, 3126029.575 218975.41)	50	1618	0	244	false	884	None
LINESTRING (3126029.575 218975.41, 3126035.755 218956.615)	50	1618	0	245	false	884	None
LINESTRING (3126035.755 218956.615, 3126041.101 218930.835)	50	1618	0	246	false	884	None
LINESTRING (3126041.101 218930.835, 3126042.95 218888.71)	50	1618	0	247	false	884	None
LINESTRING (3126042.95 218888.71, 3126047.381 218848.534)	50	1618	0	248	false	884	None
LINESTRING (3126047.381 218848.534, 3126059.82 218806.929)	50	1618	0	249	false	884	None
LINESTRING (3126059.82 218806.929, 3126082.343 218743.278)	50	1618	0	250	false	884	None
LINESTRING (3126082.343 218743.278, 3126084.999 218737.164)	50	1618	0	251	false	884	None
LINESTRING (3126084.999 218737.164, 3126112.036 218674.781)	50	1618	0	252	false	884	None
LINESTRING (3126112.036 218674.781, 3126149.889 218602.176)	50	1618	0	253	false	884	None
LINESTRING (3126149.889 218602.176, 3126198.782 218508.607)	50	1618	0	254	false	884	None
LINESTRING (3126198.782 218508.607, 3126208.022 218492.304)	50	1618	0	255	false	884	None
LINESTRING (3126208.022 218492.304, 3126217.895 218479.695)	50	1618	0	256	false	884	None
LINESTRING (3126217.895 218479.695, 3126227.358 218467.642)	50	1618	0	257	false	884	None
LINESTRING (3126227.358 218467.642, 3126259.17 218438.875)	50	1618	0	258	false	884	None
LINESTRING (3126259.17 218438.875, 3126291.309 218407.736)	50	1618	0	259	false	884	None
LINESTRING (3126291.309 218407.736, 3126316.8 218370.696)	50	1618	0	260	false	884	None
LINESTRING (3126316.8 218370.696, 3126361.43 218298.329)	50	1618	0	261	false	884	None
LINESTRING (3126361.43 218298.329, 3126379.281 218264.051)	50	1618	0	262	false	884	None
LINESTRING (3126379.281 218264.051, 3126392.749 218232.483)	50	1618	0	263	false	884	None
LINESTRING (3126392.749 218232.483, 3126396.417 218218.668)	50	1618	0	264	false	884	None
LINESTRING (3126396.417 218218.668, 3126398.223 218195.447)	50	1618	0	265	false	884	None
LINESTRING (3126398.223 218195.447, 3126389.262 218171.4)	50	1618	0	266	false	884	None
LINESTRING (3126389.262 218171.4, 3126375.345 218149.008)	50	1618	0	267	false	884	None
LINESTRING (3126375.345 218149.008, 3126371.701 218139.39)	50	1618	0	268	false	884	None
LINESTRING (3126371.701 218139.39, 3126371.66 218135.685)	50	1618	0	269	false	884	None
LINESTRING (3126371.66 218135.685, 3126371.158 218122.758)	50	1618	0	270	false	884	None
LINESTRING (3126371.158 218122.758, 3126379.137 218095.496)	50	1618	0	271	false	884	None
LINESTRING (3126379.137 218095.496, 3126400.359 218047.407)	50	1618	0	272	false	884	None
LINESTRING (3126400.359 218047.407, 3126421.909 218006.347)	50	1618	0	273	false	884	None
LINESTRING (3126421.909 218006.347, 3126442.773 217966.807)	50	1618	0	274	false	884	None
LINESTRING (3126442.773 217966.807, 3126445.41 217961.757)	50	1618	0	275	false	884	None
LINESTRING (3126445.41 217961.757, 3126459.202 217931.384)	50	1618	0	276	false	884	None
LINESTRING (3126459.202 217931.384, 3126475.045 217890.619)	50	1618	0	277	false	884	None
LINESTRING (3126475.045 217890.619, 3126483.711 217873.261)	50	1618	0	278	false	884	None
LINESTRING (3126483.711 217873.261, 3126502.832 217848.398)	50	1618	0	279	false	884	None
LINESTRING (3126502.832 217848.398, 3126529.43 217813.571)	50	1618	0	280	false	884	None
LINESTRING (3126529.43 217813.571, 3126557.182 217777.286)	50	1618	0	281	false	884	None
LINESTRING (3126557.182 217777.286, 3126560.161 217772.368)	50	1618	0	282	false	884	None
LINESTRING (3126560.161 217772.368, 3126580.888 217738.011)	50	1618	0	283	false	884	None
LINESTRING (3126580.888 217738.011, 3126594.938 217709.762)	50	1618	0	284	false	884	None
LINESTRING (3126594.938 217709.762, 3126607.34 217679.686)	50	1618	0	285	false	884	None
LINESTRING (3126607.34 217679.686, 3126620.476 217640.85)	50	1618	0	286	false	884	None
LINESTRING (3126620.476 217640.85, 3126624.339 217630.085)	50	1618	0	287	false	884	None
LINESTRING (3126624.339 217630.085, 3126641.941 217580.955)	50	1618	0	288	false	884	None
LINESTRING (3126641.941 217580.955, 3126588.557 217548.199)	50	1618	0	289	false	884	None
LINESTRING (3126588.557 217548.199, 3126555.856 217520.576)	50	1618	0	290	false	884	None
LINESTRING (3126555.856 217520.576, 3126535.413 217496.021)	50	1618	0	291	false	884	None
LINESTRING (3126535.413 217496.021, 3126514.391 217464.579)	50	1618	0	292	false	884	None
LINESTRING (3126514.391 217464.579, 3126496.145 217426.712)	50	1618	0	293	false	884	None
LINESTRING (3126496.145 217426.712, 3126492.809 217411.977)	50	1618	0	294	false	884	None
LINESTRING (3126492.809 217411.977, 3126486.73 217386.306)	50	1618	0	295	false	884	None
LINESTRING (3126486.73 217386.306, 3126483.217 217361.864)	50	1618	0	296	false	884	None
LINESTRING (3126483.217 217361.864, 3126480.377 217299.604)	50	1618	0	297	false	884	None
LINESTRING (3126480.377 217299.604, 3126482.265 217259.399)	50	1618	0	298	false	884	None
LINESTRING (3126482.265 217259.399, 3126484.542 217208.278)	50	1618	0	299	false	884	None
LINESTRING (3126484.542 217208.278, 3126485.949 217047.108)	50	1618	0	300	false	884	S:3126484.60685452 217200.849
LINESTRING (3129457.062 223874.862, 3129317.602 224311.893)	50	1618	0	640	false	884	E:3129426.05 223972.04546029004
LINESTRING (3129317.602 224311.893, 3129290.56 224375.704)	50	1618	0	641	false	884	None
LINESTRING (3129290.56 224375.704, 3129271.747 224428.892)	50	1618	0	642	false	884	None
LINESTRING (3129271.747 224428.892, 3129260.639 224466.73)	50	1618	0	643	false	884	None
LINESTRING (3129260.639 224466.73, 3129249.456 224505.016)	50	1618	0	644	false	884	None
LINESTRING (3129249.456 224505.016, 3129228.334 224582.425)	50	1618	0	645	false	884	None
LINESTRING (3129228.334 224582.425, 3129226.763 224588.006)	50	1618	0	646	false	884	None
LINESTRING (3129226.763 224588.006, 3129201.839 224665.611)	50	1618	0	647	false	884	None
LINESTRING (3129201.839 224665.611, 3129181.292 224740.267)	50	1618	0	648	false	884	None
LINESTRING (3129181.292 224740.267, 3129171.067 224779.875)	50	1618	0	649	false	884	None
LINESTRING (3129171.067 224779.875, 3129150.763 224844.27)	50	1618	0	650	false	884	None
LINESTRING (3129150.763 224844.27, 3129137.887 224880.591)	50	1618	0	651	false	884	None
LINESTRING (3129137.887 224880.591, 3129118.44 224937.7)	50	1618	0	652	false	884	None
LINESTRING (3129118.44 224937.7, 3129103.283 224981.946)	50	1618	0	653	false	884	None
LINESTRING (3129103.283 224981.946, 3129053.837 225106.959)	50	1618	0	654	false	884	N:3129077.7121881642 225046.596
LINESTRING (3129207.928 224845.319, 3129214.492 224841.788)	50	1623	0	0	false	457	None
LINESTRING (3129214.492 224841.788, 3129223.398 224837.021)	50	1623	0	1	false	457	None
LINESTRING (3129223.398 224837.021, 3129227.957 224834.619)	50	1623	0	2	false	457	None
LINESTRING (3129227.957 224834.619, 3129241.546 224827.378)	50	1623	0	3	false	457	None
LINESTRING (3129241.546 224827.378, 3129246.02 224824.943)	50	1623	0	4	false	457	None
LINESTRING (3129246.02 224824.943, 3129291.137 224800.858)	50	1623	0	5	false	457	None
LINESTRING (3129291.137 224800.858, 3129330.858 224779.566)	50	1623	0	6	false	457	None
LINESTRING (3129330.858 224779.566, 3129425.017 224725.06)	50	1623	0	7	false	457	None
LINESTRING (3129425.017 224725.06, 3129469.506 224699.304)	50	1623	0	8	false	457	E:3129426.05 224724.46196569948
LINESTRING (3129053.837 225106.959, 3129103.283 224981.946)	50	1623	0	448	false	457	N:3129077.7121881642 225046.596
LINESTRING (3129103.283 224981.946, 3129118.44 224937.7)	50	1623	0	449	false	457	None
LINESTRING (3129118.44 224937.7, 3129137.887 224880.591)	50	1623	0	450	false	457	None
LINESTRING (3129137.887 224880.591, 3129146.097 224876.864)	50	1623	0	451	false	457	None
LINESTRING (3129146.097 224876.864, 3129164.863 224868.412)	50	1623	0	452	false	457	None
LINESTRING (3129164.863 224868.412, 3129170.424 224865.446)	50	1623	0	453	false	457	None
LINESTRING (3129170.424 224865.446, 3129178.367 224861.139)	50	1623	0	454	false	457	None
LINESTRING (3129178.367 224861.139, 3129187.484 224856.334)	50	1623	0	455	false	457	None
LINESTRING (3129187.484 224856.334, 3129189.199 224855.451)	50	1623	0	456	false	457	None
LINESTRING (3129189.199 224855.451, 3129207.928 224845.319)	50	1623	0	457	false	457	None
LINESTRING (3129207.928 224845.319, 3129189.199 224855.451)	50	1611	0	0	false	287	None
LINESTRING (3129189.199 224855.451, 3129187.484 224856.334)	50	1611	0	1	false	287	None
LINESTRING (3129187.484 224856.334, 3129178.367 224861.139)	50	1611	0	2	false	287	None
LINESTRING (3129178.367 224861.139, 3129170.424 224865.446)	50	1611	0	3	false	287	None
LINESTRING (3129170.424 224865.446, 3129164.863 224868.412)	50	1611	0	4	false	287	None
LINESTRING (3129164.863 224868.412, 3129146.097 224876.864)	50	1611	0	5	false	287	None
LINESTRING (3129146.097 224876.864, 3129137.887 224880.591)	50	1611	0	6	false	287	None
LINESTRING (3129137.887 224880.591, 3129150.763 224844.27)	50	1611	0	7	false	287	None
LINESTRING (3129150.763 224844.27, 3129171.067 224779.875)	50	1611	0	8	false	287	None
LINESTRING (3129171.067 224779.875, 3129181.292 224740.267)	50	1611	0	9	false	287	None
LINESTRING (3129181.292 224740.267, 3129201.839 224665.611)	50	1611	0	10	false	287	None
LINESTRING (3129201.839 224665.611, 3129226.763 224588.006)	50	1611	0	11	false	287	None
LINESTRING (3129226.763 224588.006, 3129228.334 224582.425)	50	1611	0	12	false	287	None
LINESTRING (3129228.334 224582.425, 3129249.456 224505.016)	50	1611	0	13	false	287	None
LINESTRING (3129249.456 224505.016, 3129260.639 224466.73)	50	1611	0	14	false	287	None
LINESTRING (3129260.639 224466.73, 3129271.747 224428.892)	50	1611	0	15	false	287	None
LINESTRING (3129271.747 224428.892, 3129290.56 224375.704)	50	1611	0	16	false	287	None
LINESTRING (3129290.56 224375.704, 3129317.602 224311.893)	50	1611	0	17	false	287	None
LINESTRING (3129317.602 224311.893, 3129457.062 223874.862)	50	1611	0	18	false	287	E:3129426.05 223972.04546029004
LINESTRING (3129469.506 224699.304, 3129425.017 224725.06)	50	1611	0	279	false	287	E:3129426.05 224724.46196569948
LINESTRING (3129425.017 224725.06, 3129330.858 224779.566)	50	1611	0	280	false	287	None
LINESTRING (3129330.858 224779.566, 3129291.137 224800.858)	50	1611	0	281	false	287	None
LINESTRING (3129291.137 224800.858, 3129246.02 224824.943)	50	1611	0	282	false	287	None
LINESTRING (3129246.02 224824.943, 3129241.546 224827.378)	50	1611	0	283	false	287	None
LINESTRING (3129241.546 224827.378, 3129227.957 224834.619)	50	1611	0	284	false	287	None
LINESTRING (3129227.957 224834.619, 3129223.398 224837.021)	50	1611	0	285	false	287	None
LINESTRING (3129223.398 224837.021, 3129214.492 224841.788)	50	1611	0	286	false	287	None
LINESTRING (3129214.492 224841.788, 3129207.928 224845.319)	50	1611	0	287	false	287	None
