LINESTRING (3160578.887 232928.693, 3160583.307 232880.717)	90	335	0	1953	false	2348	N:3160582.2359036184 232892.343
LINESTRING (3160583.307 232880.717, 3160585.705 232830.878)	90	335	0	1954	false	2348	None
LINESTRING (3160585.705 232830.878, 3160587.097 232797.928)	90	335	0	1955	false	2348	None
LINESTRING (3160587.097 232797.928, 3160616.074 232746.208)	90	335	0	1956	false	2348	None
LINESTRING (3160616.074 232746.208, 3160646.04 232714.065)	90	335	0	1957	false	2348	None
LINESTRING (3160646.04 232714.065, 3160658.527 232665.312)	90	335	0	1958	false	2348	None
LINESTRING (3160658.527 232665.312, 3160650.868 232452.769)	90	335	0	1959	false	2348	None
LINESTRING (3160650.868 232452.769, 3160634.758 232425.37)	90	335	0	1960	false	2348	None
LINESTRING (3160634.758 232425.37, 3160644.204 232374.593)	90	335	0	1961	false	2348	None
LINESTRING (3160644.204 232374.593, 3160662.954 232307.311)	90	335	0	1962	false	2348	None
LINESTRING (3160662.954 232307.311, 3160659.218 232189.992)	90	335	0	1963	false	2348	None
LINESTRING (3160659.218 232189.992, 3160667.992 232109.272)	90	335	0	1964	false	2348	None
LINESTRING (3160667.992 232109.272, 3160610.773 232066.628)	90	335	0	1965	false	2348	None
LINESTRING (3160610.773 232066.628, 3160631.012 232032.469)	90	335	0	1966	false	2348	None
LINESTRING (3160631.012 232032.469, 3160663.454 232010.83)	90	335	0	1967	false	2348	None
LINESTRING (3160663.454 232010.83, 3160694.482 231990.546)	90	335	0	1968	false	2348	None
LINESTRING (3160694.482 231990.546, 3160720.704 231938.582)	90	335	0	1969	false	2348	None
LINESTRING (3160720.704 231938.582, 3160728.354 231877.567)	90	335	0	1970	false	2348	None
LINESTRING (3160728.354 231877.567, 3160710.811 231780.714)	90	335	0	1971	false	2348	None
LINESTRING (3160710.811 231780.714, 3160659.282 231657.934)	90	335	0	1972	false	2348	None
LINESTRING (3160659.282 231657.934, 3160672.953 231623.232)	90	335	0	1973	false	2348	None
LINESTRING (3160672.953 231623.232, 3160687.266 231586.636)	90	335	0	1974	false	2348	None
LINESTRING (3160687.266 231586.636, 3160654.623 231513.557)	90	335	0	1975	false	2348	None
LINESTRING (3160654.623 231513.557, 3160642.733 231399.726)	90	335	0	1976	false	2348	None
LINESTRING (3160642.733 231399.726, 3160688.561 231290.59)	90	335	0	1977	false	2348	None
LINESTRING (3160688.561 231290.59, 3160723.461 231197.086)	90	335	0	1978	false	2348	None
LINESTRING (3160723.461 231197.086, 3160746.049 231119.982)	90	335	0	1979	false	2348	None
LINESTRING (3160746.049 231119.982, 3160726.518 231076.944)	90	335	0	1980	false	2348	None
LINESTRING (3160726.518 231076.944, 3160687.792 231051.071)	90	335	0	1981	false	2348	None
LINESTRING (3160687.792 231051.071, 3160578.217 230982.949)	90	335	0	1982	false	2348	None
LINESTRING (3160578.217 230982.949, 3160592.546 230822.162)	90	335	0	1983	false	2348	None
LINESTRING (3160592.546 230822.162, 3160587.852 230738.919)	90	335	0	1984	false	2348	None
LINESTRING (3160587.852 230738.919, 3160666.361 230556.509)	90	335	0	1985	false	2348	None
LINESTRING (3160666.361 230556.509, 3160703.224 230471.044)	90	335	0	1986	false	2348	None
LINESTRING (3160703.224 230471.044, 3160813.727 230214.614)	90	335	0	1987	false	2348	None
LINESTRING (3160813.727 230214.614, 3160850.464 230129.219)	90	335	0	1988	false	2348	None
LINESTRING (3160850.464 230129.219, 3160851.439 230126.978)	90	335	0	1989	false	2348	None
LINESTRING (3160851.439 230126.978, 3160854.323 230120.359)	90	335	0	1990	false	2348	None
LINESTRING (3160854.323 230120.359, 3160855.172 230118.188)	90	335	0	1991	false	2348	None
LINESTRING (3160855.172 230118.188, 3160935.837 229931.02)	90	335	0	1992	false	2348	None
LINESTRING (3160935.837 229931.02, 3161177.584 229369.661)	90	335	0	1993	false	2348	None
LINESTRING (3161177.584 229369.661, 3161258.125 229182.566)	90	335	0	1994	false	2348	None
LINESTRING (3161258.125 229182.566, 3161268.353 229158.675)	90	335	0	1995	false	2348	None
LINESTRING (3161268.353 229158.675, 3161281.751 229127.682)	90	335	0	1996	false	2348	None
LINESTRING (3161281.751 229127.682, 3161352.716 228963.063)	90	335	0	1997	false	2348	None
LINESTRING (3161352.716 228963.063, 3161376.302 228908.283)	90	335	0	1998	false	2348	None
LINESTRING (3161376.302 228908.283, 3161510.887 228596.318)	90	335	0	1999	false	2348	None
LINESTRING (3161510.887 228596.318, 3161649.817 228274.253)	90	335	0	2000	false	2348	None
LINESTRING (3161649.817 228274.253, 3161914.476 227660.363)	90	335	0	2001	false	2348	None
LINESTRING (3161914.476 227660.363, 3162048.978 227348.37)	90	335	0	2002	false	2348	None
LINESTRING (3162048.978 227348.37, 3162072.201 227294.521)	90	335	0	2003	false	2348	None
LINESTRING (3162072.201 227294.521, 3162152.263 227108.911)	90	335	0	2004	false	2348	None
LINESTRING (3162152.263 227108.911, 3162339.424 226674.847)	90	335	0	2005	false	2348	None
LINESTRING (3162339.424 226674.847, 3162433.775 226455.972)	90	335	0	2006	false	2348	None
LINESTRING (3162433.775 226455.972, 3162461.266 226390.205)	90	335	0	2007	false	2348	None
LINESTRING (3162461.266 226390.205, 3162561.481 226149.548)	90	335	0	2008	false	2348	None
LINESTRING (3162561.481 226149.548, 3162565.173 226140.861)	90	335	0	2009	false	2348	None
LINESTRING (3162565.173 226140.861, 3162718.303 225773.705)	90	335	0	2010	false	2348	None
LINESTRING (3162718.303 225773.705, 3163188.27 224646.465)	90	335	0	2011	false	2348	S:3163021.4480581977 225046.596
LINESTRING (3155569.194 225027.287, 3155548.002 225098.73)	90	183	0	7	false	1074	S:3155563.4664083817 225046.596
LINESTRING (3155548.002 225098.73, 3155503.994 225240.745)	90	183	0	8	false	1074	None
LINESTRING (3155503.994 225240.745, 3155447.325 225378.178)	90	183	0	9	false	1074	None
LINESTRING (3155447.325 225378.178, 3155437.735 225401.245)	90	183	0	10	false	1074	None
LINESTRING (3155437.735 225401.245, 3155369.133 225508.047)	90	183	0	11	false	1074	None
LINESTRING (3155369.133 225508.047, 3155142.167 225861.544)	90	183	0	12	false	1074	None
LINESTRING (3155142.167 225861.544, 3155140.727 225863.723)	90	183	0	13	false	1074	None
LINESTRING (3155140.727 225863.723, 3154989.946 226081.922)	90	183	0	14	false	1074	W:3155093.051 225932.71614584728
LINESTRING (3154989.946 226081.922, 3155140.727 225863.723)	90	184	0	148	false	1125	W:3155093.051 225932.71614584728
LINESTRING (3155140.727 225863.723, 3155142.167 225861.544)	90	184	0	149	false	1125	None
LINESTRING (3155142.167 225861.544, 3155369.133 225508.047)	90	184	0	150	false	1125	None
LINESTRING (3155369.133 225508.047, 3155437.735 225401.245)	90	184	0	151	false	1125	None
LINESTRING (3155437.735 225401.245, 3155447.325 225378.178)	90	184	0	152	false	1125	None
LINESTRING (3155447.325 225378.178, 3155503.994 225240.745)	90	184	0	153	false	1125	None
LINESTRING (3155503.994 225240.745, 3155548.002 225098.73)	90	184	0	154	false	1125	None
LINESTRING (3155548.002 225098.73, 3155569.194 225027.287)	90	184	0	155	false	1125	S:3155563.4664083817 225046.596
LINESTRING (3163188.27 224646.465, 3162718.303 225773.705)	90	184	0	429	false	1125	S:3163021.4480581977 225046.596
LINESTRING (3162718.303 225773.705, 3162565.173 226140.861)	90	184	0	430	false	1125	None
LINESTRING (3162565.173 226140.861, 3162561.481 226149.548)	90	184	0	431	false	1125	None
LINESTRING (3162561.481 226149.548, 3162461.266 226390.205)	90	184	0	432	false	1125	None
LINESTRING (3162461.266 226390.205, 3162433.775 226455.972)	90	184	0	433	false	1125	None
LINESTRING (3162433.775 226455.972, 3162339.424 226674.847)	90	184	0	434	false	1125	None
LINESTRING (3162339.424 226674.847, 3162152.263 227108.911)	90	184	0	435	false	1125	None
LINESTRING (3162152.263 227108.911, 3162072.201 227294.521)	90	184	0	436	false	1125	None
LINESTRING (3162072.201 227294.521, 3162048.978 227348.37)	90	184	0	437	false	1125	None
LINESTRING (3162048.978 227348.37, 3161914.476 227660.363)	90	184	0	438	false	1125	None
LINESTRING (3161914.476 227660.363, 3161649.817 228274.253)	90	184	0	439	false	1125	None
LINESTRING (3161649.817 228274.253, 3161510.887 228596.318)	90	184	0	440	false	1125	None
LINESTRING (3161510.887 228596.318, 3161376.302 228908.283)	90	184	0	441	false	1125	None
LINESTRING (3161376.302 228908.283, 3161352.716 228963.063)	90	184	0	442	false	1125	None
LINESTRING (3161352.716 228963.063, 3161281.751 229127.682)	90	184	0	443	false	1125	None
LINESTRING (3161281.751 229127.682, 3161268.353 229158.675)	90	184	0	444	false	1125	None
LINESTRING (3161268.353 229158.675, 3161258.125 229182.566)	90	184	0	445	false	1125	None
LINESTRING (3161258.125 229182.566, 3161177.584 229369.661)	90	184	0	446	false	1125	None
LINESTRING (3161177.584 229369.661, 3160935.837 229931.02)	90	184	0	447	false	1125	None
LINESTRING (3160935.837 229931.02, 3160855.172 230118.188)	90	184	0	448	false	1125	None
LINESTRING (3160855.172 230118.188, 3160854.323 230120.359)	90	184	0	449	false	1125	None
LINESTRING (3160854.323 230120.359, 3160851.439 230126.978)	90	184	0	450	false	1125	None
LINESTRING (3160851.439 230126.978, 3160850.464 230129.219)	90	184	0	451	false	1125	None
LINESTRING (3160850.464 230129.219, 3160813.727 230214.614)	90	184	0	452	false	1125	None
LINESTRING (3160813.727 230214.614, 3160703.224 230471.044)	90	184	0	453	false	1125	None
LINESTRING (3160703.224 230471.044, 3160666.361 230556.509)	90	184	0	454	false	1125	None
LINESTRING (3160666.361 230556.509, 3160587.852 230738.919)	90	184	0	455	false	1125	None
LINESTRING (3160587.852 230738.919, 3160592.546 230822.162)	90	184	0	456	false	1125	None
LINESTRING (3160592.546 230822.162, 3160578.217 230982.949)	90	184	0	457	false	1125	None
LINESTRING (3160578.217 230982.949, 3160687.792 231051.071)	90	184	0	458	false	1125	None
LINESTRING (3160687.792 231051.071, 3160726.518 231076.944)	90	184	0	459	false	1125	None
LINESTRING (3160726.518 231076.944, 3160746.049 231119.982)	90	184	0	460	false	1125	None
LINESTRING (3160746.049 231119.982, 3160723.461 231197.086)	90	184	0	461	false	1125	None
LINESTRING (3160723.461 231197.086, 3160688.561 231290.59)	90	184	0	462	false	1125	None
LINESTRING (3160688.561 231290.59, 3160642.733 231399.726)	90	184	0	463	false	1125	None
LINESTRING (3160642.733 231399.726, 3160654.623 231513.557)	90	184	0	464	false	1125	None
LINESTRING (3160654.623 231513.557, 3160687.266 231586.636)	90	184	0	465	false	1125	None
LINESTRING (3160687.266 231586.636, 3160672.953 231623.232)	90	184	0	466	false	1125	None
LINESTRING (3160672.953 231623.232, 3160659.282 231657.934)	90	184	0	467	false	1125	None
LINESTRING (3160659.282 231657.934, 3160710.811 231780.714)	90	184	0	468	false	1125	None
LINESTRING (3160710.811 231780.714, 3160728.354 231877.567)	90	184	0	469	false	1125	None
LINESTRING (3160728.354 231877.567, 3160720.704 231938.582)	90	184	0	470	false	1125	None
LINESTRING (3160720.704 231938.582, 3160694.482 231990.546)	90	184	0	471	false	1125	None
LINESTRING (3160694.482 231990.546, 3160663.454 232010.83)	90	184	0	472	false	1125	None
LINESTRING (3160663.454 232010.83, 3160631.012 232032.469)	90	184	0	473	false	1125	None
LINESTRING (3160631.012 232032.469, 3160610.773 232066.628)	90	184	0	474	false	1125	None
LINESTRING (3160610.773 232066.628, 3160667.992 232109.272)	90	184	0	475	false	1125	None
LINESTRING (3160667.992 232109.272, 3160659.218 232189.992)	90	184	0	476	false	1125	None
LINESTRING (3160659.218 232189.992, 3160662.954 232307.311)	90	184	0	477	false	1125	None
LINESTRING (3160662.954 232307.311, 3160644.204 232374.593)	90	184	0	478	false	1125	None
LINESTRING (3160644.204 232374.593, 3160634.758 232425.37)	90	184	0	479	false	1125	None
LINESTRING (3160634.758 232425.37, 3160650.868 232452.769)	90	184	0	480	false	1125	None
LINESTRING (3160650.868 232452.769, 3160658.527 232665.312)	90	184	0	481	false	1125	None
LINESTRING (3160658.527 232665.312, 3160646.04 232714.065)	90	184	0	482	false	1125	None
LINESTRING (3160646.04 232714.065, 3160616.074 232746.208)	90	184	0	483	false	1125	None
LINESTRING (3160616.074 232746.208, 3160587.097 232797.928)	90	184	0	484	false	1125	None
LINESTRING (3160587.097 232797.928, 3160585.705 232830.878)	90	184	0	485	false	1125	None
LINESTRING (3160585.705 232830.878, 3160583.307 232880.717)	90	184	0	486	false	1125	None
LINESTRING (3160583.307 232880.717, 3160578.887 232928.693)	90	184	0	487	false	1125	N:3160582.2359036184 232892.343
