LINESTRING (3137110.278 248644.897, 3137075.75 248576.069)	38	181	0	389	false	2954	N:3137079.646866159 248583.837
LINESTRING (3137075.75 248576.069, 3137072.585 248558.278)	38	181	0	390	false	2954	None
LINESTRING (3137072.585 248558.278, 3137062.803 248541.13)	38	181	0	391	false	2954	None
LINESTRING (3137062.803 248541.13, 3137061.045 248528.533)	38	181	0	392	false	2954	None
LINESTRING (3137061.045 248528.533, 3137060.732 248516.498)	38	181	0	393	false	2954	None
LINESTRING (3137060.732 248516.498, 3137067.009 248506.908)	38	181	0	394	false	2954	None
LINESTRING (3137067.009 248506.908, 3137064.725 248502.207)	38	181	0	395	false	2954	None
LINESTRING (3137064.725 248502.207, 3137064.236 248487.602)	38	181	0	396	false	2954	None
LINESTRING (3137064.236 248487.602, 3137062.572 248462.176)	38	181	0	397	false	2954	None
LINESTRING (3137062.572 248462.176, 3137066.057 248430.056)	38	181	0	398	false	2954	None
LINESTRING (3137066.057 248430.056, 3137071.374 248398.767)	38	181	0	399	false	2954	None
LINESTRING (3137071.374 248398.767, 3137073.756 248375.272)	38	181	0	400	false	2954	None
LINESTRING (3137073.756 248375.272, 3137084.912 248338.035)	38	181	0	401	false	2954	None
LINESTRING (3137084.912 248338.035, 3137087.442 248326.749)	38	181	0	402	false	2954	None
LINESTRING (3137087.442 248326.749, 3137123.122 248260.453)	38	181	0	403	false	2954	None
LINESTRING (3137123.122 248260.453, 3137127.657 248248.041)	38	181	0	404	false	2954	None
LINESTRING (3137127.657 248248.041, 3137131.241 248243.359)	38	181	0	405	false	2954	None
LINESTRING (3137131.241 248243.359, 3137138.941 248233.131)	38	181	0	406	false	2954	None
LINESTRING (3137138.941 248233.131, 3137210.458 248137.652)	38	181	0	407	false	2954	None
LINESTRING (3137210.458 248137.652, 3137226.307 248118.561)	38	181	0	408	false	2954	None
LINESTRING (3137226.307 248118.561, 3137231.044 248110.159)	38	181	0	409	false	2954	None
LINESTRING (3137231.044 248110.159, 3137231.073 248100.52)	38	181	0	410	false	2954	None
LINESTRING (3137231.073 248100.52, 3137231.576 248093.687)	38	181	0	411	false	2954	None
LINESTRING (3137231.576 248093.687, 3137228.362 248080.048)	38	181	0	412	false	2954	None
LINESTRING (3137228.362 248080.048, 3137218.217 248063.831)	38	181	0	413	false	2954	None
LINESTRING (3137218.217 248063.831, 3137190.858 248050.328)	38	181	0	414	false	2954	None
LINESTRING (3137190.858 248050.328, 3137174.816 248043.731)	38	181	0	415	false	2954	None
LINESTRING (3137174.816 248043.731, 3137166.669 248041.515)	38	181	0	416	false	2954	None
LINESTRING (3137166.669 248041.515, 3137125.582 248047.69)	38	181	0	417	false	2954	None
LINESTRING (3137125.582 248047.69, 3137116.97 248047.676)	38	181	0	418	false	2954	None
LINESTRING (3137116.97 248047.676, 3137103.528 248037.92)	38	181	0	419	false	2954	None
LINESTRING (3137103.528 248037.92, 3137095.998 248034.872)	38	181	0	420	false	2954	None
LINESTRING (3137095.998 248034.872, 3137091.716 248013.907)	38	181	0	421	false	2954	None
LINESTRING (3137091.716 248013.907, 3137090.386 248001.715)	38	181	0	422	false	2954	None
LINESTRING (3137090.386 248001.715, 3137094.79 247949.105)	38	181	0	423	false	2954	None
LINESTRING (3137094.79 247949.105, 3137090.5 247932.187)	38	181	0	424	false	2954	None
LINESTRING (3137090.5 247932.187, 3137084.952 247915.734)	38	181	0	425	false	2954	None
LINESTRING (3137084.952 247915.734, 3137077.295 247897.149)	38	181	0	426	false	2954	None
LINESTRING (3137077.295 247897.149, 3137070.353 247876.222)	38	181	0	427	false	2954	None
LINESTRING (3137070.353 247876.222, 3137068.188 247855.604)	38	181	0	428	false	2954	None
LINESTRING (3137068.188 247855.604, 3137066.33 247844.518)	38	181	0	429	false	2954	None
LINESTRING (3137066.33 247844.518, 3137044.983 247812.031)	38	181	0	430	false	2954	None
LINESTRING (3137044.983 247812.031, 3137039.39 247782.098)	38	181	0	431	false	2954	None
LINESTRING (3137039.39 247782.098, 3137028.557 247769.664)	38	181	0	432	false	2954	None
LINESTRING (3137028.557 247769.664, 3137008.726 247759.211)	38	181	0	433	false	2954	None
LINESTRING (3137008.726 247759.211, 3137004.386 247752.996)	38	181	0	434	false	2954	None
LINESTRING (3137004.386 247752.996, 3137014.685 247715.188)	38	181	0	435	false	2954	None
LINESTRING (3137014.685 247715.188, 3137024.091 247694.782)	38	181	0	436	false	2954	None
LINESTRING (3137024.091 247694.782, 3137023.872 247683.26)	38	181	0	437	false	2954	None
LINESTRING (3137023.872 247683.26, 3137020.67 247679.156)	38	181	0	438	false	2954	None
LINESTRING (3137020.67 247679.156, 3137016.482 247674.311)	38	181	0	439	false	2954	None
LINESTRING (3137016.482 247674.311, 3137001.171 247659.54)	38	181	0	440	false	2954	None
LINESTRING (3137001.171 247659.54, 3137000.387 247658.282)	38	181	0	441	false	2954	None
LINESTRING (3137000.387 247658.282, 3136982.803 247635.002)	38	181	0	442	false	2954	None
LINESTRING (3136982.803 247635.002, 3136907.314 247510.815)	38	181	0	443	false	2954	None
LINESTRING (3136907.314 247510.815, 3136892.141 247494.43)	38	181	0	444	false	2954	None
LINESTRING (3136892.141 247494.43, 3136882.455 247486.851)	38	181	0	445	false	2954	None
LINESTRING (3136882.455 247486.851, 3136861.671 247468.522)	38	181	0	446	false	2954	None
LINESTRING (3136861.671 247468.522, 3136848.558 247453.892)	38	181	0	447	false	2954	None
LINESTRING (3136848.558 247453.892, 3136824.656 247420.413)	38	181	0	448	false	2954	None
LINESTRING (3136824.656 247420.413, 3136819.73 247414.446)	38	181	0	449	false	2954	None
LINESTRING (3136819.73 247414.446, 3136815.777 247404.213)	38	181	0	450	false	2954	None
LINESTRING (3136815.777 247404.213, 3136804.408 247388.117)	38	181	0	451	false	2954	None
LINESTRING (3136804.408 247388.117, 3136803.544 247387.066)	38	181	0	452	false	2954	None
LINESTRING (3136803.544 247387.066, 3136803.246 247371.463)	38	181	0	453	false	2954	None
LINESTRING (3136803.246 247371.463, 3136784.947 247324.082)	38	181	0	454	false	2954	None
LINESTRING (3136784.947 247324.082, 3136784.648 247286.322)	38	181	0	455	false	2954	None
LINESTRING (3136784.648 247286.322, 3136818.821 247152.372)	38	181	0	456	false	2954	None
LINESTRING (3136818.821 247152.372, 3136818.57 247092.83)	38	181	0	457	false	2954	None
LINESTRING (3136818.57 247092.83, 3136815.428 247085.294)	38	181	0	458	false	2954	None
LINESTRING (3136815.428 247085.294, 3136813.051 247064.714)	38	181	0	459	false	2954	None
LINESTRING (3136813.051 247064.714, 3136812.516 247061.051)	38	181	0	460	false	2954	None
LINESTRING (3136812.516 247061.051, 3136810.552 247044.444)	38	181	0	461	false	2954	None
LINESTRING (3136810.552 247044.444, 3136807.693 247038.448)	38	181	0	462	false	2954	None
LINESTRING (3136807.693 247038.448, 3136787.689 246977.062)	38	181	0	463	false	2954	None
LINESTRING (3136787.689 246977.062, 3136788 246962.411)	38	181	0	464	false	2954	None
LINESTRING (3136788 246962.411, 3136788.057 246958.74)	38	181	0	465	false	2954	None
LINESTRING (3136788.057 246958.74, 3136791.307 246949.878)	38	181	0	466	false	2954	None
LINESTRING (3136791.307 246949.878, 3136826.759 246911.608)	38	181	0	467	false	2954	None
LINESTRING (3136826.759 246911.608, 3136829.598 246905.565)	38	181	0	468	false	2954	None
LINESTRING (3136829.598 246905.565, 3136849.289 246879.867)	38	181	0	469	false	2954	None
LINESTRING (3136849.289 246879.867, 3136866.437 246847.106)	38	181	0	470	false	2954	None
LINESTRING (3136866.437 246847.106, 3136874.362 246831.009)	38	181	0	471	false	2954	None
LINESTRING (3136874.362 246831.009, 3136876.353 246826.898)	38	181	0	472	false	2954	None
LINESTRING (3136876.353 246826.898, 3136894.724 246776.386)	38	181	0	473	false	2954	None
LINESTRING (3136894.724 246776.386, 3136909.91 246749.175)	38	181	0	474	false	2954	None
LINESTRING (3136909.91 246749.175, 3136910.495 246737.848)	38	181	0	475	false	2954	None
LINESTRING (3136910.495 246737.848, 3136916.187 246730.769)	38	181	0	476	false	2954	None
LINESTRING (3136916.187 246730.769, 3136928.3 246719.518)	38	181	0	477	false	2954	None
LINESTRING (3136928.3 246719.518, 3136946.042 246700.091)	38	181	0	478	false	2954	None
LINESTRING (3136946.042 246700.091, 3136955.324 246695.362)	38	181	0	479	false	2954	None
LINESTRING (3136955.324 246695.362, 3136967.371 246693.853)	38	181	0	480	false	2954	None
LINESTRING (3136967.371 246693.853, 3136976.649 246688.884)	38	181	0	481	false	2954	None
LINESTRING (3136976.649 246688.884, 3136984.427 246682.736)	38	181	0	482	false	2954	None
LINESTRING (3136984.427 246682.736, 3136987.128 246676.043)	38	181	0	483	false	2954	None
LINESTRING (3136987.128 246676.043, 3136986.682 246670.39)	38	181	0	484	false	2954	None
LINESTRING (3136986.682 246670.39, 3136972.474 246656.049)	38	181	0	485	false	2954	None
LINESTRING (3136972.474 246656.049, 3136968.502 246653.671)	38	181	0	486	false	2954	None
LINESTRING (3136968.502 246653.671, 3136931.829 246639.17)	38	181	0	487	false	2954	None
LINESTRING (3136931.829 246639.17, 3136920.236 246633.47)	38	181	0	488	false	2954	None
LINESTRING (3136920.236 246633.47, 3136909.52 246627.277)	38	181	0	489	false	2954	None
LINESTRING (3136909.52 246627.277, 3136899.638 246616.168)	38	181	0	490	false	2954	None
LINESTRING (3136899.638 246616.168, 3136894.792 246603.443)	38	181	0	491	false	2954	None
LINESTRING (3136894.792 246603.443, 3136895.577 246587.07)	38	181	0	492	false	2954	None
LINESTRING (3136895.577 246587.07, 3136894.391 246580.296)	38	181	0	493	false	2954	None
LINESTRING (3136894.391 246580.296, 3136897.423 246573.255)	38	181	0	494	false	2954	None
LINESTRING (3136897.423 246573.255, 3136905.951 246570.973)	38	181	0	495	false	2954	None
LINESTRING (3136905.951 246570.973, 3136925.217 246556.189)	38	181	0	496	false	2954	None
LINESTRING (3136925.217 246556.189, 3136943.497 246549.48)	38	181	0	497	false	2954	None
LINESTRING (3136943.497 246549.48, 3136956.28 246542.3)	38	181	0	498	false	2954	None
LINESTRING (3136956.28 246542.3, 3136960.742 246539.389)	38	181	0	499	false	2954	None
LINESTRING (3136960.742 246539.389, 3136969.877 246524.716)	38	181	0	500	false	2954	None
LINESTRING (3136969.877 246524.716, 3136973.151 246519.318)	38	181	0	501	false	2954	None
LINESTRING (3136973.151 246519.318, 3136968.525 246507.036)	38	181	0	502	false	2954	None
LINESTRING (3136968.525 246507.036, 3136972.89 246496.821)	38	181	0	503	false	2954	None
LINESTRING (3136972.89 246496.821, 3136938.109 246453.275)	38	181	0	504	false	2954	None
LINESTRING (3136938.109 246453.275, 3136930.848 246437.943)	38	181	0	505	false	2954	None
LINESTRING (3136930.848 246437.943, 3136928.644 246426.484)	38	181	0	506	false	2954	None
LINESTRING (3136928.644 246426.484, 3136928.76 246417.119)	38	181	0	507	false	2954	None
LINESTRING (3136928.76 246417.119, 3136933.512 246394.069)	38	181	0	508	false	2954	None
LINESTRING (3136933.512 246394.069, 3136937.684 246373.773)	38	181	0	509	false	2954	None
LINESTRING (3136937.684 246373.773, 3136938.025 246340.908)	38	181	0	510	false	2954	None
LINESTRING (3136938.025 246340.908, 3136951.086 246308.582)	38	181	0	511	false	2954	None
LINESTRING (3136951.086 246308.582, 3136953.699 246288.513)	38	181	0	512	false	2954	None
LINESTRING (3136953.699 246288.513, 3136957.409 246259.579)	38	181	0	513	false	2954	None
LINESTRING (3136957.409 246259.579, 3136968.388 246235.378)	38	181	0	514	false	2954	None
LINESTRING (3136968.388 246235.378, 3136981.158 246176.851)	38	181	0	515	false	2954	None
LINESTRING (3136981.158 246176.851, 3136981.105 246160.868)	38	181	0	516	false	2954	None
LINESTRING (3136981.105 246160.868, 3136981.827 246145.662)	38	181	0	517	false	2954	None
LINESTRING (3136981.827 246145.662, 3136978.918 246130.474)	38	181	0	518	false	2954	None
LINESTRING (3136978.918 246130.474, 3136958.775 246044.496)	38	181	0	519	false	2954	None
LINESTRING (3136958.775 246044.496, 3136951.254 245987.012)	38	181	0	520	false	2954	None
LINESTRING (3136951.254 245987.012, 3136950.251 245978.76)	38	181	0	521	false	2954	None
LINESTRING (3136950.251 245978.76, 3136950.161 245978.487)	38	181	0	522	false	2954	None
LINESTRING (3136950.161 245978.487, 3136943.762 245968.494)	38	181	0	523	false	2954	None
LINESTRING (3136943.762 245968.494, 3136936.224 245962.942)	38	181	0	524	false	2954	None
LINESTRING (3136936.224 245962.942, 3136925.287 245956.306)	38	181	0	525	false	2954	None
LINESTRING (3136925.287 245956.306, 3136898.609 245950.101)	38	181	0	526	false	2954	None
LINESTRING (3136898.609 245950.101, 3136884.248 245936.654)	38	181	0	527	false	2954	None
LINESTRING (3136884.248 245936.654, 3136880.175 245931.259)	38	181	0	528	false	2954	None
LINESTRING (3136880.175 245931.259, 3136878.319 245926.963)	38	181	0	529	false	2954	None
LINESTRING (3136878.319 245926.963, 3136869.07 245904.903)	38	181	0	530	false	2954	None
LINESTRING (3136869.07 245904.903, 3136858.399 245843.931)	38	181	0	531	false	2954	None
LINESTRING (3136858.399 245843.931, 3136864.533 245804.981)	38	181	0	532	false	2954	None
LINESTRING (3136864.533 245804.981, 3136864.623 245796.439)	38	181	0	533	false	2954	None
LINESTRING (3136864.623 245796.439, 3136870.737 245784.998)	38	181	0	534	false	2954	None
LINESTRING (3136870.737 245784.998, 3136893.032 245767.461)	38	181	0	535	false	2954	None
LINESTRING (3136893.032 245767.461, 3136902.875 245754.492)	38	181	0	536	false	2954	None
LINESTRING (3136902.875 245754.492, 3136907.75 245744.475)	38	181	0	537	false	2954	None
LINESTRING (3136907.75 245744.475, 3136909.941 245739.848)	38	181	0	538	false	2954	None
LINESTRING (3136909.941 245739.848, 3136912.267 245720.263)	38	181	0	539	false	2954	None
LINESTRING (3136912.267 245720.263, 3136926.91 245691.173)	38	181	0	540	false	2954	None
LINESTRING (3136926.91 245691.173, 3136937.553 245675.895)	38	181	0	541	false	2954	None
LINESTRING (3136937.553 245675.895, 3136956.842 245653.496)	38	181	0	542	false	2954	None
LINESTRING (3136956.842 245653.496, 3136976.544 245632.806)	38	181	0	543	false	2954	None
LINESTRING (3136976.544 245632.806, 3136989.452 245616.741)	38	181	0	544	false	2954	None
LINESTRING (3136989.452 245616.741, 3136991.934 245611.869)	38	181	0	545	false	2954	None
LINESTRING (3136991.934 245611.869, 3136992.231 245598.762)	38	181	0	546	false	2954	None
LINESTRING (3136992.231 245598.762, 3136985.384 245596.218)	38	181	0	547	false	2954	None
LINESTRING (3136985.384 245596.218, 3136978.153 245595.67)	38	181	0	548	false	2954	None
LINESTRING (3136978.153 245595.67, 3136967.625 245601.582)	38	181	0	549	false	2954	None
LINESTRING (3136967.625 245601.582, 3136960.912 245599.448)	38	181	0	550	false	2954	None
LINESTRING (3136960.912 245599.448, 3136956.238 245600.133)	38	181	0	551	false	2954	None
LINESTRING (3136956.238 245600.133, 3136949.727 245597.481)	38	181	0	552	false	2954	None
LINESTRING (3136949.727 245597.481, 3136942.338 245595.323)	38	181	0	553	false	2954	None
LINESTRING (3136942.338 245595.323, 3136926.781 245583.437)	38	181	0	554	false	2954	None
LINESTRING (3136926.781 245583.437, 3136916.266 245570.175)	38	181	0	555	false	2954	None
LINESTRING (3136916.266 245570.175, 3136907.966 245558.014)	38	181	0	556	false	2954	None
LINESTRING (3136907.966 245558.014, 3136907.807 245545.325)	38	181	0	557	false	2954	None
LINESTRING (3136907.807 245545.325, 3136906.698 245540.367)	38	181	0	558	false	2954	None
LINESTRING (3136906.698 245540.367, 3136907.646 245530.372)	38	181	0	559	false	2954	None
LINESTRING (3136907.646 245530.372, 3136913.446 245493.793)	38	181	0	560	false	2954	None
LINESTRING (3136913.446 245493.793, 3136950.792 245356.435)	38	181	0	561	false	2954	None
LINESTRING (3136950.792 245356.435, 3136980.004 245274.76)	38	181	0	562	false	2954	None
LINESTRING (3136980.004 245274.76, 3136980.906 245262.364)	38	181	0	563	false	2954	None
LINESTRING (3136980.906 245262.364, 3136985.842 245235.813)	38	181	0	564	false	2954	None
LINESTRING (3136985.842 245235.813, 3136989.855 245213.907)	38	181	0	565	false	2954	None
LINESTRING (3136989.855 245213.907, 3137014.98 245141.482)	38	181	0	566	false	2954	None
LINESTRING (3137014.98 245141.482, 3137023.845 245119.438)	38	181	0	567	false	2954	None
LINESTRING (3137023.845 245119.438, 3137057.558 245054.403)	38	181	0	568	false	2954	None
LINESTRING (3137057.558 245054.403, 3137060.89 245047.598)	38	181	0	569	false	2954	None
LINESTRING (3137060.89 245047.598, 3137064.262 245040.69)	38	181	0	570	false	2954	None
LINESTRING (3137064.262 245040.69, 3137066.355 245037.573)	38	181	0	571	false	2954	None
LINESTRING (3137066.355 245037.573, 3137070.634 245018.509)	38	181	0	572	false	2954	None
LINESTRING (3137070.634 245018.509, 3137073.75 245011.502)	38	181	0	573	false	2954	None
LINESTRING (3137073.75 245011.502, 3137077.471 244996.391)	38	181	0	574	false	2954	None
LINESTRING (3137077.471 244996.391, 3137078.471 244984.749)	38	181	0	575	false	2954	None
LINESTRING (3137078.471 244984.749, 3137078.591 244982.174)	38	181	0	576	false	2954	None
LINESTRING (3137078.591 244982.174, 3137078.534 244977.03)	38	181	0	577	false	2954	None
LINESTRING (3137078.534 244977.03, 3137077.891 244965.583)	38	181	0	578	false	2954	None
LINESTRING (3137077.891 244965.583, 3137076.23 244958.266)	38	181	0	579	false	2954	None
LINESTRING (3137076.23 244958.266, 3137076.759 244952.873)	38	181	0	580	false	2954	None
LINESTRING (3137076.759 244952.873, 3137077.374 244947.513)	38	181	0	581	false	2954	None
LINESTRING (3137077.374 244947.513, 3137077.385 244943.706)	38	181	0	582	false	2954	None
LINESTRING (3137077.385 244943.706, 3137078.87 244933.086)	38	181	0	583	false	2954	None
LINESTRING (3137078.87 244933.086, 3137081.214 244929.828)	38	181	0	584	false	2954	None
LINESTRING (3137081.214 244929.828, 3137084.033 244927.112)	38	181	0	585	false	2954	None
LINESTRING (3137084.033 244927.112, 3137087.413 244924.972)	38	181	0	586	false	2954	None
LINESTRING (3137087.413 244924.972, 3137086.058 244920.395)	38	181	0	587	false	2954	None
LINESTRING (3137086.058 244920.395, 3137083.637 244908.733)	38	181	0	588	false	2954	None
LINESTRING (3137083.637 244908.733, 3137080.741 244881.162)	38	181	0	589	false	2954	None
LINESTRING (3137080.741 244881.162, 3137080.595 244869.193)	38	181	0	590	false	2954	None
LINESTRING (3137080.595 244869.193, 3137081.17 244857.385)	38	181	0	591	false	2954	None
LINESTRING (3137081.17 244857.385, 3137082.938 244841.753)	38	181	0	592	false	2954	None
LINESTRING (3137082.938 244841.753, 3137084.865 244829.995)	38	181	0	593	false	2954	None
LINESTRING (3137084.865 244829.995, 3137089.183 244810.827)	38	181	0	594	false	2954	None
LINESTRING (3137089.183 244810.827, 3137089.375 244809.83)	38	181	0	595	false	2954	None
LINESTRING (3137089.375 244809.83, 3137094.327 244779.712)	38	181	0	596	false	2954	None
LINESTRING (3137094.327 244779.712, 3137095.663 244767.962)	38	181	0	597	false	2954	None
LINESTRING (3137095.663 244767.962, 3137095.738 244767.515)	38	181	0	598	false	2954	None
LINESTRING (3137095.738 244767.515, 3137096.329 244752.14)	38	181	0	599	false	2954	None
LINESTRING (3137096.329 244752.14, 3137096.247 244750.083)	38	181	0	600	false	2954	None
LINESTRING (3137096.247 244750.083, 3137094.074 244705.282)	38	181	0	601	false	2954	None
LINESTRING (3137094.074 244705.282, 3137093.368 244692.738)	38	181	0	602	false	2954	None
LINESTRING (3137093.368 244692.738, 3137093.221 244680.769)	38	181	0	603	false	2954	None
LINESTRING (3137093.221 244680.769, 3137093.711 244668.928)	38	181	0	604	false	2954	None
LINESTRING (3137093.711 244668.928, 3137096.383 244645.428)	38	181	0	605	false	2954	None
LINESTRING (3137096.383 244645.428, 3137099.548 244629.982)	38	181	0	606	false	2954	None
LINESTRING (3137099.548 244629.982, 3137101.737 244614.275)	38	181	0	607	false	2954	None
LINESTRING (3137101.737 244614.275, 3137106.902 244568.993)	38	181	0	608	false	2954	None
LINESTRING (3137106.902 244568.993, 3137106.995 244567.242)	38	181	0	609	false	2954	None
LINESTRING (3137106.995 244567.242, 3137113.008 244524.315)	38	181	0	610	false	2954	None
LINESTRING (3137113.008 244524.315, 3137113.034 244523.491)	38	181	0	611	false	2954	None
LINESTRING (3137113.034 244523.491, 3137113.617 244516.451)	38	181	0	612	false	2954	None
LINESTRING (3137113.617 244516.451, 3137116.584 244492.947)	38	181	0	613	false	2954	None
LINESTRING (3137116.584 244492.947, 3137118.886 244459.059)	38	181	0	614	false	2954	None
LINESTRING (3137118.886 244459.059, 3137119.431 244450.099)	38	181	0	615	false	2954	None
LINESTRING (3137119.431 244450.099, 3137123.451 244406.753)	38	181	0	616	false	2954	None
LINESTRING (3137123.451 244406.753, 3137123.549 244379.037)	38	181	0	617	false	2954	None
LINESTRING (3137123.549 244379.037, 3137123.067 244367.175)	38	181	0	618	false	2954	None
LINESTRING (3137123.067 244367.175, 3137121.749 244351.416)	38	181	0	619	false	2954	None
LINESTRING (3137121.749 244351.416, 3137119.124 244335.743)	38	181	0	620	false	2954	None
LINESTRING (3137119.124 244335.743, 3137118.136 244323.923)	38	181	0	621	false	2954	None
LINESTRING (3137118.136 244323.923, 3137118.954 244316.022)	38	181	0	622	false	2954	None
LINESTRING (3137118.954 244316.022, 3137120.79 244308.278)	38	181	0	623	false	2954	None
LINESTRING (3137120.79 244308.278, 3137127.611 244289.727)	38	181	0	624	false	2954	None
LINESTRING (3137127.611 244289.727, 3137131.11 244278.461)	38	181	0	625	false	2954	None
LINESTRING (3137131.11 244278.461, 3137133.208 244269.033)	38	181	0	626	false	2954	None
LINESTRING (3137133.208 244269.033, 3137133.672 244266.831)	38	181	0	627	false	2954	None
LINESTRING (3137133.672 244266.831, 3137137.111 244239.341)	38	181	0	628	false	2954	None
LINESTRING (3137137.111 244239.341, 3137137.339 244231.448)	38	181	0	629	false	2954	None
LINESTRING (3137137.339 244231.448, 3137139.273 244204.803)	38	181	0	630	false	2954	None
LINESTRING (3137139.273 244204.803, 3137140.858 244184.097)	38	181	0	631	false	2954	None
LINESTRING (3137140.858 244184.097, 3137142.109 244172.314)	38	181	0	632	false	2954	None
LINESTRING (3137142.109 244172.314, 3137144.467 244156.673)	38	181	0	633	false	2954	None
LINESTRING (3137144.467 244156.673, 3137147.455 244145.208)	38	181	0	634	false	2954	None
LINESTRING (3137147.455 244145.208, 3137153.975 244130.709)	38	181	0	635	false	2954	None
LINESTRING (3137153.975 244130.709, 3137160.242 244120.638)	38	181	0	636	false	2954	None
LINESTRING (3137160.242 244120.638, 3137168.44 244112.152)	38	181	0	637	false	2954	None
LINESTRING (3137168.44 244112.152, 3137178.058 244105.052)	38	181	0	638	false	2954	None
LINESTRING (3137178.058 244105.052, 3137188.591 244099.379)	38	181	0	639	false	2954	None
LINESTRING (3137188.591 244099.379, 3137199.698 244095.002)	38	181	0	640	false	2954	None
LINESTRING (3137199.698 244095.002, 3137218.802 244089.208)	38	181	0	641	false	2954	None
LINESTRING (3137218.802 244089.208, 3137234.226 244085.318)	38	181	0	642	false	2954	None
LINESTRING (3137234.226 244085.318, 3137257.692 244080.148)	38	181	0	643	false	2954	None
LINESTRING (3137257.692 244080.148, 3137285.345 244075.295)	38	181	0	644	false	2954	None
LINESTRING (3137285.345 244075.295, 3137301.227 244073.251)	38	181	0	645	false	2954	None
LINESTRING (3137301.227 244073.251, 3137322.948 244069.547)	38	181	0	646	false	2954	None
LINESTRING (3137322.948 244069.547, 3137334.32 244065.749)	38	181	0	647	false	2954	None
LINESTRING (3137334.32 244065.749, 3137341.648 244062.524)	38	181	0	648	false	2954	None
LINESTRING (3137341.648 244062.524, 3137355.041 244054.032)	38	181	0	649	false	2954	None
LINESTRING (3137355.041 244054.032, 3137397.375 244024.275)	38	181	0	650	false	2954	None
LINESTRING (3137397.375 244024.275, 3137427.67 244005.321)	38	181	0	651	false	2954	None
LINESTRING (3137427.67 244005.321, 3137448.391 243993.605)	38	181	0	652	false	2954	None
LINESTRING (3137448.391 243993.605, 3137480.431 243977.474)	38	181	0	653	false	2954	None
LINESTRING (3137480.431 243977.474, 3137505.931 243966.067)	38	181	0	654	false	2954	None
LINESTRING (3137505.931 243966.067, 3137528.23 243957.347)	38	181	0	655	false	2954	None
LINESTRING (3137528.23 243957.347, 3137543.292 243952.125)	38	181	0	656	false	2954	None
LINESTRING (3137543.292 243952.125, 3137569.904 243943.652)	38	181	0	657	false	2954	None
LINESTRING (3137569.904 243943.652, 3137614.648 243927.102)	38	181	0	658	false	2954	None
LINESTRING (3137614.648 243927.102, 3137715.629 243889.894)	38	181	0	659	false	2954	None
LINESTRING (3137715.629 243889.894, 3137759.831 243871.465)	38	181	0	660	false	2954	None
LINESTRING (3137759.831 243871.465, 3137803.458 243851.742)	38	181	0	661	false	2954	None
LINESTRING (3137803.458 243851.742, 3137824.66 243840.808)	38	181	0	662	false	2954	None
LINESTRING (3137824.66 243840.808, 3137845.248 243828.683)	38	181	0	663	false	2954	None
LINESTRING (3137845.248 243828.683, 3137855.217 243822.196)	38	181	0	664	false	2954	None
LINESTRING (3137855.217 243822.196, 3137877.88 243805.994)	38	181	0	665	false	2954	None
LINESTRING (3137877.88 243805.994, 3137899.503 243788.434)	38	181	0	666	false	2954	None
LINESTRING (3137899.503 243788.434, 3137914.457 243775.428)	38	181	0	667	false	2954	None
LINESTRING (3137914.457 243775.428, 3137934.1 243755.907)	38	181	0	668	false	2954	None
LINESTRING (3137934.1 243755.907, 3137957.657 243729.093)	38	181	0	669	false	2954	None
LINESTRING (3137957.657 243729.093, 3137974.804 243707.172)	38	181	0	670	false	2954	None
LINESTRING (3137974.804 243707.172, 3138009.266 243658.869)	38	181	0	671	false	2954	E:3137981.717 243697.4825264056
LINESTRING (3138009.266 243658.869, 3137974.804 243707.172)	38	1621	0	1082	false	1871	E:3137981.717 243697.4825264056
LINESTRING (3137974.804 243707.172, 3137957.657 243729.093)	38	1621	0	1083	false	1871	None
LINESTRING (3137957.657 243729.093, 3137934.1 243755.907)	38	1621	0	1084	false	1871	None
LINESTRING (3137934.1 243755.907, 3137914.457 243775.428)	38	1621	0	1085	false	1871	None
LINESTRING (3137914.457 243775.428, 3137899.503 243788.434)	38	1621	0	1086	false	1871	None
LINESTRING (3137899.503 243788.434, 3137877.88 243805.994)	38	1621	0	1087	false	1871	None
LINESTRING (3137877.88 243805.994, 3137855.217 243822.196)	38	1621	0	1088	false	1871	None
LINESTRING (3137855.217 243822.196, 3137845.248 243828.683)	38	1621	0	1089	false	1871	None
LINESTRING (3137845.248 243828.683, 3137824.66 243840.808)	38	1621	0	1090	false	1871	None
LINESTRING (3137824.66 243840.808, 3137803.458 243851.742)	38	1621	0	1091	false	1871	None
LINESTRING (3137803.458 243851.742, 3137759.831 243871.465)	38	1621	0	1092	false	1871	None
LINESTRING (3137759.831 243871.465, 3137715.629 243889.894)	38	1621	0	1093	false	1871	None
LINESTRING (3137715.629 243889.894, 3137614.648 243927.102)	38	1621	0	1094	false	1871	None
LINESTRING (3137614.648 243927.102, 3137569.904 243943.652)	38	1621	0	1095	false	1871	None
LINESTRING (3137569.904 243943.652, 3137543.292 243952.125)	38	1621	0	1096	false	1871	None
LINESTRING (3137543.292 243952.125, 3137528.23 243957.347)	38	1621	0	1097	false	1871	None
LINESTRING (3137528.23 243957.347, 3137505.931 243966.067)	38	1621	0	1098	false	1871	None
LINESTRING (3137505.931 243966.067, 3137480.431 243977.474)	38	1621	0	1099	false	1871	None
LINESTRING (3137480.431 243977.474, 3137448.391 243993.605)	38	1621	0	1100	false	1871	None
LINESTRING (3137448.391 243993.605, 3137427.67 244005.321)	38	1621	0	1101	false	1871	None
LINESTRING (3137427.67 244005.321, 3137397.375 244024.275)	38	1621	0	1102	false	1871	None
LINESTRING (3137397.375 244024.275, 3137355.041 244054.032)	38	1621	0	1103	false	1871	None
LINESTRING (3137355.041 244054.032, 3137341.648 244062.524)	38	1621	0	1104	false	1871	None
LINESTRING (3137341.648 244062.524, 3137334.32 244065.749)	38	1621	0	1105	false	1871	None
LINESTRING (3137334.32 244065.749, 3137322.948 244069.547)	38	1621	0	1106	false	1871	None
LINESTRING (3137322.948 244069.547, 3137301.227 244073.251)	38	1621	0	1107	false	1871	None
LINESTRING (3137301.227 244073.251, 3137285.345 244075.295)	38	1621	0	1108	false	1871	None
LINESTRING (3137285.345 244075.295, 3137257.692 244080.148)	38	1621	0	1109	false	1871	None
LINESTRING (3137257.692 244080.148, 3137234.226 244085.318)	38	1621	0	1110	false	1871	None
LINESTRING (3137234.226 244085.318, 3137218.802 244089.208)	38	1621	0	1111	false	1871	None
LINESTRING (3137218.802 244089.208, 3137199.698 244095.002)	38	1621	0	1112	false	1871	None
LINESTRING (3137199.698 244095.002, 3137188.591 244099.379)	38	1621	0	1113	false	1871	None
LINESTRING (3137188.591 244099.379, 3137178.058 244105.052)	38	1621	0	1114	false	1871	None
LINESTRING (3137178.058 244105.052, 3137168.44 244112.152)	38	1621	0	1115	false	1871	None
LINESTRING (3137168.44 244112.152, 3137160.242 244120.638)	38	1621	0	1116	false	1871	None
LINESTRING (3137160.242 244120.638, 3137153.975 244130.709)	38	1621	0	1117	false	1871	None
LINESTRING (3137153.975 244130.709, 3137147.455 244145.208)	38	1621	0	1118	false	1871	None
LINESTRING (3137147.455 244145.208, 3137144.467 244156.673)	38	1621	0	1119	false	1871	None
LINESTRING (3137144.467 244156.673, 3137142.109 244172.314)	38	1621	0	1120	false	1871	None
LINESTRING (3137142.109 244172.314, 3137140.858 244184.097)	38	1621	0	1121	false	1871	None
LINESTRING (3137140.858 244184.097, 3137139.273 244204.803)	38	1621	0	1122	false	1871	None
LINESTRING (3137139.273 244204.803, 3137137.339 244231.448)	38	1621	0	1123	false	1871	None
LINESTRING (3137137.339 244231.448, 3137137.111 244239.341)	38	1621	0	1124	false	1871	None
LINESTRING (3137137.111 244239.341, 3137133.672 244266.831)	38	1621	0	1125	false	1871	None
LINESTRING (3137133.672 244266.831, 3137133.208 244269.033)	38	1621	0	1126	false	1871	None
LINESTRING (3137133.208 244269.033, 3137131.11 244278.461)	38	1621	0	1127	false	1871	None
LINESTRING (3137131.11 244278.461, 3137127.611 244289.727)	38	1621	0	1128	false	1871	None
LINESTRING (3137127.611 244289.727, 3137120.79 244308.278)	38	1621	0	1129	false	1871	None
LINESTRING (3137120.79 244308.278, 3137118.954 244316.022)	38	1621	0	1130	false	1871	None
LINESTRING (3137118.954 244316.022, 3137118.136 244323.923)	38	1621	0	1131	false	1871	None
LINESTRING (3137118.136 244323.923, 3137119.124 244335.743)	38	1621	0	1132	false	1871	None
LINESTRING (3137119.124 244335.743, 3137121.749 244351.416)	38	1621	0	1133	false	1871	None
LINESTRING (3137121.749 244351.416, 3137123.067 244367.175)	38	1621	0	1134	false	1871	None
LINESTRING (3137123.067 244367.175, 3137123.549 244379.037)	38	1621	0	1135	false	1871	None
LINESTRING (3137123.549 244379.037, 3137123.451 244406.753)	38	1621	0	1136	false	1871	None
LINESTRING (3137123.451 244406.753, 3137119.431 244450.099)	38	1621	0	1137	false	1871	None
LINESTRING (3137119.431 244450.099, 3137118.886 244459.059)	38	1621	0	1138	false	1871	None
LINESTRING (3137118.886 244459.059, 3137116.584 244492.947)	38	1621	0	1139	false	1871	None
LINESTRING (3137116.584 244492.947, 3137113.617 244516.451)	38	1621	0	1140	false	1871	None
LINESTRING (3137113.617 244516.451, 3137113.034 244523.491)	38	1621	0	1141	false	1871	None
LINESTRING (3137113.034 244523.491, 3137113.008 244524.315)	38	1621	0	1142	false	1871	None
LINESTRING (3137113.008 244524.315, 3137106.995 244567.242)	38	1621	0	1143	false	1871	None
LINESTRING (3137106.995 244567.242, 3137106.902 244568.993)	38	1621	0	1144	false	1871	None
LINESTRING (3137106.902 244568.993, 3137101.737 244614.275)	38	1621	0	1145	false	1871	None
LINESTRING (3137101.737 244614.275, 3137099.548 244629.982)	38	1621	0	1146	false	1871	None
LINESTRING (3137099.548 244629.982, 3137096.383 244645.428)	38	1621	0	1147	false	1871	None
LINESTRING (3137096.383 244645.428, 3137093.711 244668.928)	38	1621	0	1148	false	1871	None
LINESTRING (3137093.711 244668.928, 3137093.221 244680.769)	38	1621	0	1149	false	1871	None
LINESTRING (3137093.221 244680.769, 3137093.368 244692.738)	38	1621	0	1150	false	1871	None
LINESTRING (3137093.368 244692.738, 3137094.074 244705.282)	38	1621	0	1151	false	1871	None
LINESTRING (3137094.074 244705.282, 3137096.247 244750.083)	38	1621	0	1152	false	1871	None
LINESTRING (3137096.247 244750.083, 3137096.329 244752.14)	38	1621	0	1153	false	1871	None
LINESTRING (3137096.329 244752.14, 3137095.738 244767.515)	38	1621	0	1154	false	1871	None
LINESTRING (3137095.738 244767.515, 3137095.663 244767.962)	38	1621	0	1155	false	1871	None
LINESTRING (3137095.663 244767.962, 3137094.327 244779.712)	38	1621	0	1156	false	1871	None
LINESTRING (3137094.327 244779.712, 3137089.375 244809.83)	38	1621	0	1157	false	1871	None
LINESTRING (3137089.375 244809.83, 3137089.183 244810.827)	38	1621	0	1158	false	1871	None
LINESTRING (3137089.183 244810.827, 3137084.865 244829.995)	38	1621	0	1159	false	1871	None
LINESTRING (3137084.865 244829.995, 3137082.938 244841.753)	38	1621	0	1160	false	1871	None
LINESTRING (3137082.938 244841.753, 3137081.17 244857.385)	38	1621	0	1161	false	1871	None
LINESTRING (3137081.17 244857.385, 3137080.595 244869.193)	38	1621	0	1162	false	1871	None
LINESTRING (3137080.595 244869.193, 3137080.741 244881.162)	38	1621	0	1163	false	1871	None
LINESTRING (3137080.741 244881.162, 3137083.637 244908.733)	38	1621	0	1164	false	1871	None
LINESTRING (3137083.637 244908.733, 3137086.058 244920.395)	38	1621	0	1165	false	1871	None
LINESTRING (3137086.058 244920.395, 3137087.413 244924.972)	38	1621	0	1166	false	1871	None
LINESTRING (3137087.413 244924.972, 3137084.033 244927.112)	38	1621	0	1167	false	1871	None
LINESTRING (3137084.033 244927.112, 3137081.214 244929.828)	38	1621	0	1168	false	1871	None
LINESTRING (3137081.214 244929.828, 3137078.87 244933.086)	38	1621	0	1169	false	1871	None
LINESTRING (3137078.87 244933.086, 3137077.385 244943.706)	38	1621	0	1170	false	1871	None
LINESTRING (3137077.385 244943.706, 3137077.374 244947.513)	38	1621	0	1171	false	1871	None
LINESTRING (3137077.374 244947.513, 3137076.759 244952.873)	38	1621	0	1172	false	1871	None
LINESTRING (3137076.759 244952.873, 3137076.23 244958.266)	38	1621	0	1173	false	1871	None
LINESTRING (3137076.23 244958.266, 3137077.891 244965.583)	38	1621	0	1174	false	1871	None
LINESTRING (3137077.891 244965.583, 3137078.534 244977.03)	38	1621	0	1175	false	1871	None
LINESTRING (3137078.534 244977.03, 3137078.591 244982.174)	38	1621	0	1176	false	1871	None
LINESTRING (3137078.591 244982.174, 3137078.471 244984.749)	38	1621	0	1177	false	1871	None
LINESTRING (3137078.471 244984.749, 3137077.471 244996.391)	38	1621	0	1178	false	1871	None
LINESTRING (3137077.471 244996.391, 3137073.75 245011.502)	38	1621	0	1179	false	1871	None
LINESTRING (3137073.75 245011.502, 3137070.634 245018.509)	38	1621	0	1180	false	1871	None
LINESTRING (3137070.634 245018.509, 3137066.355 245037.573)	38	1621	0	1181	false	1871	None
LINESTRING (3137066.355 245037.573, 3137064.262 245040.69)	38	1621	0	1182	false	1871	None
LINESTRING (3137064.262 245040.69, 3137060.89 245047.598)	38	1621	0	1183	false	1871	None
LINESTRING (3137060.89 245047.598, 3137057.558 245054.403)	38	1621	0	1184	false	1871	None
LINESTRING (3137057.558 245054.403, 3137023.845 245119.438)	38	1621	0	1185	false	1871	None
LINESTRING (3137023.845 245119.438, 3137014.98 245141.482)	38	1621	0	1186	false	1871	None
LINESTRING (3137014.98 245141.482, 3136989.855 245213.907)	38	1621	0	1187	false	1871	None
LINESTRING (3136989.855 245213.907, 3136985.842 245235.813)	38	1621	0	1188	false	1871	None
LINESTRING (3136985.842 245235.813, 3136980.906 245262.364)	38	1621	0	1189	false	1871	None
LINESTRING (3136980.906 245262.364, 3136980.004 245274.76)	38	1621	0	1190	false	1871	None
LINESTRING (3136980.004 245274.76, 3136950.792 245356.435)	38	1621	0	1191	false	1871	None
LINESTRING (3136950.792 245356.435, 3136913.446 245493.793)	38	1621	0	1192	false	1871	None
LINESTRING (3136913.446 245493.793, 3136907.646 245530.372)	38	1621	0	1193	false	1871	None
LINESTRING (3136907.646 245530.372, 3136906.698 245540.367)	38	1621	0	1194	false	1871	None
LINESTRING (3136906.698 245540.367, 3136907.807 245545.325)	38	1621	0	1195	false	1871	None
LINESTRING (3136907.807 245545.325, 3136907.966 245558.014)	38	1621	0	1196	false	1871	None
LINESTRING (3136907.966 245558.014, 3136916.266 245570.175)	38	1621	0	1197	false	1871	None
LINESTRING (3136916.266 245570.175, 3136926.781 245583.437)	38	1621	0	1198	false	1871	None
LINESTRING (3136926.781 245583.437, 3136942.338 245595.323)	38	1621	0	1199	false	1871	None
LINESTRING (3136942.338 245595.323, 3136949.727 245597.481)	38	1621	0	1200	false	1871	None
LINESTRING (3136949.727 245597.481, 3136956.238 245600.133)	38	1621	0	1201	false	1871	None
LINESTRING (3136956.238 245600.133, 3136960.912 245599.448)	38	1621	0	1202	false	1871	None
LINESTRING (3136960.912 245599.448, 3136967.625 245601.582)	38	1621	0	1203	false	1871	None
LINESTRING (3136967.625 245601.582, 3136978.153 245595.67)	38	1621	0	1204	false	1871	None
LINESTRING (3136978.153 245595.67, 3136985.384 245596.218)	38	1621	0	1205	false	1871	None
LINESTRING (3136985.384 245596.218, 3136992.231 245598.762)	38	1621	0	1206	false	1871	None
LINESTRING (3136992.231 245598.762, 3136991.934 245611.869)	38	1621	0	1207	false	1871	None
LINESTRING (3136991.934 245611.869, 3136989.452 245616.741)	38	1621	0	1208	false	1871	None
LINESTRING (3136989.452 245616.741, 3136976.544 245632.806)	38	1621	0	1209	false	1871	None
LINESTRING (3136976.544 245632.806, 3136956.842 245653.496)	38	1621	0	1210	false	1871	None
LINESTRING (3136956.842 245653.496, 3136937.553 245675.895)	38	1621	0	1211	false	1871	None
LINESTRING (3136937.553 245675.895, 3136926.91 245691.173)	38	1621	0	1212	false	1871	None
LINESTRING (3136926.91 245691.173, 3136912.267 245720.263)	38	1621	0	1213	false	1871	None
LINESTRING (3136912.267 245720.263, 3136909.941 245739.848)	38	1621	0	1214	false	1871	None
LINESTRING (3136909.941 245739.848, 3136907.75 245744.475)	38	1621	0	1215	false	1871	None
LINESTRING (3136907.75 245744.475, 3136902.875 245754.492)	38	1621	0	1216	false	1871	None
LINESTRING (3136902.875 245754.492, 3136893.032 245767.461)	38	1621	0	1217	false	1871	None
LINESTRING (3136893.032 245767.461, 3136870.737 245784.998)	38	1621	0	1218	false	1871	None
LINESTRING (3136870.737 245784.998, 3136864.623 245796.439)	38	1621	0	1219	false	1871	None
LINESTRING (3136864.623 245796.439, 3136864.533 245804.981)	38	1621	0	1220	false	1871	None
LINESTRING (3136864.533 245804.981, 3136858.399 245843.931)	38	1621	0	1221	false	1871	None
LINESTRING (3136858.399 245843.931, 3136869.07 245904.903)	38	1621	0	1222	false	1871	None
LINESTRING (3136869.07 245904.903, 3136878.319 245926.963)	38	1621	0	1223	false	1871	None
LINESTRING (3136878.319 245926.963, 3136880.175 245931.259)	38	1621	0	1224	false	1871	None
LINESTRING (3136880.175 245931.259, 3136884.248 245936.654)	38	1621	0	1225	false	1871	None
LINESTRING (3136884.248 245936.654, 3136898.609 245950.101)	38	1621	0	1226	false	1871	None
LINESTRING (3136898.609 245950.101, 3136925.287 245956.306)	38	1621	0	1227	false	1871	None
LINESTRING (3136925.287 245956.306, 3136936.224 245962.942)	38	1621	0	1228	false	1871	None
LINESTRING (3136936.224 245962.942, 3136943.762 245968.494)	38	1621	0	1229	false	1871	None
LINESTRING (3136943.762 245968.494, 3136950.161 245978.487)	38	1621	0	1230	false	1871	None
LINESTRING (3136950.161 245978.487, 3136950.251 245978.76)	38	1621	0	1231	false	1871	None
LINESTRING (3136950.251 245978.76, 3136951.254 245987.012)	38	1621	0	1232	false	1871	None
LINESTRING (3136951.254 245987.012, 3136958.775 246044.496)	38	1621	0	1233	false	1871	None
LINESTRING (3136958.775 246044.496, 3136978.918 246130.474)	38	1621	0	1234	false	1871	None
LINESTRING (3136978.918 246130.474, 3136981.827 246145.662)	38	1621	0	1235	false	1871	None
LINESTRING (3136981.827 246145.662, 3136981.105 246160.868)	38	1621	0	1236	false	1871	None
LINESTRING (3136981.105 246160.868, 3136981.158 246176.851)	38	1621	0	1237	false	1871	None
LINESTRING (3136981.158 246176.851, 3136968.388 246235.378)	38	1621	0	1238	false	1871	None
LINESTRING (3136968.388 246235.378, 3136957.409 246259.579)	38	1621	0	1239	false	1871	None
LINESTRING (3136957.409 246259.579, 3136953.699 246288.513)	38	1621	0	1240	false	1871	None
LINESTRING (3136953.699 246288.513, 3136951.086 246308.582)	38	1621	0	1241	false	1871	None
LINESTRING (3136951.086 246308.582, 3136938.025 246340.908)	38	1621	0	1242	false	1871	None
LINESTRING (3136938.025 246340.908, 3136937.684 246373.773)	38	1621	0	1243	false	1871	None
LINESTRING (3136937.684 246373.773, 3136933.512 246394.069)	38	1621	0	1244	false	1871	None
LINESTRING (3136933.512 246394.069, 3136928.76 246417.119)	38	1621	0	1245	false	1871	None
LINESTRING (3136928.76 246417.119, 3136928.644 246426.484)	38	1621	0	1246	false	1871	None
LINESTRING (3136928.644 246426.484, 3136930.848 246437.943)	38	1621	0	1247	false	1871	None
LINESTRING (3136930.848 246437.943, 3136938.109 246453.275)	38	1621	0	1248	false	1871	None
LINESTRING (3136938.109 246453.275, 3136972.89 246496.821)	38	1621	0	1249	false	1871	None
LINESTRING (3136972.89 246496.821, 3136968.525 246507.036)	38	1621	0	1250	false	1871	None
LINESTRING (3136968.525 246507.036, 3136973.151 246519.318)	38	1621	0	1251	false	1871	None
LINESTRING (3136973.151 246519.318, 3136969.877 246524.716)	38	1621	0	1252	false	1871	None
LINESTRING (3136969.877 246524.716, 3136960.742 246539.389)	38	1621	0	1253	false	1871	None
LINESTRING (3136960.742 246539.389, 3136956.28 246542.3)	38	1621	0	1254	false	1871	None
LINESTRING (3136956.28 246542.3, 3136943.497 246549.48)	38	1621	0	1255	false	1871	None
LINESTRING (3136943.497 246549.48, 3136925.217 246556.189)	38	1621	0	1256	false	1871	None
LINESTRING (3136925.217 246556.189, 3136905.951 246570.973)	38	1621	0	1257	false	1871	None
LINESTRING (3136905.951 246570.973, 3136897.423 246573.255)	38	1621	0	1258	false	1871	None
LINESTRING (3136897.423 246573.255, 3136894.391 246580.296)	38	1621	0	1259	false	1871	None
LINESTRING (3136894.391 246580.296, 3136895.577 246587.07)	38	1621	0	1260	false	1871	None
LINESTRING (3136895.577 246587.07, 3136894.792 246603.443)	38	1621	0	1261	false	1871	None
LINESTRING (3136894.792 246603.443, 3136899.638 246616.168)	38	1621	0	1262	false	1871	None
LINESTRING (3136899.638 246616.168, 3136909.52 246627.277)	38	1621	0	1263	false	1871	None
LINESTRING (3136909.52 246627.277, 3136920.236 246633.47)	38	1621	0	1264	false	1871	None
LINESTRING (3136920.236 246633.47, 3136931.829 246639.17)	38	1621	0	1265	false	1871	None
LINESTRING (3136931.829 246639.17, 3136968.502 246653.671)	38	1621	0	1266	false	1871	None
LINESTRING (3136968.502 246653.671, 3136972.474 246656.049)	38	1621	0	1267	false	1871	None
LINESTRING (3136972.474 246656.049, 3136986.682 246670.39)	38	1621	0	1268	false	1871	None
LINESTRING (3136986.682 246670.39, 3136987.128 246676.043)	38	1621	0	1269	false	1871	None
LINESTRING (3136987.128 246676.043, 3136984.427 246682.736)	38	1621	0	1270	false	1871	None
LINESTRING (3136984.427 246682.736, 3136976.649 246688.884)	38	1621	0	1271	false	1871	None
LINESTRING (3136976.649 246688.884, 3136967.371 246693.853)	38	1621	0	1272	false	1871	None
LINESTRING (3136967.371 246693.853, 3136955.324 246695.362)	38	1621	0	1273	false	1871	None
LINESTRING (3136955.324 246695.362, 3136946.042 246700.091)	38	1621	0	1274	false	1871	None
LINESTRING (3136946.042 246700.091, 3136928.3 246719.518)	38	1621	0	1275	false	1871	None
LINESTRING (3136928.3 246719.518, 3136916.187 246730.769)	38	1621	0	1276	false	1871	None
LINESTRING (3136916.187 246730.769, 3136910.495 246737.848)	38	1621	0	1277	false	1871	None
LINESTRING (3136910.495 246737.848, 3136909.91 246749.175)	38	1621	0	1278	false	1871	None
LINESTRING (3136909.91 246749.175, 3136894.724 246776.386)	38	1621	0	1279	false	1871	None
LINESTRING (3136894.724 246776.386, 3136876.353 246826.898)	38	1621	0	1280	false	1871	None
LINESTRING (3136876.353 246826.898, 3136874.362 246831.009)	38	1621	0	1281	false	1871	None
LINESTRING (3136874.362 246831.009, 3136866.437 246847.106)	38	1621	0	1282	false	1871	None
LINESTRING (3136866.437 246847.106, 3136849.289 246879.867)	38	1621	0	1283	false	1871	None
LINESTRING (3136849.289 246879.867, 3136829.598 246905.565)	38	1621	0	1284	false	1871	None
LINESTRING (3136829.598 246905.565, 3136826.759 246911.608)	38	1621	0	1285	false	1871	None
LINESTRING (3136826.759 246911.608, 3136791.307 246949.878)	38	1621	0	1286	false	1871	None
LINESTRING (3136791.307 246949.878, 3136788.057 246958.74)	38	1621	0	1287	false	1871	None
LINESTRING (3136788.057 246958.74, 3136788 246962.411)	38	1621	0	1288	false	1871	None
LINESTRING (3136788 246962.411, 3136787.689 246977.062)	38	1621	0	1289	false	1871	None
LINESTRING (3136787.689 246977.062, 3136807.693 247038.448)	38	1621	0	1290	false	1871	None
LINESTRING (3136807.693 247038.448, 3136810.552 247044.444)	38	1621	0	1291	false	1871	None
LINESTRING (3136810.552 247044.444, 3136812.516 247061.051)	38	1621	0	1292	false	1871	None
LINESTRING (3136812.516 247061.051, 3136813.051 247064.714)	38	1621	0	1293	false	1871	None
LINESTRING (3136813.051 247064.714, 3136815.428 247085.294)	38	1621	0	1294	false	1871	None
LINESTRING (3136815.428 247085.294, 3136818.57 247092.83)	38	1621	0	1295	false	1871	None
LINESTRING (3136818.57 247092.83, 3136818.821 247152.372)	38	1621	0	1296	false	1871	None
LINESTRING (3136818.821 247152.372, 3136784.648 247286.322)	38	1621	0	1297	false	1871	None
LINESTRING (3136784.648 247286.322, 3136784.947 247324.082)	38	1621	0	1298	false	1871	None
LINESTRING (3136784.947 247324.082, 3136803.246 247371.463)	38	1621	0	1299	false	1871	None
LINESTRING (3136803.246 247371.463, 3136803.544 247387.066)	38	1621	0	1300	false	1871	None
LINESTRING (3136803.544 247387.066, 3136804.408 247388.117)	38	1621	0	1301	false	1871	None
LINESTRING (3136804.408 247388.117, 3136815.777 247404.213)	38	1621	0	1302	false	1871	None
LINESTRING (3136815.777 247404.213, 3136819.73 247414.446)	38	1621	0	1303	false	1871	None
LINESTRING (3136819.73 247414.446, 3136824.656 247420.413)	38	1621	0	1304	false	1871	None
LINESTRING (3136824.656 247420.413, 3136848.558 247453.892)	38	1621	0	1305	false	1871	None
LINESTRING (3136848.558 247453.892, 3136861.671 247468.522)	38	1621	0	1306	false	1871	None
LINESTRING (3136861.671 247468.522, 3136882.455 247486.851)	38	1621	0	1307	false	1871	None
LINESTRING (3136882.455 247486.851, 3136892.141 247494.43)	38	1621	0	1308	false	1871	None
LINESTRING (3136892.141 247494.43, 3136907.314 247510.815)	38	1621	0	1309	false	1871	None
LINESTRING (3136907.314 247510.815, 3136982.803 247635.002)	38	1621	0	1310	false	1871	None
LINESTRING (3136982.803 247635.002, 3137000.387 247658.282)	38	1621	0	1311	false	1871	None
LINESTRING (3137000.387 247658.282, 3137001.171 247659.54)	38	1621	0	1312	false	1871	None
LINESTRING (3137001.171 247659.54, 3137016.482 247674.311)	38	1621	0	1313	false	1871	None
LINESTRING (3137016.482 247674.311, 3137020.67 247679.156)	38	1621	0	1314	false	1871	None
LINESTRING (3137020.67 247679.156, 3137023.872 247683.26)	38	1621	0	1315	false	1871	None
LINESTRING (3137023.872 247683.26, 3137024.091 247694.782)	38	1621	0	1316	false	1871	None
LINESTRING (3137024.091 247694.782, 3137014.685 247715.188)	38	1621	0	1317	false	1871	None
LINESTRING (3137014.685 247715.188, 3137004.386 247752.996)	38	1621	0	1318	false	1871	None
LINESTRING (3137004.386 247752.996, 3137008.726 247759.211)	38	1621	0	1319	false	1871	None
LINESTRING (3137008.726 247759.211, 3137028.557 247769.664)	38	1621	0	1320	false	1871	None
LINESTRING (3137028.557 247769.664, 3137039.39 247782.098)	38	1621	0	1321	false	1871	None
LINESTRING (3137039.39 247782.098, 3137044.983 247812.031)	38	1621	0	1322	false	1871	None
LINESTRING (3137044.983 247812.031, 3137066.33 247844.518)	38	1621	0	1323	false	1871	None
LINESTRING (3137066.33 247844.518, 3137068.188 247855.604)	38	1621	0	1324	false	1871	None
LINESTRING (3137068.188 247855.604, 3137070.353 247876.222)	38	1621	0	1325	false	1871	None
LINESTRING (3137070.353 247876.222, 3137077.295 247897.149)	38	1621	0	1326	false	1871	None
LINESTRING (3137077.295 247897.149, 3137084.952 247915.734)	38	1621	0	1327	false	1871	None
LINESTRING (3137084.952 247915.734, 3137090.5 247932.187)	38	1621	0	1328	false	1871	None
LINESTRING (3137090.5 247932.187, 3137094.79 247949.105)	38	1621	0	1329	false	1871	None
LINESTRING (3137094.79 247949.105, 3137090.386 248001.715)	38	1621	0	1330	false	1871	None
LINESTRING (3137090.386 248001.715, 3137091.716 248013.907)	38	1621	0	1331	false	1871	None
LINESTRING (3137091.716 248013.907, 3137095.998 248034.872)	38	1621	0	1332	false	1871	None
LINESTRING (3137095.998 248034.872, 3137103.528 248037.92)	38	1621	0	1333	false	1871	None
LINESTRING (3137103.528 248037.92, 3137116.97 248047.676)	38	1621	0	1334	false	1871	None
LINESTRING (3137116.97 248047.676, 3137125.582 248047.69)	38	1621	0	1335	false	1871	None
LINESTRING (3137125.582 248047.69, 3137166.669 248041.515)	38	1621	0	1336	false	1871	None
LINESTRING (3137166.669 248041.515, 3137174.816 248043.731)	38	1621	0	1337	false	1871	None
LINESTRING (3137174.816 248043.731, 3137190.858 248050.328)	38	1621	0	1338	false	1871	None
LINESTRING (3137190.858 248050.328, 3137218.217 248063.831)	38	1621	0	1339	false	1871	None
LINESTRING (3137218.217 248063.831, 3137228.362 248080.048)	38	1621	0	1340	false	1871	None
LINESTRING (3137228.362 248080.048, 3137231.576 248093.687)	38	1621	0	1341	false	1871	None
LINESTRING (3137231.576 248093.687, 3137231.073 248100.52)	38	1621	0	1342	false	1871	None
LINESTRING (3137231.073 248100.52, 3137231.044 248110.159)	38	1621	0	1343	false	1871	None
LINESTRING (3137231.044 248110.159, 3137226.307 248118.561)	38	1621	0	1344	false	1871	None
LINESTRING (3137226.307 248118.561, 3137210.458 248137.652)	38	1621	0	1345	false	1871	None
LINESTRING (3137210.458 248137.652, 3137138.941 248233.131)	38	1621	0	1346	false	1871	None
LINESTRING (3137138.941 248233.131, 3137131.241 248243.359)	38	1621	0	1347	false	1871	None
LINESTRING (3137131.241 248243.359, 3137127.657 248248.041)	38	1621	0	1348	false	1871	None
LINESTRING (3137127.657 248248.041, 3137123.122 248260.453)	38	1621	0	1349	false	1871	None
LINESTRING (3137123.122 248260.453, 3137087.442 248326.749)	38	1621	0	1350	false	1871	None
LINESTRING (3137087.442 248326.749, 3137084.912 248338.035)	38	1621	0	1351	false	1871	None
LINESTRING (3137084.912 248338.035, 3137073.756 248375.272)	38	1621	0	1352	false	1871	None
LINESTRING (3137073.756 248375.272, 3137071.374 248398.767)	38	1621	0	1353	false	1871	None
LINESTRING (3137071.374 248398.767, 3137066.057 248430.056)	38	1621	0	1354	false	1871	None
LINESTRING (3137066.057 248430.056, 3137062.572 248462.176)	38	1621	0	1355	false	1871	None
LINESTRING (3137062.572 248462.176, 3137064.236 248487.602)	38	1621	0	1356	false	1871	None
LINESTRING (3137064.236 248487.602, 3137064.725 248502.207)	38	1621	0	1357	false	1871	None
LINESTRING (3137064.725 248502.207, 3137067.009 248506.908)	38	1621	0	1358	false	1871	None
LINESTRING (3137067.009 248506.908, 3137060.732 248516.498)	38	1621	0	1359	false	1871	None
LINESTRING (3137060.732 248516.498, 3137061.045 248528.533)	38	1621	0	1360	false	1871	None
LINESTRING (3137061.045 248528.533, 3137062.803 248541.13)	38	1621	0	1361	false	1871	None
LINESTRING (3137062.803 248541.13, 3137072.585 248558.278)	38	1621	0	1362	false	1871	None
LINESTRING (3137072.585 248558.278, 3137075.75 248576.069)	38	1621	0	1363	false	1871	None
LINESTRING (3137075.75 248576.069, 3137110.278 248644.897)	38	1621	0	1364	false	1871	N:3137079.646866159 248583.837
