LINESTRING (3205952.622 232864.829, 3205941.846 232903.421)	95	332	0	1110	false	1850	S:3205944.9392972635 232892.343
LINESTRING (3205941.846 232903.421, 3205934.043 232957.641)	95	332	0	1111	false	1850	None
LINESTRING (3205934.043 232957.641, 3205923.918 233055.001)	95	332	0	1112	false	1850	None
LINESTRING (3205923.918 233055.001, 3205921.442 233087.095)	95	332	0	1113	false	1850	None
LINESTRING (3205921.442 233087.095, 3205916.932 233128.293)	95	332	0	1114	false	1850	None
LINESTRING (3205916.932 233128.293, 3205909.649 233143.911)	95	332	0	1115	false	1850	None
LINESTRING (3205909.649 233143.911, 3205891.111 233169.751)	95	332	0	1116	false	1850	None
LINESTRING (3205891.111 233169.751, 3205880.318 233210.127)	95	332	0	1117	false	1850	None
LINESTRING (3205880.318 233210.127, 3205859.846 233237.111)	95	332	0	1118	false	1850	None
LINESTRING (3205859.846 233237.111, 3205813.422 233314.337)	95	332	0	1119	false	1850	None
LINESTRING (3205813.422 233314.337, 3205804.016 233326.606)	95	332	0	1120	false	1850	None
LINESTRING (3205804.016 233326.606, 3205781.508 233347.288)	95	332	0	1121	false	1850	None
LINESTRING (3205781.508 233347.288, 3205688.878 233413.942)	95	332	0	1122	false	1850	None
LINESTRING (3205688.878 233413.942, 3205683.671 233417.369)	95	332	0	1123	false	1850	None
LINESTRING (3205683.671 233417.369, 3205662.007 233431.699)	95	332	0	1124	false	1850	None
LINESTRING (3205662.007 233431.699, 3205656.633 233435.299)	95	332	0	1125	false	1850	None
LINESTRING (3205656.633 233435.299, 3205591.555 233478.257)	95	332	0	1126	false	1850	None
LINESTRING (3205591.555 233478.257, 3205579.632 233486.183)	95	332	0	1127	false	1850	None
LINESTRING (3205579.632 233486.183, 3205516.178 233536.235)	95	332	0	1128	false	1850	None
LINESTRING (3205516.178 233536.235, 3205491.27 233560.98)	95	332	0	1129	false	1850	None
LINESTRING (3205491.27 233560.98, 3205460.675 233600.306)	95	332	0	1130	false	1850	None
LINESTRING (3205460.675 233600.306, 3205428.931 233657.446)	95	332	0	1131	false	1850	None
LINESTRING (3205428.931 233657.446, 3205388.367 233714.191)	95	332	0	1132	false	1850	None
LINESTRING (3205388.367 233714.191, 3205371.231 233740.23)	95	332	0	1133	false	1850	None
LINESTRING (3205371.231 233740.23, 3205367.834 233748.793)	95	332	0	1134	false	1850	None
LINESTRING (3205367.834 233748.793, 3205367.116 233758.06)	95	332	0	1135	false	1850	None
LINESTRING (3205367.116 233758.06, 3205362.606 233811.438)	95	332	0	1136	false	1850	None
LINESTRING (3205362.606 233811.438, 3205364.132 233866.255)	95	332	0	1137	false	1850	None
LINESTRING (3205364.132 233866.255, 3205373.566 233926)	95	332	0	1138	false	1850	None
LINESTRING (3205373.566 233926, 3205388.695 233962.691)	95	332	0	1139	false	1850	None
LINESTRING (3205388.695 233962.691, 3205394.928 233978.299)	95	332	0	1140	false	1850	None
LINESTRING (3205394.928 233978.299, 3205396.218 233997.917)	95	332	0	1141	false	1850	None
LINESTRING (3205396.218 233997.917, 3205392.734 234012.415)	95	332	0	1142	false	1850	None
LINESTRING (3205392.734 234012.415, 3205373.821 234029.51)	95	332	0	1143	false	1850	None
LINESTRING (3205373.821 234029.51, 3205351.418 234042.473)	95	332	0	1144	false	1850	None
LINESTRING (3205351.418 234042.473, 3205338.075 234045.776)	95	332	0	1145	false	1850	None
LINESTRING (3205338.075 234045.776, 3205258.615 234065.834)	95	332	0	1146	false	1850	None
LINESTRING (3205258.615 234065.834, 3205181.023 234098.336)	95	332	0	1147	false	1850	None
LINESTRING (3205181.023 234098.336, 3205096.218 234145.29)	95	332	0	1148	false	1850	None
LINESTRING (3205096.218 234145.29, 3205072.253 234167.664)	95	332	0	1149	false	1850	None
LINESTRING (3205072.253 234167.664, 3205025.198 234238.791)	95	332	0	1150	false	1850	None
LINESTRING (3205025.198 234238.791, 3205000.376 234263.571)	95	332	0	1151	false	1850	None
LINESTRING (3205000.376 234263.571, 3204952.327 234293.705)	95	332	0	1152	false	1850	None
LINESTRING (3204952.327 234293.705, 3204917.658 234305.026)	95	332	0	1153	false	1850	None
LINESTRING (3204917.658 234305.026, 3204863.393 234329.947)	95	332	0	1154	false	1850	None
LINESTRING (3204863.393 234329.947, 3204793.106 234372.633)	95	332	0	1155	false	1850	None
LINESTRING (3204793.106 234372.633, 3204666.766 234472.847)	95	332	0	1156	false	1850	None
LINESTRING (3204666.766 234472.847, 3204641.755 234499.105)	95	332	0	1157	false	1850	None
LINESTRING (3204641.755 234499.105, 3204630.814 234510.526)	95	332	0	1158	false	1850	None
LINESTRING (3204630.814 234510.526, 3204600.205 234551.639)	95	332	0	1159	false	1850	None
LINESTRING (3204600.205 234551.639, 3204545.356 234574.062)	95	332	0	1160	false	1850	None
LINESTRING (3204545.356 234574.062, 3204501.084 234598.411)	95	332	0	1161	false	1850	None
LINESTRING (3204501.084 234598.411, 3204476.416 234603.67)	95	332	0	1162	false	1850	None
LINESTRING (3204476.416 234603.67, 3204461.519 234610.896)	95	332	0	1163	false	1850	None
LINESTRING (3204461.519 234610.896, 3204393.542 234660.948)	95	332	0	1164	false	1850	None
LINESTRING (3204393.542 234660.948, 3204353.827 234702.15)	95	332	0	1165	false	1850	None
LINESTRING (3204353.827 234702.15, 3204334.723 234729.678)	95	332	0	1166	false	1850	None
LINESTRING (3204334.723 234729.678, 3204331.355 234688.699)	95	332	0	1167	false	1850	None
LINESTRING (3204331.355 234688.699, 3204315.208 234645.875)	95	332	0	1168	false	1850	None
LINESTRING (3204315.208 234645.875, 3204294.778 234602.666)	95	332	0	1169	false	1850	None
LINESTRING (3204294.778 234602.666, 3204252.957 234535.568)	95	332	0	1170	false	1850	None
LINESTRING (3204252.957 234535.568, 3204226.751 234476.337)	95	332	0	1171	false	1850	None
LINESTRING (3204226.751 234476.337, 3204218.924 234446.844)	95	332	0	1172	false	1850	None
LINESTRING (3204218.924 234446.844, 3204218.309 234402.898)	95	332	0	1173	false	1850	None
LINESTRING (3204218.309 234402.898, 3204214.057 234377.569)	95	332	0	1174	false	1850	None
LINESTRING (3204214.057 234377.569, 3204212.868 234374.351)	95	332	0	1175	false	1850	None
LINESTRING (3204212.868 234374.351, 3204202.852 234348.886)	95	332	0	1176	false	1850	None
LINESTRING (3204202.852 234348.886, 3204185.535 234322.435)	95	332	0	1177	false	1850	None
LINESTRING (3204185.535 234322.435, 3204103.539 234227.584)	95	332	0	1178	false	1850	None
LINESTRING (3204103.539 234227.584, 3204054.276 234182.97)	95	332	0	1179	false	1850	None
LINESTRING (3204054.276 234182.97, 3203985.321 234111.921)	95	332	0	1180	false	1850	None
LINESTRING (3203985.321 234111.921, 3203947.912 234069.741)	95	332	0	1181	false	1850	None
LINESTRING (3203947.912 234069.741, 3203943.059 234059.1)	95	332	0	1182	false	1850	None
LINESTRING (3203943.059 234059.1, 3203935.35 234050.192)	95	332	0	1183	false	1850	None
LINESTRING (3203935.35 234050.192, 3203899.925 234025.635)	95	332	0	1184	false	1850	None
LINESTRING (3203899.925 234025.635, 3203867.581 233997.286)	95	332	0	1185	false	1850	None
LINESTRING (3203867.581 233997.286, 3203851.402 233988.601)	95	332	0	1186	false	1850	None
LINESTRING (3203851.402 233988.601, 3203812.08 233985.305)	95	332	0	1187	false	1850	None
LINESTRING (3203812.08 233985.305, 3203767.707 233987.29)	95	332	0	1188	false	1850	None
LINESTRING (3203767.707 233987.29, 3203740.847 233990.369)	95	332	0	1189	false	1850	None
LINESTRING (3203740.847 233990.369, 3203710.142 233988.223)	95	332	0	1190	false	1850	None
LINESTRING (3203710.142 233988.223, 3203684.04 233981.931)	95	332	0	1191	false	1850	None
LINESTRING (3203684.04 233981.931, 3203656.609 233971.531)	95	332	0	1192	false	1850	None
LINESTRING (3203656.609 233971.531, 3203616.659 233950.674)	95	332	0	1193	false	1850	None
LINESTRING (3203616.659 233950.674, 3203559.112 233913.765)	95	332	0	1194	false	1850	None
LINESTRING (3203559.112 233913.765, 3203529.729 233891.128)	95	332	0	1195	false	1850	None
LINESTRING (3203529.729 233891.128, 3203492.732 233857.354)	95	332	0	1196	false	1850	None
LINESTRING (3203492.732 233857.354, 3203469.955 233825.517)	95	332	0	1197	false	1850	None
LINESTRING (3203469.955 233825.517, 3203452.247 233786.616)	95	332	0	1198	false	1850	None
LINESTRING (3203452.247 233786.616, 3203440.505 233732.17)	95	332	0	1199	false	1850	None
LINESTRING (3203440.505 233732.17, 3203416.27 233621.191)	95	332	0	1200	false	1850	None
LINESTRING (3203416.27 233621.191, 3203397.09 233550.186)	95	332	0	1201	false	1850	None
LINESTRING (3203397.09 233550.186, 3203390.512 233534.444)	95	332	0	1202	false	1850	None
LINESTRING (3203390.512 233534.444, 3203375.375 233515.666)	95	332	0	1203	false	1850	None
LINESTRING (3203375.375 233515.666, 3203352.725 233498.925)	95	332	0	1204	false	1850	None
LINESTRING (3203352.725 233498.925, 3203326.009 233473.288)	95	332	0	1205	false	1850	None
LINESTRING (3203326.009 233473.288, 3203292.799 233446.867)	95	332	0	1206	false	1850	None
LINESTRING (3203292.799 233446.867, 3203267.03 233422.323)	95	332	0	1207	false	1850	None
LINESTRING (3203267.03 233422.323, 3203255.093 233411.142)	95	332	0	1208	false	1850	None
LINESTRING (3203255.093 233411.142, 3203228.656 233390.273)	95	332	0	1209	false	1850	None
LINESTRING (3203228.656 233390.273, 3203225.305 233387.034)	95	332	0	1210	false	1850	None
LINESTRING (3203225.305 233387.034, 3203208.903 233371.696)	95	332	0	1211	false	1850	None
LINESTRING (3203208.903 233371.696, 3203178.092 233332.258)	95	332	0	1212	false	1850	None
LINESTRING (3203178.092 233332.258, 3203172.802 233311.774)	95	332	0	1213	false	1850	None
LINESTRING (3203172.802 233311.774, 3203170.529 233288.903)	95	332	0	1214	false	1850	None
LINESTRING (3203170.529 233288.903, 3203172.959 233269.092)	95	332	0	1215	false	1850	None
LINESTRING (3203172.959 233269.092, 3203183.585 233226.621)	95	332	0	1216	false	1850	None
LINESTRING (3203183.585 233226.621, 3203185.504 233218.546)	95	332	0	1217	false	1850	None
LINESTRING (3203185.504 233218.546, 3203193.311 233171.495)	95	332	0	1218	false	1850	None
LINESTRING (3203193.311 233171.495, 3203193.996 233163.05)	95	332	0	1219	false	1850	None
LINESTRING (3203193.996 233163.05, 3203195.138 233159.921)	95	332	0	1220	false	1850	None
LINESTRING (3203195.138 233159.921, 3203195.697 233154.531)	95	332	0	1221	false	1850	None
LINESTRING (3203195.697 233154.531, 3203195.779 233154.325)	95	332	0	1222	false	1850	None
LINESTRING (3203195.779 233154.325, 3203198.277 233127.377)	95	332	0	1223	false	1850	None
LINESTRING (3203198.277 233127.377, 3203198.918 233118.795)	95	332	0	1224	false	1850	None
LINESTRING (3203198.918 233118.795, 3203204.587 233058.479)	95	332	0	1225	false	1850	None
LINESTRING (3203204.587 233058.479, 3203203.326 233029.324)	95	332	0	1226	false	1850	None
LINESTRING (3203203.326 233029.324, 3203191.66 232995.567)	95	332	0	1227	false	1850	None
LINESTRING (3203191.66 232995.567, 3203190.024 232990.739)	95	332	0	1228	false	1850	None
LINESTRING (3203190.024 232990.739, 3203188.913 232963.196)	95	332	0	1229	false	1850	None
LINESTRING (3203188.913 232963.196, 3203194.762 232927.547)	95	332	0	1230	false	1850	None
LINESTRING (3203194.762 232927.547, 3203201.937 232904.722)	95	332	0	1231	false	1850	None
LINESTRING (3203201.937 232904.722, 3203212.235 232872.03)	95	332	0	1232	false	1850	S:3203205.836392573 232892.343
LINESTRING (3203212.235 232872.03, 3203201.937 232904.722)	95	336	0	553	false	1543	S:3203205.836392573 232892.343
LINESTRING (3203201.937 232904.722, 3203194.762 232927.547)	95	336	0	554	false	1543	None
LINESTRING (3203194.762 232927.547, 3203188.913 232963.196)	95	336	0	555	false	1543	None
LINESTRING (3203188.913 232963.196, 3203190.024 232990.739)	95	336	0	556	false	1543	None
LINESTRING (3203190.024 232990.739, 3203191.66 232995.567)	95	336	0	557	false	1543	None
LINESTRING (3203191.66 232995.567, 3203203.326 233029.324)	95	336	0	558	false	1543	None
LINESTRING (3203203.326 233029.324, 3203204.587 233058.479)	95	336	0	559	false	1543	None
LINESTRING (3203204.587 233058.479, 3203198.918 233118.795)	95	336	0	560	false	1543	None
LINESTRING (3203198.918 233118.795, 3203198.277 233127.377)	95	336	0	561	false	1543	None
LINESTRING (3203198.277 233127.377, 3203195.779 233154.325)	95	336	0	562	false	1543	None
LINESTRING (3203195.779 233154.325, 3203195.697 233154.531)	95	336	0	563	false	1543	None
LINESTRING (3203195.697 233154.531, 3203195.138 233159.921)	95	336	0	564	false	1543	None
LINESTRING (3203195.138 233159.921, 3203193.996 233163.05)	95	336	0	565	false	1543	None
LINESTRING (3203193.996 233163.05, 3203193.311 233171.495)	95	336	0	566	false	1543	None
LINESTRING (3203193.311 233171.495, 3203185.504 233218.546)	95	336	0	567	false	1543	None
LINESTRING (3203185.504 233218.546, 3203183.585 233226.621)	95	336	0	568	false	1543	None
LINESTRING (3203183.585 233226.621, 3203172.959 233269.092)	95	336	0	569	false	1543	None
LINESTRING (3203172.959 233269.092, 3203170.529 233288.903)	95	336	0	570	false	1543	None
LINESTRING (3203170.529 233288.903, 3203172.802 233311.774)	95	336	0	571	false	1543	None
LINESTRING (3203172.802 233311.774, 3203178.092 233332.258)	95	336	0	572	false	1543	None
LINESTRING (3203178.092 233332.258, 3203208.903 233371.696)	95	336	0	573	false	1543	None
LINESTRING (3203208.903 233371.696, 3203225.305 233387.034)	95	336	0	574	false	1543	None
LINESTRING (3203225.305 233387.034, 3203228.656 233390.273)	95	336	0	575	false	1543	None
LINESTRING (3203228.656 233390.273, 3203255.093 233411.142)	95	336	0	576	false	1543	None
LINESTRING (3203255.093 233411.142, 3203267.03 233422.323)	95	336	0	577	false	1543	None
LINESTRING (3203267.03 233422.323, 3203292.799 233446.867)	95	336	0	578	false	1543	None
LINESTRING (3203292.799 233446.867, 3203326.009 233473.288)	95	336	0	579	false	1543	None
LINESTRING (3203326.009 233473.288, 3203352.725 233498.925)	95	336	0	580	false	1543	None
LINESTRING (3203352.725 233498.925, 3203375.375 233515.666)	95	336	0	581	false	1543	None
LINESTRING (3203375.375 233515.666, 3203390.512 233534.444)	95	336	0	582	false	1543	None
LINESTRING (3203390.512 233534.444, 3203397.09 233550.186)	95	336	0	583	false	1543	None
LINESTRING (3203397.09 233550.186, 3203416.27 233621.191)	95	336	0	584	false	1543	None
LINESTRING (3203416.27 233621.191, 3203440.505 233732.17)	95	336	0	585	false	1543	None
LINESTRING (3203440.505 233732.17, 3203452.247 233786.616)	95	336	0	586	false	1543	None
LINESTRING (3203452.247 233786.616, 3203469.955 233825.517)	95	336	0	587	false	1543	None
LINESTRING (3203469.955 233825.517, 3203492.732 233857.354)	95	336	0	588	false	1543	None
LINESTRING (3203492.732 233857.354, 3203529.729 233891.128)	95	336	0	589	false	1543	None
LINESTRING (3203529.729 233891.128, 3203559.112 233913.765)	95	336	0	590	false	1543	None
LINESTRING (3203559.112 233913.765, 3203616.659 233950.674)	95	336	0	591	false	1543	None
LINESTRING (3203616.659 233950.674, 3203656.609 233971.531)	95	336	0	592	false	1543	None
LINESTRING (3203656.609 233971.531, 3203684.04 233981.931)	95	336	0	593	false	1543	None
LINESTRING (3203684.04 233981.931, 3203710.142 233988.223)	95	336	0	594	false	1543	None
LINESTRING (3203710.142 233988.223, 3203740.847 233990.369)	95	336	0	595	false	1543	None
LINESTRING (3203740.847 233990.369, 3203767.707 233987.29)	95	336	0	596	false	1543	None
LINESTRING (3203767.707 233987.29, 3203812.08 233985.305)	95	336	0	597	false	1543	None
LINESTRING (3203812.08 233985.305, 3203851.402 233988.601)	95	336	0	598	false	1543	None
LINESTRING (3203851.402 233988.601, 3203867.581 233997.286)	95	336	0	599	false	1543	None
LINESTRING (3203867.581 233997.286, 3203899.925 234025.635)	95	336	0	600	false	1543	None
LINESTRING (3203899.925 234025.635, 3203935.35 234050.192)	95	336	0	601	false	1543	None
LINESTRING (3203935.35 234050.192, 3203943.059 234059.1)	95	336	0	602	false	1543	None
LINESTRING (3203943.059 234059.1, 3203947.912 234069.741)	95	336	0	603	false	1543	None
LINESTRING (3203947.912 234069.741, 3203985.321 234111.921)	95	336	0	604	false	1543	None
LINESTRING (3203985.321 234111.921, 3204054.276 234182.97)	95	336	0	605	false	1543	None
LINESTRING (3204054.276 234182.97, 3204103.539 234227.584)	95	336	0	606	false	1543	None
LINESTRING (3204103.539 234227.584, 3204185.535 234322.435)	95	336	0	607	false	1543	None
LINESTRING (3204185.535 234322.435, 3204202.852 234348.886)	95	336	0	608	false	1543	None
LINESTRING (3204202.852 234348.886, 3204212.868 234374.351)	95	336	0	609	false	1543	None
LINESTRING (3204212.868 234374.351, 3204214.057 234377.569)	95	336	0	610	false	1543	None
LINESTRING (3204214.057 234377.569, 3204218.309 234402.898)	95	336	0	611	false	1543	None
LINESTRING (3204218.309 234402.898, 3204218.924 234446.844)	95	336	0	612	false	1543	None
LINESTRING (3204218.924 234446.844, 3204226.751 234476.337)	95	336	0	613	false	1543	None
LINESTRING (3204226.751 234476.337, 3204252.957 234535.568)	95	336	0	614	false	1543	None
LINESTRING (3204252.957 234535.568, 3204294.778 234602.666)	95	336	0	615	false	1543	None
LINESTRING (3204294.778 234602.666, 3204315.208 234645.875)	95	336	0	616	false	1543	None
LINESTRING (3204315.208 234645.875, 3204331.355 234688.699)	95	336	0	617	false	1543	None
LINESTRING (3204331.355 234688.699, 3204334.723 234729.678)	95	336	0	618	false	1543	None
LINESTRING (3204334.723 234729.678, 3204290.809 234910.234)	95	336	0	619	false	1543	None
LINESTRING (3204290.809 234910.234, 3204201.802 235275.059)	95	336	0	620	false	1543	None
LINESTRING (3204201.802 235275.059, 3204260.601 235430.33)	95	336	0	621	false	1543	None
LINESTRING (3204260.601 235430.33, 3204316.37 235578.071)	95	336	0	622	false	1543	None
LINESTRING (3204316.37 235578.071, 3204315.951 235590.562)	95	336	0	623	false	1543	None
LINESTRING (3204315.951 235590.562, 3204296.463 235621.042)	95	336	0	624	false	1543	None
LINESTRING (3204296.463 235621.042, 3204237.877 235712.552)	95	336	0	625	false	1543	None
LINESTRING (3204237.877 235712.552, 3204218.264 235743.101)	95	336	0	626	false	1543	None
LINESTRING (3204218.264 235743.101, 3204178.168 235805.647)	95	336	0	627	false	1543	None
LINESTRING (3204178.168 235805.647, 3204134.009 235874.461)	95	336	0	628	false	1543	None
LINESTRING (3204134.009 235874.461, 3204069.216 236001.003)	95	336	0	629	false	1543	None
LINESTRING (3204069.216 236001.003, 3204035.067 236067.699)	95	336	0	630	false	1543	None
LINESTRING (3204035.067 236067.699, 3203975.305 236184.297)	95	336	0	631	false	1543	None
LINESTRING (3203975.305 236184.297, 3203829.756 236281.789)	95	336	0	632	false	1543	None
LINESTRING (3203829.756 236281.789, 3203670.589 236417.346)	95	336	0	633	false	1543	None
LINESTRING (3203670.589 236417.346, 3203613.86 236535.505)	95	336	0	634	false	1543	None
LINESTRING (3203613.86 236535.505, 3203568.506 236597.399)	95	336	0	635	false	1543	None
LINESTRING (3203568.506 236597.399, 3203712.313 236692.417)	95	336	0	636	false	1543	None
LINESTRING (3203712.313 236692.417, 3203673.365 236773.449)	95	336	0	637	false	1543	None
LINESTRING (3203673.365 236773.449, 3203723.165 236983.902)	95	336	0	638	false	1543	None
LINESTRING (3203723.165 236983.902, 3203310.746 237136.615)	95	336	0	639	false	1543	None
LINESTRING (3203310.746 237136.615, 3203262.641 237265.839)	95	336	0	640	false	1543	None
LINESTRING (3203262.641 237265.839, 3203035.009 237129.935)	95	336	0	641	false	1543	None
LINESTRING (3203035.009 237129.935, 3202987.872 237108.851)	95	336	0	642	false	1543	None
LINESTRING (3202987.872 237108.851, 3202949.18 237073.683)	95	336	0	643	false	1543	None
LINESTRING (3202949.18 237073.683, 3202890.165 237017.679)	95	336	0	644	false	1543	None
LINESTRING (3202890.165 237017.679, 3202821.776 237003.452)	95	336	0	645	false	1543	None
LINESTRING (3202821.776 237003.452, 3202708.975 237008.746)	95	336	0	646	false	1543	None
LINESTRING (3202708.975 237008.746, 3202639.511 237087.708)	95	336	0	647	false	1543	None
LINESTRING (3202639.511 237087.708, 3202630.527 237084.264)	95	336	0	648	false	1543	None
LINESTRING (3202630.527 237084.264, 3202622.319 237081.845)	95	336	0	649	false	1543	None
LINESTRING (3202622.319 237081.845, 3202613.698 237080.217)	95	336	0	650	false	1543	None
LINESTRING (3202613.698 237080.217, 3202605.002 237079.276)	95	336	0	651	false	1543	None
LINESTRING (3202605.002 237079.276, 3202593.649 237079.072)	95	336	0	652	false	1543	None
LINESTRING (3202593.649 237079.072, 3202586.166 237080.045)	95	336	0	653	false	1543	None
LINESTRING (3202586.166 237080.045, 3202562.731 237085.199)	95	336	0	654	false	1543	None
LINESTRING (3202562.731 237085.199, 3202541.361 237092.605)	95	336	0	655	false	1543	None
LINESTRING (3202541.361 237092.605, 3202531.007 237097.335)	95	336	0	656	false	1543	None
LINESTRING (3202531.007 237097.335, 3202517.243 237103.459)	95	336	0	657	false	1543	None
LINESTRING (3202517.243 237103.459, 3202500.684 237112.654)	95	336	0	658	false	1543	None
LINESTRING (3202500.684 237112.654, 3202451.133 237137.183)	95	336	0	659	false	1543	None
LINESTRING (3202451.133 237137.183, 3202426.994 237149.581)	95	336	0	660	false	1543	None
LINESTRING (3202426.994 237149.581, 3202403.079 237156.695)	95	336	0	661	false	1543	None
LINESTRING (3202403.079 237156.695, 3202385.895 237157.522)	95	336	0	662	false	1543	None
LINESTRING (3202385.895 237157.522, 3202364.282 237156.593)	95	336	0	663	false	1543	None
LINESTRING (3202364.282 237156.593, 3202346.281 237153.515)	95	336	0	664	false	1543	None
LINESTRING (3202346.281 237153.515, 3202324.005 237147.547)	95	336	0	665	false	1543	None
LINESTRING (3202324.005 237147.547, 3202279.736 237131.664)	95	336	0	666	false	1543	None
LINESTRING (3202279.736 237131.664, 3202263.226 237123.087)	95	336	0	667	false	1543	None
LINESTRING (3202263.226 237123.087, 3202216.241 237106.845)	95	336	0	668	false	1543	None
LINESTRING (3202216.241 237106.845, 3202170.805 237110.559)	95	336	0	669	false	1543	None
LINESTRING (3202170.805 237110.559, 3201920.064 237170.421)	95	336	0	670	false	1543	None
LINESTRING (3201920.064 237170.421, 3201809.973 237308.62)	95	336	0	671	false	1543	None
LINESTRING (3201809.973 237308.62, 3201786.065 237367.678)	95	336	0	672	false	1543	None
LINESTRING (3201786.065 237367.678, 3201632.875 237373.448)	95	336	0	673	false	1543	None
LINESTRING (3201632.875 237373.448, 3201528.025 237292.596)	95	336	0	674	false	1543	None
LINESTRING (3201528.025 237292.596, 3201510.307 237294.526)	95	336	0	675	false	1543	None
LINESTRING (3201510.307 237294.526, 3201388.479 237256.497)	95	336	0	676	false	1543	None
LINESTRING (3201388.479 237256.497, 3201058.973 237367.181)	95	336	0	677	false	1543	None
LINESTRING (3201058.973 237367.181, 3200816.615 237494.746)	95	336	0	678	false	1543	None
LINESTRING (3200816.615 237494.746, 3200728.071 237492.365)	95	336	0	679	false	1543	None
LINESTRING (3200728.071 237492.365, 3200546.063 237457)	95	336	0	680	false	1543	None
LINESTRING (3200546.063 237457, 3200464.502 237433.271)	95	336	0	681	false	1543	None
LINESTRING (3200464.502 237433.271, 3200332.279 237435.671)	95	336	0	682	false	1543	None
LINESTRING (3200332.279 237435.671, 3200173.991 237679.905)	95	336	0	683	false	1543	None
LINESTRING (3200173.991 237679.905, 3200062.435 237688.11)	95	336	0	684	false	1543	None
LINESTRING (3200062.435 237688.11, 3199912.632 237704.8)	95	336	0	685	false	1543	None
LINESTRING (3199912.632 237704.8, 3199838.702 237783.436)	95	336	0	686	false	1543	None
LINESTRING (3199838.702 237783.436, 3199791.329 237862.448)	95	336	0	687	false	1543	None
LINESTRING (3199791.329 237862.448, 3199679.509 238028.749)	95	336	0	688	false	1543	None
LINESTRING (3199679.509 238028.749, 3199635.876 238048.591)	95	336	0	689	false	1543	None
LINESTRING (3199635.876 238048.591, 3199624.994 238054.666)	95	336	0	690	false	1543	None
LINESTRING (3199624.994 238054.666, 3199605.523 238067.247)	95	336	0	691	false	1543	None
LINESTRING (3199605.523 238067.247, 3199603.384 238068.668)	95	336	0	692	false	1543	None
LINESTRING (3199603.384 238068.668, 3199592.481 238076.287)	95	336	0	693	false	1543	None
LINESTRING (3199592.481 238076.287, 3199567.286 238097.346)	95	336	0	694	false	1543	None
LINESTRING (3199567.286 238097.346, 3199555.764 238106.033)	95	336	0	695	false	1543	None
LINESTRING (3199555.764 238106.033, 3199540.252 238120.064)	95	336	0	696	false	1543	None
LINESTRING (3199540.252 238120.064, 3199528.569 238132.388)	95	336	0	697	false	1543	None
LINESTRING (3199528.569 238132.388, 3199494.031 238175.534)	95	336	0	698	false	1543	None
LINESTRING (3199494.031 238175.534, 3199438.168 238249.869)	95	336	0	699	false	1543	None
LINESTRING (3199438.168 238249.869, 3199428.219 238265.03)	95	336	0	700	false	1543	None
LINESTRING (3199428.219 238265.03, 3199419.429 238278.262)	95	336	0	701	false	1543	None
LINESTRING (3199419.429 238278.262, 3199402.867 238304.891)	95	336	0	702	false	1543	None
LINESTRING (3199402.867 238304.891, 3199398.904 238309.171)	95	336	0	703	false	1543	None
LINESTRING (3199398.904 238309.171, 3199396.516 238310.971)	95	336	0	704	false	1543	None
LINESTRING (3199396.516 238310.971, 3199385.89 238317.148)	95	336	0	705	false	1543	None
LINESTRING (3199385.89 238317.148, 3199382.984 238318.265)	95	336	0	706	false	1543	None
LINESTRING (3199382.984 238318.265, 3199379.857 238318.697)	95	336	0	707	false	1543	None
LINESTRING (3199379.857 238318.697, 3199367.814 238317.507)	95	336	0	708	false	1543	None
LINESTRING (3199367.814 238317.507, 3199364.026 238316.125)	95	336	0	709	false	1543	None
LINESTRING (3199364.026 238316.125, 3199364.963 238316.497)	95	336	0	710	false	1543	None
LINESTRING (3199364.963 238316.497, 3199367.439 238317.955)	95	336	0	711	false	1543	None
LINESTRING (3199367.439 238317.955, 3199368.042 238318.672)	95	336	0	712	false	1543	None
LINESTRING (3199368.042 238318.672, 3199246.622 238488.335)	95	336	0	713	false	1543	None
LINESTRING (3199246.622 238488.335, 3199208.781 238441.344)	95	336	0	714	false	1543	None
LINESTRING (3199208.781 238441.344, 3199158.271 238378.827)	95	336	0	715	false	1543	None
LINESTRING (3199158.271 238378.827, 3199036.699 238348.688)	95	336	0	716	false	1543	None
LINESTRING (3199036.699 238348.688, 3198847.043 238381.718)	95	336	0	717	false	1543	None
LINESTRING (3198847.043 238381.718, 3198625.088 238454.009)	95	336	0	718	false	1543	None
LINESTRING (3198625.088 238454.009, 3198533.471 238502.722)	95	336	0	719	false	1543	None
LINESTRING (3198533.471 238502.722, 3198305.945 238623.673)	95	336	0	720	false	1543	None
LINESTRING (3198305.945 238623.673, 3198296.826 238628.537)	95	336	0	721	false	1543	None
LINESTRING (3198296.826 238628.537, 3198269.468 238643.13)	95	336	0	722	false	1543	None
LINESTRING (3198269.468 238643.13, 3198260.264 238647.961)	95	336	0	723	false	1543	None
LINESTRING (3198260.264 238647.961, 3198158.992 238565.105)	95	336	0	724	false	1543	None
LINESTRING (3198158.992 238565.105, 3198060.474 238455.644)	95	336	0	725	false	1543	None
LINESTRING (3198060.474 238455.644, 3197988.904 238380.377)	95	336	0	726	false	1543	None
LINESTRING (3197988.904 238380.377, 3197942.12 238282.575)	95	336	0	727	false	1543	None
LINESTRING (3197942.12 238282.575, 3197940.475 238280.013)	95	336	0	728	false	1543	None
LINESTRING (3197940.475 238280.013, 3197842.141 238124.547)	95	336	0	729	false	1543	None
LINESTRING (3197842.141 238124.547, 3197825.867 238034.532)	95	336	0	730	false	1543	None
LINESTRING (3197825.867 238034.532, 3197812.953 237963.398)	95	336	0	731	false	1543	None
LINESTRING (3197812.953 237963.398, 3197694.287 237671.905)	95	336	0	732	false	1543	None
LINESTRING (3197694.287 237671.905, 3197279.48 238731.093)	95	336	0	733	false	1543	None
LINESTRING (3197279.48 238731.093, 3197276.296 238739.383)	95	336	0	734	false	1543	None
LINESTRING (3197276.296 238739.383, 3197266.488 238764.152)	95	336	0	735	false	1543	None
LINESTRING (3197266.488 238764.152, 3197263.178 238772.511)	95	336	0	736	false	1543	None
LINESTRING (3197263.178 238772.511, 3197123.257 239129.578)	95	336	0	737	false	1543	None
LINESTRING (3197123.257 239129.578, 3197022.518 239386.956)	95	336	0	738	false	1543	None
LINESTRING (3197022.518 239386.956, 3196932.762 239615.852)	95	336	0	739	false	1543	None
LINESTRING (3196932.762 239615.852, 3196913.792 239663.258)	95	336	0	740	false	1543	None
LINESTRING (3196913.792 239663.258, 3196861.665 239793.4)	95	336	0	741	false	1543	None
LINESTRING (3196861.665 239793.4, 3196619.766 240392.318)	95	336	0	742	false	1543	None
LINESTRING (3196619.766 240392.318, 3196494.498 240702.186)	95	336	0	743	false	1543	None
LINESTRING (3196494.498 240702.186, 3196480.872 240741.321)	95	336	0	744	false	1543	None
LINESTRING (3196480.872 240741.321, 3196474.957 240759.991)	95	336	0	745	false	1543	None
LINESTRING (3196474.957 240759.991, 3196432.719 240868.144)	95	336	0	746	false	1543	None
LINESTRING (3196432.719 240868.144, 3196286.096 241242.384)	95	336	0	747	false	1543	None
LINESTRING (3196286.096 241242.384, 3195846.14 242365.076)	95	336	0	748	false	1543	None
LINESTRING (3195846.14 242365.076, 3195701.759 242733.404)	95	336	0	749	false	1543	None
LINESTRING (3195701.759 242733.404, 3195699.389 242739.39)	95	336	0	750	false	1543	None
LINESTRING (3195699.389 242739.39, 3195562.777 243085.365)	95	336	0	751	false	1543	None
LINESTRING (3195562.777 243085.365, 3195516.393 243202.744)	95	336	0	752	false	1543	None
LINESTRING (3195516.393 243202.744, 3194774.533 242903.276)	95	336	0	753	false	1543	None
LINESTRING (3194774.533 242903.276, 3194767.178 242921.854)	95	336	0	754	false	1543	None
LINESTRING (3194767.178 242921.854, 3194638.126 243246.589)	95	336	0	755	false	1543	None
LINESTRING (3194638.126 243246.589, 3194629.195 243267.408)	95	336	0	756	false	1543	None
LINESTRING (3194629.195 243267.408, 3194617.397 243294.971)	95	336	0	757	false	1543	None
LINESTRING (3194617.397 243294.971, 3194581.835 243377.834)	95	336	0	758	false	1543	None
LINESTRING (3194581.835 243377.834, 3194578.229 243386.196)	95	336	0	759	false	1543	None
LINESTRING (3194578.229 243386.196, 3194569.911 243405.467)	95	336	0	760	false	1543	None
LINESTRING (3194569.911 243405.467, 3194473.348 243660.57)	95	336	0	761	false	1543	None
LINESTRING (3194473.348 243660.57, 3194713.139 243752.401)	95	336	0	762	false	1543	None
LINESTRING (3194713.139 243752.401, 3194781.637 243778.567)	95	336	0	763	false	1543	None
LINESTRING (3194781.637 243778.567, 3194700.827 243842.678)	95	336	0	764	false	1543	None
LINESTRING (3194700.827 243842.678, 3192961.862 245222.298)	95	336	0	765	false	1543	None
LINESTRING (3192961.862 245222.298, 3192393.368 245673.498)	95	336	0	766	false	1543	None
LINESTRING (3192393.368 245673.498, 3192381.496 245680.618)	95	336	0	767	false	1543	None
LINESTRING (3192381.496 245680.618, 3192308.417 245724.283)	95	336	0	768	false	1543	None
LINESTRING (3192308.417 245724.283, 3192288.448 245736.198)	95	336	0	769	false	1543	None
LINESTRING (3192288.448 245736.198, 3192273.384 245747.906)	95	336	0	770	false	1543	None
LINESTRING (3192273.384 245747.906, 3192262.506 245756.494)	95	336	0	771	false	1543	None
LINESTRING (3192262.506 245756.494, 3192251.502 245765.152)	95	336	0	772	false	1543	None
LINESTRING (3192251.502 245765.152, 3192214.257 245793.869)	95	336	0	773	false	1543	None
LINESTRING (3192214.257 245793.869, 3192175.592 245823.933)	95	336	0	774	false	1543	None
LINESTRING (3192175.592 245823.933, 3192171.784 245826.843)	95	336	0	775	false	1543	None
LINESTRING (3192171.784 245826.843, 3192115.462 245870.694)	95	336	0	776	false	1543	None
LINESTRING (3192115.462 245870.694, 3192080.94 245897.503)	95	336	0	777	false	1543	None
LINESTRING (3192080.94 245897.503, 3191876.36 246059.134)	95	336	0	778	false	1543	None
LINESTRING (3191876.36 246059.134, 3191262.486 246544.228)	95	336	0	779	false	1543	None
LINESTRING (3191262.486 246544.228, 3191063.24 246701.653)	95	336	0	780	false	1543	None
LINESTRING (3191063.24 246701.653, 3191057.761 246706.051)	95	336	0	781	false	1543	None
LINESTRING (3191057.761 246706.051, 3191000.869 246750.873)	95	336	0	782	false	1543	None
LINESTRING (3191000.869 246750.873, 3190829.902 246885.584)	95	336	0	783	false	1543	None
LINESTRING (3190829.902 246885.584, 3190772.885 246930.477)	95	336	0	784	false	1543	None
LINESTRING (3190772.885 246930.477, 3190733.493 246962.406)	95	336	0	785	false	1543	None
LINESTRING (3190733.493 246962.406, 3190615.147 247058.128)	95	336	0	786	false	1543	None
LINESTRING (3190615.147 247058.128, 3190575.67 247090.024)	95	336	0	787	false	1543	None
LINESTRING (3190575.67 247090.024, 3190468.739 247176.295)	95	336	0	788	false	1543	None
LINESTRING (3190468.739 247176.295, 3190147.956 247435.115)	95	336	0	789	false	1543	None
LINESTRING (3190147.956 247435.115, 3190040.991 247521.494)	95	336	0	790	false	1543	None
LINESTRING (3190040.991 247521.494, 3189858.299 247669.007)	95	336	0	791	false	1543	None
LINESTRING (3189858.299 247669.007, 3189684.728 247809.147)	95	336	0	792	false	1543	None
LINESTRING (3189684.728 247809.147, 3189310.041 248111.605)	95	336	0	793	false	1543	W:3189315.719 248107.02155695567
LINESTRING (3206523.375 240170.665, 3206421.611 239418.435)	95	100	0	1332	false	1809	E:3206427.052 239458.65436470738
LINESTRING (3206421.611 239418.435, 3206406.017 239303.799)	95	100	0	1333	false	1809	None
LINESTRING (3206406.017 239303.799, 3206391.304 239166.584)	95	100	0	1334	false	1809	None
LINESTRING (3206391.304 239166.584, 3206401.455 239165.6)	95	100	0	1335	false	1809	None
LINESTRING (3206401.455 239165.6, 3206412.976 239168.861)	95	100	0	1336	false	1809	None
LINESTRING (3206412.976 239168.861, 3206434.384 239173.542)	95	100	0	1337	false	1809	E:3206427.052 239171.9388099776
LINESTRING (3206434.384 239173.542, 3206412.976 239168.861)	95	103	0	1437	false	1678	E:3206427.052 239171.9388099776
LINESTRING (3206412.976 239168.861, 3206401.455 239165.6)	95	103	0	1438	false	1678	None
LINESTRING (3206401.455 239165.6, 3206391.304 239166.584)	95	103	0	1439	false	1678	None
LINESTRING (3206391.304 239166.584, 3206257.203 237951.068)	95	103	0	1440	false	1678	None
LINESTRING (3206257.203 237951.068, 3206206.264 237836.258)	95	103	0	1441	false	1678	None
LINESTRING (3206206.264 237836.258, 3206205.732 237831.389)	95	103	0	1442	false	1678	None
LINESTRING (3206205.732 237831.389, 3206203.843 237817.025)	95	103	0	1443	false	1678	None
LINESTRING (3206203.843 237817.025, 3206203.1 237812.192)	95	103	0	1444	false	1678	None
LINESTRING (3206203.1 237812.192, 3206195.312 237753.089)	95	103	0	1445	false	1678	None
LINESTRING (3206195.312 237753.089, 3206171.858 237575.748)	95	103	0	1446	false	1678	None
LINESTRING (3206171.858 237575.748, 3206163.942 237516.715)	95	103	0	1447	false	1678	None
LINESTRING (3206163.942 237516.715, 3206093.346 237040.614)	95	103	0	1448	false	1678	None
LINESTRING (3206093.346 237040.614, 3206091.217 237027.349)	95	103	0	1449	false	1678	None
LINESTRING (3206091.217 237027.349, 3206090.95 237023.302)	95	103	0	1450	false	1678	None
LINESTRING (3206090.95 237023.302, 3206056.494 236776.275)	95	103	0	1451	false	1678	None
LINESTRING (3206056.494 236776.275, 3206056.127 236774.219)	95	103	0	1452	false	1678	None
LINESTRING (3206056.127 236774.219, 3205996.438 236345.81)	95	103	0	1453	false	1678	None
LINESTRING (3205996.438 236345.81, 3205982.866 236189.716)	95	103	0	1454	false	1678	None
LINESTRING (3205982.866 236189.716, 3205982.577 236187.214)	95	103	0	1455	false	1678	None
LINESTRING (3205982.577 236187.214, 3205980.412 236162.112)	95	103	0	1456	false	1678	None
LINESTRING (3205980.412 236162.112, 3205920.163 235707.22)	95	103	0	1457	false	1678	None
LINESTRING (3205920.163 235707.22, 3205868.04 235296.4)	95	103	0	1458	false	1678	None
LINESTRING (3205868.04 235296.4, 3205853.299 235179.733)	95	103	0	1459	false	1678	None
LINESTRING (3205853.299 235179.733, 3205808.773 234829.732)	95	103	0	1460	false	1678	None
LINESTRING (3205808.773 234829.732, 3205804.735 234798.156)	95	103	0	1461	false	1678	None
LINESTRING (3205804.735 234798.156, 3205793.478 234713.204)	95	103	0	1462	false	1678	None
LINESTRING (3205793.478 234713.204, 3205790.538 234690.543)	95	103	0	1463	false	1678	None
LINESTRING (3205790.538 234690.543, 3205781.55 234622.732)	95	103	0	1464	false	1678	None
LINESTRING (3205781.55 234622.732, 3205778.483 234600.14)	95	103	0	1465	false	1678	None
LINESTRING (3205778.483 234600.14, 3205759.225 234454.576)	95	103	0	1466	false	1678	None
LINESTRING (3205759.225 234454.576, 3205720.105 234160.226)	95	103	0	1467	false	1678	None
LINESTRING (3205720.105 234160.226, 3205701.312 234018.193)	95	103	0	1468	false	1678	None
LINESTRING (3205701.312 234018.193, 3205686.928 233910.031)	95	103	0	1469	false	1678	None
LINESTRING (3205686.928 233910.031, 3205682.426 233872.66)	95	103	0	1470	false	1678	None
LINESTRING (3205682.426 233872.66, 3205706.375 233806.338)	95	103	0	1471	false	1678	None
LINESTRING (3205706.375 233806.338, 3205656.633 233435.299)	95	103	0	1472	false	1678	None
LINESTRING (3205656.633 233435.299, 3205662.007 233431.699)	95	103	0	1473	false	1678	None
LINESTRING (3205662.007 233431.699, 3205683.671 233417.369)	95	103	0	1474	false	1678	None
LINESTRING (3205683.671 233417.369, 3205688.878 233413.942)	95	103	0	1475	false	1678	None
LINESTRING (3205688.878 233413.942, 3205781.508 233347.288)	95	103	0	1476	false	1678	None
LINESTRING (3205781.508 233347.288, 3205804.016 233326.606)	95	103	0	1477	false	1678	None
LINESTRING (3205804.016 233326.606, 3205813.422 233314.337)	95	103	0	1478	false	1678	None
LINESTRING (3205813.422 233314.337, 3205859.846 233237.111)	95	103	0	1479	false	1678	None
LINESTRING (3205859.846 233237.111, 3205880.318 233210.127)	95	103	0	1480	false	1678	None
LINESTRING (3205880.318 233210.127, 3205891.111 233169.751)	95	103	0	1481	false	1678	None
LINESTRING (3205891.111 233169.751, 3205909.649 233143.911)	95	103	0	1482	false	1678	None
LINESTRING (3205909.649 233143.911, 3205916.932 233128.293)	95	103	0	1483	false	1678	None
LINESTRING (3205916.932 233128.293, 3205921.442 233087.095)	95	103	0	1484	false	1678	None
LINESTRING (3205921.442 233087.095, 3205923.918 233055.001)	95	103	0	1485	false	1678	None
LINESTRING (3205923.918 233055.001, 3205934.043 232957.641)	95	103	0	1486	false	1678	None
LINESTRING (3205934.043 232957.641, 3205941.846 232903.421)	95	103	0	1487	false	1678	None
LINESTRING (3205941.846 232903.421, 3205952.622 232864.829)	95	103	0	1488	false	1678	S:3205944.9392972635 232892.343
LINESTRING (3189310.041 248111.605, 3189684.728 247809.147)	95	591	0	953	false	2171	W:3189315.719 248107.02155695567
LINESTRING (3189684.728 247809.147, 3189858.299 247669.007)	95	591	0	954	false	2171	None
LINESTRING (3189858.299 247669.007, 3190040.991 247521.494)	95	591	0	955	false	2171	None
LINESTRING (3190040.991 247521.494, 3190147.956 247435.115)	95	591	0	956	false	2171	None
LINESTRING (3190147.956 247435.115, 3190468.739 247176.295)	95	591	0	957	false	2171	None
LINESTRING (3190468.739 247176.295, 3190575.67 247090.024)	95	591	0	958	false	2171	None
LINESTRING (3190575.67 247090.024, 3190615.147 247058.128)	95	591	0	959	false	2171	None
LINESTRING (3190615.147 247058.128, 3190733.493 246962.406)	95	591	0	960	false	2171	None
LINESTRING (3190733.493 246962.406, 3190772.885 246930.477)	95	591	0	961	false	2171	None
LINESTRING (3190772.885 246930.477, 3190829.902 246885.584)	95	591	0	962	false	2171	None
LINESTRING (3190829.902 246885.584, 3191000.869 246750.873)	95	591	0	963	false	2171	None
LINESTRING (3191000.869 246750.873, 3191057.761 246706.051)	95	591	0	964	false	2171	None
LINESTRING (3191057.761 246706.051, 3191063.24 246701.653)	95	591	0	965	false	2171	None
LINESTRING (3191063.24 246701.653, 3191262.486 246544.228)	95	591	0	966	false	2171	None
LINESTRING (3191262.486 246544.228, 3191876.36 246059.134)	95	591	0	967	false	2171	None
LINESTRING (3191876.36 246059.134, 3192080.94 245897.503)	95	591	0	968	false	2171	None
LINESTRING (3192080.94 245897.503, 3192115.462 245870.694)	95	591	0	969	false	2171	None
LINESTRING (3192115.462 245870.694, 3192171.784 245826.843)	95	591	0	970	false	2171	None
LINESTRING (3192171.784 245826.843, 3192175.592 245823.933)	95	591	0	971	false	2171	None
LINESTRING (3192175.592 245823.933, 3192214.257 245793.869)	95	591	0	972	false	2171	None
LINESTRING (3192214.257 245793.869, 3192251.502 245765.152)	95	591	0	973	false	2171	None
LINESTRING (3192251.502 245765.152, 3192262.506 245756.494)	95	591	0	974	false	2171	None
LINESTRING (3192262.506 245756.494, 3192273.384 245747.906)	95	591	0	975	false	2171	None
LINESTRING (3192273.384 245747.906, 3192288.448 245736.198)	95	591	0	976	false	2171	None
LINESTRING (3192288.448 245736.198, 3192308.417 245724.283)	95	591	0	977	false	2171	None
LINESTRING (3192308.417 245724.283, 3192381.496 245680.618)	95	591	0	978	false	2171	None
LINESTRING (3192381.496 245680.618, 3192393.368 245673.498)	95	591	0	979	false	2171	None
LINESTRING (3192393.368 245673.498, 3192961.862 245222.298)	95	591	0	980	false	2171	None
LINESTRING (3192961.862 245222.298, 3194700.827 243842.678)	95	591	0	981	false	2171	None
LINESTRING (3194700.827 243842.678, 3194781.637 243778.567)	95	591	0	982	false	2171	None
LINESTRING (3194781.637 243778.567, 3194713.139 243752.401)	95	591	0	983	false	2171	None
LINESTRING (3194713.139 243752.401, 3194473.348 243660.57)	95	591	0	984	false	2171	None
LINESTRING (3194473.348 243660.57, 3194569.911 243405.467)	95	591	0	985	false	2171	None
LINESTRING (3194569.911 243405.467, 3194578.229 243386.196)	95	591	0	986	false	2171	None
LINESTRING (3194578.229 243386.196, 3194581.835 243377.834)	95	591	0	987	false	2171	None
LINESTRING (3194581.835 243377.834, 3194617.397 243294.971)	95	591	0	988	false	2171	None
LINESTRING (3194617.397 243294.971, 3194629.195 243267.408)	95	591	0	989	false	2171	None
LINESTRING (3194629.195 243267.408, 3194638.126 243246.589)	95	591	0	990	false	2171	None
LINESTRING (3194638.126 243246.589, 3194767.178 242921.854)	95	591	0	991	false	2171	None
LINESTRING (3194767.178 242921.854, 3194774.533 242903.276)	95	591	0	992	false	2171	None
LINESTRING (3194774.533 242903.276, 3195516.393 243202.744)	95	591	0	993	false	2171	None
LINESTRING (3195516.393 243202.744, 3195562.777 243085.365)	95	591	0	994	false	2171	None
LINESTRING (3195562.777 243085.365, 3195699.389 242739.39)	95	591	0	995	false	2171	None
LINESTRING (3195699.389 242739.39, 3195701.759 242733.404)	95	591	0	996	false	2171	None
LINESTRING (3195701.759 242733.404, 3195846.14 242365.076)	95	591	0	997	false	2171	None
LINESTRING (3195846.14 242365.076, 3196286.096 241242.384)	95	591	0	998	false	2171	None
LINESTRING (3196286.096 241242.384, 3196432.719 240868.144)	95	591	0	999	false	2171	None
LINESTRING (3196432.719 240868.144, 3196474.957 240759.991)	95	591	0	1000	false	2171	None
LINESTRING (3196474.957 240759.991, 3196480.872 240741.321)	95	591	0	1001	false	2171	None
LINESTRING (3196480.872 240741.321, 3196494.498 240702.186)	95	591	0	1002	false	2171	None
LINESTRING (3196494.498 240702.186, 3196619.766 240392.318)	95	591	0	1003	false	2171	None
LINESTRING (3196619.766 240392.318, 3196861.665 239793.4)	95	591	0	1004	false	2171	None
LINESTRING (3196861.665 239793.4, 3196913.792 239663.258)	95	591	0	1005	false	2171	None
LINESTRING (3196913.792 239663.258, 3196932.762 239615.852)	95	591	0	1006	false	2171	None
LINESTRING (3196932.762 239615.852, 3197022.518 239386.956)	95	591	0	1007	false	2171	None
LINESTRING (3197022.518 239386.956, 3197123.257 239129.578)	95	591	0	1008	false	2171	None
LINESTRING (3197123.257 239129.578, 3197263.178 238772.511)	95	591	0	1009	false	2171	None
LINESTRING (3197263.178 238772.511, 3197266.488 238764.152)	95	591	0	1010	false	2171	None
LINESTRING (3197266.488 238764.152, 3197276.296 238739.383)	95	591	0	1011	false	2171	None
LINESTRING (3197276.296 238739.383, 3197279.48 238731.093)	95	591	0	1012	false	2171	None
LINESTRING (3197279.48 238731.093, 3197694.287 237671.905)	95	591	0	1013	false	2171	None
LINESTRING (3197694.287 237671.905, 3197812.953 237963.398)	95	591	0	1014	false	2171	None
LINESTRING (3197812.953 237963.398, 3197825.867 238034.532)	95	591	0	1015	false	2171	None
LINESTRING (3197825.867 238034.532, 3197842.141 238124.547)	95	591	0	1016	false	2171	None
LINESTRING (3197842.141 238124.547, 3197940.475 238280.013)	95	591	0	1017	false	2171	None
LINESTRING (3197940.475 238280.013, 3197942.12 238282.575)	95	591	0	1018	false	2171	None
LINESTRING (3197942.12 238282.575, 3197988.904 238380.377)	95	591	0	1019	false	2171	None
LINESTRING (3197988.904 238380.377, 3198060.474 238455.644)	95	591	0	1020	false	2171	None
LINESTRING (3198060.474 238455.644, 3198158.992 238565.105)	95	591	0	1021	false	2171	None
LINESTRING (3198158.992 238565.105, 3198260.264 238647.961)	95	591	0	1022	false	2171	None
LINESTRING (3198260.264 238647.961, 3198269.468 238643.13)	95	591	0	1023	false	2171	None
LINESTRING (3198269.468 238643.13, 3198296.826 238628.537)	95	591	0	1024	false	2171	None
LINESTRING (3198296.826 238628.537, 3198305.945 238623.673)	95	591	0	1025	false	2171	None
LINESTRING (3198305.945 238623.673, 3198533.471 238502.722)	95	591	0	1026	false	2171	None
LINESTRING (3198533.471 238502.722, 3198625.088 238454.009)	95	591	0	1027	false	2171	None
LINESTRING (3198625.088 238454.009, 3198847.043 238381.718)	95	591	0	1028	false	2171	None
LINESTRING (3198847.043 238381.718, 3199036.699 238348.688)	95	591	0	1029	false	2171	None
LINESTRING (3199036.699 238348.688, 3199158.271 238378.827)	95	591	0	1030	false	2171	None
LINESTRING (3199158.271 238378.827, 3199208.781 238441.344)	95	591	0	1031	false	2171	None
LINESTRING (3199208.781 238441.344, 3199246.622 238488.335)	95	591	0	1032	false	2171	None
LINESTRING (3199246.622 238488.335, 3199368.042 238318.672)	95	591	0	1033	false	2171	None
LINESTRING (3199368.042 238318.672, 3199367.439 238317.955)	95	591	0	1034	false	2171	None
LINESTRING (3199367.439 238317.955, 3199364.963 238316.497)	95	591	0	1035	false	2171	None
LINESTRING (3199364.963 238316.497, 3199364.026 238316.125)	95	591	0	1036	false	2171	None
LINESTRING (3199364.026 238316.125, 3199367.814 238317.507)	95	591	0	1037	false	2171	None
LINESTRING (3199367.814 238317.507, 3199379.857 238318.697)	95	591	0	1038	false	2171	None
LINESTRING (3199379.857 238318.697, 3199382.984 238318.265)	95	591	0	1039	false	2171	None
LINESTRING (3199382.984 238318.265, 3199385.89 238317.148)	95	591	0	1040	false	2171	None
LINESTRING (3199385.89 238317.148, 3199396.516 238310.971)	95	591	0	1041	false	2171	None
LINESTRING (3199396.516 238310.971, 3199398.904 238309.171)	95	591	0	1042	false	2171	None
LINESTRING (3199398.904 238309.171, 3199402.867 238304.891)	95	591	0	1043	false	2171	None
LINESTRING (3199402.867 238304.891, 3199419.429 238278.262)	95	591	0	1044	false	2171	None
LINESTRING (3199419.429 238278.262, 3199428.219 238265.03)	95	591	0	1045	false	2171	None
LINESTRING (3199428.219 238265.03, 3199438.168 238249.869)	95	591	0	1046	false	2171	None
LINESTRING (3199438.168 238249.869, 3199494.031 238175.534)	95	591	0	1047	false	2171	None
LINESTRING (3199494.031 238175.534, 3199528.569 238132.388)	95	591	0	1048	false	2171	None
LINESTRING (3199528.569 238132.388, 3199540.252 238120.064)	95	591	0	1049	false	2171	None
LINESTRING (3199540.252 238120.064, 3199555.764 238106.033)	95	591	0	1050	false	2171	None
LINESTRING (3199555.764 238106.033, 3199567.286 238097.346)	95	591	0	1051	false	2171	None
LINESTRING (3199567.286 238097.346, 3199592.481 238076.287)	95	591	0	1052	false	2171	None
LINESTRING (3199592.481 238076.287, 3199603.384 238068.668)	95	591	0	1053	false	2171	None
LINESTRING (3199603.384 238068.668, 3199605.523 238067.247)	95	591	0	1054	false	2171	None
LINESTRING (3199605.523 238067.247, 3199624.994 238054.666)	95	591	0	1055	false	2171	None
LINESTRING (3199624.994 238054.666, 3199635.876 238048.591)	95	591	0	1056	false	2171	None
LINESTRING (3199635.876 238048.591, 3199679.509 238028.749)	95	591	0	1057	false	2171	None
LINESTRING (3199679.509 238028.749, 3199791.329 237862.448)	95	591	0	1058	false	2171	None
LINESTRING (3199791.329 237862.448, 3199838.702 237783.436)	95	591	0	1059	false	2171	None
LINESTRING (3199838.702 237783.436, 3199912.632 237704.8)	95	591	0	1060	false	2171	None
LINESTRING (3199912.632 237704.8, 3200062.435 237688.11)	95	591	0	1061	false	2171	None
LINESTRING (3200062.435 237688.11, 3200173.991 237679.905)	95	591	0	1062	false	2171	None
LINESTRING (3200173.991 237679.905, 3200332.279 237435.671)	95	591	0	1063	false	2171	None
LINESTRING (3200332.279 237435.671, 3200464.502 237433.271)	95	591	0	1064	false	2171	None
LINESTRING (3200464.502 237433.271, 3200546.063 237457)	95	591	0	1065	false	2171	None
LINESTRING (3200546.063 237457, 3200728.071 237492.365)	95	591	0	1066	false	2171	None
LINESTRING (3200728.071 237492.365, 3200816.615 237494.746)	95	591	0	1067	false	2171	None
LINESTRING (3200816.615 237494.746, 3201058.973 237367.181)	95	591	0	1068	false	2171	None
LINESTRING (3201058.973 237367.181, 3201388.479 237256.497)	95	591	0	1069	false	2171	None
LINESTRING (3201388.479 237256.497, 3201510.307 237294.526)	95	591	0	1070	false	2171	None
LINESTRING (3201510.307 237294.526, 3201528.025 237292.596)	95	591	0	1071	false	2171	None
LINESTRING (3201528.025 237292.596, 3201632.875 237373.448)	95	591	0	1072	false	2171	None
LINESTRING (3201632.875 237373.448, 3201786.065 237367.678)	95	591	0	1073	false	2171	None
LINESTRING (3201786.065 237367.678, 3201809.973 237308.62)	95	591	0	1074	false	2171	None
LINESTRING (3201809.973 237308.62, 3201920.064 237170.421)	95	591	0	1075	false	2171	None
LINESTRING (3201920.064 237170.421, 3202170.805 237110.559)	95	591	0	1076	false	2171	None
LINESTRING (3202170.805 237110.559, 3202216.241 237106.845)	95	591	0	1077	false	2171	None
LINESTRING (3202216.241 237106.845, 3202263.226 237123.087)	95	591	0	1078	false	2171	None
LINESTRING (3202263.226 237123.087, 3202279.736 237131.664)	95	591	0	1079	false	2171	None
LINESTRING (3202279.736 237131.664, 3202324.005 237147.547)	95	591	0	1080	false	2171	None
LINESTRING (3202324.005 237147.547, 3202346.281 237153.515)	95	591	0	1081	false	2171	None
LINESTRING (3202346.281 237153.515, 3202364.282 237156.593)	95	591	0	1082	false	2171	None
LINESTRING (3202364.282 237156.593, 3202385.895 237157.522)	95	591	0	1083	false	2171	None
LINESTRING (3202385.895 237157.522, 3202403.079 237156.695)	95	591	0	1084	false	2171	None
LINESTRING (3202403.079 237156.695, 3202426.994 237149.581)	95	591	0	1085	false	2171	None
LINESTRING (3202426.994 237149.581, 3202451.133 237137.183)	95	591	0	1086	false	2171	None
LINESTRING (3202451.133 237137.183, 3202500.684 237112.654)	95	591	0	1087	false	2171	None
LINESTRING (3202500.684 237112.654, 3202517.243 237103.459)	95	591	0	1088	false	2171	None
LINESTRING (3202517.243 237103.459, 3202531.007 237097.335)	95	591	0	1089	false	2171	None
LINESTRING (3202531.007 237097.335, 3202541.361 237092.605)	95	591	0	1090	false	2171	None
LINESTRING (3202541.361 237092.605, 3202562.731 237085.199)	95	591	0	1091	false	2171	None
LINESTRING (3202562.731 237085.199, 3202586.166 237080.045)	95	591	0	1092	false	2171	None
LINESTRING (3202586.166 237080.045, 3202593.649 237079.072)	95	591	0	1093	false	2171	None
LINESTRING (3202593.649 237079.072, 3202605.002 237079.276)	95	591	0	1094	false	2171	None
LINESTRING (3202605.002 237079.276, 3202613.698 237080.217)	95	591	0	1095	false	2171	None
LINESTRING (3202613.698 237080.217, 3202622.319 237081.845)	95	591	0	1096	false	2171	None
LINESTRING (3202622.319 237081.845, 3202630.527 237084.264)	95	591	0	1097	false	2171	None
LINESTRING (3202630.527 237084.264, 3202639.511 237087.708)	95	591	0	1098	false	2171	None
LINESTRING (3202639.511 237087.708, 3202708.975 237008.746)	95	591	0	1099	false	2171	None
LINESTRING (3202708.975 237008.746, 3202821.776 237003.452)	95	591	0	1100	false	2171	None
LINESTRING (3202821.776 237003.452, 3202890.165 237017.679)	95	591	0	1101	false	2171	None
LINESTRING (3202890.165 237017.679, 3202949.18 237073.683)	95	591	0	1102	false	2171	None
LINESTRING (3202949.18 237073.683, 3202987.872 237108.851)	95	591	0	1103	false	2171	None
LINESTRING (3202987.872 237108.851, 3203035.009 237129.935)	95	591	0	1104	false	2171	None
LINESTRING (3203035.009 237129.935, 3203262.641 237265.839)	95	591	0	1105	false	2171	None
LINESTRING (3203262.641 237265.839, 3203310.746 237136.615)	95	591	0	1106	false	2171	None
LINESTRING (3203310.746 237136.615, 3203723.165 236983.902)	95	591	0	1107	false	2171	None
LINESTRING (3203723.165 236983.902, 3203673.365 236773.449)	95	591	0	1108	false	2171	None
LINESTRING (3203673.365 236773.449, 3203712.313 236692.417)	95	591	0	1109	false	2171	None
LINESTRING (3203712.313 236692.417, 3203568.506 236597.399)	95	591	0	1110	false	2171	None
LINESTRING (3203568.506 236597.399, 3203613.86 236535.505)	95	591	0	1111	false	2171	None
LINESTRING (3203613.86 236535.505, 3203670.589 236417.346)	95	591	0	1112	false	2171	None
LINESTRING (3203670.589 236417.346, 3203829.756 236281.789)	95	591	0	1113	false	2171	None
LINESTRING (3203829.756 236281.789, 3203975.305 236184.297)	95	591	0	1114	false	2171	None
LINESTRING (3203975.305 236184.297, 3204035.067 236067.699)	95	591	0	1115	false	2171	None
LINESTRING (3204035.067 236067.699, 3204069.216 236001.003)	95	591	0	1116	false	2171	None
LINESTRING (3204069.216 236001.003, 3204134.009 235874.461)	95	591	0	1117	false	2171	None
LINESTRING (3204134.009 235874.461, 3204178.168 235805.647)	95	591	0	1118	false	2171	None
LINESTRING (3204178.168 235805.647, 3204218.264 235743.101)	95	591	0	1119	false	2171	None
LINESTRING (3204218.264 235743.101, 3204237.877 235712.552)	95	591	0	1120	false	2171	None
LINESTRING (3204237.877 235712.552, 3204296.463 235621.042)	95	591	0	1121	false	2171	None
LINESTRING (3204296.463 235621.042, 3204315.951 235590.562)	95	591	0	1122	false	2171	None
LINESTRING (3204315.951 235590.562, 3204316.37 235578.071)	95	591	0	1123	false	2171	None
LINESTRING (3204316.37 235578.071, 3204260.601 235430.33)	95	591	0	1124	false	2171	None
LINESTRING (3204260.601 235430.33, 3204201.802 235275.059)	95	591	0	1125	false	2171	None
LINESTRING (3204201.802 235275.059, 3204290.809 234910.234)	95	591	0	1126	false	2171	None
LINESTRING (3204290.809 234910.234, 3204334.723 234729.678)	95	591	0	1127	false	2171	None
LINESTRING (3204334.723 234729.678, 3204353.827 234702.15)	95	591	0	1128	false	2171	None
LINESTRING (3204353.827 234702.15, 3204393.542 234660.948)	95	591	0	1129	false	2171	None
LINESTRING (3204393.542 234660.948, 3204461.519 234610.896)	95	591	0	1130	false	2171	None
LINESTRING (3204461.519 234610.896, 3204476.416 234603.67)	95	591	0	1131	false	2171	None
LINESTRING (3204476.416 234603.67, 3204501.084 234598.411)	95	591	0	1132	false	2171	None
LINESTRING (3204501.084 234598.411, 3204545.356 234574.062)	95	591	0	1133	false	2171	None
LINESTRING (3204545.356 234574.062, 3204600.205 234551.639)	95	591	0	1134	false	2171	None
LINESTRING (3204600.205 234551.639, 3204630.814 234510.526)	95	591	0	1135	false	2171	None
LINESTRING (3204630.814 234510.526, 3204641.755 234499.105)	95	591	0	1136	false	2171	None
LINESTRING (3204641.755 234499.105, 3204666.766 234472.847)	95	591	0	1137	false	2171	None
LINESTRING (3204666.766 234472.847, 3204793.106 234372.633)	95	591	0	1138	false	2171	None
LINESTRING (3204793.106 234372.633, 3204863.393 234329.947)	95	591	0	1139	false	2171	None
LINESTRING (3204863.393 234329.947, 3204917.658 234305.026)	95	591	0	1140	false	2171	None
LINESTRING (3204917.658 234305.026, 3204952.327 234293.705)	95	591	0	1141	false	2171	None
LINESTRING (3204952.327 234293.705, 3205000.376 234263.571)	95	591	0	1142	false	2171	None
LINESTRING (3205000.376 234263.571, 3205025.198 234238.791)	95	591	0	1143	false	2171	None
LINESTRING (3205025.198 234238.791, 3205072.253 234167.664)	95	591	0	1144	false	2171	None
LINESTRING (3205072.253 234167.664, 3205096.218 234145.29)	95	591	0	1145	false	2171	None
LINESTRING (3205096.218 234145.29, 3205181.023 234098.336)	95	591	0	1146	false	2171	None
LINESTRING (3205181.023 234098.336, 3205258.615 234065.834)	95	591	0	1147	false	2171	None
LINESTRING (3205258.615 234065.834, 3205338.075 234045.776)	95	591	0	1148	false	2171	None
LINESTRING (3205338.075 234045.776, 3205351.418 234042.473)	95	591	0	1149	false	2171	None
LINESTRING (3205351.418 234042.473, 3205373.821 234029.51)	95	591	0	1150	false	2171	None
LINESTRING (3205373.821 234029.51, 3205392.734 234012.415)	95	591	0	1151	false	2171	None
LINESTRING (3205392.734 234012.415, 3205396.218 233997.917)	95	591	0	1152	false	2171	None
LINESTRING (3205396.218 233997.917, 3205394.928 233978.299)	95	591	0	1153	false	2171	None
LINESTRING (3205394.928 233978.299, 3205388.695 233962.691)	95	591	0	1154	false	2171	None
LINESTRING (3205388.695 233962.691, 3205373.566 233926)	95	591	0	1155	false	2171	None
LINESTRING (3205373.566 233926, 3205364.132 233866.255)	95	591	0	1156	false	2171	None
LINESTRING (3205364.132 233866.255, 3205362.606 233811.438)	95	591	0	1157	false	2171	None
LINESTRING (3205362.606 233811.438, 3205367.116 233758.06)	95	591	0	1158	false	2171	None
LINESTRING (3205367.116 233758.06, 3205367.834 233748.793)	95	591	0	1159	false	2171	None
LINESTRING (3205367.834 233748.793, 3205371.231 233740.23)	95	591	0	1160	false	2171	None
LINESTRING (3205371.231 233740.23, 3205388.367 233714.191)	95	591	0	1161	false	2171	None
LINESTRING (3205388.367 233714.191, 3205428.931 233657.446)	95	591	0	1162	false	2171	None
LINESTRING (3205428.931 233657.446, 3205460.675 233600.306)	95	591	0	1163	false	2171	None
LINESTRING (3205460.675 233600.306, 3205491.27 233560.98)	95	591	0	1164	false	2171	None
LINESTRING (3205491.27 233560.98, 3205516.178 233536.235)	95	591	0	1165	false	2171	None
LINESTRING (3205516.178 233536.235, 3205579.632 233486.183)	95	591	0	1166	false	2171	None
LINESTRING (3205579.632 233486.183, 3205591.555 233478.257)	95	591	0	1167	false	2171	None
LINESTRING (3205591.555 233478.257, 3205656.633 233435.299)	95	591	0	1168	false	2171	None
LINESTRING (3205656.633 233435.299, 3205706.375 233806.338)	95	591	0	1169	false	2171	None
LINESTRING (3205706.375 233806.338, 3205682.426 233872.66)	95	591	0	1170	false	2171	None
LINESTRING (3205682.426 233872.66, 3205686.928 233910.031)	95	591	0	1171	false	2171	None
LINESTRING (3205686.928 233910.031, 3205701.312 234018.193)	95	591	0	1172	false	2171	None
LINESTRING (3205701.312 234018.193, 3205720.105 234160.226)	95	591	0	1173	false	2171	None
LINESTRING (3205720.105 234160.226, 3205759.225 234454.576)	95	591	0	1174	false	2171	None
LINESTRING (3205759.225 234454.576, 3205778.483 234600.14)	95	591	0	1175	false	2171	None
LINESTRING (3205778.483 234600.14, 3205781.55 234622.732)	95	591	0	1176	false	2171	None
LINESTRING (3205781.55 234622.732, 3205790.538 234690.543)	95	591	0	1177	false	2171	None
LINESTRING (3205790.538 234690.543, 3205793.478 234713.204)	95	591	0	1178	false	2171	None
LINESTRING (3205793.478 234713.204, 3205804.735 234798.156)	95	591	0	1179	false	2171	None
LINESTRING (3205804.735 234798.156, 3205808.773 234829.732)	95	591	0	1180	false	2171	None
LINESTRING (3205808.773 234829.732, 3205853.299 235179.733)	95	591	0	1181	false	2171	None
LINESTRING (3205853.299 235179.733, 3205868.04 235296.4)	95	591	0	1182	false	2171	None
LINESTRING (3205868.04 235296.4, 3205920.163 235707.22)	95	591	0	1183	false	2171	None
LINESTRING (3205920.163 235707.22, 3205980.412 236162.112)	95	591	0	1184	false	2171	None
LINESTRING (3205980.412 236162.112, 3205982.577 236187.214)	95	591	0	1185	false	2171	None
LINESTRING (3205982.577 236187.214, 3205982.866 236189.716)	95	591	0	1186	false	2171	None
LINESTRING (3205982.866 236189.716, 3205996.438 236345.81)	95	591	0	1187	false	2171	None
LINESTRING (3205996.438 236345.81, 3206056.127 236774.219)	95	591	0	1188	false	2171	None
LINESTRING (3206056.127 236774.219, 3206056.494 236776.275)	95	591	0	1189	false	2171	None
LINESTRING (3206056.494 236776.275, 3206090.95 237023.302)	95	591	0	1190	false	2171	None
LINESTRING (3206090.95 237023.302, 3206091.217 237027.349)	95	591	0	1191	false	2171	None
LINESTRING (3206091.217 237027.349, 3206093.346 237040.614)	95	591	0	1192	false	2171	None
LINESTRING (3206093.346 237040.614, 3206163.942 237516.715)	95	591	0	1193	false	2171	None
LINESTRING (3206163.942 237516.715, 3206171.858 237575.748)	95	591	0	1194	false	2171	None
LINESTRING (3206171.858 237575.748, 3206195.312 237753.089)	95	591	0	1195	false	2171	None
LINESTRING (3206195.312 237753.089, 3206203.1 237812.192)	95	591	0	1196	false	2171	None
LINESTRING (3206203.1 237812.192, 3206203.843 237817.025)	95	591	0	1197	false	2171	None
LINESTRING (3206203.843 237817.025, 3206205.732 237831.389)	95	591	0	1198	false	2171	None
LINESTRING (3206205.732 237831.389, 3206206.264 237836.258)	95	591	0	1199	false	2171	None
LINESTRING (3206206.264 237836.258, 3206257.203 237951.068)	95	591	0	1200	false	2171	None
LINESTRING (3206257.203 237951.068, 3206391.304 239166.584)	95	591	0	1201	false	2171	None
LINESTRING (3206391.304 239166.584, 3206406.017 239303.799)	95	591	0	1202	false	2171	None
LINESTRING (3206406.017 239303.799, 3206421.611 239418.435)	95	591	0	1203	false	2171	None
LINESTRING (3206421.611 239418.435, 3206523.375 240170.665)	95	591	0	1204	false	2171	E:3206427.052 239458.65436470738
