LINESTRING (3205866.497 279464.159, 3205745.326 279415.325)	6	101	0	0	false	1511	None
LINESTRING (3205745.326 279415.325, 3205684.016 279390.262)	6	101	0	1	false	1511	None
LINESTRING (3205684.016 279390.262, 3205671.984 279385.46)	6	101	0	2	false	1511	None
LINESTRING (3205671.984 279385.46, 3205664.315 279382.28)	6	101	0	3	false	1511	None
LINESTRING (3205664.315 279382.28, 3205499.922 279315.487)	6	101	0	4	false	1511	None
LINESTRING (3205499.922 279315.487, 3205455.943 279297.699)	6	101	0	5	false	1511	None
LINESTRING (3205455.943 279297.699, 3205438.776 279290.013)	6	101	0	6	false	1511	None
LINESTRING (3205438.776 279290.013, 3205289.318 279223.206)	6	101	0	7	false	1511	None
LINESTRING (3205289.318 279223.206, 3205253.205 279207.123)	6	101	0	8	false	1511	None
LINESTRING (3205253.205 279207.123, 3204938.069 279076.495)	6	101	0	9	false	1511	None
LINESTRING (3204938.069 279076.495, 3204886.889 279056.077)	6	101	0	10	false	1511	None
LINESTRING (3204886.889 279056.077, 3204863.841 279046.882)	6	101	0	11	false	1511	None
LINESTRING (3204863.841 279046.882, 3204835.326 279035.388)	6	101	0	12	false	1511	None
LINESTRING (3204835.326 279035.388, 3204687.377 278976.368)	6	101	0	13	false	1511	None
LINESTRING (3204687.377 278976.368, 3204683.184 278974.815)	6	101	0	14	false	1511	None
LINESTRING (3204683.184 278974.815, 3204674.287 278971.266)	6	101	0	15	false	1511	None
LINESTRING (3204674.287 278971.266, 3204563.665 278931.443)	6	101	0	16	false	1511	None
LINESTRING (3204563.665 278931.443, 3204563.454 278931.479)	6	101	0	17	false	1511	None
LINESTRING (3204563.454 278931.479, 3204483.538 278902.829)	6	101	0	18	false	1511	None
LINESTRING (3204483.538 278902.829, 3204232 278798.915)	6	101	0	19	false	1511	None
LINESTRING (3204232 278798.915, 3204209.869 278788.654)	6	101	0	20	false	1511	None
LINESTRING (3204209.869 278788.654, 3204094.172 278735.698)	6	101	0	21	false	1511	None
LINESTRING (3204094.172 278735.698, 3204064.961 278722.255)	6	101	0	22	false	1511	None
LINESTRING (3204064.961 278722.255, 3204010.611 278697.472)	6	101	0	23	false	1511	None
LINESTRING (3204010.611 278697.472, 3203976.127 278684.197)	6	101	0	24	false	1511	None
LINESTRING (3203976.127 278684.197, 3203946.05 278672.681)	6	101	0	25	false	1511	None
LINESTRING (3203946.05 278672.681, 3203867.341 278642.727)	6	101	0	26	false	1511	None
LINESTRING (3203867.341 278642.727, 3203763.09 278603.186)	6	101	0	27	false	1511	None
LINESTRING (3203763.09 278603.186, 3203633.102 278547.646)	6	101	0	28	false	1511	None
LINESTRING (3203633.102 278547.646, 3203555.541 278514.567)	6	101	0	29	false	1511	None
LINESTRING (3203555.541 278514.567, 3203517.947 278498.502)	6	101	0	30	false	1511	None
LINESTRING (3203517.947 278498.502, 3203469.334 278477.803)	6	101	0	31	false	1511	None
LINESTRING (3203469.334 278477.803, 3203404.091 278452.506)	6	101	0	32	false	1511	None
LINESTRING (3203404.091 278452.506, 3203365.877 278437.748)	6	101	0	33	false	1511	None
LINESTRING (3203365.877 278437.748, 3203329.864 278423.628)	6	101	0	34	false	1511	None
LINESTRING (3203329.864 278423.628, 3203221.702 278381.58)	6	101	0	35	false	1511	None
LINESTRING (3203221.702 278381.58, 3203185.563 278367.53)	6	101	0	36	false	1511	None
LINESTRING (3203185.563 278367.53, 3203182.767 278366.415)	6	101	0	37	false	1511	None
LINESTRING (3203182.767 278366.415, 3203174.336 278363.173)	6	101	0	38	false	1511	None
LINESTRING (3203174.336 278363.173, 3203171.498 278362.162)	6	101	0	39	false	1511	None
LINESTRING (3203171.498 278362.162, 3203167.854 278360.709)	6	101	0	40	false	1511	None
LINESTRING (3203167.854 278360.709, 3203156.838 278356.317)	6	101	0	41	false	1511	None
LINESTRING (3203156.838 278356.317, 3203153.068 278354.933)	6	101	0	42	false	1511	None
LINESTRING (3203153.068 278354.933, 3203136.332 278348.381)	6	101	0	43	false	1511	None
LINESTRING (3203136.332 278348.381, 3203002.536 278296.235)	6	101	0	44	false	1511	None
LINESTRING (3203002.536 278296.235, 3202958.081 278277.915)	6	101	0	45	false	1511	None
LINESTRING (3202958.081 278277.915, 3202909.598 278257.631)	6	101	0	46	false	1511	None
LINESTRING (3202909.598 278257.631, 3202570.094 278116.68)	6	101	0	47	false	1511	None
LINESTRING (3202570.094 278116.68, 3202402.084 278053.538)	6	101	0	48	false	1511	None
LINESTRING (3202402.084 278053.538, 3202399.161 278052.493)	6	101	0	49	false	1511	None
LINESTRING (3202399.161 278052.493, 3202259.576 278000.086)	6	101	0	50	false	1511	None
LINESTRING (3202259.576 278000.086, 3202044.076 277919.341)	6	101	0	51	false	1511	None
LINESTRING (3202044.076 277919.341, 3201852.361 277845.45)	6	101	0	52	false	1511	None
LINESTRING (3201852.361 277845.45, 3201841.431 277841.334)	6	101	0	53	false	1511	None
LINESTRING (3201841.431 277841.334, 3201702.21 277787.769)	6	101	0	54	false	1511	None
LINESTRING (3201702.21 277787.769, 3201586.502 277743.217)	6	101	0	55	false	1511	None
LINESTRING (3201586.502 277743.217, 3201513.925 277715.374)	6	101	0	56	false	1511	None
LINESTRING (3201513.925 277715.374, 3201240.683 277605.79)	6	101	0	57	false	1511	None
LINESTRING (3201240.683 277605.79, 3201136.182 277563.918)	6	101	0	58	false	1511	None
LINESTRING (3201136.182 277563.918, 3201125.545 277559.56)	6	101	0	59	false	1511	None
LINESTRING (3201125.545 277559.56, 3201035.791 277523.565)	6	101	0	60	false	1511	None
LINESTRING (3201035.791 277523.565, 3200976.505 277499.827)	6	101	0	61	false	1511	None
LINESTRING (3200976.505 277499.827, 3200879.364 277463.64)	6	101	0	62	false	1511	None
LINESTRING (3200879.364 277463.64, 3200764.217 277420.639)	6	101	0	63	false	1511	None
LINESTRING (3200764.217 277420.639, 3200726.81 277406.815)	6	101	0	64	false	1511	None
LINESTRING (3200726.81 277406.815, 3200673.677 277386.367)	6	101	0	65	false	1511	None
LINESTRING (3200673.677 277386.367, 3200661.008 277381.441)	6	101	0	66	false	1511	None
LINESTRING (3200661.008 277381.441, 3200622.705 277366.662)	6	101	0	67	false	1511	None
LINESTRING (3200622.705 277366.662, 3200609.91 277361.804)	6	101	0	68	false	1511	None
LINESTRING (3200609.91 277361.804, 3200608.638 277361.298)	6	101	0	69	false	1511	None
LINESTRING (3200608.638 277361.298, 3200552.455 277339.636)	6	101	0	70	false	1511	None
LINESTRING (3200552.455 277339.636, 3200379.837 277273.273)	6	101	0	71	false	1511	None
LINESTRING (3200379.837 277273.273, 3200359.542 277265.549)	6	101	0	72	false	1511	None
LINESTRING (3200359.542 277265.549, 3200322.42 277250.764)	6	101	0	73	false	1511	None
LINESTRING (3200322.42 277250.764, 3200283.941 277235.439)	6	101	0	74	false	1511	None
LINESTRING (3200283.941 277235.439, 3199830.031 277054.555)	6	101	0	75	false	1511	None
LINESTRING (3199830.031 277054.555, 3199649.738 276985.274)	6	101	0	76	false	1511	None
LINESTRING (3199649.738 276985.274, 3199608.043 276969.15)	6	101	0	77	false	1511	None
LINESTRING (3199608.043 276969.15, 3199592.789 276963.315)	6	101	0	78	false	1511	None
LINESTRING (3199592.789 276963.315, 3199127.618 276784.328)	6	101	0	79	false	1511	None
LINESTRING (3199127.618 276784.328, 3199124.269 276782.875)	6	101	0	80	false	1511	None
LINESTRING (3199124.269 276782.875, 3199070.498 276762.305)	6	101	0	81	false	1511	None
LINESTRING (3199070.498 276762.305, 3199062.574 276759.27)	6	101	0	82	false	1511	None
LINESTRING (3199062.574 276759.27, 3199027.997 276745.984)	6	101	0	83	false	1511	None
LINESTRING (3199027.997 276745.984, 3198997.353 276733.426)	6	101	0	84	false	1511	None
LINESTRING (3198997.353 276733.426, 3198970.03 276723.624)	6	101	0	85	false	1511	None
LINESTRING (3198970.03 276723.624, 3198917.461 276704.969)	6	101	0	86	false	1511	None
LINESTRING (3198917.461 276704.969, 3198861.573 276683.797)	6	101	0	87	false	1511	None
LINESTRING (3198861.573 276683.797, 3198839.418 276675.814)	6	101	0	88	false	1511	None
LINESTRING (3198839.418 276675.814, 3198782.641 276654.409)	6	101	0	89	false	1511	None
LINESTRING (3198782.641 276654.409, 3198764.04 276647.363)	6	101	0	90	false	1511	None
LINESTRING (3198764.04 276647.363, 3198708.155 276626.433)	6	101	0	91	false	1511	None
LINESTRING (3198708.155 276626.433, 3198705.656 276625.557)	6	101	0	92	false	1511	None
LINESTRING (3198705.656 276625.557, 3198689.387 276619.56)	6	101	0	93	false	1511	None
LINESTRING (3198689.387 276619.56, 3198685.996 276618.21)	6	101	0	94	false	1511	None
LINESTRING (3198685.996 276618.21, 3198675.743 276614.368)	6	101	0	95	false	1511	None
LINESTRING (3198675.743 276614.368, 3198672.227 276613.088)	6	101	0	96	false	1511	None
LINESTRING (3198672.227 276613.088, 3198667.354 276611.268)	6	101	0	97	false	1511	None
LINESTRING (3198667.354 276611.268, 3198652.483 276605.707)	6	101	0	98	false	1511	None
LINESTRING (3198652.483 276605.707, 3198647.525 276603.853)	6	101	0	99	false	1511	None
LINESTRING (3198647.525 276603.853, 3198627.992 276596.437)	6	101	0	100	false	1511	None
LINESTRING (3198627.992 276596.437, 3198603.799 276587.405)	6	101	0	101	false	1511	None
LINESTRING (3198603.799 276587.405, 3198569.386 276573.707)	6	101	0	102	false	1511	None
LINESTRING (3198569.386 276573.707, 3198549.85 276566.051)	6	101	0	103	false	1511	None
LINESTRING (3198549.85 276566.051, 3198472.634 276535.557)	6	101	0	104	false	1511	None
LINESTRING (3198472.634 276535.557, 3198240.945 276444.183)	6	101	0	105	false	1511	None
LINESTRING (3198240.945 276444.183, 3198163.603 276413.761)	6	101	0	106	false	1511	None
LINESTRING (3198163.603 276413.761, 3198069.348 276376.491)	6	101	0	107	false	1511	None
LINESTRING (3198069.348 276376.491, 3197786.205 276264.895)	6	101	0	108	false	1511	W:3197871.386 276298.46764306724
LINESTRING (3206684.387 279790.368, 3206220.05 279606.816)	6	101	0	1509	false	1511	E:3206427.053 279688.6441004012
LINESTRING (3206220.05 279606.816, 3205979.787 279509.849)	6	101	0	1510	false	1511	None
LINESTRING (3205979.787 279509.849, 3205866.497 279464.159)	6	101	0	1511	false	1511	None
