LINESTRING (3108510.258 209695.284, 3108723.97 209012.444)	61	313	0	397	false	686	N:3108616.7265366763 209355.102
LINESTRING (3108723.97 209012.444, 3108800.064 208781.623)	61	313	0	398	false	686	None
LINESTRING (3108800.064 208781.623, 3108790.688 208765.423)	61	313	0	399	false	686	None
LINESTRING (3108790.688 208765.423, 3108890.737 208461.163)	61	313	0	400	false	686	None
LINESTRING (3108890.737 208461.163, 3108965.093 208237.166)	61	313	0	401	false	686	None
LINESTRING (3108965.093 208237.166, 3108970.373 208221.358)	61	313	0	402	false	686	None
LINESTRING (3108970.373 208221.358, 3108975.114 208202.609)	61	313	0	403	false	686	None
LINESTRING (3108975.114 208202.609, 3108979.137 208183.941)	61	313	0	404	false	686	None
LINESTRING (3108979.137 208183.941, 3108981.254 208172.032)	61	313	0	405	false	686	None
LINESTRING (3108981.254 208172.032, 3108982.918 208162.327)	61	313	0	406	false	686	None
LINESTRING (3108982.918 208162.327, 3108985.06 208142.938)	61	313	0	407	false	686	None
LINESTRING (3108985.06 208142.938, 3108986.308 208123.324)	61	313	0	408	false	686	None
LINESTRING (3108986.308 208123.324, 3108985.924 208106.176)	61	313	0	409	false	686	None
LINESTRING (3108985.924 208106.176, 3108984.921 208086.294)	61	313	0	410	false	686	None
LINESTRING (3108984.921 208086.294, 3108982.255 208065.892)	61	313	0	411	false	686	None
LINESTRING (3108982.255 208065.892, 3108972.719 208026.329)	61	313	0	412	false	686	None
LINESTRING (3108972.719 208026.329, 3108965.752 208001.544)	61	313	0	413	false	686	None
LINESTRING (3108965.752 208001.544, 3108889.086 207828.162)	61	313	0	414	false	686	None
LINESTRING (3108889.086 207828.162, 3108883.141 207810.426)	61	313	0	415	false	686	None
LINESTRING (3108883.141 207810.426, 3108877.513 207786.748)	61	313	0	416	false	686	None
LINESTRING (3108877.513 207786.748, 3108870.117 207741.35)	61	313	0	417	false	686	None
LINESTRING (3108870.117 207741.35, 3108865.454 207700.328)	61	313	0	418	false	686	None
LINESTRING (3108865.454 207700.328, 3109046.642 207667.705)	61	313	0	419	false	686	None
LINESTRING (3109046.642 207667.705, 3109112.874 207654.829)	61	313	0	420	false	686	None
LINESTRING (3109112.874 207654.829, 3109144.979 207648.598)	61	313	0	421	false	686	None
LINESTRING (3109144.979 207648.598, 3109190.795 207637.046)	61	313	0	422	false	686	None
LINESTRING (3109190.795 207637.046, 3109243.948 207624.266)	61	313	0	423	false	686	None
LINESTRING (3109243.948 207624.266, 3109283.451 207610.768)	61	313	0	424	false	686	None
LINESTRING (3109283.451 207610.768, 3109381.58 207583.262)	61	313	0	425	false	686	None
LINESTRING (3109381.58 207583.262, 3109477.66 207556.754)	61	313	0	426	false	686	None
LINESTRING (3109477.66 207556.754, 3109551.814 207535.507)	61	313	0	427	false	686	None
LINESTRING (3109551.814 207535.507, 3109604.213 207519.586)	61	313	0	428	false	686	None
LINESTRING (3109604.213 207519.586, 3109646.907 207511.831)	61	313	0	429	false	686	None
LINESTRING (3109646.907 207511.831, 3109695.587 207501.261)	61	313	0	430	false	686	None
LINESTRING (3109695.587 207501.261, 3109765.931 207495.317)	61	313	0	431	false	686	None
LINESTRING (3109765.931 207495.317, 3109794.393 207495.775)	61	313	0	432	false	686	None
LINESTRING (3109794.393 207495.775, 3109851.865 207496.544)	61	313	0	433	false	686	None
LINESTRING (3109851.865 207496.544, 3109992.017 207503.952)	61	313	0	434	false	686	None
LINESTRING (3109992.017 207503.952, 3110032.066 207508.976)	61	313	0	435	false	686	None
LINESTRING (3110032.066 207508.976, 3110118.016 207514.254)	61	313	0	436	false	686	None
LINESTRING (3110118.016 207514.254, 3110214.569 207520.273)	61	313	0	437	false	686	None
LINESTRING (3110214.569 207520.273, 3110265.9 207520.948)	61	313	0	438	false	686	None
LINESTRING (3110265.9 207520.948, 3110287.937 207521.795)	61	313	0	439	false	686	None
LINESTRING (3110287.937 207521.795, 3110319.911 207523.84)	61	313	0	440	false	686	None
LINESTRING (3110319.911 207523.84, 3110352.865 207521.03)	61	313	0	441	false	686	None
LINESTRING (3110352.865 207521.03, 3110387.863 207516.983)	61	313	0	442	false	686	None
LINESTRING (3110387.863 207516.983, 3110445.875 207505.361)	61	313	0	443	false	686	None
LINESTRING (3110445.875 207505.361, 3110490.693 207499.495)	61	313	0	444	false	686	None
LINESTRING (3110490.693 207499.495, 3110550.478 207499.611)	61	313	0	445	false	686	None
LINESTRING (3110550.478 207499.611, 3110604.445 207504.152)	61	313	0	446	false	686	None
LINESTRING (3110604.445 207504.152, 3110646.363 207514.533)	61	313	0	447	false	686	None
LINESTRING (3110646.363 207514.533, 3110786.46 207558.908)	61	313	0	448	false	686	None
LINESTRING (3110786.46 207558.908, 3110907.512 207593.361)	61	313	0	449	false	686	None
LINESTRING (3110907.512 207593.361, 3110932.541 207600.471)	61	313	0	450	false	686	None
LINESTRING (3110932.541 207600.471, 3111094.991 207649.984)	61	313	0	451	false	686	None
LINESTRING (3111094.991 207649.984, 3111114.316 207655.856)	61	313	0	452	false	686	None
LINESTRING (3111114.316 207655.856, 3111173.875 207681.096)	61	313	0	453	false	686	None
LINESTRING (3111173.875 207681.096, 3111196.382 207690.687)	61	313	0	454	false	686	None
LINESTRING (3111196.382 207690.687, 3111265.201 207724)	61	313	0	455	false	686	None
LINESTRING (3111265.201 207724, 3111267.082 207724.722)	61	313	0	456	false	686	None
LINESTRING (3111267.082 207724.722, 3111364.817 207780.313)	61	313	0	457	false	686	None
LINESTRING (3111364.817 207780.313, 3111588.92 207905.822)	61	313	0	458	false	686	None
LINESTRING (3111588.92 207905.822, 3111607.849 207916.299)	61	313	0	459	false	686	None
LINESTRING (3111607.849 207916.299, 3111708.242 207971.608)	61	313	0	460	false	686	None
LINESTRING (3111708.242 207971.608, 3111742.102 207993.526)	61	313	0	461	false	686	None
LINESTRING (3111742.102 207993.526, 3111752.22 208000.383)	61	313	0	462	false	686	None
LINESTRING (3111752.22 208000.383, 3111775.775 208016.442)	61	313	0	463	false	686	None
LINESTRING (3111775.775 208016.442, 3111916.338 208107.629)	61	313	0	464	false	686	None
LINESTRING (3111916.338 208107.629, 3111933.12 208118.591)	61	313	0	465	false	686	None
LINESTRING (3111933.12 208118.591, 3111967.499 208142.731)	61	313	0	466	false	686	None
LINESTRING (3111967.499 208142.731, 3112025.409 208181.97)	61	313	0	467	false	686	None
LINESTRING (3112025.409 208181.97, 3112048.368 208196.256)	61	313	0	468	false	686	None
LINESTRING (3112048.368 208196.256, 3112063.097 208204.646)	61	313	0	469	false	686	None
LINESTRING (3112063.097 208204.646, 3112091.271 208220.934)	61	313	0	470	false	686	None
LINESTRING (3112091.271 208220.934, 3112116.781 208233.941)	61	313	0	471	false	686	None
LINESTRING (3112116.781 208233.941, 3112130.375 208240.944)	61	313	0	472	false	686	None
LINESTRING (3112130.375 208240.944, 3112151.154 208250.945)	61	313	0	473	false	686	None
LINESTRING (3112151.154 208250.945, 3112221.708 208281.011)	61	313	0	474	false	686	None
LINESTRING (3112221.708 208281.011, 3112335.757 208330.635)	61	313	0	475	false	686	E:3112314.717 208321.48025984445
LINESTRING (3112335.757 208330.635, 3112221.708 208281.011)	61	314	0	249	false	1296	E:3112314.717 208321.48025984445
LINESTRING (3112221.708 208281.011, 3112151.154 208250.945)	61	314	0	250	false	1296	None
LINESTRING (3112151.154 208250.945, 3112130.375 208240.944)	61	314	0	251	false	1296	None
LINESTRING (3112130.375 208240.944, 3112116.781 208233.941)	61	314	0	252	false	1296	None
LINESTRING (3112116.781 208233.941, 3112091.271 208220.934)	61	314	0	253	false	1296	None
LINESTRING (3112091.271 208220.934, 3112063.097 208204.646)	61	314	0	254	false	1296	None
LINESTRING (3112063.097 208204.646, 3112048.368 208196.256)	61	314	0	255	false	1296	None
LINESTRING (3112048.368 208196.256, 3112025.409 208181.97)	61	314	0	256	false	1296	None
LINESTRING (3112025.409 208181.97, 3111967.499 208142.731)	61	314	0	257	false	1296	None
LINESTRING (3111967.499 208142.731, 3111933.12 208118.591)	61	314	0	258	false	1296	None
LINESTRING (3111933.12 208118.591, 3111916.338 208107.629)	61	314	0	259	false	1296	None
LINESTRING (3111916.338 208107.629, 3111775.775 208016.442)	61	314	0	260	false	1296	None
LINESTRING (3111775.775 208016.442, 3111752.22 208000.383)	61	314	0	261	false	1296	None
LINESTRING (3111752.22 208000.383, 3111742.102 207993.526)	61	314	0	262	false	1296	None
LINESTRING (3111742.102 207993.526, 3111708.242 207971.608)	61	314	0	263	false	1296	None
LINESTRING (3111708.242 207971.608, 3111607.849 207916.299)	61	314	0	264	false	1296	None
LINESTRING (3111607.849 207916.299, 3111588.92 207905.822)	61	314	0	265	false	1296	None
LINESTRING (3111588.92 207905.822, 3111364.817 207780.313)	61	314	0	266	false	1296	None
LINESTRING (3111364.817 207780.313, 3111267.082 207724.722)	61	314	0	267	false	1296	None
LINESTRING (3111267.082 207724.722, 3111265.201 207724)	61	314	0	268	false	1296	None
LINESTRING (3111265.201 207724, 3111196.382 207690.687)	61	314	0	269	false	1296	None
LINESTRING (3111196.382 207690.687, 3111173.875 207681.096)	61	314	0	270	false	1296	None
LINESTRING (3111173.875 207681.096, 3111114.316 207655.856)	61	314	0	271	false	1296	None
LINESTRING (3111114.316 207655.856, 3111094.991 207649.984)	61	314	0	272	false	1296	None
LINESTRING (3111094.991 207649.984, 3110932.541 207600.471)	61	314	0	273	false	1296	None
LINESTRING (3110932.541 207600.471, 3110907.512 207593.361)	61	314	0	274	false	1296	None
LINESTRING (3110907.512 207593.361, 3110786.46 207558.908)	61	314	0	275	false	1296	None
LINESTRING (3110786.46 207558.908, 3110646.363 207514.533)	61	314	0	276	false	1296	None
LINESTRING (3110646.363 207514.533, 3110604.445 207504.152)	61	314	0	277	false	1296	None
LINESTRING (3110604.445 207504.152, 3110550.478 207499.611)	61	314	0	278	false	1296	None
LINESTRING (3110550.478 207499.611, 3110490.693 207499.495)	61	314	0	279	false	1296	None
LINESTRING (3110490.693 207499.495, 3110445.875 207505.361)	61	314	0	280	false	1296	None
LINESTRING (3110445.875 207505.361, 3110387.863 207516.983)	61	314	0	281	false	1296	None
LINESTRING (3110387.863 207516.983, 3110352.865 207521.03)	61	314	0	282	false	1296	None
LINESTRING (3110352.865 207521.03, 3110319.911 207523.84)	61	314	0	283	false	1296	None
LINESTRING (3110319.911 207523.84, 3110287.937 207521.795)	61	314	0	284	false	1296	None
LINESTRING (3110287.937 207521.795, 3110265.9 207520.948)	61	314	0	285	false	1296	None
LINESTRING (3110265.9 207520.948, 3110214.569 207520.273)	61	314	0	286	false	1296	None
LINESTRING (3110214.569 207520.273, 3110118.016 207514.254)	61	314	0	287	false	1296	None
LINESTRING (3110118.016 207514.254, 3110032.066 207508.976)	61	314	0	288	false	1296	None
LINESTRING (3110032.066 207508.976, 3109992.017 207503.952)	61	314	0	289	false	1296	None
LINESTRING (3109992.017 207503.952, 3109996.867 207484.413)	61	314	0	290	false	1296	None
LINESTRING (3109996.867 207484.413, 3110002.736 207465.026)	61	314	0	291	false	1296	None
LINESTRING (3110002.736 207465.026, 3110012.423 207435.691)	61	314	0	292	false	1296	None
LINESTRING (3110012.423 207435.691, 3110017.727 207425.956)	61	314	0	293	false	1296	None
LINESTRING (3110017.727 207425.956, 3110050.521 207391.102)	61	314	0	294	false	1296	None
LINESTRING (3110050.521 207391.102, 3110071.707 207369.627)	61	314	0	295	false	1296	None
LINESTRING (3110071.707 207369.627, 3110097.723 207341.445)	61	314	0	296	false	1296	None
LINESTRING (3110097.723 207341.445, 3110122.955 207310.704)	61	314	0	297	false	1296	None
LINESTRING (3110122.955 207310.704, 3110160.115 207272.65)	61	314	0	298	false	1296	None
LINESTRING (3110160.115 207272.65, 3110174.226 207261.182)	61	314	0	299	false	1296	None
LINESTRING (3110174.226 207261.182, 3110200.683 207245.653)	61	314	0	300	false	1296	None
LINESTRING (3110200.683 207245.653, 3110313.838 207197.17)	61	314	0	301	false	1296	None
LINESTRING (3110313.838 207197.17, 3110385.755 207162.348)	61	314	0	302	false	1296	None
LINESTRING (3110385.755 207162.348, 3110432.257 207132.16)	61	314	0	303	false	1296	None
LINESTRING (3110432.257 207132.16, 3110463.026 207109.488)	61	314	0	304	false	1296	None
LINESTRING (3110463.026 207109.488, 3110468.08 207105.008)	61	314	0	305	false	1296	None
LINESTRING (3110468.08 207105.008, 3110477.489 207096.848)	61	314	0	306	false	1296	None
LINESTRING (3110477.489 207096.848, 3110486.478 207085.436)	61	314	0	307	false	1296	None
LINESTRING (3110486.478 207085.436, 3110494.217 207071.404)	61	314	0	308	false	1296	None
LINESTRING (3110494.217 207071.404, 3110496.42 207064.64)	61	314	0	309	false	1296	None
LINESTRING (3110496.42 207064.64, 3110502.426 207043.879)	61	314	0	310	false	1296	None
LINESTRING (3110502.426 207043.879, 3110503.823 207035.38)	61	314	0	311	false	1296	None
LINESTRING (3110503.823 207035.38, 3110512.076 206970.421)	61	314	0	312	false	1296	None
LINESTRING (3110512.076 206970.421, 3110515.039 206955.032)	61	314	0	313	false	1296	None
LINESTRING (3110515.039 206955.032, 3110528.427 206922.956)	61	314	0	314	false	1296	None
LINESTRING (3110528.427 206922.956, 3110556.569 206872.882)	61	314	0	315	false	1296	None
LINESTRING (3110556.569 206872.882, 3110565.514 206852.893)	61	314	0	316	false	1296	None
LINESTRING (3110565.514 206852.893, 3110561.81 206826.505)	61	314	0	317	false	1296	None
LINESTRING (3110561.81 206826.505, 3110553.327 206795.19)	61	314	0	318	false	1296	None
LINESTRING (3110553.327 206795.19, 3110556.821 206739.82)	61	314	0	319	false	1296	None
LINESTRING (3110556.821 206739.82, 3110572.33 206678.954)	61	314	0	320	false	1296	None
LINESTRING (3110572.33 206678.954, 3110581.723 206625.847)	61	314	0	321	false	1296	None
LINESTRING (3110581.723 206625.847, 3110595.503 206592.494)	61	314	0	322	false	1296	None
LINESTRING (3110595.503 206592.494, 3110627.414 206545.888)	61	314	0	323	false	1296	None
LINESTRING (3110627.414 206545.888, 3110702.08 206473.244)	61	314	0	324	false	1296	None
LINESTRING (3110702.08 206473.244, 3110733.806 206449.871)	61	314	0	325	false	1296	None
LINESTRING (3110733.806 206449.871, 3110793.017 206419.804)	61	314	0	326	false	1296	None
LINESTRING (3110793.017 206419.804, 3110878.126 206395.872)	61	314	0	327	false	1296	None
LINESTRING (3110878.126 206395.872, 3111017.35 206365.126)	61	314	0	328	false	1296	None
LINESTRING (3111017.35 206365.126, 3111030.706 206360.74)	61	314	0	329	false	1296	None
LINESTRING (3111030.706 206360.74, 3111009.2 206337.031)	61	314	0	330	false	1296	None
LINESTRING (3111009.2 206337.031, 3111003.114 206310.203)	61	314	0	331	false	1296	None
LINESTRING (3111003.114 206310.203, 3111010.008 206263.865)	61	314	0	332	false	1296	None
LINESTRING (3111010.008 206263.865, 3110983.365 206248.171)	61	314	0	333	false	1296	None
LINESTRING (3110983.365 206248.171, 3110831.342 205871.559)	61	314	0	334	false	1296	None
LINESTRING (3110831.342 205871.559, 3110825.935 205866.987)	61	314	0	335	false	1296	None
LINESTRING (3110825.935 205866.987, 3110753.067 205806.093)	61	314	0	336	false	1296	None
LINESTRING (3110753.067 205806.093, 3110749.938 205785.87)	61	314	0	337	false	1296	None
LINESTRING (3110749.938 205785.87, 3110713.632 205752.916)	61	314	0	338	false	1296	None
LINESTRING (3110713.632 205752.916, 3110686.337 205717.952)	61	314	0	339	false	1296	None
LINESTRING (3110686.337 205717.952, 3110681.728 205694.427)	61	314	0	340	false	1296	None
LINESTRING (3110681.728 205694.427, 3110694.596 205604.133)	61	314	0	341	false	1296	None
LINESTRING (3110694.596 205604.133, 3110684.323 205581.05)	61	314	0	342	false	1296	None
LINESTRING (3110684.323 205581.05, 3110592.281 205537.65)	61	314	0	343	false	1296	None
LINESTRING (3110592.281 205537.65, 3110550.27 205505.244)	61	314	0	344	false	1296	None
LINESTRING (3110550.27 205505.244, 3110519.409 205458.093)	61	314	0	345	false	1296	None
LINESTRING (3110519.409 205458.093, 3110488.03 205369.847)	61	314	0	346	false	1296	None
LINESTRING (3110488.03 205369.847, 3110470.9 205229.882)	61	314	0	347	false	1296	None
LINESTRING (3110470.9 205229.882, 3110385.719 205022.32)	61	314	0	348	false	1296	None
LINESTRING (3110385.719 205022.32, 3110378.186 205003.856)	61	314	0	349	false	1296	None
LINESTRING (3110378.186 205003.856, 3110334.775 204957.956)	61	314	0	350	false	1296	None
LINESTRING (3110334.775 204957.956, 3110326.496 204999.481)	61	314	0	351	false	1296	None
LINESTRING (3110326.496 204999.481, 3110310.652 205060.217)	61	314	0	352	false	1296	None
LINESTRING (3110310.652 205060.217, 3110290.301 205116.847)	61	314	0	353	false	1296	None
LINESTRING (3110290.301 205116.847, 3110262.375 205185.55)	61	314	0	354	false	1296	None
LINESTRING (3110262.375 205185.55, 3110222.349 205269.94)	61	314	0	355	false	1296	None
LINESTRING (3110222.349 205269.94, 3110147.645 205405.346)	61	314	0	356	false	1296	None
LINESTRING (3110147.645 205405.346, 3110039.668 205610.613)	61	314	0	357	false	1296	None
LINESTRING (3110039.668 205610.613, 3109998.198 205693.143)	61	314	0	358	false	1296	None
LINESTRING (3109998.198 205693.143, 3109987.214 205712.826)	61	314	0	359	false	1296	None
LINESTRING (3109987.214 205712.826, 3109876.275 205880.816)	61	314	0	360	false	1296	None
LINESTRING (3109876.275 205880.816, 3109866.381 205850.865)	61	314	0	361	false	1296	None
LINESTRING (3109866.381 205850.865, 3109866.893 205813.732)	61	314	0	362	false	1296	None
LINESTRING (3109866.893 205813.732, 3109859.791 205834.547)	61	314	0	363	false	1296	None
LINESTRING (3109859.791 205834.547, 3109834.305 205894.081)	61	314	0	364	false	1296	None
LINESTRING (3109834.305 205894.081, 3109821.631 205915.612)	61	314	0	365	false	1296	None
LINESTRING (3109821.631 205915.612, 3109810.84 205929.424)	61	314	0	366	false	1296	None
LINESTRING (3109810.84 205929.424, 3109791.026 205954.993)	61	314	0	367	false	1296	None
LINESTRING (3109791.026 205954.993, 3109785.573 205963.839)	61	314	0	368	false	1296	None
LINESTRING (3109785.573 205963.839, 3109782.733 205970.477)	61	314	0	369	false	1296	None
LINESTRING (3109782.733 205970.477, 3109781.759 205975.572)	61	314	0	370	false	1296	None
LINESTRING (3109781.759 205975.572, 3109782.191 205979.304)	61	314	0	371	false	1296	None
LINESTRING (3109782.191 205979.304, 3109788.595 205988.181)	61	314	0	372	false	1296	None
LINESTRING (3109788.595 205988.181, 3109700.411 206097.373)	61	314	0	373	false	1296	None
LINESTRING (3109700.411 206097.373, 3109603.739 206207.472)	61	314	0	374	false	1296	None
LINESTRING (3109603.739 206207.472, 3109575.672 206243.309)	61	314	0	375	false	1296	None
LINESTRING (3109575.672 206243.309, 3109544.65 206281.223)	61	314	0	376	false	1296	None
LINESTRING (3109544.65 206281.223, 3109520.758 206311.291)	61	314	0	377	false	1296	None
LINESTRING (3109520.758 206311.291, 3109495.972 206346.246)	61	314	0	378	false	1296	None
LINESTRING (3109495.972 206346.246, 3109482.392 206367.073)	61	314	0	379	false	1296	None
LINESTRING (3109482.392 206367.073, 3109467.236 206394.31)	61	314	0	380	false	1296	None
LINESTRING (3109467.236 206394.31, 3109458.125 206416.019)	61	314	0	381	false	1296	None
LINESTRING (3109458.125 206416.019, 3109449.503 206433.636)	61	314	0	382	false	1296	None
LINESTRING (3109449.503 206433.636, 3109403.956 206537.548)	61	314	0	383	false	1296	None
LINESTRING (3109403.956 206537.548, 3109394.401 206560.156)	61	314	0	384	false	1296	None
LINESTRING (3109394.401 206560.156, 3109364.008 206631.719)	61	314	0	385	false	1296	None
LINESTRING (3109364.008 206631.719, 3109329.845 206676.036)	61	314	0	386	false	1296	None
LINESTRING (3109329.845 206676.036, 3109319.34 206686.036)	61	314	0	387	false	1296	None
LINESTRING (3109319.34 206686.036, 3109303.413 206697.64)	61	314	0	388	false	1296	None
LINESTRING (3109303.413 206697.64, 3109287.174 206705.202)	61	314	0	389	false	1296	None
LINESTRING (3109287.174 206705.202, 3109267.133 206711.425)	61	314	0	390	false	1296	None
LINESTRING (3109267.133 206711.425, 3109252.279 206715.119)	61	314	0	391	false	1296	None
LINESTRING (3109252.279 206715.119, 3109202.104 206720.126)	61	314	0	392	false	1296	None
LINESTRING (3109202.104 206720.126, 3109148.235 206723.003)	61	314	0	393	false	1296	None
LINESTRING (3109148.235 206723.003, 3109023.897 206733.685)	61	314	0	394	false	1296	None
LINESTRING (3109023.897 206733.685, 3109033.465 206726.894)	61	314	0	395	false	1296	None
LINESTRING (3109033.465 206726.894, 3109052.604 206715.094)	61	314	0	396	false	1296	None
LINESTRING (3109052.604 206715.094, 3109080.161 206701.292)	61	314	0	397	false	1296	None
LINESTRING (3109080.161 206701.292, 3109106.571 206685.623)	61	314	0	398	false	1296	None
LINESTRING (3109106.571 206685.623, 3109220.86 206623.414)	61	314	0	399	false	1296	None
LINESTRING (3109220.86 206623.414, 3109214.612 206607.227)	61	314	0	400	false	1296	None
LINESTRING (3109214.612 206607.227, 3109196.781 206571.379)	61	314	0	401	false	1296	None
LINESTRING (3109196.781 206571.379, 3109183.43 206542.006)	61	314	0	402	false	1296	None
LINESTRING (3109183.43 206542.006, 3109169.581 206511.371)	61	314	0	403	false	1296	None
LINESTRING (3109169.581 206511.371, 3109161.841 206486.29)	61	314	0	404	false	1296	None
LINESTRING (3109161.841 206486.29, 3109157.445 206469.624)	61	314	0	405	false	1296	None
LINESTRING (3109157.445 206469.624, 3109153.665 206459.021)	61	314	0	406	false	1296	None
LINESTRING (3109153.665 206459.021, 3109144.329 206437.845)	61	314	0	407	false	1296	None
LINESTRING (3109144.329 206437.845, 3109131 206385.654)	61	314	0	408	false	1296	None
LINESTRING (3109131 206385.654, 3109097.121 206307.511)	61	314	0	409	false	1296	None
LINESTRING (3109097.121 206307.511, 3109082.211 206285.268)	61	314	0	410	false	1296	None
LINESTRING (3109082.211 206285.268, 3109061.266 206262.136)	61	314	0	411	false	1296	None
LINESTRING (3109061.266 206262.136, 3109054.199 206247.062)	61	314	0	412	false	1296	None
LINESTRING (3109054.199 206247.062, 3109048.257 206221.125)	61	314	0	413	false	1296	None
LINESTRING (3109048.257 206221.125, 3109033.108 206163.957)	61	314	0	414	false	1296	None
LINESTRING (3109033.108 206163.957, 3109025.631 206140.999)	61	314	0	415	false	1296	None
LINESTRING (3109025.631 206140.999, 3109023.298 206125.6)	61	314	0	416	false	1296	None
LINESTRING (3109023.298 206125.6, 3109022.309 206109.766)	61	314	0	417	false	1296	None
LINESTRING (3109022.309 206109.766, 3109022.608 206103.104)	61	314	0	418	false	1296	None
LINESTRING (3109022.608 206103.104, 3109025.928 206088.566)	61	314	0	419	false	1296	None
LINESTRING (3109025.928 206088.566, 3109035.505 206053.364)	61	314	0	420	false	1296	None
LINESTRING (3109035.505 206053.364, 3109039.279 206041.734)	61	314	0	421	false	1296	None
LINESTRING (3109039.279 206041.734, 3109045.202 206017.851)	61	314	0	422	false	1296	None
LINESTRING (3109045.202 206017.851, 3109116.84 205750.495)	61	314	0	423	false	1296	None
LINESTRING (3109116.84 205750.495, 3109138.315 205681.457)	61	314	0	424	false	1296	None
LINESTRING (3109138.315 205681.457, 3109139.738 205650.38)	61	314	0	425	false	1296	None
LINESTRING (3109139.738 205650.38, 3109121.466 205595.463)	61	314	0	426	false	1296	None
LINESTRING (3109121.466 205595.463, 3109120.117 205553.456)	61	314	0	427	false	1296	None
LINESTRING (3109120.117 205553.456, 3109126.165 205495.739)	61	314	0	428	false	1296	None
LINESTRING (3109126.165 205495.739, 3109130.799 205437.362)	61	314	0	429	false	1296	None
LINESTRING (3109130.799 205437.362, 3109133.079 205408.397)	61	314	0	430	false	1296	None
LINESTRING (3109133.079 205408.397, 3109133.141 205353.498)	61	314	0	431	false	1296	None
LINESTRING (3109133.141 205353.498, 3109128.834 205328.664)	61	314	0	432	false	1296	None
LINESTRING (3109128.834 205328.664, 3109126.684 205285.161)	61	314	0	433	false	1296	None
LINESTRING (3109126.684 205285.161, 3109126.819 205224.702)	61	314	0	434	false	1296	None
LINESTRING (3109126.819 205224.702, 3109117.652 205163.172)	61	314	0	435	false	1296	None
LINESTRING (3109117.652 205163.172, 3109094.977 205106.686)	61	314	0	436	false	1296	None
LINESTRING (3109094.977 205106.686, 3109076.553 205084.642)	61	314	0	437	false	1296	None
LINESTRING (3109076.553 205084.642, 3109074.468 205080.871)	61	314	0	438	false	1296	None
LINESTRING (3109074.468 205080.871, 3109038.153 205034.372)	61	314	0	439	false	1296	None
LINESTRING (3109038.153 205034.372, 3109031.104 205021.802)	61	314	0	440	false	1296	None
LINESTRING (3109031.104 205021.802, 3109019.573 204994.317)	61	314	0	441	false	1296	None
LINESTRING (3109019.573 204994.317, 3109008.383 204970.292)	61	314	0	442	false	1296	None
LINESTRING (3109008.383 204970.292, 3108999.69 204919.288)	61	314	0	443	false	1296	None
LINESTRING (3108999.69 204919.288, 3108985.976 204867.309)	61	314	0	444	false	1296	None
LINESTRING (3108985.976 204867.309, 3108984.037 204857.531)	61	314	0	445	false	1296	None
LINESTRING (3108984.037 204857.531, 3108952.262 204695.321)	61	314	0	446	false	1296	None
LINESTRING (3108952.262 204695.321, 3108928.502 204595.862)	61	314	0	447	false	1296	None
LINESTRING (3108928.502 204595.862, 3108927.89 204574.943)	61	314	0	448	false	1296	None
LINESTRING (3108927.89 204574.943, 3108915.293 204532.071)	61	314	0	449	false	1296	None
LINESTRING (3108915.293 204532.071, 3108878.577 204447.974)	61	314	0	450	false	1296	None
LINESTRING (3108878.577 204447.974, 3108858.081 204397.557)	61	314	0	451	false	1296	None
LINESTRING (3108858.081 204397.557, 3108845.259 204366.012)	61	314	0	452	false	1296	None
LINESTRING (3108845.259 204366.012, 3108805.996 204286.764)	61	314	0	453	false	1296	None
LINESTRING (3108805.996 204286.764, 3108797.573 204266.773)	61	314	0	454	false	1296	None
LINESTRING (3108797.573 204266.773, 3108787.618 204251.544)	61	314	0	455	false	1296	None
LINESTRING (3108787.618 204251.544, 3108749.808 204208.161)	61	314	0	456	false	1296	None
LINESTRING (3108749.808 204208.161, 3108690.492 204138.226)	61	314	0	457	false	1296	None
LINESTRING (3108690.492 204138.226, 3108616.773 204059.798)	61	314	0	458	false	1296	None
LINESTRING (3108616.773 204059.798, 3108598.309 204032.986)	61	314	0	459	false	1296	None
LINESTRING (3108598.309 204032.986, 3108580.109 204003.185)	61	314	0	460	false	1296	None
LINESTRING (3108580.109 204003.185, 3108569.74 203978.287)	61	314	0	461	false	1296	None
LINESTRING (3108569.74 203978.287, 3108568.079 203976.224)	61	314	0	462	false	1296	None
LINESTRING (3108568.079 203976.224, 3108562.163 203953.272)	61	314	0	463	false	1296	None
LINESTRING (3108562.163 203953.272, 3108555.705 203922.266)	61	314	0	464	false	1296	None
LINESTRING (3108555.705 203922.266, 3108550.845 203892.467)	61	314	0	465	false	1296	None
LINESTRING (3108550.845 203892.467, 3108549.454 203862.572)	61	314	0	466	false	1296	None
LINESTRING (3108549.454 203862.572, 3108544.041 203780.732)	61	314	0	467	false	1296	None
LINESTRING (3108544.041 203780.732, 3108539.823 203706.007)	61	314	0	468	false	1296	None
LINESTRING (3108539.823 203706.007, 3108531.512 203608.435)	61	314	0	469	false	1296	None
LINESTRING (3108531.512 203608.435, 3108524.007 203512.598)	61	314	0	470	false	1296	None
LINESTRING (3108524.007 203512.598, 3108520.641 203451.514)	61	314	0	471	false	1296	None
LINESTRING (3108520.641 203451.514, 3108517.839 203416.086)	61	314	0	472	false	1296	None
LINESTRING (3108517.839 203416.086, 3108515.434 203398.046)	61	314	0	473	false	1296	None
LINESTRING (3108515.434 203398.046, 3108512.146 203365.165)	61	314	0	474	false	1296	None
LINESTRING (3108512.146 203365.165, 3108506.87 203344.123)	61	314	0	475	false	1296	None
LINESTRING (3108506.87 203344.123, 3108498.583 203314.556)	61	314	0	476	false	1296	None
LINESTRING (3108498.583 203314.556, 3108488.685 203293.288)	61	314	0	477	false	1296	None
LINESTRING (3108488.685 203293.288, 3108475.686 203271.663)	61	314	0	478	false	1296	None
LINESTRING (3108475.686 203271.663, 3108462.716 203254.567)	61	314	0	479	false	1296	None
LINESTRING (3108462.716 203254.567, 3108444.23 203233.691)	61	314	0	480	false	1296	None
LINESTRING (3108444.23 203233.691, 3108422.353 203212.705)	61	314	0	481	false	1296	None
LINESTRING (3108422.353 203212.705, 3108398.853 203196.209)	61	314	0	482	false	1296	None
LINESTRING (3108398.853 203196.209, 3108377.748 203180.63)	61	314	0	483	false	1296	None
LINESTRING (3108377.748 203180.63, 3108316.657 203138.075)	61	314	0	484	false	1296	None
LINESTRING (3108316.657 203138.075, 3108217.544 203072.628)	61	314	0	485	false	1296	None
LINESTRING (3108217.544 203072.628, 3108200.877 203060.059)	61	314	0	486	false	1296	None
LINESTRING (3108200.877 203060.059, 3108136.885 203011.758)	61	314	0	487	false	1296	None
LINESTRING (3108136.885 203011.758, 3108089.731 202976.093)	61	314	0	488	false	1296	None
LINESTRING (3108089.731 202976.093, 3108023.174 202935.251)	61	314	0	489	false	1296	None
LINESTRING (3108023.174 202935.251, 3107962.344 202901.478)	61	314	0	490	false	1296	None
LINESTRING (3107962.344 202901.478, 3107922.395 202881.057)	61	314	0	491	false	1296	None
LINESTRING (3107922.395 202881.057, 3107892.13 202868.389)	61	314	0	492	false	1296	None
LINESTRING (3107892.13 202868.389, 3107821.682 202842.818)	61	314	0	493	false	1296	None
LINESTRING (3107821.682 202842.818, 3107779.404 202817.464)	61	314	0	494	false	1296	None
LINESTRING (3107779.404 202817.464, 3107707.885 202758.082)	61	314	0	495	false	1296	None
LINESTRING (3107707.885 202758.082, 3107663.639 202715.333)	61	314	0	496	false	1296	None
LINESTRING (3107663.639 202715.333, 3107642.138 202705.905)	61	314	0	497	false	1296	None
LINESTRING (3107642.138 202705.905, 3107619.65 202699.309)	61	314	0	498	false	1296	None
LINESTRING (3107619.65 202699.309, 3107554.715 202685.72)	61	314	0	499	false	1296	None
LINESTRING (3107554.715 202685.72, 3107443.054 202668.372)	61	314	0	500	false	1296	None
LINESTRING (3107443.054 202668.372, 3107409.393 202667.124)	61	314	0	501	false	1296	None
LINESTRING (3107409.393 202667.124, 3107408.78 202674.615)	61	314	0	502	false	1296	None
LINESTRING (3107408.78 202674.615, 3107397.693 202739.904)	61	314	0	503	false	1296	None
LINESTRING (3107397.693 202739.904, 3107384.233 202793.467)	61	314	0	504	false	1296	None
LINESTRING (3107384.233 202793.467, 3107378.001 202821.509)	61	314	0	505	false	1296	None
LINESTRING (3107378.001 202821.509, 3107372.616 202851.183)	61	314	0	506	false	1296	None
LINESTRING (3107372.616 202851.183, 3107364.648 202887.594)	61	314	0	507	false	1296	None
LINESTRING (3107364.648 202887.594, 3107359.122 202908.418)	61	314	0	508	false	1296	None
LINESTRING (3107359.122 202908.418, 3107355.688 202926.596)	61	314	0	509	false	1296	None
LINESTRING (3107355.688 202926.596, 3107347.332 202966.068)	61	314	0	510	false	1296	None
LINESTRING (3107347.332 202966.068, 3107345.154 202972.009)	61	314	0	511	false	1296	None
LINESTRING (3107345.154 202972.009, 3107339.515 202980.07)	61	314	0	512	false	1296	None
LINESTRING (3107339.515 202980.07, 3107330.967 202987.018)	61	314	0	513	false	1296	None
LINESTRING (3107330.967 202987.018, 3107321.897 202991.744)	61	314	0	514	false	1296	None
LINESTRING (3107321.897 202991.744, 3107310.505 202995.106)	61	314	0	515	false	1296	None
LINESTRING (3107310.505 202995.106, 3107294.733 202996.075)	61	314	0	516	false	1296	None
LINESTRING (3107294.733 202996.075, 3107275.566 202995.151)	61	314	0	517	false	1296	None
LINESTRING (3107275.566 202995.151, 3107249.621 202992.46)	61	314	0	518	false	1296	None
LINESTRING (3107249.621 202992.46, 3107240.257 202992.32)	61	314	0	519	false	1296	None
LINESTRING (3107240.257 202992.32, 3107226.709 202990.814)	61	314	0	520	false	1296	None
LINESTRING (3107226.709 202990.814, 3107214.749 202988.49)	61	314	0	521	false	1296	None
LINESTRING (3107214.749 202988.49, 3107185.962 202980.67)	61	314	0	522	false	1296	None
LINESTRING (3107185.962 202980.67, 3107164.63 202972.853)	61	314	0	523	false	1296	None
LINESTRING (3107164.63 202972.853, 3107153.831 202969.547)	61	314	0	524	false	1296	None
LINESTRING (3107153.831 202969.547, 3107144.504 202967.519)	61	314	0	525	false	1296	None
LINESTRING (3107144.504 202967.519, 3107140.612 202967.692)	61	314	0	526	false	1296	None
LINESTRING (3107140.612 202967.692, 3107136.298 202967.941)	61	314	0	527	false	1296	None
LINESTRING (3107136.298 202967.941, 3107128.768 202969.93)	61	314	0	528	false	1296	None
LINESTRING (3107128.768 202969.93, 3107124.842 202970.446)	61	314	0	529	false	1296	None
LINESTRING (3107124.842 202970.446, 3107108.175 202977.849)	61	314	0	530	false	1296	None
LINESTRING (3107108.175 202977.849, 3107110.894 203004.804)	61	314	0	531	false	1296	None
LINESTRING (3107110.894 203004.804, 3107122.07 203117.729)	61	314	0	532	false	1296	None
LINESTRING (3107122.07 203117.729, 3107131.221 203297.634)	61	314	0	533	false	1296	None
LINESTRING (3107131.221 203297.634, 3107131.431 203354.176)	61	314	0	534	false	1296	None
LINESTRING (3107131.431 203354.176, 3107136.039 203437.128)	61	314	0	535	false	1296	None
LINESTRING (3107136.039 203437.128, 3107148.847 203486.135)	61	314	0	536	false	1296	None
LINESTRING (3107148.847 203486.135, 3107157.152 203504.652)	61	314	0	537	false	1296	None
LINESTRING (3107157.152 203504.652, 3107187.322 203546.999)	61	314	0	538	false	1296	None
LINESTRING (3107187.322 203546.999, 3107222.695 203589.081)	61	314	0	539	false	1296	None
LINESTRING (3107222.695 203589.081, 3107268.22 203650.744)	61	314	0	540	false	1296	None
LINESTRING (3107268.22 203650.744, 3107309.399 203728.098)	61	314	0	541	false	1296	None
LINESTRING (3107309.399 203728.098, 3107377.309 203879.29)	61	314	0	542	false	1296	None
LINESTRING (3107377.309 203879.29, 3107395.344 203917.464)	61	314	0	543	false	1296	None
LINESTRING (3107395.344 203917.464, 3107445.003 204022.081)	61	314	0	544	false	1296	None
LINESTRING (3107445.003 204022.081, 3107459.197 204089.215)	61	314	0	545	false	1296	None
LINESTRING (3107459.197 204089.215, 3107468.115 204131.978)	61	314	0	546	false	1296	None
LINESTRING (3107468.115 204131.978, 3107468.895 204149.395)	61	314	0	547	false	1296	None
LINESTRING (3107468.895 204149.395, 3107470.812 204189.951)	61	314	0	548	false	1296	None
LINESTRING (3107470.812 204189.951, 3107472.762 204233.492)	61	314	0	549	false	1296	None
LINESTRING (3107472.762 204233.492, 3107483.79 204368.002)	61	314	0	550	false	1296	None
LINESTRING (3107483.79 204368.002, 3107478.85 204422.097)	61	314	0	551	false	1296	None
LINESTRING (3107478.85 204422.097, 3107457.422 204535.847)	61	314	0	552	false	1296	None
LINESTRING (3107457.422 204535.847, 3107451.561 204551.908)	61	314	0	553	false	1296	None
LINESTRING (3107451.561 204551.908, 3107447.726 204584.435)	61	314	0	554	false	1296	None
LINESTRING (3107447.726 204584.435, 3107409.179 204686.038)	61	314	0	555	false	1296	None
LINESTRING (3107409.179 204686.038, 3107403.135 204701.552)	61	314	0	556	false	1296	None
LINESTRING (3107403.135 204701.552, 3107376.353 204769.387)	61	314	0	557	false	1296	None
LINESTRING (3107376.353 204769.387, 3107334.792 204885.763)	61	314	0	558	false	1296	None
LINESTRING (3107334.792 204885.763, 3107280.848 205041.615)	61	314	0	559	false	1296	None
LINESTRING (3107280.848 205041.615, 3107273.068 205065.498)	61	314	0	560	false	1296	None
LINESTRING (3107273.068 205065.498, 3107242.46 205139.475)	61	314	0	561	false	1296	None
LINESTRING (3107242.46 205139.475, 3107222.527 205178.434)	61	314	0	562	false	1296	None
LINESTRING (3107222.527 205178.434, 3107208.809 205168.422)	61	314	0	563	false	1296	None
LINESTRING (3107208.809 205168.422, 3107107.801 205127.452)	61	314	0	564	false	1296	None
LINESTRING (3107107.801 205127.452, 3107099.814 205124.748)	61	314	0	565	false	1296	None
LINESTRING (3107099.814 205124.748, 3107092.754 205120.14)	61	314	0	566	false	1296	None
LINESTRING (3107092.754 205120.14, 3107084.676 205110.507)	61	314	0	567	false	1296	None
LINESTRING (3107084.676 205110.507, 3107075.293 205096.094)	61	314	0	568	false	1296	None
LINESTRING (3107075.293 205096.094, 3107067.455 205079.182)	61	314	0	569	false	1296	None
LINESTRING (3107067.455 205079.182, 3107057.242 205055.416)	61	314	0	570	false	1296	None
LINESTRING (3107057.242 205055.416, 3107028.39 204997.881)	61	314	0	571	false	1296	None
LINESTRING (3107028.39 204997.881, 3107019.766 204985.066)	61	314	0	572	false	1296	None
LINESTRING (3107019.766 204985.066, 3107010.473 204974.254)	61	314	0	573	false	1296	None
LINESTRING (3107010.473 204974.254, 3106990.729 204958.723)	61	314	0	574	false	1296	None
LINESTRING (3106990.729 204958.723, 3106979.771 204954.049)	61	314	0	575	false	1296	None
LINESTRING (3106979.771 204954.049, 3106961.014 204950.784)	61	314	0	576	false	1296	None
LINESTRING (3106961.014 204950.784, 3106901.58 204949.762)	61	314	0	577	false	1296	None
LINESTRING (3106901.58 204949.762, 3106866.486 204948.438)	61	314	0	578	false	1296	None
LINESTRING (3106866.486 204948.438, 3106849.373 204946.517)	61	314	0	579	false	1296	None
LINESTRING (3106849.373 204946.517, 3106830.873 204946.679)	61	314	0	580	false	1296	None
LINESTRING (3106830.873 204946.679, 3106783.657 204943.207)	61	314	0	581	false	1296	None
LINESTRING (3106783.657 204943.207, 3106762.021 204938.245)	61	314	0	582	false	1296	None
LINESTRING (3106762.021 204938.245, 3106741.084 204929.152)	61	314	0	583	false	1296	None
LINESTRING (3106741.084 204929.152, 3106724.027 204916.079)	61	314	0	584	false	1296	None
LINESTRING (3106724.027 204916.079, 3106701.195 204894.017)	61	314	0	585	false	1296	None
LINESTRING (3106701.195 204894.017, 3106671.512 204873.965)	61	314	0	586	false	1296	None
LINESTRING (3106671.512 204873.965, 3106616.132 204832.419)	61	314	0	587	false	1296	None
LINESTRING (3106616.132 204832.419, 3106596.326 204814.489)	61	314	0	588	false	1296	None
LINESTRING (3106596.326 204814.489, 3106581.759 204797.733)	61	314	0	589	false	1296	None
LINESTRING (3106581.759 204797.733, 3106563.145 204766.709)	61	314	0	590	false	1296	None
LINESTRING (3106563.145 204766.709, 3106518.642 204694.978)	61	314	0	591	false	1296	None
LINESTRING (3106518.642 204694.978, 3106490.531 204633.451)	61	314	0	592	false	1296	None
LINESTRING (3106490.531 204633.451, 3106484.752 204619.35)	61	314	0	593	false	1296	None
LINESTRING (3106484.752 204619.35, 3106480.328 204600.182)	61	314	0	594	false	1296	None
LINESTRING (3106480.328 204600.182, 3106477.372 204577.178)	61	314	0	595	false	1296	None
LINESTRING (3106477.372 204577.178, 3106476.835 204569.364)	61	314	0	596	false	1296	None
LINESTRING (3106476.835 204569.364, 3106474.201 204534.002)	61	314	0	597	false	1296	None
LINESTRING (3106474.201 204534.002, 3106451.324 204376.891)	61	314	0	598	false	1296	None
LINESTRING (3106451.324 204376.891, 3106449.407 204354.761)	61	314	0	599	false	1296	None
LINESTRING (3106449.407 204354.761, 3106446.301 204317.554)	61	314	0	600	false	1296	None
LINESTRING (3106446.301 204317.554, 3106438.316 204258.271)	61	314	0	601	false	1296	None
LINESTRING (3106438.316 204258.271, 3106429.144 204202.337)	61	314	0	602	false	1296	None
LINESTRING (3106429.144 204202.337, 3106421.866 204180.887)	61	314	0	603	false	1296	None
LINESTRING (3106421.866 204180.887, 3106414.493 204167.364)	61	314	0	604	false	1296	None
LINESTRING (3106414.493 204167.364, 3106403.704 204152.771)	61	314	0	605	false	1296	None
LINESTRING (3106403.704 204152.771, 3106382.748 204122.99)	61	314	0	606	false	1296	None
LINESTRING (3106382.748 204122.99, 3106363.071 204091.916)	61	314	0	607	false	1296	None
LINESTRING (3106363.071 204091.916, 3106352.746 204088.912)	61	314	0	608	false	1296	None
LINESTRING (3106352.746 204088.912, 3106336.371 204086.086)	61	314	0	609	false	1296	None
LINESTRING (3106336.371 204086.086, 3106298.459 204080.596)	61	314	0	610	false	1296	None
LINESTRING (3106298.459 204080.596, 3106266.447 204077.366)	61	314	0	611	false	1296	None
LINESTRING (3106266.447 204077.366, 3106230.927 204074.338)	61	314	0	612	false	1296	None
LINESTRING (3106230.927 204074.338, 3106201.307 204073.571)	61	314	0	613	false	1296	None
LINESTRING (3106201.307 204073.571, 3106195.608 204102.53)	61	314	0	614	false	1296	None
LINESTRING (3106195.608 204102.53, 3106188.794 204129.279)	61	314	0	615	false	1296	None
LINESTRING (3106188.794 204129.279, 3106179.82 204156.033)	61	314	0	616	false	1296	None
LINESTRING (3106179.82 204156.033, 3106169.881 204181.467)	61	314	0	617	false	1296	None
LINESTRING (3106169.881 204181.467, 3106151.46 204238.003)	61	314	0	618	false	1296	None
LINESTRING (3106151.46 204238.003, 3106127.149 204292.759)	61	314	0	619	false	1296	None
LINESTRING (3106127.149 204292.759, 3106102.583 204357.401)	61	314	0	620	false	1296	None
LINESTRING (3106102.583 204357.401, 3106073.578 204448.99)	61	314	0	621	false	1296	None
LINESTRING (3106073.578 204448.99, 3106069.344 204465.673)	61	314	0	622	false	1296	None
LINESTRING (3106069.344 204465.673, 3106056.116 204499.95)	61	314	0	623	false	1296	None
LINESTRING (3106056.116 204499.95, 3106049.79 204519.279)	61	314	0	624	false	1296	None
LINESTRING (3106049.79 204519.279, 3106043.086 204533.709)	61	314	0	625	false	1296	None
LINESTRING (3106043.086 204533.709, 3106036.314 204545.497)	61	314	0	626	false	1296	None
LINESTRING (3106036.314 204545.497, 3106021.625 204565.664)	61	314	0	627	false	1296	None
LINESTRING (3106021.625 204565.664, 3106010.718 204584.665)	61	314	0	628	false	1296	None
LINESTRING (3106010.718 204584.665, 3106003.235 204603.432)	61	314	0	629	false	1296	None
LINESTRING (3106003.235 204603.432, 3105992.459 204642.571)	61	314	0	630	false	1296	None
LINESTRING (3105992.459 204642.571, 3105986.97 204674.82)	61	314	0	631	false	1296	None
LINESTRING (3105986.97 204674.82, 3105971.428 204749.695)	61	314	0	632	false	1296	None
LINESTRING (3105971.428 204749.695, 3105964.051 204794.297)	61	314	0	633	false	1296	None
LINESTRING (3105964.051 204794.297, 3105960.287 204836.122)	61	314	0	634	false	1296	None
LINESTRING (3105960.287 204836.122, 3105954.514 204957.175)	61	314	0	635	false	1296	None
LINESTRING (3105954.514 204957.175, 3105947.885 205071.243)	61	314	0	636	false	1296	None
LINESTRING (3105947.885 205071.243, 3105940.373 205162.27)	61	314	0	637	false	1296	None
LINESTRING (3105940.373 205162.27, 3105938.133 205189.108)	61	314	0	638	false	1296	None
LINESTRING (3105938.133 205189.108, 3105925.785 205259.739)	61	314	0	639	false	1296	None
LINESTRING (3105925.785 205259.739, 3105923.979 205273.668)	61	314	0	640	false	1296	None
LINESTRING (3105923.979 205273.668, 3105920.337 205290.341)	61	314	0	641	false	1296	None
LINESTRING (3105920.337 205290.341, 3105915.128 205320.321)	61	314	0	642	false	1296	None
LINESTRING (3105915.128 205320.321, 3105912.894 205347.398)	61	314	0	643	false	1296	None
LINESTRING (3105912.894 205347.398, 3105906.211 205409.383)	61	314	0	644	false	1296	None
LINESTRING (3105906.211 205409.383, 3105904.244 205447.024)	61	314	0	645	false	1296	None
LINESTRING (3105904.244 205447.024, 3105905.174 205478.642)	61	314	0	646	false	1296	None
LINESTRING (3105905.174 205478.642, 3105917.474 205579.637)	61	314	0	647	false	1296	None
LINESTRING (3105917.474 205579.637, 3105923.103 205646.339)	61	314	0	648	false	1296	None
LINESTRING (3105923.103 205646.339, 3105928.31 205678.051)	61	314	0	649	false	1296	None
LINESTRING (3105928.31 205678.051, 3105936.846 205710.801)	61	314	0	650	false	1296	None
LINESTRING (3105936.846 205710.801, 3105957.91 205768.439)	61	314	0	651	false	1296	None
LINESTRING (3105957.91 205768.439, 3105968.568 205806.4)	61	314	0	652	false	1296	None
LINESTRING (3105968.568 205806.4, 3105978.002 205856.254)	61	314	0	653	false	1296	None
LINESTRING (3105978.002 205856.254, 3105990.363 205897.958)	61	314	0	654	false	1296	None
LINESTRING (3105990.363 205897.958, 3106001.184 205942.401)	61	314	0	655	false	1296	None
LINESTRING (3106001.184 205942.401, 3106016.526 205999.869)	61	314	0	656	false	1296	None
LINESTRING (3106016.526 205999.869, 3106026.791 206070.844)	61	314	0	657	false	1296	None
LINESTRING (3106026.791 206070.844, 3106029.144 206100.274)	61	314	0	658	false	1296	None
LINESTRING (3106029.144 206100.274, 3106029.513 206131.559)	61	314	0	659	false	1296	None
LINESTRING (3106029.513 206131.559, 3106028.781 206147.802)	61	314	0	660	false	1296	None
LINESTRING (3106028.781 206147.802, 3106031.758 206171.766)	61	314	0	661	false	1296	None
LINESTRING (3106031.758 206171.766, 3106034.749 206182.897)	61	314	0	662	false	1296	None
LINESTRING (3106034.749 206182.897, 3106054.82 206241.582)	61	314	0	663	false	1296	None
LINESTRING (3106054.82 206241.582, 3106057.469 206249.254)	61	314	0	664	false	1296	None
LINESTRING (3106057.469 206249.254, 3106109.577 206387.853)	61	314	0	665	false	1296	None
LINESTRING (3106109.577 206387.853, 3106119.543 206415.327)	61	314	0	666	false	1296	None
LINESTRING (3106119.543 206415.327, 3106132.483 206446.556)	61	314	0	667	false	1296	None
LINESTRING (3106132.483 206446.556, 3106135.165 206460.541)	61	314	0	668	false	1296	None
LINESTRING (3106135.165 206460.541, 3106134.926 206467.819)	61	314	0	669	false	1296	None
LINESTRING (3106134.926 206467.819, 3106119.783 206459.996)	61	314	0	670	false	1296	None
LINESTRING (3106119.783 206459.996, 3106078.518 206435.388)	61	314	0	671	false	1296	None
LINESTRING (3106078.518 206435.388, 3106049.62 206417.658)	61	314	0	672	false	1296	None
LINESTRING (3106049.62 206417.658, 3105938.233 206349.066)	61	314	0	673	false	1296	None
LINESTRING (3105938.233 206349.066, 3105910.366 206331.97)	61	314	0	674	false	1296	None
LINESTRING (3105910.366 206331.97, 3105879.204 206313.492)	61	314	0	675	false	1296	None
LINESTRING (3105879.204 206313.492, 3105790.085 206263.3)	61	314	0	676	false	1296	None
LINESTRING (3105790.085 206263.3, 3105792.492 206279.795)	61	314	0	677	false	1296	None
LINESTRING (3105792.492 206279.795, 3105813.956 206336.636)	61	314	0	678	false	1296	None
LINESTRING (3105813.956 206336.636, 3105825.653 206420.76)	61	314	0	679	false	1296	None
LINESTRING (3105825.653 206420.76, 3105843.903 206462.7)	61	314	0	680	false	1296	None
LINESTRING (3105843.903 206462.7, 3105838.887 206512.13)	61	314	0	681	false	1296	None
LINESTRING (3105838.887 206512.13, 3105809.831 206608.694)	61	314	0	682	false	1296	None
LINESTRING (3105809.831 206608.694, 3105816.448 206712.982)	61	314	0	683	false	1296	None
LINESTRING (3105816.448 206712.982, 3105855.782 206894.116)	61	314	0	684	false	1296	None
LINESTRING (3105855.782 206894.116, 3105852.216 206938.991)	61	314	0	685	false	1296	None
LINESTRING (3105852.216 206938.991, 3105845.289 206961.418)	61	314	0	686	false	1296	None
LINESTRING (3105845.289 206961.418, 3105840.437 206977.152)	61	314	0	687	false	1296	None
LINESTRING (3105840.437 206977.152, 3105783.724 207160.475)	61	314	0	688	false	1296	None
LINESTRING (3105783.724 207160.475, 3105768.409 207214.518)	61	314	0	689	false	1296	None
LINESTRING (3105768.409 207214.518, 3105776.554 207285.634)	61	314	0	690	false	1296	None
LINESTRING (3105776.554 207285.634, 3105746.528 207363.996)	61	314	0	691	false	1296	None
LINESTRING (3105746.528 207363.996, 3105749.884 207433.277)	61	314	0	692	false	1296	None
LINESTRING (3105749.884 207433.277, 3105779.967 207461.209)	61	314	0	693	false	1296	None
LINESTRING (3105779.967 207461.209, 3105871.522 207697.663)	61	314	0	694	false	1296	None
LINESTRING (3105871.522 207697.663, 3105865.387 207763.307)	61	314	0	695	false	1296	None
LINESTRING (3105865.387 207763.307, 3105900.21 207792.938)	61	314	0	696	false	1296	None
LINESTRING (3105900.21 207792.938, 3105907.47 207901.399)	61	314	0	697	false	1296	None
LINESTRING (3105907.47 207901.399, 3105913.62 208034.756)	61	314	0	698	false	1296	None
LINESTRING (3105913.62 208034.756, 3105956.196 208214.525)	61	314	0	699	false	1296	None
LINESTRING (3105956.196 208214.525, 3106011.694 208339.336)	61	314	0	700	false	1296	None
LINESTRING (3106011.694 208339.336, 3106018.658 208399.184)	61	314	0	701	false	1296	None
LINESTRING (3106018.658 208399.184, 3105877.412 208775.146)	61	314	0	702	false	1296	None
LINESTRING (3105877.412 208775.146, 3105876.991 209308.506)	61	314	0	703	false	1296	None
LINESTRING (3105876.991 209308.506, 3105867.151 209348.244)	61	314	0	704	false	1296	None
LINESTRING (3105867.151 209348.244, 3105866.741 209416.323)	61	314	0	705	false	1296	N:3105867.109698277 209355.102
LINESTRING (3104020.108 209358.396, 3104017.566 209338.166)	61	314	0	929	false	1296	N:3104019.694092536 209355.102
LINESTRING (3104017.566 209338.166, 3104005.123 209307.961)	61	314	0	930	false	1296	None
LINESTRING (3104005.123 209307.961, 3103997.868 209285.45)	61	314	0	931	false	1296	None
LINESTRING (3103997.868 209285.45, 3103986.946 209233.362)	61	314	0	932	false	1296	None
LINESTRING (3103986.946 209233.362, 3103969.874 209185.813)	61	314	0	933	false	1296	None
LINESTRING (3103969.874 209185.813, 3103944.138 209125.317)	61	314	0	934	false	1296	None
LINESTRING (3103944.138 209125.317, 3103935.416 209108.425)	61	314	0	935	false	1296	None
LINESTRING (3103935.416 209108.425, 3103928.859 209091.768)	61	314	0	936	false	1296	None
LINESTRING (3103928.859 209091.768, 3103927.084 209081.816)	61	314	0	937	false	1296	None
LINESTRING (3103927.084 209081.816, 3103927.742 209069.349)	61	314	0	938	false	1296	None
LINESTRING (3103927.742 209069.349, 3103939.918 209010.181)	61	314	0	939	false	1296	None
LINESTRING (3103939.918 209010.181, 3103940.539 208984.505)	61	314	0	940	false	1296	None
LINESTRING (3103940.539 208984.505, 3103939.907 208969.523)	61	314	0	941	false	1296	None
LINESTRING (3103939.907 208969.523, 3103937.945 208960.57)	61	314	0	942	false	1296	None
LINESTRING (3103937.945 208960.57, 3103933.905 208951.415)	61	314	0	943	false	1296	None
LINESTRING (3103933.905 208951.415, 3103925.093 208939.363)	61	314	0	944	false	1296	None
LINESTRING (3103925.093 208939.363, 3103911.662 208927.086)	61	314	0	945	false	1296	None
LINESTRING (3103911.662 208927.086, 3103897.341 208913.042)	61	314	0	946	false	1296	None
LINESTRING (3103897.341 208913.042, 3103880.504 208893.28)	61	314	0	947	false	1296	None
LINESTRING (3103880.504 208893.28, 3103866.131 208875.532)	61	314	0	948	false	1296	None
LINESTRING (3103866.131 208875.532, 3103852.778 208851.28)	61	314	0	949	false	1296	None
LINESTRING (3103852.778 208851.28, 3103845.61 208833.913)	61	314	0	950	false	1296	None
LINESTRING (3103845.61 208833.913, 3103826.397 208777.106)	61	314	0	951	false	1296	None
LINESTRING (3103826.397 208777.106, 3103812.581 208719.513)	61	314	0	952	false	1296	None
LINESTRING (3103812.581 208719.513, 3103807.655 208708.83)	61	314	0	953	false	1296	None
LINESTRING (3103807.655 208708.83, 3103804.188 208705.6)	61	314	0	954	false	1296	None
LINESTRING (3103804.188 208705.6, 3103795.471 208729.126)	61	314	0	955	false	1296	None
LINESTRING (3103795.471 208729.126, 3103764.497 208813.07)	61	314	0	956	false	1296	None
LINESTRING (3103764.497 208813.07, 3103729.279 208903.233)	61	314	0	957	false	1296	W:3103759.05 208827.0150809534
LINESTRING (3105866.741 209416.323, 3105867.151 209348.244)	61	319	0	109	false	573	N:3105867.109698277 209355.102
LINESTRING (3105867.151 209348.244, 3105876.991 209308.506)	61	319	0	110	false	573	None
LINESTRING (3105876.991 209308.506, 3105877.412 208775.146)	61	319	0	111	false	573	None
LINESTRING (3105877.412 208775.146, 3106018.658 208399.184)	61	319	0	112	false	573	None
LINESTRING (3106018.658 208399.184, 3106011.694 208339.336)	61	319	0	113	false	573	None
LINESTRING (3106011.694 208339.336, 3105956.196 208214.525)	61	319	0	114	false	573	None
LINESTRING (3105956.196 208214.525, 3105913.62 208034.756)	61	319	0	115	false	573	None
LINESTRING (3105913.62 208034.756, 3105907.47 207901.399)	61	319	0	116	false	573	None
LINESTRING (3105907.47 207901.399, 3105900.21 207792.938)	61	319	0	117	false	573	None
LINESTRING (3105900.21 207792.938, 3105865.387 207763.307)	61	319	0	118	false	573	None
LINESTRING (3105865.387 207763.307, 3105871.522 207697.663)	61	319	0	119	false	573	None
LINESTRING (3105871.522 207697.663, 3105779.967 207461.209)	61	319	0	120	false	573	None
LINESTRING (3105779.967 207461.209, 3105749.884 207433.277)	61	319	0	121	false	573	None
LINESTRING (3105749.884 207433.277, 3105746.528 207363.996)	61	319	0	122	false	573	None
LINESTRING (3105746.528 207363.996, 3105776.554 207285.634)	61	319	0	123	false	573	None
LINESTRING (3105776.554 207285.634, 3105768.409 207214.518)	61	319	0	124	false	573	None
LINESTRING (3105768.409 207214.518, 3105783.724 207160.475)	61	319	0	125	false	573	None
LINESTRING (3105783.724 207160.475, 3105840.437 206977.152)	61	319	0	126	false	573	None
LINESTRING (3105840.437 206977.152, 3105845.289 206961.418)	61	319	0	127	false	573	None
LINESTRING (3105845.289 206961.418, 3105852.216 206938.991)	61	319	0	128	false	573	None
LINESTRING (3105852.216 206938.991, 3105855.782 206894.116)	61	319	0	129	false	573	None
LINESTRING (3105855.782 206894.116, 3105816.448 206712.982)	61	319	0	130	false	573	None
LINESTRING (3105816.448 206712.982, 3105809.831 206608.694)	61	319	0	131	false	573	None
LINESTRING (3105809.831 206608.694, 3105838.887 206512.13)	61	319	0	132	false	573	None
LINESTRING (3105838.887 206512.13, 3105843.903 206462.7)	61	319	0	133	false	573	None
LINESTRING (3105843.903 206462.7, 3105825.653 206420.76)	61	319	0	134	false	573	None
LINESTRING (3105825.653 206420.76, 3105813.956 206336.636)	61	319	0	135	false	573	None
LINESTRING (3105813.956 206336.636, 3105792.492 206279.795)	61	319	0	136	false	573	None
LINESTRING (3105792.492 206279.795, 3105790.085 206263.3)	61	319	0	137	false	573	None
LINESTRING (3105790.085 206263.3, 3105879.204 206313.492)	61	319	0	138	false	573	None
LINESTRING (3105879.204 206313.492, 3105910.366 206331.97)	61	319	0	139	false	573	None
LINESTRING (3105910.366 206331.97, 3105938.233 206349.066)	61	319	0	140	false	573	None
LINESTRING (3105938.233 206349.066, 3106049.62 206417.658)	61	319	0	141	false	573	None
LINESTRING (3106049.62 206417.658, 3106078.518 206435.388)	61	319	0	142	false	573	None
LINESTRING (3106078.518 206435.388, 3106119.783 206459.996)	61	319	0	143	false	573	None
LINESTRING (3106119.783 206459.996, 3106134.926 206467.819)	61	319	0	144	false	573	None
LINESTRING (3106134.926 206467.819, 3106135.165 206460.541)	61	319	0	145	false	573	None
LINESTRING (3106135.165 206460.541, 3106132.483 206446.556)	61	319	0	146	false	573	None
LINESTRING (3106132.483 206446.556, 3106119.543 206415.327)	61	319	0	147	false	573	None
LINESTRING (3106119.543 206415.327, 3106109.577 206387.853)	61	319	0	148	false	573	None
LINESTRING (3106109.577 206387.853, 3106057.469 206249.254)	61	319	0	149	false	573	None
LINESTRING (3106057.469 206249.254, 3106054.82 206241.582)	61	319	0	150	false	573	None
LINESTRING (3106054.82 206241.582, 3106034.749 206182.897)	61	319	0	151	false	573	None
LINESTRING (3106034.749 206182.897, 3106031.758 206171.766)	61	319	0	152	false	573	None
LINESTRING (3106031.758 206171.766, 3106028.781 206147.802)	61	319	0	153	false	573	None
LINESTRING (3106028.781 206147.802, 3106029.513 206131.559)	61	319	0	154	false	573	None
LINESTRING (3106029.513 206131.559, 3106029.144 206100.274)	61	319	0	155	false	573	None
LINESTRING (3106029.144 206100.274, 3106026.791 206070.844)	61	319	0	156	false	573	None
LINESTRING (3106026.791 206070.844, 3106016.526 205999.869)	61	319	0	157	false	573	None
LINESTRING (3106016.526 205999.869, 3106001.184 205942.401)	61	319	0	158	false	573	None
LINESTRING (3106001.184 205942.401, 3105990.363 205897.958)	61	319	0	159	false	573	None
LINESTRING (3105990.363 205897.958, 3105978.002 205856.254)	61	319	0	160	false	573	None
LINESTRING (3105978.002 205856.254, 3105968.568 205806.4)	61	319	0	161	false	573	None
LINESTRING (3105968.568 205806.4, 3105957.91 205768.439)	61	319	0	162	false	573	None
LINESTRING (3105957.91 205768.439, 3105936.846 205710.801)	61	319	0	163	false	573	None
LINESTRING (3105936.846 205710.801, 3105928.31 205678.051)	61	319	0	164	false	573	None
LINESTRING (3105928.31 205678.051, 3105923.103 205646.339)	61	319	0	165	false	573	None
LINESTRING (3105923.103 205646.339, 3105917.474 205579.637)	61	319	0	166	false	573	None
LINESTRING (3105917.474 205579.637, 3105905.174 205478.642)	61	319	0	167	false	573	None
LINESTRING (3105905.174 205478.642, 3105904.244 205447.024)	61	319	0	168	false	573	None
LINESTRING (3105904.244 205447.024, 3105906.211 205409.383)	61	319	0	169	false	573	None
LINESTRING (3105906.211 205409.383, 3105912.894 205347.398)	61	319	0	170	false	573	None
LINESTRING (3105912.894 205347.398, 3105915.128 205320.321)	61	319	0	171	false	573	None
LINESTRING (3105915.128 205320.321, 3105920.337 205290.341)	61	319	0	172	false	573	None
LINESTRING (3105920.337 205290.341, 3105923.979 205273.668)	61	319	0	173	false	573	None
LINESTRING (3105923.979 205273.668, 3105925.785 205259.739)	61	319	0	174	false	573	None
LINESTRING (3105925.785 205259.739, 3105938.133 205189.108)	61	319	0	175	false	573	None
LINESTRING (3105938.133 205189.108, 3105940.373 205162.27)	61	319	0	176	false	573	None
LINESTRING (3105940.373 205162.27, 3105947.885 205071.243)	61	319	0	177	false	573	None
LINESTRING (3105947.885 205071.243, 3105954.514 204957.175)	61	319	0	178	false	573	None
LINESTRING (3105954.514 204957.175, 3105960.287 204836.122)	61	319	0	179	false	573	None
LINESTRING (3105960.287 204836.122, 3105964.051 204794.297)	61	319	0	180	false	573	None
LINESTRING (3105964.051 204794.297, 3105971.428 204749.695)	61	319	0	181	false	573	None
LINESTRING (3105971.428 204749.695, 3105986.97 204674.82)	61	319	0	182	false	573	None
LINESTRING (3105986.97 204674.82, 3105992.459 204642.571)	61	319	0	183	false	573	None
LINESTRING (3105992.459 204642.571, 3106003.235 204603.432)	61	319	0	184	false	573	None
LINESTRING (3106003.235 204603.432, 3106010.718 204584.665)	61	319	0	185	false	573	None
LINESTRING (3106010.718 204584.665, 3106021.625 204565.664)	61	319	0	186	false	573	None
LINESTRING (3106021.625 204565.664, 3106036.314 204545.497)	61	319	0	187	false	573	None
LINESTRING (3106036.314 204545.497, 3106043.086 204533.709)	61	319	0	188	false	573	None
LINESTRING (3106043.086 204533.709, 3106049.79 204519.279)	61	319	0	189	false	573	None
LINESTRING (3106049.79 204519.279, 3106056.116 204499.95)	61	319	0	190	false	573	None
LINESTRING (3106056.116 204499.95, 3106069.344 204465.673)	61	319	0	191	false	573	None
LINESTRING (3106069.344 204465.673, 3106073.578 204448.99)	61	319	0	192	false	573	None
LINESTRING (3106073.578 204448.99, 3106102.583 204357.401)	61	319	0	193	false	573	None
LINESTRING (3106102.583 204357.401, 3106127.149 204292.759)	61	319	0	194	false	573	None
LINESTRING (3106127.149 204292.759, 3106151.46 204238.003)	61	319	0	195	false	573	None
LINESTRING (3106151.46 204238.003, 3106169.881 204181.467)	61	319	0	196	false	573	None
LINESTRING (3106169.881 204181.467, 3106179.82 204156.033)	61	319	0	197	false	573	None
LINESTRING (3106179.82 204156.033, 3106188.794 204129.279)	61	319	0	198	false	573	None
LINESTRING (3106188.794 204129.279, 3106195.608 204102.53)	61	319	0	199	false	573	None
LINESTRING (3106195.608 204102.53, 3106201.307 204073.571)	61	319	0	200	false	573	None
LINESTRING (3106201.307 204073.571, 3106230.927 204074.338)	61	319	0	201	false	573	None
LINESTRING (3106230.927 204074.338, 3106266.447 204077.366)	61	319	0	202	false	573	None
LINESTRING (3106266.447 204077.366, 3106298.459 204080.596)	61	319	0	203	false	573	None
LINESTRING (3106298.459 204080.596, 3106336.371 204086.086)	61	319	0	204	false	573	None
LINESTRING (3106336.371 204086.086, 3106352.746 204088.912)	61	319	0	205	false	573	None
LINESTRING (3106352.746 204088.912, 3106363.071 204091.916)	61	319	0	206	false	573	None
LINESTRING (3106363.071 204091.916, 3106382.748 204122.99)	61	319	0	207	false	573	None
LINESTRING (3106382.748 204122.99, 3106403.704 204152.771)	61	319	0	208	false	573	None
LINESTRING (3106403.704 204152.771, 3106414.493 204167.364)	61	319	0	209	false	573	None
LINESTRING (3106414.493 204167.364, 3106421.866 204180.887)	61	319	0	210	false	573	None
LINESTRING (3106421.866 204180.887, 3106429.144 204202.337)	61	319	0	211	false	573	None
LINESTRING (3106429.144 204202.337, 3106438.316 204258.271)	61	319	0	212	false	573	None
LINESTRING (3106438.316 204258.271, 3106446.301 204317.554)	61	319	0	213	false	573	None
LINESTRING (3106446.301 204317.554, 3106449.407 204354.761)	61	319	0	214	false	573	None
LINESTRING (3106449.407 204354.761, 3106451.324 204376.891)	61	319	0	215	false	573	None
LINESTRING (3106451.324 204376.891, 3106474.201 204534.002)	61	319	0	216	false	573	None
LINESTRING (3106474.201 204534.002, 3106476.835 204569.364)	61	319	0	217	false	573	None
LINESTRING (3106476.835 204569.364, 3106477.372 204577.178)	61	319	0	218	false	573	None
LINESTRING (3106477.372 204577.178, 3106480.328 204600.182)	61	319	0	219	false	573	None
LINESTRING (3106480.328 204600.182, 3106484.752 204619.35)	61	319	0	220	false	573	None
LINESTRING (3106484.752 204619.35, 3106490.531 204633.451)	61	319	0	221	false	573	None
LINESTRING (3106490.531 204633.451, 3106518.642 204694.978)	61	319	0	222	false	573	None
LINESTRING (3106518.642 204694.978, 3106563.145 204766.709)	61	319	0	223	false	573	None
LINESTRING (3106563.145 204766.709, 3106581.759 204797.733)	61	319	0	224	false	573	None
LINESTRING (3106581.759 204797.733, 3106596.326 204814.489)	61	319	0	225	false	573	None
LINESTRING (3106596.326 204814.489, 3106616.132 204832.419)	61	319	0	226	false	573	None
LINESTRING (3106616.132 204832.419, 3106671.512 204873.965)	61	319	0	227	false	573	None
LINESTRING (3106671.512 204873.965, 3106701.195 204894.017)	61	319	0	228	false	573	None
LINESTRING (3106701.195 204894.017, 3106724.027 204916.079)	61	319	0	229	false	573	None
LINESTRING (3106724.027 204916.079, 3106741.084 204929.152)	61	319	0	230	false	573	None
LINESTRING (3106741.084 204929.152, 3106762.021 204938.245)	61	319	0	231	false	573	None
LINESTRING (3106762.021 204938.245, 3106783.657 204943.207)	61	319	0	232	false	573	None
LINESTRING (3106783.657 204943.207, 3106830.873 204946.679)	61	319	0	233	false	573	None
LINESTRING (3106830.873 204946.679, 3106849.373 204946.517)	61	319	0	234	false	573	None
LINESTRING (3106849.373 204946.517, 3106866.486 204948.438)	61	319	0	235	false	573	None
LINESTRING (3106866.486 204948.438, 3106901.58 204949.762)	61	319	0	236	false	573	None
LINESTRING (3106901.58 204949.762, 3106961.014 204950.784)	61	319	0	237	false	573	None
LINESTRING (3106961.014 204950.784, 3106979.771 204954.049)	61	319	0	238	false	573	None
LINESTRING (3106979.771 204954.049, 3106990.729 204958.723)	61	319	0	239	false	573	None
LINESTRING (3106990.729 204958.723, 3107010.473 204974.254)	61	319	0	240	false	573	None
LINESTRING (3107010.473 204974.254, 3107019.766 204985.066)	61	319	0	241	false	573	None
LINESTRING (3107019.766 204985.066, 3107028.39 204997.881)	61	319	0	242	false	573	None
LINESTRING (3107028.39 204997.881, 3107057.242 205055.416)	61	319	0	243	false	573	None
LINESTRING (3107057.242 205055.416, 3107067.455 205079.182)	61	319	0	244	false	573	None
LINESTRING (3107067.455 205079.182, 3107075.293 205096.094)	61	319	0	245	false	573	None
LINESTRING (3107075.293 205096.094, 3107084.676 205110.507)	61	319	0	246	false	573	None
LINESTRING (3107084.676 205110.507, 3107092.754 205120.14)	61	319	0	247	false	573	None
LINESTRING (3107092.754 205120.14, 3107099.814 205124.748)	61	319	0	248	false	573	None
LINESTRING (3107099.814 205124.748, 3107107.801 205127.452)	61	319	0	249	false	573	None
LINESTRING (3107107.801 205127.452, 3107208.809 205168.422)	61	319	0	250	false	573	None
LINESTRING (3107208.809 205168.422, 3107222.527 205178.434)	61	319	0	251	false	573	None
LINESTRING (3107222.527 205178.434, 3107242.46 205139.475)	61	319	0	252	false	573	None
LINESTRING (3107242.46 205139.475, 3107273.068 205065.498)	61	319	0	253	false	573	None
LINESTRING (3107273.068 205065.498, 3107280.848 205041.615)	61	319	0	254	false	573	None
LINESTRING (3107280.848 205041.615, 3107334.792 204885.763)	61	319	0	255	false	573	None
LINESTRING (3107334.792 204885.763, 3107376.353 204769.387)	61	319	0	256	false	573	None
LINESTRING (3107376.353 204769.387, 3107403.135 204701.552)	61	319	0	257	false	573	None
LINESTRING (3107403.135 204701.552, 3107409.179 204686.038)	61	319	0	258	false	573	None
LINESTRING (3107409.179 204686.038, 3107447.726 204584.435)	61	319	0	259	false	573	None
LINESTRING (3107447.726 204584.435, 3107451.561 204551.908)	61	319	0	260	false	573	None
LINESTRING (3107451.561 204551.908, 3107457.422 204535.847)	61	319	0	261	false	573	None
LINESTRING (3107457.422 204535.847, 3107478.85 204422.097)	61	319	0	262	false	573	None
LINESTRING (3107478.85 204422.097, 3107483.79 204368.002)	61	319	0	263	false	573	None
LINESTRING (3107483.79 204368.002, 3107472.762 204233.492)	61	319	0	264	false	573	None
LINESTRING (3107472.762 204233.492, 3107470.812 204189.951)	61	319	0	265	false	573	None
LINESTRING (3107470.812 204189.951, 3107468.895 204149.395)	61	319	0	266	false	573	None
LINESTRING (3107468.895 204149.395, 3107468.115 204131.978)	61	319	0	267	false	573	None
LINESTRING (3107468.115 204131.978, 3107459.197 204089.215)	61	319	0	268	false	573	None
LINESTRING (3107459.197 204089.215, 3107445.003 204022.081)	61	319	0	269	false	573	None
LINESTRING (3107445.003 204022.081, 3107395.344 203917.464)	61	319	0	270	false	573	None
LINESTRING (3107395.344 203917.464, 3107377.309 203879.29)	61	319	0	271	false	573	None
LINESTRING (3107377.309 203879.29, 3107309.399 203728.098)	61	319	0	272	false	573	None
LINESTRING (3107309.399 203728.098, 3107268.22 203650.744)	61	319	0	273	false	573	None
LINESTRING (3107268.22 203650.744, 3107222.695 203589.081)	61	319	0	274	false	573	None
LINESTRING (3107222.695 203589.081, 3107187.322 203546.999)	61	319	0	275	false	573	None
LINESTRING (3107187.322 203546.999, 3107157.152 203504.652)	61	319	0	276	false	573	None
LINESTRING (3107157.152 203504.652, 3107148.847 203486.135)	61	319	0	277	false	573	None
LINESTRING (3107148.847 203486.135, 3107136.039 203437.128)	61	319	0	278	false	573	None
LINESTRING (3107136.039 203437.128, 3107131.431 203354.176)	61	319	0	279	false	573	None
LINESTRING (3107131.431 203354.176, 3107131.221 203297.634)	61	319	0	280	false	573	None
LINESTRING (3107131.221 203297.634, 3107122.07 203117.729)	61	319	0	281	false	573	None
LINESTRING (3107122.07 203117.729, 3107110.894 203004.804)	61	319	0	282	false	573	None
LINESTRING (3107110.894 203004.804, 3107108.175 202977.849)	61	319	0	283	false	573	None
LINESTRING (3107108.175 202977.849, 3107124.842 202970.446)	61	319	0	284	false	573	None
LINESTRING (3107124.842 202970.446, 3107128.768 202969.93)	61	319	0	285	false	573	None
LINESTRING (3107128.768 202969.93, 3107136.298 202967.941)	61	319	0	286	false	573	None
LINESTRING (3107136.298 202967.941, 3107140.612 202967.692)	61	319	0	287	false	573	None
LINESTRING (3107140.612 202967.692, 3107144.504 202967.519)	61	319	0	288	false	573	None
LINESTRING (3107144.504 202967.519, 3107153.831 202969.547)	61	319	0	289	false	573	None
LINESTRING (3107153.831 202969.547, 3107164.63 202972.853)	61	319	0	290	false	573	None
LINESTRING (3107164.63 202972.853, 3107185.962 202980.67)	61	319	0	291	false	573	None
LINESTRING (3107185.962 202980.67, 3107214.749 202988.49)	61	319	0	292	false	573	None
LINESTRING (3107214.749 202988.49, 3107226.709 202990.814)	61	319	0	293	false	573	None
LINESTRING (3107226.709 202990.814, 3107240.257 202992.32)	61	319	0	294	false	573	None
LINESTRING (3107240.257 202992.32, 3107249.621 202992.46)	61	319	0	295	false	573	None
LINESTRING (3107249.621 202992.46, 3107275.566 202995.151)	61	319	0	296	false	573	None
LINESTRING (3107275.566 202995.151, 3107294.733 202996.075)	61	319	0	297	false	573	None
LINESTRING (3107294.733 202996.075, 3107310.505 202995.106)	61	319	0	298	false	573	None
LINESTRING (3107310.505 202995.106, 3107321.897 202991.744)	61	319	0	299	false	573	None
LINESTRING (3107321.897 202991.744, 3107330.967 202987.018)	61	319	0	300	false	573	None
LINESTRING (3107330.967 202987.018, 3107339.515 202980.07)	61	319	0	301	false	573	None
LINESTRING (3107339.515 202980.07, 3107345.154 202972.009)	61	319	0	302	false	573	None
LINESTRING (3107345.154 202972.009, 3107347.332 202966.068)	61	319	0	303	false	573	None
LINESTRING (3107347.332 202966.068, 3107355.688 202926.596)	61	319	0	304	false	573	None
LINESTRING (3107355.688 202926.596, 3107359.122 202908.418)	61	319	0	305	false	573	None
LINESTRING (3107359.122 202908.418, 3107364.648 202887.594)	61	319	0	306	false	573	None
LINESTRING (3107364.648 202887.594, 3107372.616 202851.183)	61	319	0	307	false	573	None
LINESTRING (3107372.616 202851.183, 3107378.001 202821.509)	61	319	0	308	false	573	None
LINESTRING (3107378.001 202821.509, 3107384.233 202793.467)	61	319	0	309	false	573	None
LINESTRING (3107384.233 202793.467, 3107397.693 202739.904)	61	319	0	310	false	573	None
LINESTRING (3107397.693 202739.904, 3107408.78 202674.615)	61	319	0	311	false	573	None
LINESTRING (3107408.78 202674.615, 3107409.393 202667.124)	61	319	0	312	false	573	None
LINESTRING (3107409.393 202667.124, 3107443.054 202668.372)	61	319	0	313	false	573	None
LINESTRING (3107443.054 202668.372, 3107554.715 202685.72)	61	319	0	314	false	573	None
LINESTRING (3107554.715 202685.72, 3107619.65 202699.309)	61	319	0	315	false	573	None
LINESTRING (3107619.65 202699.309, 3107642.138 202705.905)	61	319	0	316	false	573	None
LINESTRING (3107642.138 202705.905, 3107663.639 202715.333)	61	319	0	317	false	573	None
LINESTRING (3107663.639 202715.333, 3107707.885 202758.082)	61	319	0	318	false	573	None
LINESTRING (3107707.885 202758.082, 3107779.404 202817.464)	61	319	0	319	false	573	None
LINESTRING (3107779.404 202817.464, 3107821.682 202842.818)	61	319	0	320	false	573	None
LINESTRING (3107821.682 202842.818, 3107892.13 202868.389)	61	319	0	321	false	573	None
LINESTRING (3107892.13 202868.389, 3107922.395 202881.057)	61	319	0	322	false	573	None
LINESTRING (3107922.395 202881.057, 3107962.344 202901.478)	61	319	0	323	false	573	None
LINESTRING (3107962.344 202901.478, 3108023.174 202935.251)	61	319	0	324	false	573	None
LINESTRING (3108023.174 202935.251, 3108089.731 202976.093)	61	319	0	325	false	573	None
LINESTRING (3108089.731 202976.093, 3108136.885 203011.758)	61	319	0	326	false	573	None
LINESTRING (3108136.885 203011.758, 3108200.877 203060.059)	61	319	0	327	false	573	None
LINESTRING (3108200.877 203060.059, 3108217.544 203072.628)	61	319	0	328	false	573	None
LINESTRING (3108217.544 203072.628, 3108316.657 203138.075)	61	319	0	329	false	573	None
LINESTRING (3108316.657 203138.075, 3108377.748 203180.63)	61	319	0	330	false	573	None
LINESTRING (3108377.748 203180.63, 3108398.853 203196.209)	61	319	0	331	false	573	None
LINESTRING (3108398.853 203196.209, 3108422.353 203212.705)	61	319	0	332	false	573	None
LINESTRING (3108422.353 203212.705, 3108444.23 203233.691)	61	319	0	333	false	573	None
LINESTRING (3108444.23 203233.691, 3108462.716 203254.567)	61	319	0	334	false	573	None
LINESTRING (3108462.716 203254.567, 3108475.686 203271.663)	61	319	0	335	false	573	None
LINESTRING (3108475.686 203271.663, 3108488.685 203293.288)	61	319	0	336	false	573	None
LINESTRING (3108488.685 203293.288, 3108498.583 203314.556)	61	319	0	337	false	573	None
LINESTRING (3108498.583 203314.556, 3108506.87 203344.123)	61	319	0	338	false	573	None
LINESTRING (3108506.87 203344.123, 3108512.146 203365.165)	61	319	0	339	false	573	None
LINESTRING (3108512.146 203365.165, 3108515.434 203398.046)	61	319	0	340	false	573	None
LINESTRING (3108515.434 203398.046, 3108517.839 203416.086)	61	319	0	341	false	573	None
LINESTRING (3108517.839 203416.086, 3108520.641 203451.514)	61	319	0	342	false	573	None
LINESTRING (3108520.641 203451.514, 3108524.007 203512.598)	61	319	0	343	false	573	None
LINESTRING (3108524.007 203512.598, 3108531.512 203608.435)	61	319	0	344	false	573	None
LINESTRING (3108531.512 203608.435, 3108539.823 203706.007)	61	319	0	345	false	573	None
LINESTRING (3108539.823 203706.007, 3108544.041 203780.732)	61	319	0	346	false	573	None
LINESTRING (3108544.041 203780.732, 3108549.454 203862.572)	61	319	0	347	false	573	None
LINESTRING (3108549.454 203862.572, 3108550.845 203892.467)	61	319	0	348	false	573	None
LINESTRING (3108550.845 203892.467, 3108555.705 203922.266)	61	319	0	349	false	573	None
LINESTRING (3108555.705 203922.266, 3108562.163 203953.272)	61	319	0	350	false	573	None
LINESTRING (3108562.163 203953.272, 3108568.079 203976.224)	61	319	0	351	false	573	None
LINESTRING (3108568.079 203976.224, 3108569.74 203978.287)	61	319	0	352	false	573	None
LINESTRING (3108569.74 203978.287, 3108580.109 204003.185)	61	319	0	353	false	573	None
LINESTRING (3108580.109 204003.185, 3108598.309 204032.986)	61	319	0	354	false	573	None
LINESTRING (3108598.309 204032.986, 3108616.773 204059.798)	61	319	0	355	false	573	None
LINESTRING (3108616.773 204059.798, 3108690.492 204138.226)	61	319	0	356	false	573	None
LINESTRING (3108690.492 204138.226, 3108749.808 204208.161)	61	319	0	357	false	573	None
LINESTRING (3108749.808 204208.161, 3108787.618 204251.544)	61	319	0	358	false	573	None
LINESTRING (3108787.618 204251.544, 3108797.573 204266.773)	61	319	0	359	false	573	None
LINESTRING (3108797.573 204266.773, 3108805.996 204286.764)	61	319	0	360	false	573	None
LINESTRING (3108805.996 204286.764, 3108845.259 204366.012)	61	319	0	361	false	573	None
LINESTRING (3108845.259 204366.012, 3108858.081 204397.557)	61	319	0	362	false	573	None
LINESTRING (3108858.081 204397.557, 3108878.577 204447.974)	61	319	0	363	false	573	None
LINESTRING (3108878.577 204447.974, 3108915.293 204532.071)	61	319	0	364	false	573	None
LINESTRING (3108915.293 204532.071, 3108927.89 204574.943)	61	319	0	365	false	573	None
LINESTRING (3108927.89 204574.943, 3108928.502 204595.862)	61	319	0	366	false	573	None
LINESTRING (3108928.502 204595.862, 3108952.262 204695.321)	61	319	0	367	false	573	None
LINESTRING (3108952.262 204695.321, 3108984.037 204857.531)	61	319	0	368	false	573	None
LINESTRING (3108984.037 204857.531, 3108985.976 204867.309)	61	319	0	369	false	573	None
LINESTRING (3108985.976 204867.309, 3108999.69 204919.288)	61	319	0	370	false	573	None
LINESTRING (3108999.69 204919.288, 3109008.383 204970.292)	61	319	0	371	false	573	None
LINESTRING (3109008.383 204970.292, 3109019.573 204994.317)	61	319	0	372	false	573	None
LINESTRING (3109019.573 204994.317, 3109031.104 205021.802)	61	319	0	373	false	573	None
LINESTRING (3109031.104 205021.802, 3109038.153 205034.372)	61	319	0	374	false	573	None
LINESTRING (3109038.153 205034.372, 3109074.468 205080.871)	61	319	0	375	false	573	None
LINESTRING (3109074.468 205080.871, 3109076.553 205084.642)	61	319	0	376	false	573	None
LINESTRING (3109076.553 205084.642, 3109094.977 205106.686)	61	319	0	377	false	573	None
LINESTRING (3109094.977 205106.686, 3109117.652 205163.172)	61	319	0	378	false	573	None
LINESTRING (3109117.652 205163.172, 3109126.819 205224.702)	61	319	0	379	false	573	None
LINESTRING (3109126.819 205224.702, 3109126.684 205285.161)	61	319	0	380	false	573	None
LINESTRING (3109126.684 205285.161, 3109128.834 205328.664)	61	319	0	381	false	573	None
LINESTRING (3109128.834 205328.664, 3109133.141 205353.498)	61	319	0	382	false	573	None
LINESTRING (3109133.141 205353.498, 3109133.079 205408.397)	61	319	0	383	false	573	None
LINESTRING (3109133.079 205408.397, 3109130.799 205437.362)	61	319	0	384	false	573	None
LINESTRING (3109130.799 205437.362, 3109126.165 205495.739)	61	319	0	385	false	573	None
LINESTRING (3109126.165 205495.739, 3109120.117 205553.456)	61	319	0	386	false	573	None
LINESTRING (3109120.117 205553.456, 3109121.466 205595.463)	61	319	0	387	false	573	None
LINESTRING (3109121.466 205595.463, 3109139.738 205650.38)	61	319	0	388	false	573	None
LINESTRING (3109139.738 205650.38, 3109138.315 205681.457)	61	319	0	389	false	573	None
LINESTRING (3109138.315 205681.457, 3109116.84 205750.495)	61	319	0	390	false	573	None
LINESTRING (3109116.84 205750.495, 3109045.202 206017.851)	61	319	0	391	false	573	None
LINESTRING (3109045.202 206017.851, 3109039.279 206041.734)	61	319	0	392	false	573	None
LINESTRING (3109039.279 206041.734, 3109035.505 206053.364)	61	319	0	393	false	573	None
LINESTRING (3109035.505 206053.364, 3109025.928 206088.566)	61	319	0	394	false	573	None
LINESTRING (3109025.928 206088.566, 3109022.608 206103.104)	61	319	0	395	false	573	None
LINESTRING (3109022.608 206103.104, 3109022.309 206109.766)	61	319	0	396	false	573	None
LINESTRING (3109022.309 206109.766, 3109023.298 206125.6)	61	319	0	397	false	573	None
LINESTRING (3109023.298 206125.6, 3109025.631 206140.999)	61	319	0	398	false	573	None
LINESTRING (3109025.631 206140.999, 3109033.108 206163.957)	61	319	0	399	false	573	None
LINESTRING (3109033.108 206163.957, 3109048.257 206221.125)	61	319	0	400	false	573	None
LINESTRING (3109048.257 206221.125, 3109054.199 206247.062)	61	319	0	401	false	573	None
LINESTRING (3109054.199 206247.062, 3109061.266 206262.136)	61	319	0	402	false	573	None
LINESTRING (3109061.266 206262.136, 3109082.211 206285.268)	61	319	0	403	false	573	None
LINESTRING (3109082.211 206285.268, 3109097.121 206307.511)	61	319	0	404	false	573	None
LINESTRING (3109097.121 206307.511, 3109131 206385.654)	61	319	0	405	false	573	None
LINESTRING (3109131 206385.654, 3109144.329 206437.845)	61	319	0	406	false	573	None
LINESTRING (3109144.329 206437.845, 3109153.665 206459.021)	61	319	0	407	false	573	None
LINESTRING (3109153.665 206459.021, 3109157.445 206469.624)	61	319	0	408	false	573	None
LINESTRING (3109157.445 206469.624, 3109161.841 206486.29)	61	319	0	409	false	573	None
LINESTRING (3109161.841 206486.29, 3109169.581 206511.371)	61	319	0	410	false	573	None
LINESTRING (3109169.581 206511.371, 3109183.43 206542.006)	61	319	0	411	false	573	None
LINESTRING (3109183.43 206542.006, 3109196.781 206571.379)	61	319	0	412	false	573	None
LINESTRING (3109196.781 206571.379, 3109214.612 206607.227)	61	319	0	413	false	573	None
LINESTRING (3109214.612 206607.227, 3109220.86 206623.414)	61	319	0	414	false	573	None
LINESTRING (3109220.86 206623.414, 3109106.571 206685.623)	61	319	0	415	false	573	None
LINESTRING (3109106.571 206685.623, 3109080.161 206701.292)	61	319	0	416	false	573	None
LINESTRING (3109080.161 206701.292, 3109052.604 206715.094)	61	319	0	417	false	573	None
LINESTRING (3109052.604 206715.094, 3109033.465 206726.894)	61	319	0	418	false	573	None
LINESTRING (3109033.465 206726.894, 3109023.897 206733.685)	61	319	0	419	false	573	None
LINESTRING (3109023.897 206733.685, 3109148.235 206723.003)	61	319	0	420	false	573	None
LINESTRING (3109148.235 206723.003, 3109202.104 206720.126)	61	319	0	421	false	573	None
LINESTRING (3109202.104 206720.126, 3109252.279 206715.119)	61	319	0	422	false	573	None
LINESTRING (3109252.279 206715.119, 3109267.133 206711.425)	61	319	0	423	false	573	None
LINESTRING (3109267.133 206711.425, 3109287.174 206705.202)	61	319	0	424	false	573	None
LINESTRING (3109287.174 206705.202, 3109303.413 206697.64)	61	319	0	425	false	573	None
LINESTRING (3109303.413 206697.64, 3109319.34 206686.036)	61	319	0	426	false	573	None
LINESTRING (3109319.34 206686.036, 3109329.845 206676.036)	61	319	0	427	false	573	None
LINESTRING (3109329.845 206676.036, 3109364.008 206631.719)	61	319	0	428	false	573	None
LINESTRING (3109364.008 206631.719, 3109394.401 206560.156)	61	319	0	429	false	573	None
LINESTRING (3109394.401 206560.156, 3109403.956 206537.548)	61	319	0	430	false	573	None
LINESTRING (3109403.956 206537.548, 3109449.503 206433.636)	61	319	0	431	false	573	None
LINESTRING (3109449.503 206433.636, 3109458.125 206416.019)	61	319	0	432	false	573	None
LINESTRING (3109458.125 206416.019, 3109467.236 206394.31)	61	319	0	433	false	573	None
LINESTRING (3109467.236 206394.31, 3109482.392 206367.073)	61	319	0	434	false	573	None
LINESTRING (3109482.392 206367.073, 3109495.972 206346.246)	61	319	0	435	false	573	None
LINESTRING (3109495.972 206346.246, 3109520.758 206311.291)	61	319	0	436	false	573	None
LINESTRING (3109520.758 206311.291, 3109544.65 206281.223)	61	319	0	437	false	573	None
LINESTRING (3109544.65 206281.223, 3109575.672 206243.309)	61	319	0	438	false	573	None
LINESTRING (3109575.672 206243.309, 3109603.739 206207.472)	61	319	0	439	false	573	None
LINESTRING (3109603.739 206207.472, 3109700.411 206097.373)	61	319	0	440	false	573	None
LINESTRING (3109700.411 206097.373, 3109788.595 205988.181)	61	319	0	441	false	573	None
LINESTRING (3109788.595 205988.181, 3109782.191 205979.304)	61	319	0	442	false	573	None
LINESTRING (3109782.191 205979.304, 3109781.759 205975.572)	61	319	0	443	false	573	None
LINESTRING (3109781.759 205975.572, 3109782.733 205970.477)	61	319	0	444	false	573	None
LINESTRING (3109782.733 205970.477, 3109785.573 205963.839)	61	319	0	445	false	573	None
LINESTRING (3109785.573 205963.839, 3109791.026 205954.993)	61	319	0	446	false	573	None
LINESTRING (3109791.026 205954.993, 3109810.84 205929.424)	61	319	0	447	false	573	None
LINESTRING (3109810.84 205929.424, 3109821.631 205915.612)	61	319	0	448	false	573	None
LINESTRING (3109821.631 205915.612, 3109834.305 205894.081)	61	319	0	449	false	573	None
LINESTRING (3109834.305 205894.081, 3109859.791 205834.547)	61	319	0	450	false	573	None
LINESTRING (3109859.791 205834.547, 3109866.893 205813.732)	61	319	0	451	false	573	None
LINESTRING (3109866.893 205813.732, 3109866.381 205850.865)	61	319	0	452	false	573	None
LINESTRING (3109866.381 205850.865, 3109876.275 205880.816)	61	319	0	453	false	573	None
LINESTRING (3109876.275 205880.816, 3109987.214 205712.826)	61	319	0	454	false	573	None
LINESTRING (3109987.214 205712.826, 3109998.198 205693.143)	61	319	0	455	false	573	None
LINESTRING (3109998.198 205693.143, 3110039.668 205610.613)	61	319	0	456	false	573	None
LINESTRING (3110039.668 205610.613, 3110147.645 205405.346)	61	319	0	457	false	573	None
LINESTRING (3110147.645 205405.346, 3110222.349 205269.94)	61	319	0	458	false	573	None
LINESTRING (3110222.349 205269.94, 3110262.375 205185.55)	61	319	0	459	false	573	None
LINESTRING (3110262.375 205185.55, 3110290.301 205116.847)	61	319	0	460	false	573	None
LINESTRING (3110290.301 205116.847, 3110310.652 205060.217)	61	319	0	461	false	573	None
LINESTRING (3110310.652 205060.217, 3110326.496 204999.481)	61	319	0	462	false	573	None
LINESTRING (3110326.496 204999.481, 3110334.775 204957.956)	61	319	0	463	false	573	None
LINESTRING (3110334.775 204957.956, 3110378.186 205003.856)	61	319	0	464	false	573	None
LINESTRING (3110378.186 205003.856, 3110385.719 205022.32)	61	319	0	465	false	573	None
LINESTRING (3110385.719 205022.32, 3110470.9 205229.882)	61	319	0	466	false	573	None
LINESTRING (3110470.9 205229.882, 3110488.03 205369.847)	61	319	0	467	false	573	None
LINESTRING (3110488.03 205369.847, 3110519.409 205458.093)	61	319	0	468	false	573	None
LINESTRING (3110519.409 205458.093, 3110550.27 205505.244)	61	319	0	469	false	573	None
LINESTRING (3110550.27 205505.244, 3110592.281 205537.65)	61	319	0	470	false	573	None
LINESTRING (3110592.281 205537.65, 3110684.323 205581.05)	61	319	0	471	false	573	None
LINESTRING (3110684.323 205581.05, 3110694.596 205604.133)	61	319	0	472	false	573	None
LINESTRING (3110694.596 205604.133, 3110681.728 205694.427)	61	319	0	473	false	573	None
LINESTRING (3110681.728 205694.427, 3110686.337 205717.952)	61	319	0	474	false	573	None
LINESTRING (3110686.337 205717.952, 3110713.632 205752.916)	61	319	0	475	false	573	None
LINESTRING (3110713.632 205752.916, 3110749.938 205785.87)	61	319	0	476	false	573	None
LINESTRING (3110749.938 205785.87, 3110753.067 205806.093)	61	319	0	477	false	573	None
LINESTRING (3110753.067 205806.093, 3110825.935 205866.987)	61	319	0	478	false	573	None
LINESTRING (3110825.935 205866.987, 3110831.342 205871.559)	61	319	0	479	false	573	None
LINESTRING (3110831.342 205871.559, 3110983.365 206248.171)	61	319	0	480	false	573	None
LINESTRING (3110983.365 206248.171, 3111010.008 206263.865)	61	319	0	481	false	573	None
LINESTRING (3111010.008 206263.865, 3111003.114 206310.203)	61	319	0	482	false	573	None
LINESTRING (3111003.114 206310.203, 3111009.2 206337.031)	61	319	0	483	false	573	None
LINESTRING (3111009.2 206337.031, 3111030.706 206360.74)	61	319	0	484	false	573	None
LINESTRING (3111030.706 206360.74, 3111017.35 206365.126)	61	319	0	485	false	573	None
LINESTRING (3111017.35 206365.126, 3110878.126 206395.872)	61	319	0	486	false	573	None
LINESTRING (3110878.126 206395.872, 3110793.017 206419.804)	61	319	0	487	false	573	None
LINESTRING (3110793.017 206419.804, 3110733.806 206449.871)	61	319	0	488	false	573	None
LINESTRING (3110733.806 206449.871, 3110702.08 206473.244)	61	319	0	489	false	573	None
LINESTRING (3110702.08 206473.244, 3110627.414 206545.888)	61	319	0	490	false	573	None
LINESTRING (3110627.414 206545.888, 3110595.503 206592.494)	61	319	0	491	false	573	None
LINESTRING (3110595.503 206592.494, 3110581.723 206625.847)	61	319	0	492	false	573	None
LINESTRING (3110581.723 206625.847, 3110572.33 206678.954)	61	319	0	493	false	573	None
LINESTRING (3110572.33 206678.954, 3110556.821 206739.82)	61	319	0	494	false	573	None
LINESTRING (3110556.821 206739.82, 3110553.327 206795.19)	61	319	0	495	false	573	None
LINESTRING (3110553.327 206795.19, 3110561.81 206826.505)	61	319	0	496	false	573	None
LINESTRING (3110561.81 206826.505, 3110565.514 206852.893)	61	319	0	497	false	573	None
LINESTRING (3110565.514 206852.893, 3110556.569 206872.882)	61	319	0	498	false	573	None
LINESTRING (3110556.569 206872.882, 3110528.427 206922.956)	61	319	0	499	false	573	None
LINESTRING (3110528.427 206922.956, 3110515.039 206955.032)	61	319	0	500	false	573	None
LINESTRING (3110515.039 206955.032, 3110512.076 206970.421)	61	319	0	501	false	573	None
LINESTRING (3110512.076 206970.421, 3110503.823 207035.38)	61	319	0	502	false	573	None
LINESTRING (3110503.823 207035.38, 3110502.426 207043.879)	61	319	0	503	false	573	None
LINESTRING (3110502.426 207043.879, 3110496.42 207064.64)	61	319	0	504	false	573	None
LINESTRING (3110496.42 207064.64, 3110494.217 207071.404)	61	319	0	505	false	573	None
LINESTRING (3110494.217 207071.404, 3110486.478 207085.436)	61	319	0	506	false	573	None
LINESTRING (3110486.478 207085.436, 3110477.489 207096.848)	61	319	0	507	false	573	None
LINESTRING (3110477.489 207096.848, 3110468.08 207105.008)	61	319	0	508	false	573	None
LINESTRING (3110468.08 207105.008, 3110463.026 207109.488)	61	319	0	509	false	573	None
LINESTRING (3110463.026 207109.488, 3110432.257 207132.16)	61	319	0	510	false	573	None
LINESTRING (3110432.257 207132.16, 3110385.755 207162.348)	61	319	0	511	false	573	None
LINESTRING (3110385.755 207162.348, 3110313.838 207197.17)	61	319	0	512	false	573	None
LINESTRING (3110313.838 207197.17, 3110200.683 207245.653)	61	319	0	513	false	573	None
LINESTRING (3110200.683 207245.653, 3110174.226 207261.182)	61	319	0	514	false	573	None
LINESTRING (3110174.226 207261.182, 3110160.115 207272.65)	61	319	0	515	false	573	None
LINESTRING (3110160.115 207272.65, 3110122.955 207310.704)	61	319	0	516	false	573	None
LINESTRING (3110122.955 207310.704, 3110097.723 207341.445)	61	319	0	517	false	573	None
LINESTRING (3110097.723 207341.445, 3110071.707 207369.627)	61	319	0	518	false	573	None
LINESTRING (3110071.707 207369.627, 3110050.521 207391.102)	61	319	0	519	false	573	None
LINESTRING (3110050.521 207391.102, 3110017.727 207425.956)	61	319	0	520	false	573	None
LINESTRING (3110017.727 207425.956, 3110012.423 207435.691)	61	319	0	521	false	573	None
LINESTRING (3110012.423 207435.691, 3110002.736 207465.026)	61	319	0	522	false	573	None
LINESTRING (3110002.736 207465.026, 3109996.867 207484.413)	61	319	0	523	false	573	None
LINESTRING (3109996.867 207484.413, 3109992.017 207503.952)	61	319	0	524	false	573	None
LINESTRING (3109992.017 207503.952, 3109851.865 207496.544)	61	319	0	525	false	573	None
LINESTRING (3109851.865 207496.544, 3109794.393 207495.775)	61	319	0	526	false	573	None
LINESTRING (3109794.393 207495.775, 3109765.931 207495.317)	61	319	0	527	false	573	None
LINESTRING (3109765.931 207495.317, 3109695.587 207501.261)	61	319	0	528	false	573	None
LINESTRING (3109695.587 207501.261, 3109646.907 207511.831)	61	319	0	529	false	573	None
LINESTRING (3109646.907 207511.831, 3109604.213 207519.586)	61	319	0	530	false	573	None
LINESTRING (3109604.213 207519.586, 3109551.814 207535.507)	61	319	0	531	false	573	None
LINESTRING (3109551.814 207535.507, 3109477.66 207556.754)	61	319	0	532	false	573	None
LINESTRING (3109477.66 207556.754, 3109381.58 207583.262)	61	319	0	533	false	573	None
LINESTRING (3109381.58 207583.262, 3109283.451 207610.768)	61	319	0	534	false	573	None
LINESTRING (3109283.451 207610.768, 3109243.948 207624.266)	61	319	0	535	false	573	None
LINESTRING (3109243.948 207624.266, 3109190.795 207637.046)	61	319	0	536	false	573	None
LINESTRING (3109190.795 207637.046, 3109144.979 207648.598)	61	319	0	537	false	573	None
LINESTRING (3109144.979 207648.598, 3109112.874 207654.829)	61	319	0	538	false	573	None
LINESTRING (3109112.874 207654.829, 3109046.642 207667.705)	61	319	0	539	false	573	None
LINESTRING (3109046.642 207667.705, 3108865.454 207700.328)	61	319	0	540	false	573	None
LINESTRING (3108865.454 207700.328, 3108870.117 207741.35)	61	319	0	541	false	573	None
LINESTRING (3108870.117 207741.35, 3108877.513 207786.748)	61	319	0	542	false	573	None
LINESTRING (3108877.513 207786.748, 3108883.141 207810.426)	61	319	0	543	false	573	None
LINESTRING (3108883.141 207810.426, 3108889.086 207828.162)	61	319	0	544	false	573	None
LINESTRING (3108889.086 207828.162, 3108965.752 208001.544)	61	319	0	545	false	573	None
LINESTRING (3108965.752 208001.544, 3108972.719 208026.329)	61	319	0	546	false	573	None
LINESTRING (3108972.719 208026.329, 3108982.255 208065.892)	61	319	0	547	false	573	None
LINESTRING (3108982.255 208065.892, 3108984.921 208086.294)	61	319	0	548	false	573	None
LINESTRING (3108984.921 208086.294, 3108985.924 208106.176)	61	319	0	549	false	573	None
LINESTRING (3108985.924 208106.176, 3108986.308 208123.324)	61	319	0	550	false	573	None
LINESTRING (3108986.308 208123.324, 3108985.06 208142.938)	61	319	0	551	false	573	None
LINESTRING (3108985.06 208142.938, 3108982.918 208162.327)	61	319	0	552	false	573	None
LINESTRING (3108982.918 208162.327, 3108981.254 208172.032)	61	319	0	553	false	573	None
LINESTRING (3108981.254 208172.032, 3108979.137 208183.941)	61	319	0	554	false	573	None
LINESTRING (3108979.137 208183.941, 3108975.114 208202.609)	61	319	0	555	false	573	None
LINESTRING (3108975.114 208202.609, 3108970.373 208221.358)	61	319	0	556	false	573	None
LINESTRING (3108970.373 208221.358, 3108965.093 208237.166)	61	319	0	557	false	573	None
LINESTRING (3108965.093 208237.166, 3108890.737 208461.163)	61	319	0	558	false	573	None
LINESTRING (3108890.737 208461.163, 3108790.688 208765.423)	61	319	0	559	false	573	None
LINESTRING (3108790.688 208765.423, 3108800.064 208781.623)	61	319	0	560	false	573	None
LINESTRING (3108800.064 208781.623, 3108723.97 209012.444)	61	319	0	561	false	573	None
LINESTRING (3108723.97 209012.444, 3108510.258 209695.284)	61	319	0	562	false	573	N:3108616.7265366763 209355.102
LINESTRING (3103729.279 208903.233, 3103764.497 208813.07)	61	324	0	637	false	1221	W:3103759.05 208827.0150809534
LINESTRING (3103764.497 208813.07, 3103795.471 208729.126)	61	324	0	638	false	1221	None
LINESTRING (3103795.471 208729.126, 3103804.188 208705.6)	61	324	0	639	false	1221	None
LINESTRING (3103804.188 208705.6, 3103807.655 208708.83)	61	324	0	640	false	1221	None
LINESTRING (3103807.655 208708.83, 3103812.581 208719.513)	61	324	0	641	false	1221	None
LINESTRING (3103812.581 208719.513, 3103826.397 208777.106)	61	324	0	642	false	1221	None
LINESTRING (3103826.397 208777.106, 3103845.61 208833.913)	61	324	0	643	false	1221	None
LINESTRING (3103845.61 208833.913, 3103852.778 208851.28)	61	324	0	644	false	1221	None
LINESTRING (3103852.778 208851.28, 3103866.131 208875.532)	61	324	0	645	false	1221	None
LINESTRING (3103866.131 208875.532, 3103880.504 208893.28)	61	324	0	646	false	1221	None
LINESTRING (3103880.504 208893.28, 3103897.341 208913.042)	61	324	0	647	false	1221	None
LINESTRING (3103897.341 208913.042, 3103911.662 208927.086)	61	324	0	648	false	1221	None
LINESTRING (3103911.662 208927.086, 3103925.093 208939.363)	61	324	0	649	false	1221	None
LINESTRING (3103925.093 208939.363, 3103933.905 208951.415)	61	324	0	650	false	1221	None
LINESTRING (3103933.905 208951.415, 3103937.945 208960.57)	61	324	0	651	false	1221	None
LINESTRING (3103937.945 208960.57, 3103939.907 208969.523)	61	324	0	652	false	1221	None
LINESTRING (3103939.907 208969.523, 3103940.539 208984.505)	61	324	0	653	false	1221	None
LINESTRING (3103940.539 208984.505, 3103939.918 209010.181)	61	324	0	654	false	1221	None
LINESTRING (3103939.918 209010.181, 3103927.742 209069.349)	61	324	0	655	false	1221	None
LINESTRING (3103927.742 209069.349, 3103927.084 209081.816)	61	324	0	656	false	1221	None
LINESTRING (3103927.084 209081.816, 3103928.859 209091.768)	61	324	0	657	false	1221	None
LINESTRING (3103928.859 209091.768, 3103935.416 209108.425)	61	324	0	658	false	1221	None
LINESTRING (3103935.416 209108.425, 3103944.138 209125.317)	61	324	0	659	false	1221	None
LINESTRING (3103944.138 209125.317, 3103969.874 209185.813)	61	324	0	660	false	1221	None
LINESTRING (3103969.874 209185.813, 3103986.946 209233.362)	61	324	0	661	false	1221	None
LINESTRING (3103986.946 209233.362, 3103997.868 209285.45)	61	324	0	662	false	1221	None
LINESTRING (3103997.868 209285.45, 3104005.123 209307.961)	61	324	0	663	false	1221	None
LINESTRING (3104005.123 209307.961, 3104017.566 209338.166)	61	324	0	664	false	1221	None
LINESTRING (3104017.566 209338.166, 3104020.108 209358.396)	61	324	0	665	false	1221	N:3104019.694092536 209355.102
