LINESTRING (3131571.416 201141.263, 3131381.926 201645.839)	63	1489	0	18	false	1624	S:3131433.181614932 201509.355
LINESTRING (3131381.926 201645.839, 3131181.145 202180.679)	63	1489	0	19	false	1624	None
LINESTRING (3131181.145 202180.679, 3131097.415 202403.67)	63	1489	0	20	false	1624	None
LINESTRING (3131097.415 202403.67, 3130841.894 202305.027)	63	1489	0	21	false	1624	None
LINESTRING (3130841.894 202305.027, 3130783.826 202283.325)	63	1489	0	22	false	1624	None
LINESTRING (3130783.826 202283.325, 3130731.016 202263.535)	63	1489	0	23	false	1624	None
LINESTRING (3130731.016 202263.535, 3130171.91 202054.278)	63	1489	0	24	false	1624	None
LINESTRING (3130171.91 202054.278, 3130159.722 202049.693)	63	1489	0	25	false	1624	None
LINESTRING (3130159.722 202049.693, 3129622.753 201848.786)	63	1489	0	26	false	1624	None
LINESTRING (3129622.753 201848.786, 3129435.193 201778.558)	63	1489	0	27	false	1624	None
LINESTRING (3129435.193 201778.558, 3129412.442 201770.018)	63	1489	0	28	false	1624	None
LINESTRING (3129412.442 201770.018, 3128903.294 201579.542)	63	1489	0	29	false	1624	None
LINESTRING (3128903.294 201579.542, 3128470.855 201417.736)	63	1489	0	30	false	1624	S:3128715.7138355253 201509.355
LINESTRING (3137997.629 208479.756, 3137963.311 208466.587)	63	1594	0	12	false	1773	E:3137981.717 208473.65001690073
LINESTRING (3137963.311 208466.587, 3137807.577 208406.764)	63	1594	0	13	false	1773	None
LINESTRING (3137807.577 208406.764, 3137792.703 208401.006)	63	1594	0	14	false	1773	None
LINESTRING (3137792.703 208401.006, 3137790.737 208400.244)	63	1594	0	15	false	1773	None
LINESTRING (3137790.737 208400.244, 3136653.472 207963.823)	63	1594	0	16	false	1773	None
LINESTRING (3136653.472 207963.823, 3136645.351 207960.68)	63	1594	0	17	false	1773	None
LINESTRING (3136645.351 207960.68, 3136402.587 207867.445)	63	1594	0	18	false	1773	None
LINESTRING (3136402.587 207867.445, 3136298.881 207826.838)	63	1594	0	19	false	1773	None
LINESTRING (3136298.881 207826.838, 3136282.35 207819.012)	63	1594	0	20	false	1773	None
LINESTRING (3136282.35 207819.012, 3136268.434 207812.556)	63	1594	0	21	false	1773	None
LINESTRING (3136268.434 207812.556, 3136266.342 207811.866)	63	1594	0	22	false	1773	None
LINESTRING (3136266.342 207811.866, 3136246.515 207804.432)	63	1594	0	23	false	1773	None
LINESTRING (3136246.515 207804.432, 3136232.284 207799.044)	63	1594	0	24	false	1773	None
LINESTRING (3136232.284 207799.044, 3136190.184 207782.872)	63	1594	0	25	false	1773	None
LINESTRING (3136190.184 207782.872, 3136021.191 207718.197)	63	1594	0	26	false	1773	None
LINESTRING (3136021.191 207718.197, 3135964.775 207696.606)	63	1594	0	27	false	1773	None
LINESTRING (3135964.775 207696.606, 3135945.711 207689.23)	63	1594	0	28	false	1773	None
LINESTRING (3135945.711 207689.23, 3135888.223 207667.106)	63	1594	0	29	false	1773	None
LINESTRING (3135888.223 207667.106, 3135869.033 207659.801)	63	1594	0	30	false	1773	None
LINESTRING (3135869.033 207659.801, 3135865.397 207658.275)	63	1594	0	31	false	1773	None
LINESTRING (3135865.397 207658.275, 3135854.113 207653.909)	63	1594	0	32	false	1773	None
LINESTRING (3135854.113 207653.909, 3135850.351 207652.454)	63	1594	0	33	false	1773	None
LINESTRING (3135850.351 207652.454, 3135799.133 207632.161)	63	1594	0	34	false	1773	None
LINESTRING (3135799.133 207632.161, 3135645.356 207571.597)	63	1594	0	35	false	1773	None
LINESTRING (3135645.356 207571.597, 3135593.972 207551.48)	63	1594	0	36	false	1773	None
LINESTRING (3135593.972 207551.48, 3135546.57 207533.261)	63	1594	0	37	false	1773	None
LINESTRING (3135546.57 207533.261, 3135404.074 207478.851)	63	1594	0	38	false	1773	None
LINESTRING (3135404.074 207478.851, 3135365.267 207464.077)	63	1594	0	39	false	1773	None
LINESTRING (3135365.267 207464.077, 3135356.547 207460.704)	63	1594	0	40	false	1773	None
LINESTRING (3135356.547 207460.704, 3135181.307 207393.631)	63	1594	0	41	false	1773	None
LINESTRING (3135181.307 207393.631, 3134655.321 207192.339)	63	1594	0	42	false	1773	None
LINESTRING (3134655.321 207192.339, 3134479.95 207125.352)	63	1594	0	43	false	1773	None
LINESTRING (3134479.95 207125.352, 3134474.734 207123.335)	63	1594	0	44	false	1773	None
LINESTRING (3134474.734 207123.335, 3133682.22 206820.123)	63	1594	0	45	false	1773	None
LINESTRING (3133682.22 206820.123, 3133664.909 206813.549)	63	1594	0	46	false	1773	None
LINESTRING (3133664.909 206813.549, 3133462.597 206736.173)	63	1594	0	47	false	1773	None
LINESTRING (3133462.597 206736.173, 3133455.159 206733.298)	63	1594	0	48	false	1773	None
LINESTRING (3133455.159 206733.298, 3133391.901 206709.321)	63	1594	0	49	false	1773	None
LINESTRING (3133391.901 206709.321, 3133377.372 206703.943)	63	1594	0	50	false	1773	None
LINESTRING (3133377.372 206703.943, 3133062.84 206585.104)	63	1594	0	51	false	1773	None
LINESTRING (3133062.84 206585.104, 3133042.964 206577.541)	63	1594	0	52	false	1773	None
LINESTRING (3133042.964 206577.541, 3132987.007 206556.033)	63	1594	0	53	false	1773	None
LINESTRING (3132987.007 206556.033, 3132818.839 206491.515)	63	1594	0	54	false	1773	None
LINESTRING (3132818.839 206491.515, 3132786.052 206478.962)	63	1594	0	55	false	1773	None
LINESTRING (3132786.052 206478.962, 3132762.756 206470.078)	63	1594	0	56	false	1773	None
LINESTRING (3132762.756 206470.078, 3132593.474 206405.135)	63	1594	0	57	false	1773	None
LINESTRING (3132593.474 206405.135, 3132581.333 206400.443)	63	1594	0	58	false	1773	None
LINESTRING (3132581.333 206400.443, 3132464.16 206355.521)	63	1594	0	59	false	1773	None
LINESTRING (3132464.16 206355.521, 3131955.323 206160.461)	63	1594	0	60	false	1773	None
LINESTRING (3131955.323 206160.461, 3131867.385 206126.605)	63	1594	0	61	false	1773	None
LINESTRING (3131867.385 206126.605, 3131780.432 206093.251)	63	1594	0	62	false	1773	None
LINESTRING (3131780.432 206093.251, 3131771.796 206089.915)	63	1594	0	63	false	1773	None
LINESTRING (3131771.796 206089.915, 3131546.163 206003.465)	63	1594	0	64	false	1773	None
LINESTRING (3131546.163 206003.465, 3131286.405 206676.414)	63	1594	0	65	false	1773	None
LINESTRING (3131286.405 206676.414, 3131207.737 206643.765)	63	1594	0	66	false	1773	None
LINESTRING (3131207.737 206643.765, 3130971.392 206545.93)	63	1594	0	67	false	1773	None
LINESTRING (3130971.392 206545.93, 3130892.596 206513.354)	63	1594	0	68	false	1773	None
LINESTRING (3130892.596 206513.354, 3130890.995 206511.903)	63	1594	0	69	false	1773	None
LINESTRING (3130890.995 206511.903, 3130885.352 206509.723)	63	1594	0	70	false	1773	None
LINESTRING (3130885.352 206509.723, 3130883.386 206508.964)	63	1594	0	71	false	1773	None
LINESTRING (3130883.386 206508.964, 3130879.88 206507.61)	63	1594	0	72	false	1773	None
LINESTRING (3130879.88 206507.61, 3130876.503 206502.617)	63	1594	0	73	false	1773	None
LINESTRING (3130876.503 206502.617, 3130874.885 206500.445)	63	1594	0	74	false	1773	None
LINESTRING (3130874.885 206500.445, 3130850.603 206491.067)	63	1594	0	75	false	1773	None
LINESTRING (3130850.603 206491.067, 3130841.711 206487.632)	63	1594	0	76	false	1773	None
LINESTRING (3130841.711 206487.632, 3130834.278 206484.999)	63	1594	0	77	false	1773	None
LINESTRING (3130834.278 206484.999, 3130811.899 206477.308)	63	1594	0	78	false	1773	None
LINESTRING (3130811.899 206477.308, 3130804.34 206474.745)	63	1594	0	79	false	1773	None
LINESTRING (3130804.34 206474.745, 3130792.631 206472.246)	63	1594	0	80	false	1773	None
LINESTRING (3130792.631 206472.246, 3130757.166 206464.855)	63	1594	0	81	false	1773	None
LINESTRING (3130757.166 206464.855, 3130745.331 206462.426)	63	1594	0	82	false	1773	None
LINESTRING (3130745.331 206462.426, 3130711.991 206457.164)	63	1594	0	83	false	1773	None
LINESTRING (3130711.991 206457.164, 3130563.92 206408.07)	63	1594	0	84	false	1773	None
LINESTRING (3130563.92 206408.07, 3130527.39 206398.603)	63	1594	0	85	false	1773	None
LINESTRING (3130527.39 206398.603, 3130438.322 206345.051)	63	1594	0	86	false	1773	None
LINESTRING (3130438.322 206345.051, 3130472.532 206255.699)	63	1594	0	87	false	1773	None
LINESTRING (3130472.532 206255.699, 3130520.657 206130.316)	63	1594	0	88	false	1773	None
LINESTRING (3130520.657 206130.316, 3130664.734 205754.171)	63	1594	0	89	false	1773	None
LINESTRING (3130664.734 205754.171, 3130712.647 205628.826)	63	1594	0	90	false	1773	None
LINESTRING (3130712.647 205628.826, 3130779.273 205455.023)	63	1594	0	91	false	1773	None
LINESTRING (3130779.273 205455.023, 3130978.939 204933.656)	63	1594	0	92	false	1773	None
LINESTRING (3130978.939 204933.656, 3131045.354 204759.893)	63	1594	0	93	false	1773	None
LINESTRING (3131045.354 204759.893, 3131203.977 204345.824)	63	1594	0	94	false	1773	None
LINESTRING (3131203.977 204345.824, 3131679.718 203103.697)	63	1594	0	95	false	1773	None
LINESTRING (3131679.718 203103.697, 3131838.213 202689.705)	63	1594	0	96	false	1773	None
LINESTRING (3131838.213 202689.705, 3131690.055 202632.493)	63	1594	0	97	false	1773	None
LINESTRING (3131690.055 202632.493, 3131245.577 202460.872)	63	1594	0	98	false	1773	None
LINESTRING (3131245.577 202460.872, 3131097.415 202403.67)	63	1594	0	99	false	1773	None
LINESTRING (3131097.415 202403.67, 3131181.145 202180.679)	63	1594	0	100	false	1773	None
LINESTRING (3131181.145 202180.679, 3131381.926 201645.839)	63	1594	0	101	false	1773	None
LINESTRING (3131381.926 201645.839, 3131571.416 201141.263)	63	1594	0	102	false	1773	S:3131433.181614932 201509.355
LINESTRING (3129660.211 210838.127, 3129350.517 211632.469)	63	316	0	0	false	215	None
LINESTRING (3129350.517 211632.469, 3129085.526 212312.361)	63	316	0	1	false	215	None
LINESTRING (3129085.526 212312.361, 3128609.959 213532.299)	63	316	0	2	false	215	None
LINESTRING (3128609.959 213532.299, 3128467.462 213898.136)	63	316	0	3	false	215	None
LINESTRING (3128467.462 213898.136, 3128327.32 214257.626)	63	316	0	4	false	215	None
LINESTRING (3128327.32 214257.626, 3127981.244 215145.395)	63	316	0	5	false	215	None
LINESTRING (3127981.244 215145.395, 3127763.506 215703.982)	63	316	0	6	false	215	None
LINESTRING (3127763.506 215703.982, 3127758.187 215717.753)	63	316	0	7	false	215	None
LINESTRING (3127758.187 215717.753, 3127742.017 215759.106)	63	316	0	8	false	215	None
LINESTRING (3127742.017 215759.106, 3127736.571 215772.948)	63	316	0	9	false	215	None
LINESTRING (3127736.571 215772.948, 3127727.892 215795.417)	63	316	0	10	false	215	None
LINESTRING (3127727.892 215795.417, 3127701.597 215862.726)	63	316	0	11	false	215	None
LINESTRING (3127701.597 215862.726, 3127692.832 215885.163)	63	316	0	12	false	215	None
LINESTRING (3127692.832 215885.163, 3127687.752 215898.313)	63	316	0	13	false	215	None
LINESTRING (3127687.752 215898.313, 3127672.427 215937.731)	63	316	0	14	false	215	None
LINESTRING (3127672.427 215937.731, 3127667.262 215950.848)	63	316	0	15	false	215	None
LINESTRING (3127667.262 215950.848, 3127638.012 216026.06)	63	316	0	16	false	215	None
LINESTRING (3127638.012 216026.06, 3127549.967 216251.7)	63	316	0	17	false	215	None
LINESTRING (3127549.967 216251.7, 3127520.592 216326.982)	63	316	0	18	false	215	None
LINESTRING (3127520.592 216326.982, 3127392.618 216655.482)	63	316	0	19	false	215	None
LINESTRING (3127392.618 216655.482, 3127352.518 216758.275)	63	316	0	20	false	215	None
LINESTRING (3127352.518 216758.275, 3126826.166 216557.47)	63	316	0	21	false	215	None
LINESTRING (3126826.166 216557.47, 3126622.435 216479.742)	63	316	0	22	false	215	None
LINESTRING (3126622.435 216479.742, 3126350.692 216376.114)	63	316	0	23	false	215	None
LINESTRING (3126350.692 216376.114, 3126321.401 216364.803)	63	316	0	24	false	215	None
LINESTRING (3126321.401 216364.803, 3126233.151 216331.084)	63	316	0	25	false	215	None
LINESTRING (3126233.151 216331.084, 3126203.735 216319.844)	63	316	0	26	false	215	None
LINESTRING (3126203.735 216319.844, 3125917.639 216210.691)	63	316	0	27	false	215	None
LINESTRING (3125917.639 216210.691, 3125883.867 216197.771)	63	316	0	28	false	215	None
LINESTRING (3125883.867 216197.771, 3125835.326 216179.388)	63	316	0	29	false	215	None
LINESTRING (3125835.326 216179.388, 3124923.945 215831.872)	63	316	0	30	false	215	None
LINESTRING (3124923.945 215831.872, 3124603.933 215709.92)	63	316	0	31	false	215	None
LINESTRING (3124603.933 215709.92, 3124490.272 215666.535)	63	316	0	32	false	215	None
LINESTRING (3124490.272 215666.535, 3124149.203 215536.597)	63	316	0	33	false	215	None
LINESTRING (3124149.203 215536.597, 3124055.57 215501.066)	63	316	0	34	false	215	None
LINESTRING (3124055.57 215501.066, 3124035.46 215493.426)	63	316	0	35	false	215	None
LINESTRING (3124035.46 215493.426, 3124028.969 215490.921)	63	316	0	36	false	215	None
LINESTRING (3124028.969 215490.921, 3124009.371 215483.479)	63	316	0	37	false	215	None
LINESTRING (3124009.371 215483.479, 3124002.755 215481.046)	63	316	0	38	false	215	None
LINESTRING (3124002.755 215481.046, 3123817.194 215410.646)	63	316	0	39	false	215	None
LINESTRING (3123817.194 215410.646, 3123369.092 215241.002)	63	316	0	40	false	215	None
LINESTRING (3123369.092 215241.002, 3123260.406 215198.961)	63	316	0	41	false	215	None
LINESTRING (3123260.406 215198.961, 3123075.068 215127.477)	63	316	0	42	false	215	None
LINESTRING (3123075.068 215127.477, 3123062 215122.437)	63	316	0	43	false	215	None
LINESTRING (3123062 215122.437, 3123022.547 215107.459)	63	316	0	44	false	215	None
LINESTRING (3123022.547 215107.459, 3123009.354 215102.49)	63	316	0	45	false	215	None
LINESTRING (3123009.354 215102.49, 3122980.189 215091.361)	63	316	0	46	false	215	None
LINESTRING (3122980.189 215091.361, 3122892.609 215057.941)	63	316	0	47	false	215	None
LINESTRING (3122892.609 215057.941, 3122863.319 215046.883)	63	316	0	48	false	215	None
LINESTRING (3122863.319 215046.883, 3122810.54 215026.768)	63	316	0	49	false	215	None
LINESTRING (3122810.54 215026.768, 3122652.205 214966.422)	63	316	0	50	false	215	None
LINESTRING (3122652.205 214966.422, 3122599.386 214946.411)	63	316	0	51	false	215	None
LINESTRING (3122599.386 214946.411, 3122353.296 214852.591)	63	316	0	52	false	215	None
LINESTRING (3122353.296 214852.591, 3121614.838 214571.108)	63	316	0	53	false	215	None
LINESTRING (3121614.838 214571.108, 3121368.611 214477.388)	63	316	0	54	false	215	None
LINESTRING (3121368.611 214477.388, 3121013.741 214342.282)	63	316	0	55	false	215	None
LINESTRING (3121013.741 214342.282, 3120994.661 214340.877)	63	316	0	56	false	215	None
LINESTRING (3120994.661 214340.877, 3120527.249 214160.758)	63	316	0	57	false	215	W:3120870.383 214292.98599788197
LINESTRING (3128470.855 201417.736, 3128903.294 201579.542)	63	316	0	169	false	215	S:3128715.7138355253 201509.355
LINESTRING (3128903.294 201579.542, 3129412.442 201770.018)	63	316	0	170	false	215	None
LINESTRING (3129412.442 201770.018, 3129435.193 201778.558)	63	316	0	171	false	215	None
LINESTRING (3129435.193 201778.558, 3129622.753 201848.786)	63	316	0	172	false	215	None
LINESTRING (3129622.753 201848.786, 3130159.722 202049.693)	63	316	0	173	false	215	None
LINESTRING (3130159.722 202049.693, 3130171.91 202054.278)	63	316	0	174	false	215	None
LINESTRING (3130171.91 202054.278, 3130731.016 202263.535)	63	316	0	175	false	215	None
LINESTRING (3130731.016 202263.535, 3130783.826 202283.325)	63	316	0	176	false	215	None
LINESTRING (3130783.826 202283.325, 3130841.894 202305.027)	63	316	0	177	false	215	None
LINESTRING (3130841.894 202305.027, 3131097.415 202403.67)	63	316	0	178	false	215	None
LINESTRING (3131097.415 202403.67, 3131245.577 202460.872)	63	316	0	179	false	215	None
LINESTRING (3131245.577 202460.872, 3131690.055 202632.493)	63	316	0	180	false	215	None
LINESTRING (3131690.055 202632.493, 3131838.213 202689.705)	63	316	0	181	false	215	None
LINESTRING (3131838.213 202689.705, 3131679.718 203103.697)	63	316	0	182	false	215	None
LINESTRING (3131679.718 203103.697, 3131203.977 204345.824)	63	316	0	183	false	215	None
LINESTRING (3131203.977 204345.824, 3131045.354 204759.893)	63	316	0	184	false	215	None
LINESTRING (3131045.354 204759.893, 3130978.939 204933.656)	63	316	0	185	false	215	None
LINESTRING (3130978.939 204933.656, 3130779.273 205455.023)	63	316	0	186	false	215	None
LINESTRING (3130779.273 205455.023, 3130712.647 205628.826)	63	316	0	187	false	215	None
LINESTRING (3130712.647 205628.826, 3130664.734 205754.171)	63	316	0	188	false	215	None
LINESTRING (3130664.734 205754.171, 3130520.657 206130.316)	63	316	0	189	false	215	None
LINESTRING (3130520.657 206130.316, 3130472.532 206255.699)	63	316	0	190	false	215	None
LINESTRING (3130472.532 206255.699, 3130438.322 206345.051)	63	316	0	191	false	215	None
LINESTRING (3130438.322 206345.051, 3130527.39 206398.603)	63	316	0	192	false	215	None
LINESTRING (3130527.39 206398.603, 3130563.92 206408.07)	63	316	0	193	false	215	None
LINESTRING (3130563.92 206408.07, 3130711.991 206457.164)	63	316	0	194	false	215	None
LINESTRING (3130711.991 206457.164, 3130745.331 206462.426)	63	316	0	195	false	215	None
LINESTRING (3130745.331 206462.426, 3130757.166 206464.855)	63	316	0	196	false	215	None
LINESTRING (3130757.166 206464.855, 3130792.631 206472.246)	63	316	0	197	false	215	None
LINESTRING (3130792.631 206472.246, 3130804.34 206474.745)	63	316	0	198	false	215	None
LINESTRING (3130804.34 206474.745, 3130811.899 206477.308)	63	316	0	199	false	215	None
LINESTRING (3130811.899 206477.308, 3130834.278 206484.999)	63	316	0	200	false	215	None
LINESTRING (3130834.278 206484.999, 3130841.711 206487.632)	63	316	0	201	false	215	None
LINESTRING (3130841.711 206487.632, 3130850.603 206491.067)	63	316	0	202	false	215	None
LINESTRING (3130850.603 206491.067, 3130874.885 206500.445)	63	316	0	203	false	215	None
LINESTRING (3130874.885 206500.445, 3130876.503 206502.617)	63	316	0	204	false	215	None
LINESTRING (3130876.503 206502.617, 3130879.88 206507.61)	63	316	0	205	false	215	None
LINESTRING (3130879.88 206507.61, 3130883.386 206508.964)	63	316	0	206	false	215	None
LINESTRING (3130883.386 206508.964, 3130885.352 206509.723)	63	316	0	207	false	215	None
LINESTRING (3130885.352 206509.723, 3130890.995 206511.903)	63	316	0	208	false	215	None
LINESTRING (3130890.995 206511.903, 3130892.596 206513.354)	63	316	0	209	false	215	None
LINESTRING (3130892.596 206513.354, 3130971.392 206545.93)	63	316	0	210	false	215	None
LINESTRING (3130971.392 206545.93, 3131207.737 206643.765)	63	316	0	211	false	215	None
LINESTRING (3131207.737 206643.765, 3131286.405 206676.414)	63	316	0	212	false	215	None
LINESTRING (3131286.405 206676.414, 3131178.017 206944.03)	63	316	0	213	false	215	None
LINESTRING (3131178.017 206944.03, 3130579.105 208480.714)	63	316	0	214	false	215	None
LINESTRING (3130579.105 208480.714, 3129660.211 210838.127)	63	316	0	215	false	215	None
LINESTRING (3120527.249 214160.758, 3120994.661 214340.877)	63	1613	0	269	false	645	W:3120870.383 214292.98599788197
LINESTRING (3120994.661 214340.877, 3121013.741 214342.282)	63	1613	0	270	false	645	None
LINESTRING (3121013.741 214342.282, 3121368.611 214477.388)	63	1613	0	271	false	645	None
LINESTRING (3121368.611 214477.388, 3121614.838 214571.108)	63	1613	0	272	false	645	None
LINESTRING (3121614.838 214571.108, 3122353.296 214852.591)	63	1613	0	273	false	645	None
LINESTRING (3122353.296 214852.591, 3122599.386 214946.411)	63	1613	0	274	false	645	None
LINESTRING (3122599.386 214946.411, 3122652.205 214966.422)	63	1613	0	275	false	645	None
LINESTRING (3122652.205 214966.422, 3122810.54 215026.768)	63	1613	0	276	false	645	None
LINESTRING (3122810.54 215026.768, 3122863.319 215046.883)	63	1613	0	277	false	645	None
LINESTRING (3122863.319 215046.883, 3122892.609 215057.941)	63	1613	0	278	false	645	None
LINESTRING (3122892.609 215057.941, 3122980.189 215091.361)	63	1613	0	279	false	645	None
LINESTRING (3122980.189 215091.361, 3123009.354 215102.49)	63	1613	0	280	false	645	None
LINESTRING (3123009.354 215102.49, 3123022.547 215107.459)	63	1613	0	281	false	645	None
LINESTRING (3123022.547 215107.459, 3123062 215122.437)	63	1613	0	282	false	645	None
LINESTRING (3123062 215122.437, 3123075.068 215127.477)	63	1613	0	283	false	645	None
LINESTRING (3123075.068 215127.477, 3123260.406 215198.961)	63	1613	0	284	false	645	None
LINESTRING (3123260.406 215198.961, 3123369.092 215241.002)	63	1613	0	285	false	645	None
LINESTRING (3123369.092 215241.002, 3123817.194 215410.646)	63	1613	0	286	false	645	None
LINESTRING (3123817.194 215410.646, 3124002.755 215481.046)	63	1613	0	287	false	645	None
LINESTRING (3124002.755 215481.046, 3124009.371 215483.479)	63	1613	0	288	false	645	None
LINESTRING (3124009.371 215483.479, 3124028.969 215490.921)	63	1613	0	289	false	645	None
LINESTRING (3124028.969 215490.921, 3124035.46 215493.426)	63	1613	0	290	false	645	None
LINESTRING (3124035.46 215493.426, 3124055.57 215501.066)	63	1613	0	291	false	645	None
LINESTRING (3124055.57 215501.066, 3124149.203 215536.597)	63	1613	0	292	false	645	None
LINESTRING (3124149.203 215536.597, 3124490.272 215666.535)	63	1613	0	293	false	645	None
LINESTRING (3124490.272 215666.535, 3124603.933 215709.92)	63	1613	0	294	false	645	None
LINESTRING (3124603.933 215709.92, 3124923.945 215831.872)	63	1613	0	295	false	645	None
LINESTRING (3124923.945 215831.872, 3125835.326 216179.388)	63	1613	0	296	false	645	None
LINESTRING (3125835.326 216179.388, 3125883.867 216197.771)	63	1613	0	297	false	645	None
LINESTRING (3125883.867 216197.771, 3125917.639 216210.691)	63	1613	0	298	false	645	None
LINESTRING (3125917.639 216210.691, 3126203.735 216319.844)	63	1613	0	299	false	645	None
LINESTRING (3126203.735 216319.844, 3126202.916 216328.572)	63	1613	0	300	false	645	None
LINESTRING (3126202.916 216328.572, 3126200.717 216339.859)	63	1613	0	301	false	645	None
LINESTRING (3126200.717 216339.859, 3126188.786 216399.984)	63	1613	0	302	false	645	None
LINESTRING (3126188.786 216399.984, 3126188.551 216400.845)	63	1613	0	303	false	645	None
LINESTRING (3126188.551 216400.845, 3126184.668 216420.05)	63	1613	0	304	false	645	None
LINESTRING (3126184.668 216420.05, 3126181.06 216438.29)	63	1613	0	305	false	645	None
LINESTRING (3126181.06 216438.29, 3126178.95 216446.043)	63	1613	0	306	false	645	None
LINESTRING (3126178.95 216446.043, 3126157.249 216523.337)	63	1613	0	307	false	645	None
LINESTRING (3126157.249 216523.337, 3126149.918 216549.183)	63	1613	0	308	false	645	None
LINESTRING (3126149.918 216549.183, 3126173.64 216559.414)	63	1613	0	309	false	645	None
LINESTRING (3126173.64 216559.414, 3126198.054 216575.981)	63	1613	0	310	false	645	None
LINESTRING (3126198.054 216575.981, 3126243.093 216617.408)	63	1613	0	311	false	645	None
LINESTRING (3126243.093 216617.408, 3126272.781 216653.86)	63	1613	0	312	false	645	None
LINESTRING (3126272.781 216653.86, 3126292.91 216683.051)	63	1613	0	313	false	645	None
LINESTRING (3126292.91 216683.051, 3126308.963 216709.836)	63	1613	0	314	false	645	None
LINESTRING (3126308.963 216709.836, 3126325.686 216738.188)	63	1613	0	315	false	645	None
LINESTRING (3126325.686 216738.188, 3126389.96 216853.801)	63	1613	0	316	false	645	None
LINESTRING (3126389.96 216853.801, 3126460.461 216962.18)	63	1613	0	317	false	645	None
LINESTRING (3126460.461 216962.18, 3126469.953 216977.745)	63	1613	0	318	false	645	None
LINESTRING (3126469.953 216977.745, 3126477.282 216993.07)	63	1613	0	319	false	645	None
LINESTRING (3126477.282 216993.07, 3126485.468 217029.549)	63	1613	0	320	false	645	None
LINESTRING (3126485.468 217029.549, 3126485.949 217047.108)	63	1613	0	321	false	645	None
LINESTRING (3126485.949 217047.108, 3126484.542 217208.278)	63	1613	0	322	false	645	N:3126484.60685452 217200.849
LINESTRING (3126484.542 217208.278, 3126485.949 217047.108)	63	1618	0	300	false	884	N:3126484.60685452 217200.849
LINESTRING (3126485.949 217047.108, 3126485.468 217029.549)	63	1618	0	301	false	884	None
LINESTRING (3126485.468 217029.549, 3126477.282 216993.07)	63	1618	0	302	false	884	None
LINESTRING (3126477.282 216993.07, 3126469.953 216977.745)	63	1618	0	303	false	884	None
LINESTRING (3126469.953 216977.745, 3126460.461 216962.18)	63	1618	0	304	false	884	None
LINESTRING (3126460.461 216962.18, 3126389.96 216853.801)	63	1618	0	305	false	884	None
LINESTRING (3126389.96 216853.801, 3126325.686 216738.188)	63	1618	0	306	false	884	None
LINESTRING (3126325.686 216738.188, 3126308.963 216709.836)	63	1618	0	307	false	884	None
LINESTRING (3126308.963 216709.836, 3126292.91 216683.051)	63	1618	0	308	false	884	None
LINESTRING (3126292.91 216683.051, 3126272.781 216653.86)	63	1618	0	309	false	884	None
LINESTRING (3126272.781 216653.86, 3126243.093 216617.408)	63	1618	0	310	false	884	None
LINESTRING (3126243.093 216617.408, 3126198.054 216575.981)	63	1618	0	311	false	884	None
LINESTRING (3126198.054 216575.981, 3126173.64 216559.414)	63	1618	0	312	false	884	None
LINESTRING (3126173.64 216559.414, 3126149.918 216549.183)	63	1618	0	313	false	884	None
LINESTRING (3126149.918 216549.183, 3126157.249 216523.337)	63	1618	0	314	false	884	None
LINESTRING (3126157.249 216523.337, 3126178.95 216446.043)	63	1618	0	315	false	884	None
LINESTRING (3126178.95 216446.043, 3126181.06 216438.29)	63	1618	0	316	false	884	None
LINESTRING (3126181.06 216438.29, 3126184.668 216420.05)	63	1618	0	317	false	884	None
LINESTRING (3126184.668 216420.05, 3126188.551 216400.845)	63	1618	0	318	false	884	None
LINESTRING (3126188.551 216400.845, 3126188.786 216399.984)	63	1618	0	319	false	884	None
LINESTRING (3126188.786 216399.984, 3126200.717 216339.859)	63	1618	0	320	false	884	None
LINESTRING (3126200.717 216339.859, 3126202.916 216328.572)	63	1618	0	321	false	884	None
LINESTRING (3126202.916 216328.572, 3126203.735 216319.844)	63	1618	0	322	false	884	None
LINESTRING (3126203.735 216319.844, 3126233.151 216331.084)	63	1618	0	323	false	884	None
LINESTRING (3126233.151 216331.084, 3126321.401 216364.803)	63	1618	0	324	false	884	None
LINESTRING (3126321.401 216364.803, 3126350.692 216376.114)	63	1618	0	325	false	884	None
LINESTRING (3126350.692 216376.114, 3126622.435 216479.742)	63	1618	0	326	false	884	None
LINESTRING (3126622.435 216479.742, 3126826.166 216557.47)	63	1618	0	327	false	884	None
LINESTRING (3126826.166 216557.47, 3127352.518 216758.275)	63	1618	0	328	false	884	None
LINESTRING (3127352.518 216758.275, 3127392.618 216655.482)	63	1618	0	329	false	884	None
LINESTRING (3127392.618 216655.482, 3127520.592 216326.982)	63	1618	0	330	false	884	None
LINESTRING (3127520.592 216326.982, 3127549.967 216251.7)	63	1618	0	331	false	884	None
LINESTRING (3127549.967 216251.7, 3127638.012 216026.06)	63	1618	0	332	false	884	None
LINESTRING (3127638.012 216026.06, 3127667.262 215950.848)	63	1618	0	333	false	884	None
LINESTRING (3127667.262 215950.848, 3127672.427 215937.731)	63	1618	0	334	false	884	None
LINESTRING (3127672.427 215937.731, 3127687.752 215898.313)	63	1618	0	335	false	884	None
LINESTRING (3127687.752 215898.313, 3127692.832 215885.163)	63	1618	0	336	false	884	None
LINESTRING (3127692.832 215885.163, 3127701.597 215862.726)	63	1618	0	337	false	884	None
LINESTRING (3127701.597 215862.726, 3127727.892 215795.417)	63	1618	0	338	false	884	None
LINESTRING (3127727.892 215795.417, 3127736.571 215772.948)	63	1618	0	339	false	884	None
LINESTRING (3127736.571 215772.948, 3127742.017 215759.106)	63	1618	0	340	false	884	None
LINESTRING (3127742.017 215759.106, 3127758.187 215717.753)	63	1618	0	341	false	884	None
LINESTRING (3127758.187 215717.753, 3127763.506 215703.982)	63	1618	0	342	false	884	None
LINESTRING (3127763.506 215703.982, 3127981.244 215145.395)	63	1618	0	343	false	884	None
LINESTRING (3127981.244 215145.395, 3128327.32 214257.626)	63	1618	0	344	false	884	None
LINESTRING (3128327.32 214257.626, 3128467.462 213898.136)	63	1618	0	345	false	884	None
LINESTRING (3128467.462 213898.136, 3128609.959 213532.299)	63	1618	0	346	false	884	None
LINESTRING (3128609.959 213532.299, 3129085.526 212312.361)	63	1618	0	347	false	884	None
LINESTRING (3129085.526 212312.361, 3129350.517 211632.469)	63	1618	0	348	false	884	None
LINESTRING (3129350.517 211632.469, 3129660.211 210838.127)	63	1618	0	349	false	884	None
LINESTRING (3129660.211 210838.127, 3130579.105 208480.714)	63	1618	0	350	false	884	None
LINESTRING (3130579.105 208480.714, 3131178.017 206944.03)	63	1618	0	351	false	884	None
LINESTRING (3131178.017 206944.03, 3131286.405 206676.414)	63	1618	0	352	false	884	None
LINESTRING (3131286.405 206676.414, 3131546.163 206003.465)	63	1618	0	353	false	884	None
LINESTRING (3131546.163 206003.465, 3131771.796 206089.915)	63	1618	0	354	false	884	None
LINESTRING (3131771.796 206089.915, 3131780.432 206093.251)	63	1618	0	355	false	884	None
LINESTRING (3131780.432 206093.251, 3131867.385 206126.605)	63	1618	0	356	false	884	None
LINESTRING (3131867.385 206126.605, 3131955.323 206160.461)	63	1618	0	357	false	884	None
LINESTRING (3131955.323 206160.461, 3132464.16 206355.521)	63	1618	0	358	false	884	None
LINESTRING (3132464.16 206355.521, 3132581.333 206400.443)	63	1618	0	359	false	884	None
LINESTRING (3132581.333 206400.443, 3132593.474 206405.135)	63	1618	0	360	false	884	None
LINESTRING (3132593.474 206405.135, 3132762.756 206470.078)	63	1618	0	361	false	884	None
LINESTRING (3132762.756 206470.078, 3132786.052 206478.962)	63	1618	0	362	false	884	None
LINESTRING (3132786.052 206478.962, 3132818.839 206491.515)	63	1618	0	363	false	884	None
LINESTRING (3132818.839 206491.515, 3132987.007 206556.033)	63	1618	0	364	false	884	None
LINESTRING (3132987.007 206556.033, 3133042.964 206577.541)	63	1618	0	365	false	884	None
LINESTRING (3133042.964 206577.541, 3133062.84 206585.104)	63	1618	0	366	false	884	None
LINESTRING (3133062.84 206585.104, 3133377.372 206703.943)	63	1618	0	367	false	884	None
LINESTRING (3133377.372 206703.943, 3133391.901 206709.321)	63	1618	0	368	false	884	None
LINESTRING (3133391.901 206709.321, 3133455.159 206733.298)	63	1618	0	369	false	884	None
LINESTRING (3133455.159 206733.298, 3133462.597 206736.173)	63	1618	0	370	false	884	None
LINESTRING (3133462.597 206736.173, 3133664.909 206813.549)	63	1618	0	371	false	884	None
LINESTRING (3133664.909 206813.549, 3133682.22 206820.123)	63	1618	0	372	false	884	None
LINESTRING (3133682.22 206820.123, 3134474.734 207123.335)	63	1618	0	373	false	884	None
LINESTRING (3134474.734 207123.335, 3134479.95 207125.352)	63	1618	0	374	false	884	None
LINESTRING (3134479.95 207125.352, 3134655.321 207192.339)	63	1618	0	375	false	884	None
LINESTRING (3134655.321 207192.339, 3135181.307 207393.631)	63	1618	0	376	false	884	None
LINESTRING (3135181.307 207393.631, 3135356.547 207460.704)	63	1618	0	377	false	884	None
LINESTRING (3135356.547 207460.704, 3135365.267 207464.077)	63	1618	0	378	false	884	None
LINESTRING (3135365.267 207464.077, 3135404.074 207478.851)	63	1618	0	379	false	884	None
LINESTRING (3135404.074 207478.851, 3135546.57 207533.261)	63	1618	0	380	false	884	None
LINESTRING (3135546.57 207533.261, 3135593.972 207551.48)	63	1618	0	381	false	884	None
LINESTRING (3135593.972 207551.48, 3135645.356 207571.597)	63	1618	0	382	false	884	None
LINESTRING (3135645.356 207571.597, 3135799.133 207632.161)	63	1618	0	383	false	884	None
LINESTRING (3135799.133 207632.161, 3135850.351 207652.454)	63	1618	0	384	false	884	None
LINESTRING (3135850.351 207652.454, 3135854.113 207653.909)	63	1618	0	385	false	884	None
LINESTRING (3135854.113 207653.909, 3135865.397 207658.275)	63	1618	0	386	false	884	None
LINESTRING (3135865.397 207658.275, 3135869.033 207659.801)	63	1618	0	387	false	884	None
LINESTRING (3135869.033 207659.801, 3135888.223 207667.106)	63	1618	0	388	false	884	None
LINESTRING (3135888.223 207667.106, 3135945.711 207689.23)	63	1618	0	389	false	884	None
LINESTRING (3135945.711 207689.23, 3135964.775 207696.606)	63	1618	0	390	false	884	None
LINESTRING (3135964.775 207696.606, 3136021.191 207718.197)	63	1618	0	391	false	884	None
LINESTRING (3136021.191 207718.197, 3136190.184 207782.872)	63	1618	0	392	false	884	None
LINESTRING (3136190.184 207782.872, 3136232.284 207799.044)	63	1618	0	393	false	884	None
LINESTRING (3136232.284 207799.044, 3136246.515 207804.432)	63	1618	0	394	false	884	None
LINESTRING (3136246.515 207804.432, 3136266.342 207811.866)	63	1618	0	395	false	884	None
LINESTRING (3136266.342 207811.866, 3136268.434 207812.556)	63	1618	0	396	false	884	None
LINESTRING (3136268.434 207812.556, 3136282.35 207819.012)	63	1618	0	397	false	884	None
LINESTRING (3136282.35 207819.012, 3136298.881 207826.838)	63	1618	0	398	false	884	None
LINESTRING (3136298.881 207826.838, 3136402.587 207867.445)	63	1618	0	399	false	884	None
LINESTRING (3136402.587 207867.445, 3136645.351 207960.68)	63	1618	0	400	false	884	None
LINESTRING (3136645.351 207960.68, 3136653.472 207963.823)	63	1618	0	401	false	884	None
LINESTRING (3136653.472 207963.823, 3137790.737 208400.244)	63	1618	0	402	false	884	None
LINESTRING (3137790.737 208400.244, 3137792.703 208401.006)	63	1618	0	403	false	884	None
LINESTRING (3137792.703 208401.006, 3137807.577 208406.764)	63	1618	0	404	false	884	None
LINESTRING (3137807.577 208406.764, 3137963.311 208466.587)	63	1618	0	405	false	884	None
LINESTRING (3137963.311 208466.587, 3137997.629 208479.756)	63	1618	0	406	false	884	E:3137981.717 208473.65001690073
LINESTRING (3138095.455 209534.342, 3137491.738 210024.35)	63	1618	0	423	false	884	E:3137981.717 209626.65765436113
LINESTRING (3137491.738 210024.35, 3137290.384 210187.766)	63	1618	0	424	false	884	None
LINESTRING (3137290.384 210187.766, 3137242.234 210228.872)	63	1618	0	425	false	884	None
LINESTRING (3137242.234 210228.872, 3137181.633 210287.415)	63	1618	0	426	false	884	None
LINESTRING (3137181.633 210287.415, 3137163.755 210304.655)	63	1618	0	427	false	884	None
LINESTRING (3137163.755 210304.655, 3137095.995 210376.614)	63	1618	0	428	false	884	None
LINESTRING (3137095.995 210376.614, 3137037.648 210441.267)	63	1618	0	429	false	884	None
LINESTRING (3137037.648 210441.267, 3136964.73 210530.868)	63	1618	0	430	false	884	None
LINESTRING (3136964.73 210530.868, 3136887.807 210629.037)	63	1618	0	431	false	884	None
LINESTRING (3136887.807 210629.037, 3136840.546 210689.175)	63	1618	0	432	false	884	None
LINESTRING (3136840.546 210689.175, 3136793.927 210747.658)	63	1618	0	433	false	884	None
LINESTRING (3136793.927 210747.658, 3136724.224 210835.053)	63	1618	0	434	false	884	None
LINESTRING (3136724.224 210835.053, 3136562.44 211037.958)	63	1618	0	435	false	884	None
LINESTRING (3136562.44 211037.958, 3136514.914 211097.519)	63	1618	0	436	false	884	None
LINESTRING (3136514.914 211097.519, 3136445.088 211184.986)	63	1618	0	437	false	884	None
LINESTRING (3136445.088 211184.986, 3136439.896 211191.546)	63	1618	0	438	false	884	None
LINESTRING (3136439.896 211191.546, 3136333.103 211321.714)	63	1618	0	439	false	884	None
LINESTRING (3136333.103 211321.714, 3136327.905 211328.033)	63	1618	0	440	false	884	None
LINESTRING (3136327.905 211328.033, 3136205.849 211482.406)	63	1618	0	441	false	884	None
LINESTRING (3136205.849 211482.406, 3136145.949 211556.935)	63	1618	0	442	false	884	None
LINESTRING (3136145.949 211556.935, 3136001.247 211736.821)	63	1618	0	443	false	884	None
LINESTRING (3136001.247 211736.821, 3135890.27 211874.775)	63	1618	0	444	false	884	None
LINESTRING (3135890.27 211874.775, 3135882.564 211884.528)	63	1618	0	445	false	884	None
LINESTRING (3135882.564 211884.528, 3135859.192 211913.687)	63	1618	0	446	false	884	None
LINESTRING (3135859.192 211913.687, 3135851.362 211923.51)	63	1618	0	447	false	884	None
LINESTRING (3135851.362 211923.51, 3135826.676 211954.54)	63	1618	0	448	false	884	None
LINESTRING (3135826.676 211954.54, 3135752.533 212047.599)	63	1618	0	449	false	884	None
LINESTRING (3135752.533 212047.599, 3135727.762 212078.597)	63	1618	0	450	false	884	None
LINESTRING (3135727.762 212078.597, 3135689.832 212125.568)	63	1618	0	451	false	884	None
LINESTRING (3135689.832 212125.568, 3135575.874 212266.417)	63	1618	0	452	false	884	None
LINESTRING (3135575.874 212266.417, 3135537.86 212313.356)	63	1618	0	453	false	884	None
LINESTRING (3135537.86 212313.356, 3135422.246 212457.73)	63	1618	0	454	false	884	None
LINESTRING (3135422.246 212457.73, 3135372.867 212515.504)	63	1618	0	455	false	884	None
LINESTRING (3135372.867 212515.504, 3135342.356 212551.184)	63	1618	0	456	false	884	None
LINESTRING (3135342.356 212551.184, 3135292.599 212603.338)	63	1618	0	457	false	884	None
LINESTRING (3135292.599 212603.338, 3135219.659 212671.989)	63	1618	0	458	false	884	None
LINESTRING (3135219.659 212671.989, 3135099.916 212769.182)	63	1618	0	459	false	884	None
LINESTRING (3135099.916 212769.182, 3134994.396 212841.053)	63	1618	0	460	false	884	None
LINESTRING (3134994.396 212841.053, 3134918.248 212887.04)	63	1618	0	461	false	884	None
LINESTRING (3134918.248 212887.04, 3134798.525 212950.441)	63	1618	0	462	false	884	None
LINESTRING (3134798.525 212950.441, 3134775.271 212961.794)	63	1618	0	463	false	884	None
LINESTRING (3134775.271 212961.794, 3134704.631 212996.346)	63	1618	0	464	false	884	None
LINESTRING (3134704.631 212996.346, 3134558.462 213070.223)	63	1618	0	465	false	884	None
LINESTRING (3134558.462 213070.223, 3134335.149 213183.042)	63	1618	0	466	false	884	None
LINESTRING (3134335.149 213183.042, 3134255.323 213223.325)	63	1618	0	467	false	884	None
LINESTRING (3134255.323 213223.325, 3134156.132 213274.562)	63	1618	0	468	false	884	None
LINESTRING (3134156.132 213274.562, 3134099.732 213309.391)	63	1618	0	469	false	884	None
LINESTRING (3134099.732 213309.391, 3134064.377 213334.51)	63	1618	0	470	false	884	None
LINESTRING (3134064.377 213334.51, 3134027.876 213359.543)	63	1618	0	471	false	884	None
LINESTRING (3134027.876 213359.543, 3134008.501 213373.826)	63	1618	0	472	false	884	None
LINESTRING (3134008.501 213373.826, 3133982.69 213395.855)	63	1618	0	473	false	884	None
LINESTRING (3133982.69 213395.855, 3133954.386 213420.013)	63	1618	0	474	false	884	None
LINESTRING (3133954.386 213420.013, 3133917.471 213455.002)	63	1618	0	475	false	884	None
LINESTRING (3133917.471 213455.002, 3133914.628 213454.735)	63	1618	0	476	false	884	None
LINESTRING (3133914.628 213454.735, 3133678.987 213765.482)	63	1618	0	477	false	884	None
LINESTRING (3133678.987 213765.482, 3133638.908 213823.884)	63	1618	0	478	false	884	None
LINESTRING (3133638.908 213823.884, 3133574.88 213909.916)	63	1618	0	479	false	884	None
LINESTRING (3133574.88 213909.916, 3133475.973 214053.863)	63	1618	0	480	false	884	None
LINESTRING (3133475.973 214053.863, 3133410.282 214150.797)	63	1618	0	481	false	884	None
LINESTRING (3133410.282 214150.797, 3133373.451 214202.839)	63	1618	0	482	false	884	None
LINESTRING (3133373.451 214202.839, 3133279.619 214338.753)	63	1618	0	483	false	884	None
LINESTRING (3133279.619 214338.753, 3133186.522 214471.501)	63	1618	0	484	false	884	None
LINESTRING (3133186.522 214471.501, 3133112.345 214578.958)	63	1618	0	485	false	884	None
LINESTRING (3133112.345 214578.958, 3133070.352 214638.764)	63	1618	0	486	false	884	None
LINESTRING (3133070.352 214638.764, 3133066 214644.935)	63	1618	0	487	false	884	None
LINESTRING (3133066 214644.935, 3133052.865 214663.657)	63	1618	0	488	false	884	None
LINESTRING (3133052.865 214663.657, 3133048.473 214669.932)	63	1618	0	489	false	884	None
LINESTRING (3133048.473 214669.932, 3133046.503 214672.74)	63	1618	0	490	false	884	None
LINESTRING (3133046.503 214672.74, 3133040.512 214681.372)	63	1618	0	491	false	884	None
LINESTRING (3133040.512 214681.372, 3133038.416 214684.25)	63	1618	0	492	false	884	None
LINESTRING (3133038.416 214684.25, 3133021.738 214709.338)	63	1618	0	493	false	884	None
LINESTRING (3133021.738 214709.338, 3133020.47 214711.346)	63	1618	0	494	false	884	None
LINESTRING (3133020.47 214711.346, 3132966.341 214792.878)	63	1618	0	495	false	884	None
LINESTRING (3132966.341 214792.878, 3132948.269 214820.045)	63	1618	0	496	false	884	None
LINESTRING (3132948.269 214820.045, 3132920.693 214861.625)	63	1618	0	497	false	884	None
LINESTRING (3132920.693 214861.625, 3132912.006 214874.688)	63	1618	0	498	false	884	None
LINESTRING (3132912.006 214874.688, 3132835.343 214984.517)	63	1618	0	499	false	884	None
LINESTRING (3132835.343 214984.517, 3132820.444 215005.77)	63	1618	0	500	false	884	None
LINESTRING (3132820.444 215005.77, 3132806.737 215025.461)	63	1618	0	501	false	884	None
LINESTRING (3132806.737 215025.461, 3132773.866 215072.609)	63	1618	0	502	false	884	None
LINESTRING (3132773.866 215072.609, 3132705.165 215170.999)	63	1618	0	503	false	884	None
LINESTRING (3132705.165 215170.999, 3132674.176 215213.282)	63	1618	0	504	false	884	None
LINESTRING (3132674.176 215213.282, 3132640.23 215259.658)	63	1618	0	505	false	884	None
LINESTRING (3132640.23 215259.658, 3132595.367 215327.399)	63	1618	0	506	false	884	None
LINESTRING (3132595.367 215327.399, 3132554.394 215389.147)	63	1618	0	507	false	884	None
LINESTRING (3132554.394 215389.147, 3132456.562 215527.565)	63	1618	0	508	false	884	None
LINESTRING (3132456.562 215527.565, 3132409.72 215593.827)	63	1618	0	509	false	884	None
LINESTRING (3132409.72 215593.827, 3132404.467 215601.316)	63	1618	0	510	false	884	None
LINESTRING (3132404.467 215601.316, 3132383.217 215632.133)	63	1618	0	511	false	884	None
LINESTRING (3132383.217 215632.133, 3132303.503 215747.329)	63	1618	0	512	false	884	None
LINESTRING (3132303.503 215747.329, 3132283.933 215775.583)	63	1618	0	513	false	884	None
LINESTRING (3132283.933 215775.583, 3132276.96 215785.739)	63	1618	0	514	false	884	None
LINESTRING (3132276.96 215785.739, 3132267.401 215799.537)	63	1618	0	515	false	884	None
LINESTRING (3132267.401 215799.537, 3132259.035 215811.772)	63	1618	0	516	false	884	None
LINESTRING (3132259.035 215811.772, 3132205.013 215890.253)	63	1618	0	517	false	884	None
LINESTRING (3132205.013 215890.253, 3132186.962 215916.357)	63	1618	0	518	false	884	None
LINESTRING (3132186.962 215916.357, 3132155.502 215962.149)	63	1618	0	519	false	884	None
LINESTRING (3132155.502 215962.149, 3132060.914 216099.561)	63	1618	0	520	false	884	None
LINESTRING (3132060.914 216099.561, 3132029.33 216145.423)	63	1618	0	521	false	884	None
LINESTRING (3132029.33 216145.423, 3131983.555 216211.98)	63	1618	0	522	false	884	None
LINESTRING (3131983.555 216211.98, 3131857.014 216395.708)	63	1618	0	523	false	884	None
LINESTRING (3131857.014 216395.708, 3131846.243 216412.132)	63	1618	0	524	false	884	None
LINESTRING (3131846.243 216412.132, 3131801.681 216479.872)	63	1618	0	525	false	884	None
LINESTRING (3131801.681 216479.872, 3131793.857 216491.723)	63	1618	0	526	false	884	None
LINESTRING (3131793.857 216491.723, 3131779.555 216514.993)	63	1618	0	527	false	884	None
LINESTRING (3131779.555 216514.993, 3131748.905 216564.787)	63	1618	0	528	false	884	None
LINESTRING (3131748.905 216564.787, 3131715.463 216622.309)	63	1618	0	529	false	884	None
LINESTRING (3131715.463 216622.309, 3131694.372 216658.306)	63	1618	0	530	false	884	None
LINESTRING (3131694.372 216658.306, 3131674.835 216691.81)	63	1618	0	531	false	884	None
LINESTRING (3131674.835 216691.81, 3131665.615 216707.524)	63	1618	0	532	false	884	None
LINESTRING (3131665.615 216707.524, 3131621.123 216795.644)	63	1618	0	533	false	884	None
LINESTRING (3131621.123 216795.644, 3131603.521 216830.491)	63	1618	0	534	false	884	None
LINESTRING (3131603.521 216830.491, 3131564.298 216908.033)	63	1618	0	535	false	884	None
LINESTRING (3131564.298 216908.033, 3131540.475 216964.039)	63	1618	0	536	false	884	None
LINESTRING (3131540.475 216964.039, 3131480.385 217104.92)	63	1618	0	537	false	884	None
LINESTRING (3131480.385 217104.92, 3131437.226 217217.002)	63	1618	0	538	false	884	N:3131443.4459757945 217200.849
LINESTRING (3131437.226 217217.002, 3131480.385 217104.92)	63	1625	0	358	false	1385	N:3131443.4459757945 217200.849
LINESTRING (3131480.385 217104.92, 3131540.475 216964.039)	63	1625	0	359	false	1385	None
LINESTRING (3131540.475 216964.039, 3131564.298 216908.033)	63	1625	0	360	false	1385	None
LINESTRING (3131564.298 216908.033, 3131603.521 216830.491)	63	1625	0	361	false	1385	None
LINESTRING (3131603.521 216830.491, 3131621.123 216795.644)	63	1625	0	362	false	1385	None
LINESTRING (3131621.123 216795.644, 3131665.615 216707.524)	63	1625	0	363	false	1385	None
LINESTRING (3131665.615 216707.524, 3131674.835 216691.81)	63	1625	0	364	false	1385	None
LINESTRING (3131674.835 216691.81, 3131694.372 216658.306)	63	1625	0	365	false	1385	None
LINESTRING (3131694.372 216658.306, 3131715.463 216622.309)	63	1625	0	366	false	1385	None
LINESTRING (3131715.463 216622.309, 3131748.905 216564.787)	63	1625	0	367	false	1385	None
LINESTRING (3131748.905 216564.787, 3131779.555 216514.993)	63	1625	0	368	false	1385	None
LINESTRING (3131779.555 216514.993, 3131793.857 216491.723)	63	1625	0	369	false	1385	None
LINESTRING (3131793.857 216491.723, 3131801.681 216479.872)	63	1625	0	370	false	1385	None
LINESTRING (3131801.681 216479.872, 3131846.243 216412.132)	63	1625	0	371	false	1385	None
LINESTRING (3131846.243 216412.132, 3131857.014 216395.708)	63	1625	0	372	false	1385	None
LINESTRING (3131857.014 216395.708, 3131983.555 216211.98)	63	1625	0	373	false	1385	None
LINESTRING (3131983.555 216211.98, 3132029.33 216145.423)	63	1625	0	374	false	1385	None
LINESTRING (3132029.33 216145.423, 3132060.914 216099.561)	63	1625	0	375	false	1385	None
LINESTRING (3132060.914 216099.561, 3132155.502 215962.149)	63	1625	0	376	false	1385	None
LINESTRING (3132155.502 215962.149, 3132186.962 215916.357)	63	1625	0	377	false	1385	None
LINESTRING (3132186.962 215916.357, 3132205.013 215890.253)	63	1625	0	378	false	1385	None
LINESTRING (3132205.013 215890.253, 3132259.035 215811.772)	63	1625	0	379	false	1385	None
LINESTRING (3132259.035 215811.772, 3132267.401 215799.537)	63	1625	0	380	false	1385	None
LINESTRING (3132267.401 215799.537, 3132276.96 215785.739)	63	1625	0	381	false	1385	None
LINESTRING (3132276.96 215785.739, 3132283.933 215775.583)	63	1625	0	382	false	1385	None
LINESTRING (3132283.933 215775.583, 3132303.503 215747.329)	63	1625	0	383	false	1385	None
LINESTRING (3132303.503 215747.329, 3132383.217 215632.133)	63	1625	0	384	false	1385	None
LINESTRING (3132383.217 215632.133, 3132404.467 215601.316)	63	1625	0	385	false	1385	None
LINESTRING (3132404.467 215601.316, 3132409.72 215593.827)	63	1625	0	386	false	1385	None
LINESTRING (3132409.72 215593.827, 3132456.562 215527.565)	63	1625	0	387	false	1385	None
LINESTRING (3132456.562 215527.565, 3132554.394 215389.147)	63	1625	0	388	false	1385	None
LINESTRING (3132554.394 215389.147, 3132595.367 215327.399)	63	1625	0	389	false	1385	None
LINESTRING (3132595.367 215327.399, 3132640.23 215259.658)	63	1625	0	390	false	1385	None
LINESTRING (3132640.23 215259.658, 3132674.176 215213.282)	63	1625	0	391	false	1385	None
LINESTRING (3132674.176 215213.282, 3132705.165 215170.999)	63	1625	0	392	false	1385	None
LINESTRING (3132705.165 215170.999, 3132773.866 215072.609)	63	1625	0	393	false	1385	None
LINESTRING (3132773.866 215072.609, 3132806.737 215025.461)	63	1625	0	394	false	1385	None
LINESTRING (3132806.737 215025.461, 3132820.444 215005.77)	63	1625	0	395	false	1385	None
LINESTRING (3132820.444 215005.77, 3132835.343 214984.517)	63	1625	0	396	false	1385	None
LINESTRING (3132835.343 214984.517, 3132912.006 214874.688)	63	1625	0	397	false	1385	None
LINESTRING (3132912.006 214874.688, 3132920.693 214861.625)	63	1625	0	398	false	1385	None
LINESTRING (3132920.693 214861.625, 3132948.269 214820.045)	63	1625	0	399	false	1385	None
LINESTRING (3132948.269 214820.045, 3132966.341 214792.878)	63	1625	0	400	false	1385	None
LINESTRING (3132966.341 214792.878, 3133020.47 214711.346)	63	1625	0	401	false	1385	None
LINESTRING (3133020.47 214711.346, 3133021.738 214709.338)	63	1625	0	402	false	1385	None
LINESTRING (3133021.738 214709.338, 3133038.416 214684.25)	63	1625	0	403	false	1385	None
LINESTRING (3133038.416 214684.25, 3133040.512 214681.372)	63	1625	0	404	false	1385	None
LINESTRING (3133040.512 214681.372, 3133046.503 214672.74)	63	1625	0	405	false	1385	None
LINESTRING (3133046.503 214672.74, 3133048.473 214669.932)	63	1625	0	406	false	1385	None
LINESTRING (3133048.473 214669.932, 3133052.865 214663.657)	63	1625	0	407	false	1385	None
LINESTRING (3133052.865 214663.657, 3133066 214644.935)	63	1625	0	408	false	1385	None
LINESTRING (3133066 214644.935, 3133070.352 214638.764)	63	1625	0	409	false	1385	None
LINESTRING (3133070.352 214638.764, 3133112.345 214578.958)	63	1625	0	410	false	1385	None
LINESTRING (3133112.345 214578.958, 3133186.522 214471.501)	63	1625	0	411	false	1385	None
LINESTRING (3133186.522 214471.501, 3133279.619 214338.753)	63	1625	0	412	false	1385	None
LINESTRING (3133279.619 214338.753, 3133373.451 214202.839)	63	1625	0	413	false	1385	None
LINESTRING (3133373.451 214202.839, 3133410.282 214150.797)	63	1625	0	414	false	1385	None
LINESTRING (3133410.282 214150.797, 3133475.973 214053.863)	63	1625	0	415	false	1385	None
LINESTRING (3133475.973 214053.863, 3133574.88 213909.916)	63	1625	0	416	false	1385	None
LINESTRING (3133574.88 213909.916, 3133638.908 213823.884)	63	1625	0	417	false	1385	None
LINESTRING (3133638.908 213823.884, 3133678.987 213765.482)	63	1625	0	418	false	1385	None
LINESTRING (3133678.987 213765.482, 3133914.628 213454.735)	63	1625	0	419	false	1385	None
LINESTRING (3133914.628 213454.735, 3133917.471 213455.002)	63	1625	0	420	false	1385	None
LINESTRING (3133917.471 213455.002, 3133954.386 213420.013)	63	1625	0	421	false	1385	None
LINESTRING (3133954.386 213420.013, 3133982.69 213395.855)	63	1625	0	422	false	1385	None
LINESTRING (3133982.69 213395.855, 3134008.501 213373.826)	63	1625	0	423	false	1385	None
LINESTRING (3134008.501 213373.826, 3134027.876 213359.543)	63	1625	0	424	false	1385	None
LINESTRING (3134027.876 213359.543, 3134064.377 213334.51)	63	1625	0	425	false	1385	None
LINESTRING (3134064.377 213334.51, 3134099.732 213309.391)	63	1625	0	426	false	1385	None
LINESTRING (3134099.732 213309.391, 3134156.132 213274.562)	63	1625	0	427	false	1385	None
LINESTRING (3134156.132 213274.562, 3134255.323 213223.325)	63	1625	0	428	false	1385	None
LINESTRING (3134255.323 213223.325, 3134335.149 213183.042)	63	1625	0	429	false	1385	None
LINESTRING (3134335.149 213183.042, 3134558.462 213070.223)	63	1625	0	430	false	1385	None
LINESTRING (3134558.462 213070.223, 3134704.631 212996.346)	63	1625	0	431	false	1385	None
LINESTRING (3134704.631 212996.346, 3134775.271 212961.794)	63	1625	0	432	false	1385	None
LINESTRING (3134775.271 212961.794, 3134798.525 212950.441)	63	1625	0	433	false	1385	None
LINESTRING (3134798.525 212950.441, 3134918.248 212887.04)	63	1625	0	434	false	1385	None
LINESTRING (3134918.248 212887.04, 3134994.396 212841.053)	63	1625	0	435	false	1385	None
LINESTRING (3134994.396 212841.053, 3135099.916 212769.182)	63	1625	0	436	false	1385	None
LINESTRING (3135099.916 212769.182, 3135219.659 212671.989)	63	1625	0	437	false	1385	None
LINESTRING (3135219.659 212671.989, 3135292.599 212603.338)	63	1625	0	438	false	1385	None
LINESTRING (3135292.599 212603.338, 3135342.356 212551.184)	63	1625	0	439	false	1385	None
LINESTRING (3135342.356 212551.184, 3135372.867 212515.504)	63	1625	0	440	false	1385	None
LINESTRING (3135372.867 212515.504, 3135422.246 212457.73)	63	1625	0	441	false	1385	None
LINESTRING (3135422.246 212457.73, 3135537.86 212313.356)	63	1625	0	442	false	1385	None
LINESTRING (3135537.86 212313.356, 3135575.874 212266.417)	63	1625	0	443	false	1385	None
LINESTRING (3135575.874 212266.417, 3135689.832 212125.568)	63	1625	0	444	false	1385	None
LINESTRING (3135689.832 212125.568, 3135727.762 212078.597)	63	1625	0	445	false	1385	None
LINESTRING (3135727.762 212078.597, 3135752.533 212047.599)	63	1625	0	446	false	1385	None
LINESTRING (3135752.533 212047.599, 3135826.676 211954.54)	63	1625	0	447	false	1385	None
LINESTRING (3135826.676 211954.54, 3135851.362 211923.51)	63	1625	0	448	false	1385	None
LINESTRING (3135851.362 211923.51, 3135859.192 211913.687)	63	1625	0	449	false	1385	None
LINESTRING (3135859.192 211913.687, 3135882.564 211884.528)	63	1625	0	450	false	1385	None
LINESTRING (3135882.564 211884.528, 3135890.27 211874.775)	63	1625	0	451	false	1385	None
LINESTRING (3135890.27 211874.775, 3136001.247 211736.821)	63	1625	0	452	false	1385	None
LINESTRING (3136001.247 211736.821, 3136145.949 211556.935)	63	1625	0	453	false	1385	None
LINESTRING (3136145.949 211556.935, 3136205.849 211482.406)	63	1625	0	454	false	1385	None
LINESTRING (3136205.849 211482.406, 3136327.905 211328.033)	63	1625	0	455	false	1385	None
LINESTRING (3136327.905 211328.033, 3136333.103 211321.714)	63	1625	0	456	false	1385	None
LINESTRING (3136333.103 211321.714, 3136439.896 211191.546)	63	1625	0	457	false	1385	None
LINESTRING (3136439.896 211191.546, 3136445.088 211184.986)	63	1625	0	458	false	1385	None
LINESTRING (3136445.088 211184.986, 3136514.914 211097.519)	63	1625	0	459	false	1385	None
LINESTRING (3136514.914 211097.519, 3136562.44 211037.958)	63	1625	0	460	false	1385	None
LINESTRING (3136562.44 211037.958, 3136724.224 210835.053)	63	1625	0	461	false	1385	None
LINESTRING (3136724.224 210835.053, 3136793.927 210747.658)	63	1625	0	462	false	1385	None
LINESTRING (3136793.927 210747.658, 3136840.546 210689.175)	63	1625	0	463	false	1385	None
LINESTRING (3136840.546 210689.175, 3136887.807 210629.037)	63	1625	0	464	false	1385	None
LINESTRING (3136887.807 210629.037, 3136964.73 210530.868)	63	1625	0	465	false	1385	None
LINESTRING (3136964.73 210530.868, 3137037.648 210441.267)	63	1625	0	466	false	1385	None
LINESTRING (3137037.648 210441.267, 3137095.995 210376.614)	63	1625	0	467	false	1385	None
LINESTRING (3137095.995 210376.614, 3137163.755 210304.655)	63	1625	0	468	false	1385	None
LINESTRING (3137163.755 210304.655, 3137181.633 210287.415)	63	1625	0	469	false	1385	None
LINESTRING (3137181.633 210287.415, 3137242.234 210228.872)	63	1625	0	470	false	1385	None
LINESTRING (3137242.234 210228.872, 3137290.384 210187.766)	63	1625	0	471	false	1385	None
LINESTRING (3137290.384 210187.766, 3137491.738 210024.35)	63	1625	0	472	false	1385	None
LINESTRING (3137491.738 210024.35, 3138095.455 209534.342)	63	1625	0	473	false	1385	E:3137981.717 209626.65765436113
