LINESTRING (3116260.15 225021.61, 3116120.57 225433.952)	42	1201	0	56	false	643	S:3116251.6921036905 225046.596
LINESTRING (3116120.57 225433.952, 3115898.444 226090.263)	42	1201	0	57	false	643	None
LINESTRING (3115898.444 226090.263, 3115651.841 226795.086)	42	1201	0	58	false	643	None
LINESTRING (3115651.841 226795.086, 3115646.835 226825.874)	42	1201	0	59	false	643	None
LINESTRING (3115646.835 226825.874, 3115543.812 227447.068)	42	1201	0	60	false	643	None
LINESTRING (3115543.812 227447.068, 3115522.648 227542.657)	42	1201	0	61	false	643	None
LINESTRING (3115522.648 227542.657, 3115454.553 227956.5)	42	1201	0	62	false	643	None
LINESTRING (3115454.553 227956.5, 3115419.724 228387.686)	42	1201	0	63	false	643	None
LINESTRING (3115419.724 228387.686, 3115430.213 228657.281)	42	1201	0	64	false	643	None
LINESTRING (3115430.213 228657.281, 3115439.45 228718.187)	42	1201	0	65	false	643	None
LINESTRING (3115439.45 228718.187, 3115452.896 228808.318)	42	1201	0	66	false	643	None
LINESTRING (3115452.896 228808.318, 3115509.995 229147.517)	42	1201	0	67	false	643	None
LINESTRING (3115509.995 229147.517, 3115533.955 229381.857)	42	1201	0	68	false	643	None
LINESTRING (3115533.955 229381.857, 3115531.587 229558.223)	42	1201	0	69	false	643	None
LINESTRING (3115531.587 229558.223, 3115558.779 229716.833)	42	1201	0	70	false	643	None
LINESTRING (3115558.779 229716.833, 3115559.809 229858.458)	42	1201	0	71	false	643	None
LINESTRING (3115559.809 229858.458, 3115585.409 229974.694)	42	1201	0	72	false	643	None
LINESTRING (3115585.409 229974.694, 3115568.388 230116.145)	42	1201	0	73	false	643	None
LINESTRING (3115568.388 230116.145, 3115590.596 230205.612)	42	1201	0	74	false	643	None
LINESTRING (3115590.596 230205.612, 3115561.979 230342.593)	42	1201	0	75	false	643	None
LINESTRING (3115561.979 230342.593, 3115569.779 230488.735)	42	1201	0	76	false	643	None
LINESTRING (3115569.779 230488.735, 3115625.708 230746.236)	42	1201	0	77	false	643	None
LINESTRING (3115625.708 230746.236, 3115576.834 230794.025)	42	1201	0	78	false	643	None
LINESTRING (3115576.834 230794.025, 3115554.242 230862.536)	42	1201	0	79	false	643	None
LINESTRING (3115554.242 230862.536, 3115559.331 230906.736)	42	1201	0	80	false	643	None
LINESTRING (3115559.331 230906.736, 3115573.036 231005.54)	42	1201	0	81	false	643	None
LINESTRING (3115573.036 231005.54, 3115576.219 231089.223)	42	1201	0	82	false	643	None
LINESTRING (3115576.219 231089.223, 3115563.458 231117.499)	42	1201	0	83	false	643	None
LINESTRING (3115563.458 231117.499, 3115518.57 231152.666)	42	1201	0	84	false	643	None
LINESTRING (3115518.57 231152.666, 3115478.99 231215.46)	42	1201	0	85	false	643	None
LINESTRING (3115478.99 231215.46, 3115462.774 231342.351)	42	1201	0	86	false	643	None
LINESTRING (3115462.774 231342.351, 3115433.99 231426.918)	42	1201	0	87	false	643	None
LINESTRING (3115433.99 231426.918, 3115402.105 231544.674)	42	1201	0	88	false	643	None
LINESTRING (3115402.105 231544.674, 3115421.773 231670.408)	42	1201	0	89	false	643	None
LINESTRING (3115421.773 231670.408, 3115458.503 231920.753)	42	1201	0	90	false	643	None
LINESTRING (3115458.503 231920.753, 3115474.326 232372.573)	42	1201	0	91	false	643	None
LINESTRING (3115474.326 232372.573, 3115475.869 232383.044)	42	1201	0	92	false	643	None
LINESTRING (3115475.869 232383.044, 3115542.731 232864.427)	42	1201	0	93	false	643	None
LINESTRING (3115542.731 232864.427, 3115555.712 233201.41)	42	1201	0	94	false	643	N:3115543.8063586857 232892.343
LINESTRING (3120955.84 226113.978, 3120843.14 226069.294)	42	1613	0	69	false	645	E:3120870.383 226080.09547481805
LINESTRING (3120843.14 226069.294, 3120042.039 225752.558)	42	1613	0	70	false	645	None
LINESTRING (3120042.039 225752.558, 3119979.886 225727.984)	42	1613	0	71	false	645	None
LINESTRING (3119979.886 225727.984, 3119774.996 225646.917)	42	1613	0	72	false	645	None
LINESTRING (3119774.996 225646.917, 3119712.797 225622.208)	42	1613	0	73	false	645	None
LINESTRING (3119712.797 225622.208, 3119525.909 225548.331)	42	1613	0	74	false	645	None
LINESTRING (3119525.909 225548.331, 3119463.543 225523.799)	42	1613	0	75	false	645	None
LINESTRING (3119463.543 225523.799, 3119151.102 225400.194)	42	1613	0	76	false	645	None
LINESTRING (3119151.102 225400.194, 3118735.889 225236.139)	42	1613	0	77	false	645	None
LINESTRING (3118735.889 225236.139, 3118973.743 224596.722)	42	1613	0	78	false	645	S:3118806.396291364 225046.596
LINESTRING (3120903.291 231358.904, 3120808.349 231320.93)	42	1614	0	346	false	423	E:3120870.383 231345.74177051245
LINESTRING (3120808.349 231320.93, 3120736.807 231292.113)	42	1614	0	347	false	423	None
LINESTRING (3120736.807 231292.113, 3120687.949 231272.532)	42	1614	0	348	false	423	None
LINESTRING (3120687.949 231272.532, 3120766.544 231069.509)	42	1614	0	349	false	423	None
LINESTRING (3120766.544 231069.509, 3120800.297 230982.101)	42	1614	0	350	false	423	None
LINESTRING (3120800.297 230982.101, 3120972.147 230537.328)	42	1614	0	351	false	423	E:3120870.383 230800.708154623
LINESTRING (3118973.743 224596.722, 3118735.889 225236.139)	42	1627	0	1	false	712	S:3118806.396291364 225046.596
LINESTRING (3118735.889 225236.139, 3119151.102 225400.194)	42	1627	0	2	false	712	None
LINESTRING (3119151.102 225400.194, 3119463.543 225523.799)	42	1627	0	3	false	712	None
LINESTRING (3119463.543 225523.799, 3119525.909 225548.331)	42	1627	0	4	false	712	None
LINESTRING (3119525.909 225548.331, 3119712.797 225622.208)	42	1627	0	5	false	712	None
LINESTRING (3119712.797 225622.208, 3119774.996 225646.917)	42	1627	0	6	false	712	None
LINESTRING (3119774.996 225646.917, 3119979.886 225727.984)	42	1627	0	7	false	712	None
LINESTRING (3119979.886 225727.984, 3120042.039 225752.558)	42	1627	0	8	false	712	None
LINESTRING (3120042.039 225752.558, 3120843.14 226069.294)	42	1627	0	9	false	712	None
LINESTRING (3120843.14 226069.294, 3120955.84 226113.978)	42	1627	0	10	false	712	E:3120870.383 226080.09547481805
LINESTRING (3120972.147 230537.328, 3120800.297 230982.101)	42	1627	0	42	false	712	E:3120870.383 230800.708154623
LINESTRING (3120800.297 230982.101, 3120766.544 231069.509)	42	1627	0	43	false	712	None
LINESTRING (3120766.544 231069.509, 3120687.949 231272.532)	42	1627	0	44	false	712	None
LINESTRING (3120687.949 231272.532, 3120736.807 231292.113)	42	1627	0	45	false	712	None
LINESTRING (3120736.807 231292.113, 3120808.349 231320.93)	42	1627	0	46	false	712	None
LINESTRING (3120808.349 231320.93, 3120903.291 231358.904)	42	1627	0	47	false	712	E:3120870.383 231345.74177051245
LINESTRING (3115555.712 233201.41, 3115542.731 232864.427)	42	1627	0	656	false	712	N:3115543.8063586857 232892.343
LINESTRING (3115542.731 232864.427, 3115475.869 232383.044)	42	1627	0	657	false	712	None
LINESTRING (3115475.869 232383.044, 3115474.326 232372.573)	42	1627	0	658	false	712	None
LINESTRING (3115474.326 232372.573, 3115458.503 231920.753)	42	1627	0	659	false	712	None
LINESTRING (3115458.503 231920.753, 3115421.773 231670.408)	42	1627	0	660	false	712	None
LINESTRING (3115421.773 231670.408, 3115402.105 231544.674)	42	1627	0	661	false	712	None
LINESTRING (3115402.105 231544.674, 3115433.99 231426.918)	42	1627	0	662	false	712	None
LINESTRING (3115433.99 231426.918, 3115462.774 231342.351)	42	1627	0	663	false	712	None
LINESTRING (3115462.774 231342.351, 3115478.99 231215.46)	42	1627	0	664	false	712	None
LINESTRING (3115478.99 231215.46, 3115518.57 231152.666)	42	1627	0	665	false	712	None
LINESTRING (3115518.57 231152.666, 3115563.458 231117.499)	42	1627	0	666	false	712	None
LINESTRING (3115563.458 231117.499, 3115576.219 231089.223)	42	1627	0	667	false	712	None
LINESTRING (3115576.219 231089.223, 3115573.036 231005.54)	42	1627	0	668	false	712	None
LINESTRING (3115573.036 231005.54, 3115559.331 230906.736)	42	1627	0	669	false	712	None
LINESTRING (3115559.331 230906.736, 3115554.242 230862.536)	42	1627	0	670	false	712	None
LINESTRING (3115554.242 230862.536, 3115576.834 230794.025)	42	1627	0	671	false	712	None
LINESTRING (3115576.834 230794.025, 3115625.708 230746.236)	42	1627	0	672	false	712	None
LINESTRING (3115625.708 230746.236, 3115569.779 230488.735)	42	1627	0	673	false	712	None
LINESTRING (3115569.779 230488.735, 3115561.979 230342.593)	42	1627	0	674	false	712	None
LINESTRING (3115561.979 230342.593, 3115590.596 230205.612)	42	1627	0	675	false	712	None
LINESTRING (3115590.596 230205.612, 3115568.388 230116.145)	42	1627	0	676	false	712	None
LINESTRING (3115568.388 230116.145, 3115585.409 229974.694)	42	1627	0	677	false	712	None
LINESTRING (3115585.409 229974.694, 3115559.809 229858.458)	42	1627	0	678	false	712	None
LINESTRING (3115559.809 229858.458, 3115558.779 229716.833)	42	1627	0	679	false	712	None
LINESTRING (3115558.779 229716.833, 3115531.587 229558.223)	42	1627	0	680	false	712	None
LINESTRING (3115531.587 229558.223, 3115533.955 229381.857)	42	1627	0	681	false	712	None
LINESTRING (3115533.955 229381.857, 3115509.995 229147.517)	42	1627	0	682	false	712	None
LINESTRING (3115509.995 229147.517, 3115452.896 228808.318)	42	1627	0	683	false	712	None
LINESTRING (3115452.896 228808.318, 3115439.45 228718.187)	42	1627	0	684	false	712	None
LINESTRING (3115439.45 228718.187, 3115430.213 228657.281)	42	1627	0	685	false	712	None
LINESTRING (3115430.213 228657.281, 3115419.724 228387.686)	42	1627	0	686	false	712	None
LINESTRING (3115419.724 228387.686, 3115454.553 227956.5)	42	1627	0	687	false	712	None
LINESTRING (3115454.553 227956.5, 3115522.648 227542.657)	42	1627	0	688	false	712	None
LINESTRING (3115522.648 227542.657, 3115543.812 227447.068)	42	1627	0	689	false	712	None
LINESTRING (3115543.812 227447.068, 3115646.835 226825.874)	42	1627	0	690	false	712	None
LINESTRING (3115646.835 226825.874, 3115651.841 226795.086)	42	1627	0	691	false	712	None
LINESTRING (3115651.841 226795.086, 3115898.444 226090.263)	42	1627	0	692	false	712	None
LINESTRING (3115898.444 226090.263, 3116120.57 225433.952)	42	1627	0	693	false	712	None
LINESTRING (3116120.57 225433.952, 3116260.15 225021.61)	42	1627	0	694	false	712	S:3116251.6921036905 225046.596
