LINESTRING (3146534.316 244339.608, 3146538.751 244335.023)	76	181	0	2033	false	2954	W:3146537.384 244336.43623449837
LINESTRING (3146538.751 244335.023, 3146546.323 244330.945)	76	181	0	2034	false	2954	None
LINESTRING (3146546.323 244330.945, 3146550.623 244330.477)	76	181	0	2035	false	2954	None
LINESTRING (3146550.623 244330.477, 3146555.054 244327.915)	76	181	0	2036	false	2954	None
LINESTRING (3146555.054 244327.915, 3146557.925 244325.579)	76	181	0	2037	false	2954	None
LINESTRING (3146557.925 244325.579, 3146560.484 244322.287)	76	181	0	2038	false	2954	None
LINESTRING (3146560.484 244322.287, 3146570.293 244306.688)	76	181	0	2039	false	2954	None
LINESTRING (3146570.293 244306.688, 3146574.823 244298.088)	76	181	0	2040	false	2954	None
LINESTRING (3146574.823 244298.088, 3146577.584 244294.279)	76	181	0	2041	false	2954	None
LINESTRING (3146577.584 244294.279, 3146584.094 244287.642)	76	181	0	2042	false	2954	None
LINESTRING (3146584.094 244287.642, 3146591.154 244283.365)	76	181	0	2043	false	2954	None
LINESTRING (3146591.154 244283.365, 3146599.648 244278.932)	76	181	0	2044	false	2954	None
LINESTRING (3146599.648 244278.932, 3146612.595 244275.401)	76	181	0	2045	false	2954	None
LINESTRING (3146612.595 244275.401, 3146625.805 244274.714)	76	181	0	2046	false	2954	None
LINESTRING (3146625.805 244274.714, 3146637.182 244275.457)	76	181	0	2047	false	2954	None
LINESTRING (3146637.182 244275.457, 3146647.717 244278.612)	76	181	0	2048	false	2954	None
LINESTRING (3146647.717 244278.612, 3146660.787 244284.067)	76	181	0	2049	false	2954	None
LINESTRING (3146660.787 244284.067, 3146674.69 244291.157)	76	181	0	2050	false	2954	None
LINESTRING (3146674.69 244291.157, 3146690.486 244302.442)	76	181	0	2051	false	2954	None
LINESTRING (3146690.486 244302.442, 3146723.798 244328.899)	76	181	0	2052	false	2954	None
LINESTRING (3146723.798 244328.899, 3146718.11 244343.483)	76	181	0	2053	false	2954	None
LINESTRING (3146718.11 244343.483, 3146726.413 244351.607)	76	181	0	2054	false	2954	None
LINESTRING (3146726.413 244351.607, 3146796.003 244418.787)	76	181	0	2055	false	2954	None
LINESTRING (3146796.003 244418.787, 3146851.676 244462.07)	76	181	0	2056	false	2954	None
LINESTRING (3146851.676 244462.07, 3146856.347 244465.68)	76	181	0	2057	false	2954	None
LINESTRING (3146856.347 244465.68, 3146993.742 244572.179)	76	181	0	2058	false	2954	None
LINESTRING (3146993.742 244572.179, 3147097.875 244631.983)	76	181	0	2059	false	2954	None
LINESTRING (3147097.875 244631.983, 3147149.975 244644.203)	76	181	0	2060	false	2954	None
LINESTRING (3147149.975 244644.203, 3147267.217 244635.715)	76	181	0	2061	false	2954	None
LINESTRING (3147267.217 244635.715, 3147365.814 244647.127)	76	181	0	2062	false	2954	None
LINESTRING (3147365.814 244647.127, 3147577.347 244751.576)	76	181	0	2063	false	2954	None
LINESTRING (3147577.347 244751.576, 3147658.547 244758.826)	76	181	0	2064	false	2954	None
LINESTRING (3147658.547 244758.826, 3147752.142 244790.099)	76	181	0	2065	false	2954	None
LINESTRING (3147752.142 244790.099, 3147784.222 244832.527)	76	181	0	2066	false	2954	None
LINESTRING (3147784.222 244832.527, 3147785.037 244833.202)	76	181	0	2067	false	2954	None
LINESTRING (3147785.037 244833.202, 3147785.726 244833.948)	76	181	0	2068	false	2954	None
LINESTRING (3147785.726 244833.948, 3147788.87 244837.2)	76	181	0	2069	false	2954	None
LINESTRING (3147788.87 244837.2, 3147791.928 244840.419)	76	181	0	2070	false	2954	None
LINESTRING (3147791.928 244840.419, 3148020.539 245075.486)	76	181	0	2071	false	2954	None
LINESTRING (3148020.539 245075.486, 3147841.825 245277.942)	76	181	0	2072	false	2954	None
LINESTRING (3147841.825 245277.942, 3147805.78 245355.998)	76	181	0	2073	false	2954	None
LINESTRING (3147805.78 245355.998, 3147801.259 245381.405)	76	181	0	2074	false	2954	None
LINESTRING (3147801.259 245381.405, 3147810.778 245412.291)	76	181	0	2075	false	2954	None
LINESTRING (3147810.778 245412.291, 3147839.185 245464.371)	76	181	0	2076	false	2954	None
LINESTRING (3147839.185 245464.371, 3147924.288 245516.885)	76	181	0	2077	false	2954	None
LINESTRING (3147924.288 245516.885, 3148065.487 245550.771)	76	181	0	2078	false	2954	None
LINESTRING (3148065.487 245550.771, 3148109.999 245554.794)	76	181	0	2079	false	2954	None
LINESTRING (3148109.999 245554.794, 3148140.921 245531.585)	76	181	0	2080	false	2954	None
LINESTRING (3148140.921 245531.585, 3148157.066 245497.247)	76	181	0	2081	false	2954	None
LINESTRING (3148157.066 245497.247, 3148154.573 245455.397)	76	181	0	2082	false	2954	None
LINESTRING (3148154.573 245455.397, 3148115.233 245382.842)	76	181	0	2083	false	2954	None
LINESTRING (3148115.233 245382.842, 3148099.863 245325.242)	76	181	0	2084	false	2954	None
LINESTRING (3148099.863 245325.242, 3148102.417 245263.672)	76	181	0	2085	false	2954	None
LINESTRING (3148102.417 245263.672, 3148123.729 245223.127)	76	181	0	2086	false	2954	None
LINESTRING (3148123.729 245223.127, 3148182.578 245183.883)	76	181	0	2087	false	2954	None
LINESTRING (3148182.578 245183.883, 3148403.715 245083.553)	76	181	0	2088	false	2954	None
LINESTRING (3148403.715 245083.553, 3148477.17 245069.197)	76	181	0	2089	false	2954	None
LINESTRING (3148477.17 245069.197, 3148611.881 245105.92)	76	181	0	2090	false	2954	None
LINESTRING (3148611.881 245105.92, 3148667.323 245144.005)	76	181	0	2091	false	2954	None
LINESTRING (3148667.323 245144.005, 3148698.876 245180.989)	76	181	0	2092	false	2954	None
LINESTRING (3148698.876 245180.989, 3148684.624 245224.289)	76	181	0	2093	false	2954	None
LINESTRING (3148684.624 245224.289, 3148636.146 245264.837)	76	181	0	2094	false	2954	None
LINESTRING (3148636.146 245264.837, 3148613.574 245329.202)	76	181	0	2095	false	2954	None
LINESTRING (3148613.574 245329.202, 3148610.42 245357.884)	76	181	0	2096	false	2954	None
LINESTRING (3148610.42 245357.884, 3148633.178 245396.799)	76	181	0	2097	false	2954	None
LINESTRING (3148633.178 245396.799, 3148633.379 245398.546)	76	181	0	2098	false	2954	None
LINESTRING (3148633.379 245398.546, 3148632.411 245408.06)	76	181	0	2099	false	2954	None
LINESTRING (3148632.411 245408.06, 3148636.044 245417.343)	76	181	0	2100	false	2954	None
LINESTRING (3148636.044 245417.343, 3148642.597 245436.228)	76	181	0	2101	false	2954	None
LINESTRING (3148642.597 245436.228, 3148650.936 245465.106)	76	181	0	2102	false	2954	None
LINESTRING (3148650.936 245465.106, 3148655.177 245484.637)	76	181	0	2103	false	2954	None
LINESTRING (3148655.177 245484.637, 3148657.859 245504.395)	76	181	0	2104	false	2954	None
LINESTRING (3148657.859 245504.395, 3148658.167 245514.407)	76	181	0	2105	false	2954	None
LINESTRING (3148658.167 245514.407, 3148657.674 245524.464)	76	181	0	2106	false	2954	None
LINESTRING (3148657.674 245524.464, 3148654.018 245544.131)	76	181	0	2107	false	2954	None
LINESTRING (3148654.018 245544.131, 3148648.749 245563.407)	76	181	0	2108	false	2954	None
LINESTRING (3148648.749 245563.407, 3148644.691 245572.549)	76	181	0	2109	false	2954	None
LINESTRING (3148644.691 245572.549, 3148639.267 245580.92)	76	181	0	2110	false	2954	None
LINESTRING (3148639.267 245580.92, 3148632.687 245588.482)	76	181	0	2111	false	2954	None
LINESTRING (3148632.687 245588.482, 3148620.299 245604.145)	76	181	0	2112	false	2954	None
LINESTRING (3148620.299 245604.145, 3148596.937 245636.619)	76	181	0	2113	false	2954	None
LINESTRING (3148596.937 245636.619, 3148591.427 245644.957)	76	181	0	2114	false	2954	None
LINESTRING (3148591.427 245644.957, 3148586.518 245653.767)	76	181	0	2115	false	2954	None
LINESTRING (3148586.518 245653.767, 3148582.16 245662.672)	76	181	0	2116	false	2954	None
LINESTRING (3148582.16 245662.672, 3148578.357 245671.914)	76	181	0	2117	false	2954	None
LINESTRING (3148578.357 245671.914, 3148566.011 245699.273)	76	181	0	2118	false	2954	None
LINESTRING (3148566.011 245699.273, 3148561.102 245708.083)	76	181	0	2119	false	2954	None
LINESTRING (3148561.102 245708.083, 3148557.554 245717.424)	76	181	0	2120	false	2954	None
LINESTRING (3148557.554 245717.424, 3148555.238 245727.127)	76	181	0	2121	false	2954	None
LINESTRING (3148555.238 245727.127, 3148554.319 245737.018)	76	181	0	2122	false	2954	None
LINESTRING (3148554.319 245737.018, 3148556.607 245746.73)	76	181	0	2123	false	2954	None
LINESTRING (3148556.607 245746.73, 3148562.247 245754.89)	76	181	0	2124	false	2954	None
LINESTRING (3148562.247 245754.89, 3148569.553 245761.794)	76	181	0	2125	false	2954	None
LINESTRING (3148569.553 245761.794, 3148578.052 245766.898)	76	181	0	2126	false	2954	None
LINESTRING (3148578.052 245766.898, 3148587.685 245769.347)	76	181	0	2127	false	2954	None
LINESTRING (3148587.685 245769.347, 3148597.59 245768.088)	76	181	0	2128	false	2954	None
LINESTRING (3148597.59 245768.088, 3148607.302 245765.563)	76	181	0	2129	false	2954	None
LINESTRING (3148607.302 245765.563, 3148616.611 245761.807)	76	181	0	2130	false	2954	None
LINESTRING (3148616.611 245761.807, 3148675.837 245724.62)	76	181	0	2131	false	2954	None
LINESTRING (3148675.837 245724.62, 3148693.315 245714.757)	76	181	0	2132	false	2954	None
LINESTRING (3148693.315 245714.757, 3148711.586 245706.634)	76	181	0	2133	false	2954	None
LINESTRING (3148711.586 245706.634, 3148720.944 245703.255)	76	181	0	2134	false	2954	None
LINESTRING (3148720.944 245703.255, 3148730.567 245700.457)	76	181	0	2135	false	2954	None
LINESTRING (3148730.567 245700.457, 3148740.329 245698.308)	76	181	0	2136	false	2954	None
LINESTRING (3148740.329 245698.308, 3148750.188 245696.912)	76	181	0	2137	false	2954	None
LINESTRING (3148750.188 245696.912, 3148760.19 245696.407)	76	181	0	2138	false	2954	None
LINESTRING (3148760.19 245696.407, 3148770.165 245696.725)	76	181	0	2139	false	2954	None
LINESTRING (3148770.165 245696.725, 3148780.077 245698.21)	76	181	0	2140	false	2954	None
LINESTRING (3148780.077 245698.21, 3148789.787 245700.213)	76	181	0	2141	false	2954	None
LINESTRING (3148789.787 245700.213, 3148809.063 245705.591)	76	181	0	2142	false	2954	None
LINESTRING (3148809.063 245705.591, 3148827.697 245712.865)	76	181	0	2143	false	2954	None
LINESTRING (3148827.697 245712.865, 3148845.64 245721.657)	76	181	0	2144	false	2954	None
LINESTRING (3148845.64 245721.657, 3148871.881 245736.07)	76	181	0	2145	false	2954	None
LINESTRING (3148871.881 245736.07, 3148905.969 245757.004)	76	181	0	2146	false	2954	None
LINESTRING (3148905.969 245757.004, 3148939.233 245779.046)	76	181	0	2147	false	2954	None
LINESTRING (3148939.233 245779.046, 3148955.002 245791.399)	76	181	0	2148	false	2954	None
LINESTRING (3148955.002 245791.399, 3148969.485 245805.037)	76	181	0	2149	false	2954	None
LINESTRING (3148969.485 245805.037, 3148975.46 245813.091)	76	181	0	2150	false	2954	None
LINESTRING (3148975.46 245813.091, 3148983.749 245832.296)	76	181	0	2151	false	2954	None
LINESTRING (3148983.749 245832.296, 3148985.026 245839.826)	76	181	0	2152	false	2954	None
LINESTRING (3148985.026 245839.826, 3148988.701 245874.87)	76	181	0	2153	false	2954	None
LINESTRING (3148988.701 245874.87, 3148990.451 245885.206)	76	181	0	2154	false	2954	None
LINESTRING (3148990.451 245885.206, 3148993.19 245896.525)	76	181	0	2155	false	2954	None
LINESTRING (3148993.19 245896.525, 3148995.434 245913.133)	76	181	0	2156	false	2954	None
LINESTRING (3148995.434 245913.133, 3148995.66 245925.615)	76	181	0	2157	false	2954	None
LINESTRING (3148995.66 245925.615, 3148992.41 245991.207)	76	181	0	2158	false	2954	None
LINESTRING (3148992.41 245991.207, 3148986.638 246020.059)	76	181	0	2159	false	2954	None
LINESTRING (3148986.638 246020.059, 3148981.772 246038.301)	76	181	0	2160	false	2954	None
LINESTRING (3148981.772 246038.301, 3148978.632 246053.88)	76	181	0	2161	false	2954	None
LINESTRING (3148978.632 246053.88, 3148978.399 246054.98)	76	181	0	2162	false	2954	None
LINESTRING (3148978.399 246054.98, 3148976.8 246076.405)	76	181	0	2163	false	2954	None
LINESTRING (3148976.8 246076.405, 3148976.636 246097.674)	76	181	0	2164	false	2954	None
LINESTRING (3148976.636 246097.674, 3148973.719 246130.263)	76	181	0	2165	false	2954	None
LINESTRING (3148973.719 246130.263, 3148974.546 246140.955)	76	181	0	2166	false	2954	None
LINESTRING (3148974.546 246140.955, 3148977.965 246152.539)	76	181	0	2167	false	2954	None
LINESTRING (3148977.965 246152.539, 3148983.021 246161.187)	76	181	0	2168	false	2954	None
LINESTRING (3148983.021 246161.187, 3148988.49 246176.312)	76	181	0	2169	false	2954	None
LINESTRING (3148988.49 246176.312, 3148998.496 246192.375)	76	181	0	2170	false	2954	None
LINESTRING (3148998.496 246192.375, 3149011.989 246226.126)	76	181	0	2171	false	2954	None
LINESTRING (3149011.989 246226.126, 3149016.629 246249.152)	76	181	0	2172	false	2954	None
LINESTRING (3149016.629 246249.152, 3149017.413 246271.506)	76	181	0	2173	false	2954	None
LINESTRING (3149017.413 246271.506, 3149019.186 246294.843)	76	181	0	2174	false	2954	None
LINESTRING (3149019.186 246294.843, 3149019.511 246312.847)	76	181	0	2175	false	2954	None
LINESTRING (3149019.511 246312.847, 3149014.903 246340.724)	76	181	0	2176	false	2954	None
LINESTRING (3149014.903 246340.724, 3149008.622 246357.818)	76	181	0	2177	false	2954	None
LINESTRING (3149008.622 246357.818, 3148997.192 246379.814)	76	181	0	2178	false	2954	None
LINESTRING (3148997.192 246379.814, 3148985.46 246396.805)	76	181	0	2179	false	2954	None
LINESTRING (3148985.46 246396.805, 3148973.819 246411.807)	76	181	0	2180	false	2954	None
LINESTRING (3148973.819 246411.807, 3148958.525 246430.387)	76	181	0	2181	false	2954	None
LINESTRING (3148958.525 246430.387, 3148937.421 246452.301)	76	181	0	2182	false	2954	None
LINESTRING (3148937.421 246452.301, 3148932.736 246459.53)	76	181	0	2183	false	2954	None
LINESTRING (3148932.736 246459.53, 3148930.231 246468.206)	76	181	0	2184	false	2954	None
LINESTRING (3148930.231 246468.206, 3148928.276 246479.242)	76	181	0	2185	false	2954	None
LINESTRING (3148928.276 246479.242, 3148928.339 246494.402)	76	181	0	2186	false	2954	None
LINESTRING (3148928.339 246494.402, 3148929.997 246506.729)	76	181	0	2187	false	2954	None
LINESTRING (3148929.997 246506.729, 3148926.76 246519.291)	76	181	0	2188	false	2954	None
LINESTRING (3148926.76 246519.291, 3148921.585 246529.784)	76	181	0	2189	false	2954	None
LINESTRING (3148921.585 246529.784, 3148908.713 246544.424)	76	181	0	2190	false	2954	None
LINESTRING (3148908.713 246544.424, 3148892.772 246559.892)	76	181	0	2191	false	2954	None
LINESTRING (3148892.772 246559.892, 3148875.862 246577.842)	76	181	0	2192	false	2954	None
LINESTRING (3148875.862 246577.842, 3148862.993 246602.017)	76	181	0	2193	false	2954	None
LINESTRING (3148862.993 246602.017, 3148852.558 246622.972)	76	181	0	2194	false	2954	None
LINESTRING (3148852.558 246622.972, 3148847.109 246641.701)	76	181	0	2195	false	2954	None
LINESTRING (3148847.109 246641.701, 3148844.952 246660.286)	76	181	0	2196	false	2954	None
LINESTRING (3148844.952 246660.286, 3148844.43 246664.134)	76	181	0	2197	false	2954	None
LINESTRING (3148844.43 246664.134, 3148844.017 246688.047)	76	181	0	2198	false	2954	None
LINESTRING (3148844.017 246688.047, 3148848.399 246706.205)	76	181	0	2199	false	2954	None
LINESTRING (3148848.399 246706.205, 3148856.284 246724.181)	76	181	0	2200	false	2954	None
LINESTRING (3148856.284 246724.181, 3148867.873 246741.458)	76	181	0	2201	false	2954	None
LINESTRING (3148867.873 246741.458, 3148878.283 246754.222)	76	181	0	2202	false	2954	None
LINESTRING (3148878.283 246754.222, 3148912.469 246783.181)	76	181	0	2203	false	2954	None
LINESTRING (3148912.469 246783.181, 3148924.548 246797.192)	76	181	0	2204	false	2954	None
LINESTRING (3148924.548 246797.192, 3148928.982 246811.199)	76	181	0	2205	false	2954	None
LINESTRING (3148928.982 246811.199, 3148924.16 246822.546)	76	181	0	2206	false	2954	None
LINESTRING (3148924.16 246822.546, 3148913.174 246829.341)	76	181	0	2207	false	2954	None
LINESTRING (3148913.174 246829.341, 3148906.338 246832.035)	76	181	0	2208	false	2954	None
LINESTRING (3148906.338 246832.035, 3148883.118 246835.007)	76	181	0	2209	false	2954	None
LINESTRING (3148883.118 246835.007, 3148871.169 246835.229)	76	181	0	2210	false	2954	None
LINESTRING (3148871.169 246835.229, 3148856.967 246834.69)	76	181	0	2211	false	2954	None
LINESTRING (3148856.967 246834.69, 3148839.43 246831.896)	76	181	0	2212	false	2954	None
LINESTRING (3148839.43 246831.896, 3148825.877 246832.207)	76	181	0	2213	false	2954	None
LINESTRING (3148825.877 246832.207, 3148809.525 246831.901)	76	181	0	2214	false	2954	None
LINESTRING (3148809.525 246831.901, 3148795.209 246834.417)	76	181	0	2215	false	2954	None
LINESTRING (3148795.209 246834.417, 3148782.442 246838.491)	76	181	0	2216	false	2954	None
LINESTRING (3148782.442 246838.491, 3148764.649 246844.893)	76	181	0	2217	false	2954	None
LINESTRING (3148764.649 246844.893, 3148751.203 246853.469)	76	181	0	2218	false	2954	None
LINESTRING (3148751.203 246853.469, 3148741.132 246864.197)	76	181	0	2219	false	2954	None
LINESTRING (3148741.132 246864.197, 3148731.11 246877.565)	76	181	0	2220	false	2954	None
LINESTRING (3148731.11 246877.565, 3148724.088 246891.033)	76	181	0	2221	false	2954	None
LINESTRING (3148724.088 246891.033, 3148720.291 246903.018)	76	181	0	2222	false	2954	None
LINESTRING (3148720.291 246903.018, 3148718.735 246912.78)	76	181	0	2223	false	2954	None
LINESTRING (3148718.735 246912.78, 3148720.075 246926.174)	76	181	0	2224	false	2954	None
LINESTRING (3148720.075 246926.174, 3148723.465 246940.846)	76	181	0	2225	false	2954	None
LINESTRING (3148723.465 246940.846, 3148727.596 246952.112)	76	181	0	2226	false	2954	None
LINESTRING (3148727.596 246952.112, 3148751.958 246991.418)	76	181	0	2227	false	2954	None
LINESTRING (3148751.958 246991.418, 3148759.614 247001.439)	76	181	0	2228	false	2954	None
LINESTRING (3148759.614 247001.439, 3148767.539 247019.311)	76	181	0	2229	false	2954	None
LINESTRING (3148767.539 247019.311, 3148775.471 247046.959)	76	181	0	2230	false	2954	None
LINESTRING (3148775.471 247046.959, 3148782.35 247074.792)	76	181	0	2231	false	2954	None
LINESTRING (3148782.35 247074.792, 3148786.756 247103.686)	76	181	0	2232	false	2954	None
LINESTRING (3148786.756 247103.686, 3148790.282 247123.535)	76	181	0	2233	false	2954	None
LINESTRING (3148790.282 247123.535, 3148791.54 247144.168)	76	181	0	2234	false	2954	None
LINESTRING (3148791.54 247144.168, 3148795.697 247170.938)	76	181	0	2235	false	2954	None
LINESTRING (3148795.697 247170.938, 3148798.364 247201.775)	76	181	0	2236	false	2954	None
LINESTRING (3148798.364 247201.775, 3148798.631 247230.722)	76	181	0	2237	false	2954	None
LINESTRING (3148798.631 247230.722, 3148800.018 247246.757)	76	181	0	2238	false	2954	None
LINESTRING (3148800.018 247246.757, 3148802.16 247257.843)	76	181	0	2239	false	2954	None
LINESTRING (3148802.16 247257.843, 3148804.989 247267.171)	76	181	0	2240	false	2954	None
LINESTRING (3148804.989 247267.171, 3148810.906 247279.135)	76	181	0	2241	false	2954	None
LINESTRING (3148810.906 247279.135, 3148822.382 247297.202)	76	181	0	2242	false	2954	None
LINESTRING (3148822.382 247297.202, 3148830.584 247314.11)	76	181	0	2243	false	2954	None
LINESTRING (3148830.584 247314.11, 3148844.241 247357.223)	76	181	0	2244	false	2954	None
LINESTRING (3148844.241 247357.223, 3148851.915 247394.067)	76	181	0	2245	false	2954	None
LINESTRING (3148851.915 247394.067, 3148855.099 247413.783)	76	181	0	2246	false	2954	None
LINESTRING (3148855.099 247413.783, 3148855.286 247428.873)	76	181	0	2247	false	2954	None
LINESTRING (3148855.286 247428.873, 3148853.568 247439.049)	76	181	0	2248	false	2954	None
LINESTRING (3148853.568 247439.049, 3148849.584 247450.007)	76	181	0	2249	false	2954	None
LINESTRING (3148849.584 247450.007, 3148822.567 247507.155)	76	181	0	2250	false	2954	None
LINESTRING (3148822.567 247507.155, 3148814.818 247534.283)	76	181	0	2251	false	2954	None
LINESTRING (3148814.818 247534.283, 3148812.459 247546.353)	76	181	0	2252	false	2954	None
LINESTRING (3148812.459 247546.353, 3148813.416 247554.95)	76	181	0	2253	false	2954	None
LINESTRING (3148813.416 247554.95, 3148817.344 247566.734)	76	181	0	2254	false	2954	None
LINESTRING (3148817.344 247566.734, 3148827.061 247581.016)	76	181	0	2255	false	2954	None
LINESTRING (3148827.061 247581.016, 3148833.353 247588.001)	76	181	0	2256	false	2954	None
LINESTRING (3148833.353 247588.001, 3148843.287 247593.191)	76	181	0	2257	false	2954	None
LINESTRING (3148843.287 247593.191, 3148857.312 247595.687)	76	181	0	2258	false	2954	None
LINESTRING (3148857.312 247595.687, 3148870.049 247594.701)	76	181	0	2259	false	2954	None
LINESTRING (3148870.049 247594.701, 3148882.053 247592.832)	76	181	0	2260	false	2954	None
LINESTRING (3148882.053 247592.832, 3148933.761 247586.443)	76	181	0	2261	false	2954	None
LINESTRING (3148933.761 247586.443, 3148959.702 247584.534)	76	181	0	2262	false	2954	None
LINESTRING (3148959.702 247584.534, 3148984.663 247586.89)	76	181	0	2263	false	2954	None
LINESTRING (3148984.663 247586.89, 3149013.185 247594.69)	76	181	0	2264	false	2954	None
LINESTRING (3149013.185 247594.69, 3149062.813 247611.206)	76	181	0	2265	false	2954	None
LINESTRING (3149062.813 247611.206, 3149084.196 247618.96)	76	181	0	2266	false	2954	None
LINESTRING (3149084.196 247618.96, 3149105 247629.705)	76	181	0	2267	false	2954	None
LINESTRING (3149105 247629.705, 3149116.732 247638.576)	76	181	0	2268	false	2954	None
LINESTRING (3149116.732 247638.576, 3149125.686 247648.032)	76	181	0	2269	false	2954	None
LINESTRING (3149125.686 247648.032, 3149131.867 247660.576)	76	181	0	2270	false	2954	None
LINESTRING (3149131.867 247660.576, 3149128.116 247675.202)	76	181	0	2271	false	2954	None
LINESTRING (3149128.116 247675.202, 3149122.55 247680.418)	76	181	0	2272	false	2954	None
LINESTRING (3149122.55 247680.418, 3149115.345 247686.066)	76	181	0	2273	false	2954	None
LINESTRING (3149115.345 247686.066, 3149092.247 247695.76)	76	181	0	2274	false	2954	None
LINESTRING (3149092.247 247695.76, 3149063.541 247701.237)	76	181	0	2275	false	2954	None
LINESTRING (3149063.541 247701.237, 3149024.977 247701.077)	76	181	0	2276	false	2954	None
LINESTRING (3149024.977 247701.077, 3148989.285 247705.615)	76	181	0	2277	false	2954	None
LINESTRING (3148989.285 247705.615, 3148973.818 247709.826)	76	181	0	2278	false	2954	None
LINESTRING (3148973.818 247709.826, 3148955.864 247716.641)	76	181	0	2279	false	2954	None
LINESTRING (3148955.864 247716.641, 3148950.806 247719.553)	76	181	0	2280	false	2954	None
LINESTRING (3148950.806 247719.553, 3148940.94 247725.235)	76	181	0	2281	false	2954	None
LINESTRING (3148940.94 247725.235, 3148926.995 247736.596)	76	181	0	2282	false	2954	None
LINESTRING (3148926.995 247736.596, 3148911.649 247747.528)	76	181	0	2283	false	2954	None
LINESTRING (3148911.649 247747.528, 3148902.427 247756.084)	76	181	0	2284	false	2954	None
LINESTRING (3148902.427 247756.084, 3148895.734 247764.436)	76	181	0	2285	false	2954	None
LINESTRING (3148895.734 247764.436, 3148884.732 247782.07)	76	181	0	2286	false	2954	None
LINESTRING (3148884.732 247782.07, 3148869.709 247803.975)	76	181	0	2287	false	2954	None
LINESTRING (3148869.709 247803.975, 3148852.851 247831.837)	76	181	0	2288	false	2954	None
LINESTRING (3148852.851 247831.837, 3148849.646 247841.55)	76	181	0	2289	false	2954	None
LINESTRING (3148849.646 247841.55, 3148849.462 247854.827)	76	181	0	2290	false	2954	None
LINESTRING (3148849.462 247854.827, 3148855.493 247863.737)	76	181	0	2291	false	2954	None
LINESTRING (3148855.493 247863.737, 3148866.028 247867.135)	76	181	0	2292	false	2954	None
LINESTRING (3148866.028 247867.135, 3148875.239 247867.395)	76	181	0	2293	false	2954	None
LINESTRING (3148875.239 247867.395, 3148916.485 247861.688)	76	181	0	2294	false	2954	None
LINESTRING (3148916.485 247861.688, 3148931.697 247862.145)	76	181	0	2295	false	2954	None
LINESTRING (3148931.697 247862.145, 3148953.235 247859.709)	76	181	0	2296	false	2954	None
LINESTRING (3148953.235 247859.709, 3148975.301 247858.432)	76	181	0	2297	false	2954	None
LINESTRING (3148975.301 247858.432, 3149017.811 247862.04)	76	181	0	2298	false	2954	None
LINESTRING (3149017.811 247862.04, 3149031.634 247865.053)	76	181	0	2299	false	2954	None
LINESTRING (3149031.634 247865.053, 3149044.693 247870.272)	76	181	0	2300	false	2954	None
LINESTRING (3149044.693 247870.272, 3149056.252 247876.573)	76	181	0	2301	false	2954	None
LINESTRING (3149056.252 247876.573, 3149064.883 247886.856)	76	181	0	2302	false	2954	None
LINESTRING (3149064.883 247886.856, 3149069.383 247899.935)	76	181	0	2303	false	2954	None
LINESTRING (3149069.383 247899.935, 3149072.313 247910.257)	76	181	0	2304	false	2954	None
LINESTRING (3149072.313 247910.257, 3149071.88 247921.41)	76	181	0	2305	false	2954	None
LINESTRING (3149071.88 247921.41, 3149068.367 247935.175)	76	181	0	2306	false	2954	None
LINESTRING (3149068.367 247935.175, 3149061.617 247949.702)	76	181	0	2307	false	2954	None
LINESTRING (3149061.617 247949.702, 3149053.643 247964.347)	76	181	0	2308	false	2954	None
LINESTRING (3149053.643 247964.347, 3149029.039 248000.746)	76	181	0	2309	false	2954	None
LINESTRING (3149029.039 248000.746, 3149019.966 248012.935)	76	181	0	2310	false	2954	None
LINESTRING (3149019.966 248012.935, 3149009.47 248023.497)	76	181	0	2311	false	2954	None
LINESTRING (3149009.47 248023.497, 3148998.247 248035.92)	76	181	0	2312	false	2954	None
LINESTRING (3148998.247 248035.92, 3148991.702 248045.402)	76	181	0	2313	false	2954	None
LINESTRING (3148991.702 248045.402, 3148985.629 248057.691)	76	181	0	2314	false	2954	None
LINESTRING (3148985.629 248057.691, 3148980.661 248065.643)	76	181	0	2315	false	2954	None
LINESTRING (3148980.661 248065.643, 3148979.366 248073.48)	76	181	0	2316	false	2954	None
LINESTRING (3148979.366 248073.48, 3148979.046 248081.579)	76	181	0	2317	false	2954	None
LINESTRING (3148979.046 248081.579, 3148981.877 248093.411)	76	181	0	2318	false	2954	None
LINESTRING (3148981.877 248093.411, 3148987.749 248110.006)	76	181	0	2319	false	2954	None
LINESTRING (3148987.749 248110.006, 3148995.532 248115.429)	76	181	0	2320	false	2954	None
LINESTRING (3148995.532 248115.429, 3149005.055 248118.909)	76	181	0	2321	false	2954	None
LINESTRING (3149005.055 248118.909, 3149018.243 248119.53)	76	181	0	2322	false	2954	None
LINESTRING (3149018.243 248119.53, 3149036.317 248119.436)	76	181	0	2323	false	2954	None
LINESTRING (3149036.317 248119.436, 3149051.057 248117.087)	76	181	0	2324	false	2954	None
LINESTRING (3149051.057 248117.087, 3149092.672 248113.195)	76	181	0	2325	false	2954	None
LINESTRING (3149092.672 248113.195, 3149115.673 248112.284)	76	181	0	2326	false	2954	None
LINESTRING (3149115.673 248112.284, 3149154.404 248107.742)	76	181	0	2327	false	2954	None
LINESTRING (3149154.404 248107.742, 3149175.007 248104.941)	76	181	0	2328	false	2954	None
LINESTRING (3149175.007 248104.941, 3149200.51 248099.883)	76	181	0	2329	false	2954	None
LINESTRING (3149200.51 248099.883, 3149234.444 248091.561)	76	181	0	2330	false	2954	None
LINESTRING (3149234.444 248091.561, 3149261.693 248087.303)	76	181	0	2331	false	2954	None
LINESTRING (3149261.693 248087.303, 3149282.787 248086.006)	76	181	0	2332	false	2954	None
LINESTRING (3149282.787 248086.006, 3149299.892 248088.395)	76	181	0	2333	false	2954	None
LINESTRING (3149299.892 248088.395, 3149311.175 248091.132)	76	181	0	2334	false	2954	None
LINESTRING (3149311.175 248091.132, 3149319.586 248096.205)	76	181	0	2335	false	2954	None
LINESTRING (3149319.586 248096.205, 3149328.733 248104.663)	76	181	0	2336	false	2954	None
LINESTRING (3149328.733 248104.663, 3149332.477 248115.66)	76	181	0	2337	false	2954	None
LINESTRING (3149332.477 248115.66, 3149328.544 248129.499)	76	181	0	2338	false	2954	None
LINESTRING (3149328.544 248129.499, 3149316.922 248140.932)	76	181	0	2339	false	2954	None
LINESTRING (3149316.922 248140.932, 3149301.947 248146.645)	76	181	0	2340	false	2954	None
LINESTRING (3149301.947 248146.645, 3149282.049 248153.416)	76	181	0	2341	false	2954	None
LINESTRING (3149282.049 248153.416, 3149268.21 248161.241)	76	181	0	2342	false	2954	None
LINESTRING (3149268.21 248161.241, 3149260.605 248168.164)	76	181	0	2343	false	2954	None
LINESTRING (3149260.605 248168.164, 3149255.813 248174.159)	76	181	0	2344	false	2954	None
LINESTRING (3149255.813 248174.159, 3149254.019 248189.549)	76	181	0	2345	false	2954	None
LINESTRING (3149254.019 248189.549, 3149258.166 248206.543)	76	181	0	2346	false	2954	None
LINESTRING (3149258.166 248206.543, 3149258.518 248214.428)	76	181	0	2347	false	2954	None
LINESTRING (3149258.518 248214.428, 3149256.674 248224.673)	76	181	0	2348	false	2954	None
LINESTRING (3149256.674 248224.673, 3149246.571 248252.551)	76	181	0	2349	false	2954	None
LINESTRING (3149246.571 248252.551, 3149242.984 248269.267)	76	181	0	2350	false	2954	None
LINESTRING (3149242.984 248269.267, 3149245.673 248277.945)	76	181	0	2351	false	2954	None
LINESTRING (3149245.673 248277.945, 3149246.98 248284.891)	76	181	0	2352	false	2954	None
LINESTRING (3149246.98 248284.891, 3149251.578 248291.693)	76	181	0	2353	false	2954	None
LINESTRING (3149251.578 248291.693, 3149257.383 248302.184)	76	181	0	2354	false	2954	None
LINESTRING (3149257.383 248302.184, 3149266.221 248309.926)	76	181	0	2355	false	2954	None
LINESTRING (3149266.221 248309.926, 3149279.18 248316.655)	76	181	0	2356	false	2954	None
LINESTRING (3149279.18 248316.655, 3149287.924 248319.116)	76	181	0	2357	false	2954	None
LINESTRING (3149287.924 248319.116, 3149308.674 248322.214)	76	181	0	2358	false	2954	None
LINESTRING (3149308.674 248322.214, 3149319.019 248322.082)	76	181	0	2359	false	2954	None
LINESTRING (3149319.019 248322.082, 3149333.771 248320.453)	76	181	0	2360	false	2954	None
LINESTRING (3149333.771 248320.453, 3149353.27 248319.725)	76	181	0	2361	false	2954	None
LINESTRING (3149353.27 248319.725, 3149408.456 248323.756)	76	181	0	2362	false	2954	None
LINESTRING (3149408.456 248323.756, 3149444.644 248330.499)	76	181	0	2363	false	2954	None
LINESTRING (3149444.644 248330.499, 3149483.645 248336.315)	76	181	0	2364	false	2954	None
LINESTRING (3149483.645 248336.315, 3149497.139 248339.916)	76	181	0	2365	false	2954	None
LINESTRING (3149497.139 248339.916, 3149514.94 248345.795)	76	181	0	2366	false	2954	None
LINESTRING (3149514.94 248345.795, 3149524.137 248352.367)	76	181	0	2367	false	2954	None
LINESTRING (3149524.137 248352.367, 3149528.886 248360.539)	76	181	0	2368	false	2954	None
LINESTRING (3149528.886 248360.539, 3149531.097 248368.434)	76	181	0	2369	false	2954	None
LINESTRING (3149531.097 248368.434, 3149531.6 248377.689)	76	181	0	2370	false	2954	None
LINESTRING (3149531.6 248377.689, 3149528.341 248386.786)	76	181	0	2371	false	2954	None
LINESTRING (3149528.341 248386.786, 3149520.942 248398.199)	76	181	0	2372	false	2954	None
LINESTRING (3149520.942 248398.199, 3149508.748 248420.135)	76	181	0	2373	false	2954	None
LINESTRING (3149508.748 248420.135, 3149502.351 248428.483)	76	181	0	2374	false	2954	None
LINESTRING (3149502.351 248428.483, 3149496.987 248437.949)	76	181	0	2375	false	2954	None
LINESTRING (3149496.987 248437.949, 3149487.199 248452.72)	76	181	0	2376	false	2954	None
LINESTRING (3149487.199 248452.72, 3149477.579 248465.053)	76	181	0	2377	false	2954	None
LINESTRING (3149477.579 248465.053, 3149467.852 248476.153)	76	181	0	2378	false	2954	None
LINESTRING (3149467.852 248476.153, 3149433.287 248522.487)	76	181	0	2379	false	2954	None
LINESTRING (3149433.287 248522.487, 3149420.257 248542.547)	76	181	0	2380	false	2954	None
LINESTRING (3149420.257 248542.547, 3149411.777 248557.233)	76	181	0	2381	false	2954	None
LINESTRING (3149411.777 248557.233, 3149404.509 248573.584)	76	181	0	2382	false	2954	None
LINESTRING (3149404.509 248573.584, 3149392.714 248606.045)	76	181	0	2383	false	2954	N:3149400.7834790675 248583.837
LINESTRING (3154544.693 248596.57, 3154586.587 248540.119)	76	181	0	2781	false	2954	N:3154554.142545659 248583.837
LINESTRING (3154586.587 248540.119, 3154608.512 248484.321)	76	181	0	2782	false	2954	None
LINESTRING (3154608.512 248484.321, 3154606.975 248422.563)	76	181	0	2783	false	2954	None
LINESTRING (3154606.975 248422.563, 3154587.354 248362.911)	76	181	0	2784	false	2954	None
LINESTRING (3154587.354 248362.911, 3154599.392 248297.285)	76	181	0	2785	false	2954	None
LINESTRING (3154599.392 248297.285, 3154574.807 248241.294)	76	181	0	2786	false	2954	None
LINESTRING (3154574.807 248241.294, 3154571.786 248225.449)	76	181	0	2787	false	2954	None
LINESTRING (3154571.786 248225.449, 3154569.456 248208.087)	76	181	0	2788	false	2954	None
LINESTRING (3154569.456 248208.087, 3154586.744 248184.45)	76	181	0	2789	false	2954	None
LINESTRING (3154586.744 248184.45, 3154616.444 248167.695)	76	181	0	2790	false	2954	None
LINESTRING (3154616.444 248167.695, 3154650.353 248152.468)	76	181	0	2791	false	2954	None
LINESTRING (3154650.353 248152.468, 3154695.445 248092.857)	76	181	0	2792	false	2954	None
LINESTRING (3154695.445 248092.857, 3154744.578 248112.673)	76	181	0	2793	false	2954	None
LINESTRING (3154744.578 248112.673, 3154761.734 248105.675)	76	181	0	2794	false	2954	None
LINESTRING (3154761.734 248105.675, 3154772.382 248093.747)	76	181	0	2795	false	2954	None
LINESTRING (3154772.382 248093.747, 3154781.676 248076.758)	76	181	0	2796	false	2954	None
LINESTRING (3154781.676 248076.758, 3154781.378 248047.434)	76	181	0	2797	false	2954	None
LINESTRING (3154781.378 248047.434, 3154743.247 247972.912)	76	181	0	2798	false	2954	None
LINESTRING (3154743.247 247972.912, 3154719.037 247902.167)	76	181	0	2799	false	2954	None
LINESTRING (3154719.037 247902.167, 3154717.702 247891.035)	76	181	0	2800	false	2954	None
LINESTRING (3154717.702 247891.035, 3154716.731 247883.74)	76	181	0	2801	false	2954	None
LINESTRING (3154716.731 247883.74, 3154721.786 247863.545)	76	181	0	2802	false	2954	None
LINESTRING (3154721.786 247863.545, 3154743.281 247836.427)	76	181	0	2803	false	2954	None
LINESTRING (3154743.281 247836.427, 3154820.002 247822.331)	76	181	0	2804	false	2954	None
LINESTRING (3154820.002 247822.331, 3154878.359 247818.574)	76	181	0	2805	false	2954	None
LINESTRING (3154878.359 247818.574, 3154828.237 247732.328)	76	181	0	2806	false	2954	None
LINESTRING (3154828.237 247732.328, 3154816.005 247723.729)	76	181	0	2807	false	2954	None
LINESTRING (3154816.005 247723.729, 3154796.194 247687.368)	76	181	0	2808	false	2954	None
LINESTRING (3154796.194 247687.368, 3154791.398 247581.778)	76	181	0	2809	false	2954	None
LINESTRING (3154791.398 247581.778, 3154786.152 247520.716)	76	181	0	2810	false	2954	None
LINESTRING (3154786.152 247520.716, 3154785.515 247459.908)	76	181	0	2811	false	2954	None
LINESTRING (3154785.515 247459.908, 3154786.8 247439.072)	76	181	0	2812	false	2954	None
LINESTRING (3154786.8 247439.072, 3154793.346 247412.306)	76	181	0	2813	false	2954	None
LINESTRING (3154793.346 247412.306, 3154804.763 247398.414)	76	181	0	2814	false	2954	None
LINESTRING (3154804.763 247398.414, 3154835.057 247333.253)	76	181	0	2815	false	2954	None
LINESTRING (3154835.057 247333.253, 3154853.539 247271.46)	76	181	0	2816	false	2954	None
LINESTRING (3154853.539 247271.46, 3154853.658 247166.839)	76	181	0	2817	false	2954	None
LINESTRING (3154853.658 247166.839, 3154859.93 247114.694)	76	181	0	2818	false	2954	None
LINESTRING (3154859.93 247114.694, 3154872.322 247050.161)	76	181	0	2819	false	2954	None
LINESTRING (3154872.322 247050.161, 3154892.981 247013.895)	76	181	0	2820	false	2954	None
LINESTRING (3154892.981 247013.895, 3154976.19 246911.258)	76	181	0	2821	false	2954	None
LINESTRING (3154976.19 246911.258, 3155005.933 246797.602)	76	181	0	2822	false	2954	None
LINESTRING (3155005.933 246797.602, 3155023.865 246730.944)	76	181	0	2823	false	2954	None
LINESTRING (3155023.865 246730.944, 3155061.305 246646.764)	76	181	0	2824	false	2954	None
LINESTRING (3155061.305 246646.764, 3155106.603 246591.645)	76	181	0	2825	false	2954	E:3155093.051 246608.13519135522
LINESTRING (3155106.603 246591.645, 3155061.305 246646.764)	76	186	0	867	false	4058	E:3155093.051 246608.13519135522
LINESTRING (3155061.305 246646.764, 3155023.865 246730.944)	76	186	0	868	false	4058	None
LINESTRING (3155023.865 246730.944, 3155005.933 246797.602)	76	186	0	869	false	4058	None
LINESTRING (3155005.933 246797.602, 3154976.19 246911.258)	76	186	0	870	false	4058	None
LINESTRING (3154976.19 246911.258, 3154892.981 247013.895)	76	186	0	871	false	4058	None
LINESTRING (3154892.981 247013.895, 3154872.322 247050.161)	76	186	0	872	false	4058	None
LINESTRING (3154872.322 247050.161, 3154859.93 247114.694)	76	186	0	873	false	4058	None
LINESTRING (3154859.93 247114.694, 3154853.658 247166.839)	76	186	0	874	false	4058	None
LINESTRING (3154853.658 247166.839, 3154853.539 247271.46)	76	186	0	875	false	4058	None
LINESTRING (3154853.539 247271.46, 3154835.057 247333.253)	76	186	0	876	false	4058	None
LINESTRING (3154835.057 247333.253, 3154804.763 247398.414)	76	186	0	877	false	4058	None
LINESTRING (3154804.763 247398.414, 3154793.346 247412.306)	76	186	0	878	false	4058	None
LINESTRING (3154793.346 247412.306, 3154786.8 247439.072)	76	186	0	879	false	4058	None
LINESTRING (3154786.8 247439.072, 3154785.515 247459.908)	76	186	0	880	false	4058	None
LINESTRING (3154785.515 247459.908, 3154786.152 247520.716)	76	186	0	881	false	4058	None
LINESTRING (3154786.152 247520.716, 3154791.398 247581.778)	76	186	0	882	false	4058	None
LINESTRING (3154791.398 247581.778, 3154796.194 247687.368)	76	186	0	883	false	4058	None
LINESTRING (3154796.194 247687.368, 3154816.005 247723.729)	76	186	0	884	false	4058	None
LINESTRING (3154816.005 247723.729, 3154828.237 247732.328)	76	186	0	885	false	4058	None
LINESTRING (3154828.237 247732.328, 3154878.359 247818.574)	76	186	0	886	false	4058	None
LINESTRING (3154878.359 247818.574, 3154820.002 247822.331)	76	186	0	887	false	4058	None
LINESTRING (3154820.002 247822.331, 3154743.281 247836.427)	76	186	0	888	false	4058	None
LINESTRING (3154743.281 247836.427, 3154721.786 247863.545)	76	186	0	889	false	4058	None
LINESTRING (3154721.786 247863.545, 3154716.731 247883.74)	76	186	0	890	false	4058	None
LINESTRING (3154716.731 247883.74, 3154717.702 247891.035)	76	186	0	891	false	4058	None
LINESTRING (3154717.702 247891.035, 3154719.037 247902.167)	76	186	0	892	false	4058	None
LINESTRING (3154719.037 247902.167, 3154743.247 247972.912)	76	186	0	893	false	4058	None
LINESTRING (3154743.247 247972.912, 3154781.378 248047.434)	76	186	0	894	false	4058	None
LINESTRING (3154781.378 248047.434, 3154781.676 248076.758)	76	186	0	895	false	4058	None
LINESTRING (3154781.676 248076.758, 3154772.382 248093.747)	76	186	0	896	false	4058	None
LINESTRING (3154772.382 248093.747, 3154761.734 248105.675)	76	186	0	897	false	4058	None
LINESTRING (3154761.734 248105.675, 3154744.578 248112.673)	76	186	0	898	false	4058	None
LINESTRING (3154744.578 248112.673, 3154695.445 248092.857)	76	186	0	899	false	4058	None
LINESTRING (3154695.445 248092.857, 3154650.353 248152.468)	76	186	0	900	false	4058	None
LINESTRING (3154650.353 248152.468, 3154616.444 248167.695)	76	186	0	901	false	4058	None
LINESTRING (3154616.444 248167.695, 3154586.744 248184.45)	76	186	0	902	false	4058	None
LINESTRING (3154586.744 248184.45, 3154569.456 248208.087)	76	186	0	903	false	4058	None
LINESTRING (3154569.456 248208.087, 3154571.786 248225.449)	76	186	0	904	false	4058	None
LINESTRING (3154571.786 248225.449, 3154574.807 248241.294)	76	186	0	905	false	4058	None
LINESTRING (3154574.807 248241.294, 3154599.392 248297.285)	76	186	0	906	false	4058	None
LINESTRING (3154599.392 248297.285, 3154587.354 248362.911)	76	186	0	907	false	4058	None
LINESTRING (3154587.354 248362.911, 3154606.975 248422.563)	76	186	0	908	false	4058	None
LINESTRING (3154606.975 248422.563, 3154608.512 248484.321)	76	186	0	909	false	4058	None
LINESTRING (3154608.512 248484.321, 3154586.587 248540.119)	76	186	0	910	false	4058	None
LINESTRING (3154586.587 248540.119, 3154544.693 248596.57)	76	186	0	911	false	4058	N:3154554.142545659 248583.837
LINESTRING (3149392.714 248606.045, 3149404.509 248573.584)	76	186	0	1309	false	4058	N:3149400.7834790675 248583.837
LINESTRING (3149404.509 248573.584, 3149411.777 248557.233)	76	186	0	1310	false	4058	None
LINESTRING (3149411.777 248557.233, 3149420.257 248542.547)	76	186	0	1311	false	4058	None
LINESTRING (3149420.257 248542.547, 3149433.287 248522.487)	76	186	0	1312	false	4058	None
LINESTRING (3149433.287 248522.487, 3149467.852 248476.153)	76	186	0	1313	false	4058	None
LINESTRING (3149467.852 248476.153, 3149477.579 248465.053)	76	186	0	1314	false	4058	None
LINESTRING (3149477.579 248465.053, 3149487.199 248452.72)	76	186	0	1315	false	4058	None
LINESTRING (3149487.199 248452.72, 3149496.987 248437.949)	76	186	0	1316	false	4058	None
LINESTRING (3149496.987 248437.949, 3149502.351 248428.483)	76	186	0	1317	false	4058	None
LINESTRING (3149502.351 248428.483, 3149508.748 248420.135)	76	186	0	1318	false	4058	None
LINESTRING (3149508.748 248420.135, 3149520.942 248398.199)	76	186	0	1319	false	4058	None
LINESTRING (3149520.942 248398.199, 3149528.341 248386.786)	76	186	0	1320	false	4058	None
LINESTRING (3149528.341 248386.786, 3149531.6 248377.689)	76	186	0	1321	false	4058	None
LINESTRING (3149531.6 248377.689, 3149531.097 248368.434)	76	186	0	1322	false	4058	None
LINESTRING (3149531.097 248368.434, 3149528.886 248360.539)	76	186	0	1323	false	4058	None
LINESTRING (3149528.886 248360.539, 3149524.137 248352.367)	76	186	0	1324	false	4058	None
LINESTRING (3149524.137 248352.367, 3149514.94 248345.795)	76	186	0	1325	false	4058	None
LINESTRING (3149514.94 248345.795, 3149497.139 248339.916)	76	186	0	1326	false	4058	None
LINESTRING (3149497.139 248339.916, 3149483.645 248336.315)	76	186	0	1327	false	4058	None
LINESTRING (3149483.645 248336.315, 3149444.644 248330.499)	76	186	0	1328	false	4058	None
LINESTRING (3149444.644 248330.499, 3149408.456 248323.756)	76	186	0	1329	false	4058	None
LINESTRING (3149408.456 248323.756, 3149353.27 248319.725)	76	186	0	1330	false	4058	None
LINESTRING (3149353.27 248319.725, 3149333.771 248320.453)	76	186	0	1331	false	4058	None
LINESTRING (3149333.771 248320.453, 3149319.019 248322.082)	76	186	0	1332	false	4058	None
LINESTRING (3149319.019 248322.082, 3149308.674 248322.214)	76	186	0	1333	false	4058	None
LINESTRING (3149308.674 248322.214, 3149287.924 248319.116)	76	186	0	1334	false	4058	None
LINESTRING (3149287.924 248319.116, 3149279.18 248316.655)	76	186	0	1335	false	4058	None
LINESTRING (3149279.18 248316.655, 3149266.221 248309.926)	76	186	0	1336	false	4058	None
LINESTRING (3149266.221 248309.926, 3149257.383 248302.184)	76	186	0	1337	false	4058	None
LINESTRING (3149257.383 248302.184, 3149251.578 248291.693)	76	186	0	1338	false	4058	None
LINESTRING (3149251.578 248291.693, 3149246.98 248284.891)	76	186	0	1339	false	4058	None
LINESTRING (3149246.98 248284.891, 3149245.673 248277.945)	76	186	0	1340	false	4058	None
LINESTRING (3149245.673 248277.945, 3149242.984 248269.267)	76	186	0	1341	false	4058	None
LINESTRING (3149242.984 248269.267, 3149246.571 248252.551)	76	186	0	1342	false	4058	None
LINESTRING (3149246.571 248252.551, 3149256.674 248224.673)	76	186	0	1343	false	4058	None
LINESTRING (3149256.674 248224.673, 3149258.518 248214.428)	76	186	0	1344	false	4058	None
LINESTRING (3149258.518 248214.428, 3149258.166 248206.543)	76	186	0	1345	false	4058	None
LINESTRING (3149258.166 248206.543, 3149254.019 248189.549)	76	186	0	1346	false	4058	None
LINESTRING (3149254.019 248189.549, 3149255.813 248174.159)	76	186	0	1347	false	4058	None
LINESTRING (3149255.813 248174.159, 3149260.605 248168.164)	76	186	0	1348	false	4058	None
LINESTRING (3149260.605 248168.164, 3149268.21 248161.241)	76	186	0	1349	false	4058	None
LINESTRING (3149268.21 248161.241, 3149282.049 248153.416)	76	186	0	1350	false	4058	None
LINESTRING (3149282.049 248153.416, 3149301.947 248146.645)	76	186	0	1351	false	4058	None
LINESTRING (3149301.947 248146.645, 3149316.922 248140.932)	76	186	0	1352	false	4058	None
LINESTRING (3149316.922 248140.932, 3149328.544 248129.499)	76	186	0	1353	false	4058	None
LINESTRING (3149328.544 248129.499, 3149332.477 248115.66)	76	186	0	1354	false	4058	None
LINESTRING (3149332.477 248115.66, 3149328.733 248104.663)	76	186	0	1355	false	4058	None
LINESTRING (3149328.733 248104.663, 3149319.586 248096.205)	76	186	0	1356	false	4058	None
LINESTRING (3149319.586 248096.205, 3149311.175 248091.132)	76	186	0	1357	false	4058	None
LINESTRING (3149311.175 248091.132, 3149299.892 248088.395)	76	186	0	1358	false	4058	None
LINESTRING (3149299.892 248088.395, 3149282.787 248086.006)	76	186	0	1359	false	4058	None
LINESTRING (3149282.787 248086.006, 3149261.693 248087.303)	76	186	0	1360	false	4058	None
LINESTRING (3149261.693 248087.303, 3149234.444 248091.561)	76	186	0	1361	false	4058	None
LINESTRING (3149234.444 248091.561, 3149200.51 248099.883)	76	186	0	1362	false	4058	None
LINESTRING (3149200.51 248099.883, 3149175.007 248104.941)	76	186	0	1363	false	4058	None
LINESTRING (3149175.007 248104.941, 3149154.404 248107.742)	76	186	0	1364	false	4058	None
LINESTRING (3149154.404 248107.742, 3149115.673 248112.284)	76	186	0	1365	false	4058	None
LINESTRING (3149115.673 248112.284, 3149092.672 248113.195)	76	186	0	1366	false	4058	None
LINESTRING (3149092.672 248113.195, 3149051.057 248117.087)	76	186	0	1367	false	4058	None
LINESTRING (3149051.057 248117.087, 3149036.317 248119.436)	76	186	0	1368	false	4058	None
LINESTRING (3149036.317 248119.436, 3149018.243 248119.53)	76	186	0	1369	false	4058	None
LINESTRING (3149018.243 248119.53, 3149005.055 248118.909)	76	186	0	1370	false	4058	None
LINESTRING (3149005.055 248118.909, 3148995.532 248115.429)	76	186	0	1371	false	4058	None
LINESTRING (3148995.532 248115.429, 3148987.749 248110.006)	76	186	0	1372	false	4058	None
LINESTRING (3148987.749 248110.006, 3148981.877 248093.411)	76	186	0	1373	false	4058	None
LINESTRING (3148981.877 248093.411, 3148979.046 248081.579)	76	186	0	1374	false	4058	None
LINESTRING (3148979.046 248081.579, 3148979.366 248073.48)	76	186	0	1375	false	4058	None
LINESTRING (3148979.366 248073.48, 3148980.661 248065.643)	76	186	0	1376	false	4058	None
LINESTRING (3148980.661 248065.643, 3148985.629 248057.691)	76	186	0	1377	false	4058	None
LINESTRING (3148985.629 248057.691, 3148991.702 248045.402)	76	186	0	1378	false	4058	None
LINESTRING (3148991.702 248045.402, 3148998.247 248035.92)	76	186	0	1379	false	4058	None
LINESTRING (3148998.247 248035.92, 3149009.47 248023.497)	76	186	0	1380	false	4058	None
LINESTRING (3149009.47 248023.497, 3149019.966 248012.935)	76	186	0	1381	false	4058	None
LINESTRING (3149019.966 248012.935, 3149029.039 248000.746)	76	186	0	1382	false	4058	None
LINESTRING (3149029.039 248000.746, 3149053.643 247964.347)	76	186	0	1383	false	4058	None
LINESTRING (3149053.643 247964.347, 3149061.617 247949.702)	76	186	0	1384	false	4058	None
LINESTRING (3149061.617 247949.702, 3149068.367 247935.175)	76	186	0	1385	false	4058	None
LINESTRING (3149068.367 247935.175, 3149071.88 247921.41)	76	186	0	1386	false	4058	None
LINESTRING (3149071.88 247921.41, 3149072.313 247910.257)	76	186	0	1387	false	4058	None
LINESTRING (3149072.313 247910.257, 3149069.383 247899.935)	76	186	0	1388	false	4058	None
LINESTRING (3149069.383 247899.935, 3149064.883 247886.856)	76	186	0	1389	false	4058	None
LINESTRING (3149064.883 247886.856, 3149056.252 247876.573)	76	186	0	1390	false	4058	None
LINESTRING (3149056.252 247876.573, 3149044.693 247870.272)	76	186	0	1391	false	4058	None
LINESTRING (3149044.693 247870.272, 3149031.634 247865.053)	76	186	0	1392	false	4058	None
LINESTRING (3149031.634 247865.053, 3149017.811 247862.04)	76	186	0	1393	false	4058	None
LINESTRING (3149017.811 247862.04, 3148975.301 247858.432)	76	186	0	1394	false	4058	None
LINESTRING (3148975.301 247858.432, 3148953.235 247859.709)	76	186	0	1395	false	4058	None
LINESTRING (3148953.235 247859.709, 3148931.697 247862.145)	76	186	0	1396	false	4058	None
LINESTRING (3148931.697 247862.145, 3148916.485 247861.688)	76	186	0	1397	false	4058	None
LINESTRING (3148916.485 247861.688, 3148875.239 247867.395)	76	186	0	1398	false	4058	None
LINESTRING (3148875.239 247867.395, 3148866.028 247867.135)	76	186	0	1399	false	4058	None
LINESTRING (3148866.028 247867.135, 3148855.493 247863.737)	76	186	0	1400	false	4058	None
LINESTRING (3148855.493 247863.737, 3148849.462 247854.827)	76	186	0	1401	false	4058	None
LINESTRING (3148849.462 247854.827, 3148849.646 247841.55)	76	186	0	1402	false	4058	None
LINESTRING (3148849.646 247841.55, 3148852.851 247831.837)	76	186	0	1403	false	4058	None
LINESTRING (3148852.851 247831.837, 3148869.709 247803.975)	76	186	0	1404	false	4058	None
LINESTRING (3148869.709 247803.975, 3148884.732 247782.07)	76	186	0	1405	false	4058	None
LINESTRING (3148884.732 247782.07, 3148895.734 247764.436)	76	186	0	1406	false	4058	None
LINESTRING (3148895.734 247764.436, 3148902.427 247756.084)	76	186	0	1407	false	4058	None
LINESTRING (3148902.427 247756.084, 3148911.649 247747.528)	76	186	0	1408	false	4058	None
LINESTRING (3148911.649 247747.528, 3148926.995 247736.596)	76	186	0	1409	false	4058	None
LINESTRING (3148926.995 247736.596, 3148940.94 247725.235)	76	186	0	1410	false	4058	None
LINESTRING (3148940.94 247725.235, 3148950.806 247719.553)	76	186	0	1411	false	4058	None
LINESTRING (3148950.806 247719.553, 3148955.864 247716.641)	76	186	0	1412	false	4058	None
LINESTRING (3148955.864 247716.641, 3148973.818 247709.826)	76	186	0	1413	false	4058	None
LINESTRING (3148973.818 247709.826, 3148989.285 247705.615)	76	186	0	1414	false	4058	None
LINESTRING (3148989.285 247705.615, 3149024.977 247701.077)	76	186	0	1415	false	4058	None
LINESTRING (3149024.977 247701.077, 3149063.541 247701.237)	76	186	0	1416	false	4058	None
LINESTRING (3149063.541 247701.237, 3149092.247 247695.76)	76	186	0	1417	false	4058	None
LINESTRING (3149092.247 247695.76, 3149115.345 247686.066)	76	186	0	1418	false	4058	None
LINESTRING (3149115.345 247686.066, 3149122.55 247680.418)	76	186	0	1419	false	4058	None
LINESTRING (3149122.55 247680.418, 3149128.116 247675.202)	76	186	0	1420	false	4058	None
LINESTRING (3149128.116 247675.202, 3149131.867 247660.576)	76	186	0	1421	false	4058	None
LINESTRING (3149131.867 247660.576, 3149125.686 247648.032)	76	186	0	1422	false	4058	None
LINESTRING (3149125.686 247648.032, 3149116.732 247638.576)	76	186	0	1423	false	4058	None
LINESTRING (3149116.732 247638.576, 3149105 247629.705)	76	186	0	1424	false	4058	None
LINESTRING (3149105 247629.705, 3149084.196 247618.96)	76	186	0	1425	false	4058	None
LINESTRING (3149084.196 247618.96, 3149062.813 247611.206)	76	186	0	1426	false	4058	None
LINESTRING (3149062.813 247611.206, 3149013.185 247594.69)	76	186	0	1427	false	4058	None
LINESTRING (3149013.185 247594.69, 3148984.663 247586.89)	76	186	0	1428	false	4058	None
LINESTRING (3148984.663 247586.89, 3148959.702 247584.534)	76	186	0	1429	false	4058	None
LINESTRING (3148959.702 247584.534, 3148933.761 247586.443)	76	186	0	1430	false	4058	None
LINESTRING (3148933.761 247586.443, 3148882.053 247592.832)	76	186	0	1431	false	4058	None
LINESTRING (3148882.053 247592.832, 3148870.049 247594.701)	76	186	0	1432	false	4058	None
LINESTRING (3148870.049 247594.701, 3148857.312 247595.687)	76	186	0	1433	false	4058	None
LINESTRING (3148857.312 247595.687, 3148843.287 247593.191)	76	186	0	1434	false	4058	None
LINESTRING (3148843.287 247593.191, 3148833.353 247588.001)	76	186	0	1435	false	4058	None
LINESTRING (3148833.353 247588.001, 3148827.061 247581.016)	76	186	0	1436	false	4058	None
LINESTRING (3148827.061 247581.016, 3148817.344 247566.734)	76	186	0	1437	false	4058	None
LINESTRING (3148817.344 247566.734, 3148813.416 247554.95)	76	186	0	1438	false	4058	None
LINESTRING (3148813.416 247554.95, 3148812.459 247546.353)	76	186	0	1439	false	4058	None
LINESTRING (3148812.459 247546.353, 3148814.818 247534.283)	76	186	0	1440	false	4058	None
LINESTRING (3148814.818 247534.283, 3148822.567 247507.155)	76	186	0	1441	false	4058	None
LINESTRING (3148822.567 247507.155, 3148849.584 247450.007)	76	186	0	1442	false	4058	None
LINESTRING (3148849.584 247450.007, 3148853.568 247439.049)	76	186	0	1443	false	4058	None
LINESTRING (3148853.568 247439.049, 3148855.286 247428.873)	76	186	0	1444	false	4058	None
LINESTRING (3148855.286 247428.873, 3148855.099 247413.783)	76	186	0	1445	false	4058	None
LINESTRING (3148855.099 247413.783, 3148851.915 247394.067)	76	186	0	1446	false	4058	None
LINESTRING (3148851.915 247394.067, 3148844.241 247357.223)	76	186	0	1447	false	4058	None
LINESTRING (3148844.241 247357.223, 3148830.584 247314.11)	76	186	0	1448	false	4058	None
LINESTRING (3148830.584 247314.11, 3148822.382 247297.202)	76	186	0	1449	false	4058	None
LINESTRING (3148822.382 247297.202, 3148810.906 247279.135)	76	186	0	1450	false	4058	None
LINESTRING (3148810.906 247279.135, 3148804.989 247267.171)	76	186	0	1451	false	4058	None
LINESTRING (3148804.989 247267.171, 3148802.16 247257.843)	76	186	0	1452	false	4058	None
LINESTRING (3148802.16 247257.843, 3148800.018 247246.757)	76	186	0	1453	false	4058	None
LINESTRING (3148800.018 247246.757, 3148798.631 247230.722)	76	186	0	1454	false	4058	None
LINESTRING (3148798.631 247230.722, 3148798.364 247201.775)	76	186	0	1455	false	4058	None
LINESTRING (3148798.364 247201.775, 3148795.697 247170.938)	76	186	0	1456	false	4058	None
LINESTRING (3148795.697 247170.938, 3148791.54 247144.168)	76	186	0	1457	false	4058	None
LINESTRING (3148791.54 247144.168, 3148790.282 247123.535)	76	186	0	1458	false	4058	None
LINESTRING (3148790.282 247123.535, 3148786.756 247103.686)	76	186	0	1459	false	4058	None
LINESTRING (3148786.756 247103.686, 3148782.35 247074.792)	76	186	0	1460	false	4058	None
LINESTRING (3148782.35 247074.792, 3148775.471 247046.959)	76	186	0	1461	false	4058	None
LINESTRING (3148775.471 247046.959, 3148767.539 247019.311)	76	186	0	1462	false	4058	None
LINESTRING (3148767.539 247019.311, 3148759.614 247001.439)	76	186	0	1463	false	4058	None
LINESTRING (3148759.614 247001.439, 3148751.958 246991.418)	76	186	0	1464	false	4058	None
LINESTRING (3148751.958 246991.418, 3148727.596 246952.112)	76	186	0	1465	false	4058	None
LINESTRING (3148727.596 246952.112, 3148723.465 246940.846)	76	186	0	1466	false	4058	None
LINESTRING (3148723.465 246940.846, 3148720.075 246926.174)	76	186	0	1467	false	4058	None
LINESTRING (3148720.075 246926.174, 3148718.735 246912.78)	76	186	0	1468	false	4058	None
LINESTRING (3148718.735 246912.78, 3148720.291 246903.018)	76	186	0	1469	false	4058	None
LINESTRING (3148720.291 246903.018, 3148724.088 246891.033)	76	186	0	1470	false	4058	None
LINESTRING (3148724.088 246891.033, 3148731.11 246877.565)	76	186	0	1471	false	4058	None
LINESTRING (3148731.11 246877.565, 3148741.132 246864.197)	76	186	0	1472	false	4058	None
LINESTRING (3148741.132 246864.197, 3148751.203 246853.469)	76	186	0	1473	false	4058	None
LINESTRING (3148751.203 246853.469, 3148764.649 246844.893)	76	186	0	1474	false	4058	None
LINESTRING (3148764.649 246844.893, 3148782.442 246838.491)	76	186	0	1475	false	4058	None
LINESTRING (3148782.442 246838.491, 3148795.209 246834.417)	76	186	0	1476	false	4058	None
LINESTRING (3148795.209 246834.417, 3148809.525 246831.901)	76	186	0	1477	false	4058	None
LINESTRING (3148809.525 246831.901, 3148825.877 246832.207)	76	186	0	1478	false	4058	None
LINESTRING (3148825.877 246832.207, 3148839.43 246831.896)	76	186	0	1479	false	4058	None
LINESTRING (3148839.43 246831.896, 3148856.967 246834.69)	76	186	0	1480	false	4058	None
LINESTRING (3148856.967 246834.69, 3148871.169 246835.229)	76	186	0	1481	false	4058	None
LINESTRING (3148871.169 246835.229, 3148883.118 246835.007)	76	186	0	1482	false	4058	None
LINESTRING (3148883.118 246835.007, 3148906.338 246832.035)	76	186	0	1483	false	4058	None
LINESTRING (3148906.338 246832.035, 3148913.174 246829.341)	76	186	0	1484	false	4058	None
LINESTRING (3148913.174 246829.341, 3148924.16 246822.546)	76	186	0	1485	false	4058	None
LINESTRING (3148924.16 246822.546, 3148928.982 246811.199)	76	186	0	1486	false	4058	None
LINESTRING (3148928.982 246811.199, 3148924.548 246797.192)	76	186	0	1487	false	4058	None
LINESTRING (3148924.548 246797.192, 3148912.469 246783.181)	76	186	0	1488	false	4058	None
LINESTRING (3148912.469 246783.181, 3148878.283 246754.222)	76	186	0	1489	false	4058	None
LINESTRING (3148878.283 246754.222, 3148867.873 246741.458)	76	186	0	1490	false	4058	None
LINESTRING (3148867.873 246741.458, 3148856.284 246724.181)	76	186	0	1491	false	4058	None
LINESTRING (3148856.284 246724.181, 3148848.399 246706.205)	76	186	0	1492	false	4058	None
LINESTRING (3148848.399 246706.205, 3148844.017 246688.047)	76	186	0	1493	false	4058	None
LINESTRING (3148844.017 246688.047, 3148844.43 246664.134)	76	186	0	1494	false	4058	None
LINESTRING (3148844.43 246664.134, 3148844.952 246660.286)	76	186	0	1495	false	4058	None
LINESTRING (3148844.952 246660.286, 3148847.109 246641.701)	76	186	0	1496	false	4058	None
LINESTRING (3148847.109 246641.701, 3148852.558 246622.972)	76	186	0	1497	false	4058	None
LINESTRING (3148852.558 246622.972, 3148862.993 246602.017)	76	186	0	1498	false	4058	None
LINESTRING (3148862.993 246602.017, 3148875.862 246577.842)	76	186	0	1499	false	4058	None
LINESTRING (3148875.862 246577.842, 3148892.772 246559.892)	76	186	0	1500	false	4058	None
LINESTRING (3148892.772 246559.892, 3148908.713 246544.424)	76	186	0	1501	false	4058	None
LINESTRING (3148908.713 246544.424, 3148921.585 246529.784)	76	186	0	1502	false	4058	None
LINESTRING (3148921.585 246529.784, 3148926.76 246519.291)	76	186	0	1503	false	4058	None
LINESTRING (3148926.76 246519.291, 3148929.997 246506.729)	76	186	0	1504	false	4058	None
LINESTRING (3148929.997 246506.729, 3148928.339 246494.402)	76	186	0	1505	false	4058	None
LINESTRING (3148928.339 246494.402, 3148928.276 246479.242)	76	186	0	1506	false	4058	None
LINESTRING (3148928.276 246479.242, 3148930.231 246468.206)	76	186	0	1507	false	4058	None
LINESTRING (3148930.231 246468.206, 3148932.736 246459.53)	76	186	0	1508	false	4058	None
LINESTRING (3148932.736 246459.53, 3148937.421 246452.301)	76	186	0	1509	false	4058	None
LINESTRING (3148937.421 246452.301, 3148958.525 246430.387)	76	186	0	1510	false	4058	None
LINESTRING (3148958.525 246430.387, 3148973.819 246411.807)	76	186	0	1511	false	4058	None
LINESTRING (3148973.819 246411.807, 3148985.46 246396.805)	76	186	0	1512	false	4058	None
LINESTRING (3148985.46 246396.805, 3148997.192 246379.814)	76	186	0	1513	false	4058	None
LINESTRING (3148997.192 246379.814, 3149008.622 246357.818)	76	186	0	1514	false	4058	None
LINESTRING (3149008.622 246357.818, 3149014.903 246340.724)	76	186	0	1515	false	4058	None
LINESTRING (3149014.903 246340.724, 3149019.511 246312.847)	76	186	0	1516	false	4058	None
LINESTRING (3149019.511 246312.847, 3149019.186 246294.843)	76	186	0	1517	false	4058	None
LINESTRING (3149019.186 246294.843, 3149017.413 246271.506)	76	186	0	1518	false	4058	None
LINESTRING (3149017.413 246271.506, 3149016.629 246249.152)	76	186	0	1519	false	4058	None
LINESTRING (3149016.629 246249.152, 3149011.989 246226.126)	76	186	0	1520	false	4058	None
LINESTRING (3149011.989 246226.126, 3148998.496 246192.375)	76	186	0	1521	false	4058	None
LINESTRING (3148998.496 246192.375, 3148988.49 246176.312)	76	186	0	1522	false	4058	None
LINESTRING (3148988.49 246176.312, 3148983.021 246161.187)	76	186	0	1523	false	4058	None
LINESTRING (3148983.021 246161.187, 3148977.965 246152.539)	76	186	0	1524	false	4058	None
LINESTRING (3148977.965 246152.539, 3148974.546 246140.955)	76	186	0	1525	false	4058	None
LINESTRING (3148974.546 246140.955, 3148973.719 246130.263)	76	186	0	1526	false	4058	None
LINESTRING (3148973.719 246130.263, 3148976.636 246097.674)	76	186	0	1527	false	4058	None
LINESTRING (3148976.636 246097.674, 3148976.8 246076.405)	76	186	0	1528	false	4058	None
LINESTRING (3148976.8 246076.405, 3148978.399 246054.98)	76	186	0	1529	false	4058	None
LINESTRING (3148978.399 246054.98, 3148978.632 246053.88)	76	186	0	1530	false	4058	None
LINESTRING (3148978.632 246053.88, 3148981.772 246038.301)	76	186	0	1531	false	4058	None
LINESTRING (3148981.772 246038.301, 3148986.638 246020.059)	76	186	0	1532	false	4058	None
LINESTRING (3148986.638 246020.059, 3148992.41 245991.207)	76	186	0	1533	false	4058	None
LINESTRING (3148992.41 245991.207, 3148995.66 245925.615)	76	186	0	1534	false	4058	None
LINESTRING (3148995.66 245925.615, 3148995.434 245913.133)	76	186	0	1535	false	4058	None
LINESTRING (3148995.434 245913.133, 3148993.19 245896.525)	76	186	0	1536	false	4058	None
LINESTRING (3148993.19 245896.525, 3148990.451 245885.206)	76	186	0	1537	false	4058	None
LINESTRING (3148990.451 245885.206, 3148988.701 245874.87)	76	186	0	1538	false	4058	None
LINESTRING (3148988.701 245874.87, 3148985.026 245839.826)	76	186	0	1539	false	4058	None
LINESTRING (3148985.026 245839.826, 3148983.749 245832.296)	76	186	0	1540	false	4058	None
LINESTRING (3148983.749 245832.296, 3148975.46 245813.091)	76	186	0	1541	false	4058	None
LINESTRING (3148975.46 245813.091, 3148969.485 245805.037)	76	186	0	1542	false	4058	None
LINESTRING (3148969.485 245805.037, 3148955.002 245791.399)	76	186	0	1543	false	4058	None
LINESTRING (3148955.002 245791.399, 3148939.233 245779.046)	76	186	0	1544	false	4058	None
LINESTRING (3148939.233 245779.046, 3148905.969 245757.004)	76	186	0	1545	false	4058	None
LINESTRING (3148905.969 245757.004, 3148871.881 245736.07)	76	186	0	1546	false	4058	None
LINESTRING (3148871.881 245736.07, 3148845.64 245721.657)	76	186	0	1547	false	4058	None
LINESTRING (3148845.64 245721.657, 3148827.697 245712.865)	76	186	0	1548	false	4058	None
LINESTRING (3148827.697 245712.865, 3148809.063 245705.591)	76	186	0	1549	false	4058	None
LINESTRING (3148809.063 245705.591, 3148789.787 245700.213)	76	186	0	1550	false	4058	None
LINESTRING (3148789.787 245700.213, 3148780.077 245698.21)	76	186	0	1551	false	4058	None
LINESTRING (3148780.077 245698.21, 3148770.165 245696.725)	76	186	0	1552	false	4058	None
LINESTRING (3148770.165 245696.725, 3148760.19 245696.407)	76	186	0	1553	false	4058	None
LINESTRING (3148760.19 245696.407, 3148750.188 245696.912)	76	186	0	1554	false	4058	None
LINESTRING (3148750.188 245696.912, 3148740.329 245698.308)	76	186	0	1555	false	4058	None
LINESTRING (3148740.329 245698.308, 3148730.567 245700.457)	76	186	0	1556	false	4058	None
LINESTRING (3148730.567 245700.457, 3148720.944 245703.255)	76	186	0	1557	false	4058	None
LINESTRING (3148720.944 245703.255, 3148711.586 245706.634)	76	186	0	1558	false	4058	None
LINESTRING (3148711.586 245706.634, 3148693.315 245714.757)	76	186	0	1559	false	4058	None
LINESTRING (3148693.315 245714.757, 3148675.837 245724.62)	76	186	0	1560	false	4058	None
LINESTRING (3148675.837 245724.62, 3148616.611 245761.807)	76	186	0	1561	false	4058	None
LINESTRING (3148616.611 245761.807, 3148607.302 245765.563)	76	186	0	1562	false	4058	None
LINESTRING (3148607.302 245765.563, 3148597.59 245768.088)	76	186	0	1563	false	4058	None
LINESTRING (3148597.59 245768.088, 3148587.685 245769.347)	76	186	0	1564	false	4058	None
LINESTRING (3148587.685 245769.347, 3148578.052 245766.898)	76	186	0	1565	false	4058	None
LINESTRING (3148578.052 245766.898, 3148569.553 245761.794)	76	186	0	1566	false	4058	None
LINESTRING (3148569.553 245761.794, 3148562.247 245754.89)	76	186	0	1567	false	4058	None
LINESTRING (3148562.247 245754.89, 3148556.607 245746.73)	76	186	0	1568	false	4058	None
LINESTRING (3148556.607 245746.73, 3148554.319 245737.018)	76	186	0	1569	false	4058	None
LINESTRING (3148554.319 245737.018, 3148555.238 245727.127)	76	186	0	1570	false	4058	None
LINESTRING (3148555.238 245727.127, 3148557.554 245717.424)	76	186	0	1571	false	4058	None
LINESTRING (3148557.554 245717.424, 3148561.102 245708.083)	76	186	0	1572	false	4058	None
LINESTRING (3148561.102 245708.083, 3148566.011 245699.273)	76	186	0	1573	false	4058	None
LINESTRING (3148566.011 245699.273, 3148578.357 245671.914)	76	186	0	1574	false	4058	None
LINESTRING (3148578.357 245671.914, 3148582.16 245662.672)	76	186	0	1575	false	4058	None
LINESTRING (3148582.16 245662.672, 3148586.518 245653.767)	76	186	0	1576	false	4058	None
LINESTRING (3148586.518 245653.767, 3148591.427 245644.957)	76	186	0	1577	false	4058	None
LINESTRING (3148591.427 245644.957, 3148596.937 245636.619)	76	186	0	1578	false	4058	None
LINESTRING (3148596.937 245636.619, 3148620.299 245604.145)	76	186	0	1579	false	4058	None
LINESTRING (3148620.299 245604.145, 3148632.687 245588.482)	76	186	0	1580	false	4058	None
LINESTRING (3148632.687 245588.482, 3148639.267 245580.92)	76	186	0	1581	false	4058	None
LINESTRING (3148639.267 245580.92, 3148644.691 245572.549)	76	186	0	1582	false	4058	None
LINESTRING (3148644.691 245572.549, 3148648.749 245563.407)	76	186	0	1583	false	4058	None
LINESTRING (3148648.749 245563.407, 3148654.018 245544.131)	76	186	0	1584	false	4058	None
LINESTRING (3148654.018 245544.131, 3148657.674 245524.464)	76	186	0	1585	false	4058	None
LINESTRING (3148657.674 245524.464, 3148658.167 245514.407)	76	186	0	1586	false	4058	None
LINESTRING (3148658.167 245514.407, 3148657.859 245504.395)	76	186	0	1587	false	4058	None
LINESTRING (3148657.859 245504.395, 3148655.177 245484.637)	76	186	0	1588	false	4058	None
LINESTRING (3148655.177 245484.637, 3148650.936 245465.106)	76	186	0	1589	false	4058	None
LINESTRING (3148650.936 245465.106, 3148642.597 245436.228)	76	186	0	1590	false	4058	None
LINESTRING (3148642.597 245436.228, 3148636.044 245417.343)	76	186	0	1591	false	4058	None
LINESTRING (3148636.044 245417.343, 3148632.411 245408.06)	76	186	0	1592	false	4058	None
LINESTRING (3148632.411 245408.06, 3148633.379 245398.546)	76	186	0	1593	false	4058	None
LINESTRING (3148633.379 245398.546, 3148633.178 245396.799)	76	186	0	1594	false	4058	None
LINESTRING (3148633.178 245396.799, 3148610.42 245357.884)	76	186	0	1595	false	4058	None
LINESTRING (3148610.42 245357.884, 3148613.574 245329.202)	76	186	0	1596	false	4058	None
LINESTRING (3148613.574 245329.202, 3148636.146 245264.837)	76	186	0	1597	false	4058	None
LINESTRING (3148636.146 245264.837, 3148684.624 245224.289)	76	186	0	1598	false	4058	None
LINESTRING (3148684.624 245224.289, 3148698.876 245180.989)	76	186	0	1599	false	4058	None
LINESTRING (3148698.876 245180.989, 3148667.323 245144.005)	76	186	0	1600	false	4058	None
LINESTRING (3148667.323 245144.005, 3148611.881 245105.92)	76	186	0	1601	false	4058	None
LINESTRING (3148611.881 245105.92, 3148477.17 245069.197)	76	186	0	1602	false	4058	None
LINESTRING (3148477.17 245069.197, 3148403.715 245083.553)	76	186	0	1603	false	4058	None
LINESTRING (3148403.715 245083.553, 3148182.578 245183.883)	76	186	0	1604	false	4058	None
LINESTRING (3148182.578 245183.883, 3148123.729 245223.127)	76	186	0	1605	false	4058	None
LINESTRING (3148123.729 245223.127, 3148102.417 245263.672)	76	186	0	1606	false	4058	None
LINESTRING (3148102.417 245263.672, 3148099.863 245325.242)	76	186	0	1607	false	4058	None
LINESTRING (3148099.863 245325.242, 3148115.233 245382.842)	76	186	0	1608	false	4058	None
LINESTRING (3148115.233 245382.842, 3148154.573 245455.397)	76	186	0	1609	false	4058	None
LINESTRING (3148154.573 245455.397, 3148157.066 245497.247)	76	186	0	1610	false	4058	None
LINESTRING (3148157.066 245497.247, 3148140.921 245531.585)	76	186	0	1611	false	4058	None
LINESTRING (3148140.921 245531.585, 3148109.999 245554.794)	76	186	0	1612	false	4058	None
LINESTRING (3148109.999 245554.794, 3148065.487 245550.771)	76	186	0	1613	false	4058	None
LINESTRING (3148065.487 245550.771, 3147924.288 245516.885)	76	186	0	1614	false	4058	None
LINESTRING (3147924.288 245516.885, 3147839.185 245464.371)	76	186	0	1615	false	4058	None
LINESTRING (3147839.185 245464.371, 3147810.778 245412.291)	76	186	0	1616	false	4058	None
LINESTRING (3147810.778 245412.291, 3147801.259 245381.405)	76	186	0	1617	false	4058	None
LINESTRING (3147801.259 245381.405, 3147805.78 245355.998)	76	186	0	1618	false	4058	None
LINESTRING (3147805.78 245355.998, 3147841.825 245277.942)	76	186	0	1619	false	4058	None
LINESTRING (3147841.825 245277.942, 3148020.539 245075.486)	76	186	0	1620	false	4058	None
LINESTRING (3148020.539 245075.486, 3147791.928 244840.419)	76	186	0	1621	false	4058	None
LINESTRING (3147791.928 244840.419, 3147788.87 244837.2)	76	186	0	1622	false	4058	None
LINESTRING (3147788.87 244837.2, 3147785.726 244833.948)	76	186	0	1623	false	4058	None
LINESTRING (3147785.726 244833.948, 3147785.037 244833.202)	76	186	0	1624	false	4058	None
LINESTRING (3147785.037 244833.202, 3147784.222 244832.527)	76	186	0	1625	false	4058	None
LINESTRING (3147784.222 244832.527, 3147752.142 244790.099)	76	186	0	1626	false	4058	None
LINESTRING (3147752.142 244790.099, 3147658.547 244758.826)	76	186	0	1627	false	4058	None
LINESTRING (3147658.547 244758.826, 3147577.347 244751.576)	76	186	0	1628	false	4058	None
LINESTRING (3147577.347 244751.576, 3147365.814 244647.127)	76	186	0	1629	false	4058	None
LINESTRING (3147365.814 244647.127, 3147267.217 244635.715)	76	186	0	1630	false	4058	None
LINESTRING (3147267.217 244635.715, 3147149.975 244644.203)	76	186	0	1631	false	4058	None
LINESTRING (3147149.975 244644.203, 3147097.875 244631.983)	76	186	0	1632	false	4058	None
LINESTRING (3147097.875 244631.983, 3146993.742 244572.179)	76	186	0	1633	false	4058	None
LINESTRING (3146993.742 244572.179, 3146856.347 244465.68)	76	186	0	1634	false	4058	None
LINESTRING (3146856.347 244465.68, 3146851.676 244462.07)	76	186	0	1635	false	4058	None
LINESTRING (3146851.676 244462.07, 3146796.003 244418.787)	76	186	0	1636	false	4058	None
LINESTRING (3146796.003 244418.787, 3146726.413 244351.607)	76	186	0	1637	false	4058	None
LINESTRING (3146726.413 244351.607, 3146718.11 244343.483)	76	186	0	1638	false	4058	None
LINESTRING (3146718.11 244343.483, 3146723.798 244328.899)	76	186	0	1639	false	4058	None
LINESTRING (3146723.798 244328.899, 3146690.486 244302.442)	76	186	0	1640	false	4058	None
LINESTRING (3146690.486 244302.442, 3146674.69 244291.157)	76	186	0	1641	false	4058	None
LINESTRING (3146674.69 244291.157, 3146660.787 244284.067)	76	186	0	1642	false	4058	None
LINESTRING (3146660.787 244284.067, 3146647.717 244278.612)	76	186	0	1643	false	4058	None
LINESTRING (3146647.717 244278.612, 3146637.182 244275.457)	76	186	0	1644	false	4058	None
LINESTRING (3146637.182 244275.457, 3146625.805 244274.714)	76	186	0	1645	false	4058	None
LINESTRING (3146625.805 244274.714, 3146612.595 244275.401)	76	186	0	1646	false	4058	None
LINESTRING (3146612.595 244275.401, 3146599.648 244278.932)	76	186	0	1647	false	4058	None
LINESTRING (3146599.648 244278.932, 3146591.154 244283.365)	76	186	0	1648	false	4058	None
LINESTRING (3146591.154 244283.365, 3146584.094 244287.642)	76	186	0	1649	false	4058	None
LINESTRING (3146584.094 244287.642, 3146577.584 244294.279)	76	186	0	1650	false	4058	None
LINESTRING (3146577.584 244294.279, 3146574.823 244298.088)	76	186	0	1651	false	4058	None
LINESTRING (3146574.823 244298.088, 3146570.293 244306.688)	76	186	0	1652	false	4058	None
LINESTRING (3146570.293 244306.688, 3146560.484 244322.287)	76	186	0	1653	false	4058	None
LINESTRING (3146560.484 244322.287, 3146557.925 244325.579)	76	186	0	1654	false	4058	None
LINESTRING (3146557.925 244325.579, 3146555.054 244327.915)	76	186	0	1655	false	4058	None
LINESTRING (3146555.054 244327.915, 3146550.623 244330.477)	76	186	0	1656	false	4058	None
LINESTRING (3146550.623 244330.477, 3146546.323 244330.945)	76	186	0	1657	false	4058	None
LINESTRING (3146546.323 244330.945, 3146538.751 244335.023)	76	186	0	1658	false	4058	None
LINESTRING (3146538.751 244335.023, 3146534.316 244339.608)	76	186	0	1659	false	4058	W:3146537.384 244336.43623449837
