LINESTRING (3142265.649 232177.409, 3142257.708 232169.318)	83	185	0	119	false	1188	E:3142259.551 232171.1958129957
LINESTRING (3142257.708 232169.318, 3142263.692 232164.022)	83	185	0	120	false	1188	E:3142259.551 232167.68689572194
LINESTRING (3142263.951 231621.345, 3142244.364 231616.706)	83	185	0	162	false	1188	E:3142259.551 231620.3029006484
LINESTRING (3142244.364 231616.706, 3142232.952 231612.745)	83	185	0	163	false	1188	None
LINESTRING (3142232.952 231612.745, 3142210.53 231603.788)	83	185	0	164	false	1188	None
LINESTRING (3142210.53 231603.788, 3142184.966 231592.062)	83	185	0	165	false	1188	None
LINESTRING (3142184.966 231592.062, 3142163.841 231580.274)	83	185	0	166	false	1188	None
LINESTRING (3142163.841 231580.274, 3142145.174 231568.728)	83	185	0	167	false	1188	None
LINESTRING (3142145.174 231568.728, 3142126.25 231557.083)	83	185	0	168	false	1188	None
LINESTRING (3142126.25 231557.083, 3142117.004 231549.319)	83	185	0	169	false	1188	None
LINESTRING (3142117.004 231549.319, 3142099.299 231533.025)	83	185	0	170	false	1188	None
LINESTRING (3142099.299 231533.025, 3142085.143 231518.707)	83	185	0	171	false	1188	None
LINESTRING (3142085.143 231518.707, 3142077.558 231509.445)	83	185	0	172	false	1188	None
LINESTRING (3142077.558 231509.445, 3142063.343 231489.983)	83	185	0	173	false	1188	None
LINESTRING (3142063.343 231489.983, 3142054.327 231476.83)	83	185	0	174	false	1188	None
LINESTRING (3142054.327 231476.83, 3142048.032 231466.521)	83	185	0	175	false	1188	None
LINESTRING (3142048.032 231466.521, 3142038.891 231453.438)	83	185	0	176	false	1188	None
LINESTRING (3142038.891 231453.438, 3142026.101 231437.627)	83	185	0	177	false	1188	None
LINESTRING (3142026.101 231437.627, 3142021.161 231431.657)	83	185	0	178	false	1188	None
LINESTRING (3142021.161 231431.657, 3141975.124 231381.48)	83	185	0	179	false	1188	None
LINESTRING (3141975.124 231381.48, 3141969.667 231375.07)	83	185	0	180	false	1188	None
LINESTRING (3141969.667 231375.07, 3141964.647 231369.307)	83	185	0	181	false	1188	None
LINESTRING (3141964.647 231369.307, 3141937.71 231339.658)	83	185	0	182	false	1188	None
LINESTRING (3141937.71 231339.658, 3141920.667 231322.67)	83	185	0	183	false	1188	None
LINESTRING (3141920.667 231322.67, 3141900.03 231303.57)	83	185	0	184	false	1188	None
LINESTRING (3141900.03 231303.57, 3141881.209 231288.63)	83	185	0	185	false	1188	None
LINESTRING (3141881.209 231288.63, 3141851.781 231267.66)	83	185	0	186	false	1188	None
LINESTRING (3141851.781 231267.66, 3141823.56 231252.163)	83	185	0	187	false	1188	None
LINESTRING (3141823.56 231252.163, 3141805.376 231243.664)	83	185	0	188	false	1188	None
LINESTRING (3141805.376 231243.664, 3141783.234 231233.985)	83	185	0	189	false	1188	None
LINESTRING (3141783.234 231233.985, 3141772.324 231229.743)	83	185	0	190	false	1188	None
LINESTRING (3141772.324 231229.743, 3141756.981 231223.778)	83	185	0	191	false	1188	None
LINESTRING (3141756.981 231223.778, 3141722.546 231212.655)	83	185	0	192	false	1188	None
LINESTRING (3141722.546 231212.655, 3141695.405 231202.46)	83	185	0	193	false	1188	None
LINESTRING (3141695.405 231202.46, 3141635.365 231179.716)	83	185	0	194	false	1188	None
LINESTRING (3141635.365 231179.716, 3141619.92 231175.022)	83	185	0	195	false	1188	None
LINESTRING (3141619.92 231175.022, 3141612.379 231172.209)	83	185	0	196	false	1188	None
LINESTRING (3141612.379 231172.209, 3141593.988 231163.988)	83	185	0	197	false	1188	None
LINESTRING (3141593.988 231163.988, 3141568.583 231151.849)	83	185	0	198	false	1188	None
LINESTRING (3141568.583 231151.849, 3141547.582 231139.993)	83	185	0	199	false	1188	None
LINESTRING (3141547.582 231139.993, 3141527.606 231126.511)	83	185	0	200	false	1188	None
LINESTRING (3141527.606 231126.511, 3141511.962 231113.998)	83	185	0	201	false	1188	None
LINESTRING (3141511.962 231113.998, 3141498.96 231104.537)	83	185	0	202	false	1188	None
LINESTRING (3141498.96 231104.537, 3141487.237 231093.549)	83	185	0	203	false	1188	None
LINESTRING (3141487.237 231093.549, 3141456.37 231070.473)	83	185	0	204	false	1188	None
LINESTRING (3141456.37 231070.473, 3141455.041 231069.6)	83	185	0	205	false	1188	None
LINESTRING (3141455.041 231069.6, 3141437.549 231059.823)	83	185	0	206	false	1188	None
LINESTRING (3141437.549 231059.823, 3141424.142 231053.42)	83	185	0	207	false	1188	None
LINESTRING (3141424.142 231053.42, 3141395.192 231039.547)	83	185	0	208	false	1188	None
LINESTRING (3141395.192 231039.547, 3141373.096 231030.005)	83	185	0	209	false	1188	None
LINESTRING (3141373.096 231030.005, 3141328.173 231012.544)	83	185	0	210	false	1188	None
LINESTRING (3141328.173 231012.544, 3141297.846 231001.708)	83	185	0	211	false	1188	None
LINESTRING (3141297.846 231001.708, 3141286.835 230996.714)	83	185	0	212	false	1188	None
LINESTRING (3141286.835 230996.714, 3141258.368 230981.6)	83	185	0	213	false	1188	None
LINESTRING (3141258.368 230981.6, 3141223.253 230961.877)	83	185	0	214	false	1188	None
LINESTRING (3141223.253 230961.877, 3141209.883 230953.107)	83	185	0	215	false	1188	None
LINESTRING (3141209.883 230953.107, 3141187.547 230935.85)	83	185	0	216	false	1188	None
LINESTRING (3141187.547 230935.85, 3141169.633 230919.836)	83	185	0	217	false	1188	None
LINESTRING (3141169.633 230919.836, 3141143.341 230895.087)	83	185	0	218	false	1188	None
LINESTRING (3141143.341 230895.087, 3141128.083 230876.532)	83	185	0	219	false	1188	None
LINESTRING (3141128.083 230876.532, 3141114.632 230861.657)	83	185	0	220	false	1188	None
LINESTRING (3141114.632 230861.657, 3141065.699 230798.214)	83	185	0	221	false	1188	None
LINESTRING (3141065.699 230798.214, 3141031.551 230748.736)	83	185	0	222	false	1188	None
LINESTRING (3141031.551 230748.736, 3141021.355 230729.529)	83	185	0	223	false	1188	None
LINESTRING (3141021.355 230729.529, 3140984.969 230661.316)	83	185	0	224	false	1188	None
LINESTRING (3140984.969 230661.316, 3140979.298 230646.369)	83	185	0	225	false	1188	None
LINESTRING (3140979.298 230646.369, 3140953.678 230587.82)	83	185	0	226	false	1188	None
LINESTRING (3140953.678 230587.82, 3140946.957 230569.01)	83	185	0	227	false	1188	None
LINESTRING (3140946.957 230569.01, 3140936.962 230547.261)	83	185	0	228	false	1188	None
LINESTRING (3140936.962 230547.261, 3140909.963 230493.774)	83	185	0	229	false	1188	None
LINESTRING (3140909.963 230493.774, 3140896.664 230469.669)	83	185	0	230	false	1188	None
LINESTRING (3140896.664 230469.669, 3140892.456 230462.317)	83	185	0	231	false	1188	None
LINESTRING (3140892.456 230462.317, 3140876.494 230431.937)	83	185	0	232	false	1188	None
LINESTRING (3140876.494 230431.937, 3140851.765 230386.24)	83	185	0	233	false	1188	None
LINESTRING (3140851.765 230386.24, 3140842.946 230368.283)	83	185	0	234	false	1188	None
LINESTRING (3140842.946 230368.283, 3140838.324 230357.198)	83	185	0	235	false	1188	None
LINESTRING (3140838.324 230357.198, 3140824.211 230315.746)	83	185	0	236	false	1188	None
LINESTRING (3140824.211 230315.746, 3140819.044 230296.469)	83	185	0	237	false	1188	None
LINESTRING (3140819.044 230296.469, 3140804.51 230246.755)	83	185	0	238	false	1188	None
LINESTRING (3140804.51 230246.755, 3140789.265 230189.023)	83	185	0	239	false	1188	None
LINESTRING (3140789.265 230189.023, 3140779.183 230154.617)	83	185	0	240	false	1188	None
LINESTRING (3140779.183 230154.617, 3140763.852 230096.852)	83	185	0	241	false	1188	None
LINESTRING (3140763.852 230096.852, 3140758.058 230069.591)	83	185	0	242	false	1188	None
LINESTRING (3140758.058 230069.591, 3140755.923 230053.874)	83	185	0	243	false	1188	None
LINESTRING (3140755.923 230053.874, 3140752.438 230038.347)	83	185	0	244	false	1188	None
LINESTRING (3140752.438 230038.347, 3140751.473 230034.518)	83	185	0	245	false	1188	None
LINESTRING (3140751.473 230034.518, 3140746.39 230015.274)	83	185	0	246	false	1188	None
LINESTRING (3140746.39 230015.274, 3140738.162 229976.348)	83	185	0	247	false	1188	None
LINESTRING (3140738.162 229976.348, 3140736.323 229960.627)	83	185	0	248	false	1188	None
LINESTRING (3140736.323 229960.627, 3140734.503 229924.906)	83	185	0	249	false	1188	None
LINESTRING (3140734.503 229924.906, 3140734.432 229912.969)	83	185	0	250	false	1188	None
LINESTRING (3140734.432 229912.969, 3140736.294 229877.368)	83	185	0	251	false	1188	None
LINESTRING (3140736.294 229877.368, 3140740.437 229850.038)	83	185	0	252	false	1188	None
LINESTRING (3140740.437 229850.038, 3140745.078 229834.81)	83	185	0	253	false	1188	None
LINESTRING (3140745.078 229834.81, 3140750.702 229820.084)	83	185	0	254	false	1188	None
LINESTRING (3140750.702 229820.084, 3140768.81 229780.554)	83	185	0	255	false	1188	None
LINESTRING (3140768.81 229780.554, 3140779.42 229759.309)	83	185	0	256	false	1188	None
LINESTRING (3140779.42 229759.309, 3140788.798 229741.992)	83	185	0	257	false	1188	None
LINESTRING (3140788.798 229741.992, 3140802.519 229713.5)	83	185	0	258	false	1188	None
LINESTRING (3140802.519 229713.5, 3140809.164 229694.883)	83	185	0	259	false	1188	None
LINESTRING (3140809.164 229694.883, 3140815.127 229676.002)	83	185	0	260	false	1188	None
LINESTRING (3140815.127 229676.002, 3140819.686 229656.693)	83	185	0	261	false	1188	None
LINESTRING (3140819.686 229656.693, 3140820.308 229649.789)	83	185	0	262	false	1188	None
LINESTRING (3140820.308 229649.789, 3140820.447 229637.814)	83	185	0	263	false	1188	None
LINESTRING (3140820.447 229637.814, 3140817.591 229626.224)	83	185	0	264	false	1188	None
LINESTRING (3140817.591 229626.224, 3140814.817 229618.715)	83	185	0	265	false	1188	None
LINESTRING (3140814.817 229618.715, 3140809.317 229608.122)	83	185	0	266	false	1188	None
LINESTRING (3140809.317 229608.122, 3140802.853 229597.988)	83	185	0	267	false	1188	None
LINESTRING (3140802.853 229597.988, 3140800.005 229595.214)	83	185	0	268	false	1188	None
LINESTRING (3140800.005 229595.214, 3140787.456 229585.336)	83	185	0	269	false	1188	None
LINESTRING (3140787.456 229585.336, 3140784.107 229582.844)	83	185	0	270	false	1188	None
LINESTRING (3140784.107 229582.844, 3140762.98 229571.3)	83	185	0	271	false	1188	None
LINESTRING (3140762.98 229571.3, 3140751.807 229566.721)	83	185	0	272	false	1188	None
LINESTRING (3140751.807 229566.721, 3140736.681 229561.201)	83	185	0	273	false	1188	None
LINESTRING (3140736.681 229561.201, 3140713.776 229553.73)	83	185	0	274	false	1188	None
LINESTRING (3140713.776 229553.73, 3140663.57 229538.987)	83	185	0	275	false	1188	None
LINESTRING (3140663.57 229538.987, 3140658.851 229537.748)	83	185	0	276	false	1188	None
LINESTRING (3140658.851 229537.748, 3140624.785 229528.443)	83	185	0	277	false	1188	None
LINESTRING (3140624.785 229528.443, 3140601.407 229522.694)	83	185	0	278	false	1188	None
LINESTRING (3140601.407 229522.694, 3140574.273 229515.248)	83	185	0	279	false	1188	None
LINESTRING (3140574.273 229515.248, 3140506.42 229499.961)	83	185	0	280	false	1188	None
LINESTRING (3140506.42 229499.961, 3140480.293 229494.216)	83	185	0	281	false	1188	None
LINESTRING (3140480.293 229494.216, 3140460.591 229490.373)	83	185	0	282	false	1188	None
LINESTRING (3140460.591 229490.373, 3140433.416 229483.031)	83	185	0	283	false	1188	None
LINESTRING (3140433.416 229483.031, 3140405.93 229476.996)	83	185	0	284	false	1188	None
LINESTRING (3140405.93 229476.996, 3140390.064 229474.644)	83	185	0	285	false	1188	None
LINESTRING (3140390.064 229474.644, 3140374.007 229473.288)	83	185	0	286	false	1188	None
LINESTRING (3140374.007 229473.288, 3140357.975 229473.133)	83	185	0	287	false	1188	None
LINESTRING (3140357.975 229473.133, 3140346.129 229475.081)	83	185	0	288	false	1188	None
LINESTRING (3140346.129 229475.081, 3140334.464 229477.576)	83	185	0	289	false	1188	None
LINESTRING (3140334.464 229477.576, 3140308.317 229487.544)	83	185	0	290	false	1188	None
LINESTRING (3140308.317 229487.544, 3140297.593 229492.668)	83	185	0	291	false	1188	None
LINESTRING (3140297.593 229492.668, 3140276.507 229504.007)	83	185	0	292	false	1188	None
LINESTRING (3140276.507 229504.007, 3140252.694 229518.574)	83	185	0	293	false	1188	None
LINESTRING (3140252.694 229518.574, 3140226.717 229536.946)	83	185	0	294	false	1188	None
LINESTRING (3140226.717 229536.946, 3140216.74 229543.431)	83	185	0	295	false	1188	None
LINESTRING (3140216.74 229543.431, 3140192.487 229557.113)	83	185	0	296	false	1188	None
LINESTRING (3140192.487 229557.113, 3140162.04 229576.129)	83	185	0	297	false	1188	None
LINESTRING (3140162.04 229576.129, 3140151.587 229582.072)	83	185	0	298	false	1188	None
LINESTRING (3140151.587 229582.072, 3140122.588 229595.34)	83	185	0	299	false	1188	None
LINESTRING (3140122.588 229595.34, 3140105.496 229605.492)	83	185	0	300	false	1188	None
LINESTRING (3140105.496 229605.492, 3140090.736 229615.954)	83	185	0	301	false	1188	None
LINESTRING (3140090.736 229615.954, 3140092.267 229622.623)	83	185	0	302	false	1188	None
LINESTRING (3140092.267 229622.623, 3140092.723 229630.541)	83	185	0	303	false	1188	None
LINESTRING (3140092.723 229630.541, 3140092.254 229634.527)	83	185	0	304	false	1188	None
LINESTRING (3140092.254 229634.527, 3140086.162 229653.24)	83	185	0	305	false	1188	None
LINESTRING (3140086.162 229653.24, 3140078.805 229665.864)	83	185	0	306	false	1188	None
LINESTRING (3140078.805 229665.864, 3140078.192 229666.936)	83	185	0	307	false	1188	None
LINESTRING (3140078.192 229666.936, 3140073.242 229673.111)	83	185	0	308	false	1188	None
LINESTRING (3140073.242 229673.111, 3140065.3 229681.935)	83	185	0	309	false	1188	None
LINESTRING (3140065.3 229681.935, 3140046.911 229696.942)	83	185	0	310	false	1188	None
LINESTRING (3140046.911 229696.942, 3140040.361 229701.425)	83	185	0	311	false	1188	None
LINESTRING (3140040.361 229701.425, 3140029.994 229707.401)	83	185	0	312	false	1188	None
LINESTRING (3140029.994 229707.401, 3140023.11 229709.967)	83	185	0	313	false	1188	None
LINESTRING (3140023.11 229709.967, 3140015.092 229712.925)	83	185	0	314	false	1188	None
LINESTRING (3140015.092 229712.925, 3140005.07 229719.274)	83	185	0	315	false	1188	None
LINESTRING (3140005.07 229719.274, 3140001.202 229720.392)	83	185	0	316	false	1188	None
LINESTRING (3140001.202 229720.392, 3139993.225 229721.223)	83	185	0	317	false	1188	None
LINESTRING (3139993.225 229721.223, 3139977.359 229720.895)	83	185	0	318	false	1188	None
LINESTRING (3139977.359 229720.895, 3139965.459 229722.227)	83	185	0	319	false	1188	None
LINESTRING (3139965.459 229722.227, 3139953.845 229725.099)	83	185	0	320	false	1188	None
LINESTRING (3139953.845 229725.099, 3139946.284 229727.64)	83	185	0	321	false	1188	None
LINESTRING (3139946.284 229727.64, 3139939.559 229731.816)	83	185	0	322	false	1188	None
LINESTRING (3139939.559 229731.816, 3139930.54 229739.626)	83	185	0	323	false	1188	None
LINESTRING (3139930.54 229739.626, 3139929.998 229740.011)	83	185	0	324	false	1188	None
LINESTRING (3139929.998 229740.011, 3139924.743 229743.686)	83	185	0	325	false	1188	None
LINESTRING (3139924.743 229743.686, 3139920.824 229746.451)	83	185	0	326	false	1188	None
LINESTRING (3139920.824 229746.451, 3139917.266 229748.284)	83	185	0	327	false	1188	None
LINESTRING (3139917.266 229748.284, 3139909.795 229751.098)	83	185	0	328	false	1188	None
LINESTRING (3139909.795 229751.098, 3139907.854 229751.297)	83	185	0	329	false	1188	None
LINESTRING (3139907.854 229751.297, 3139901.909 229752.203)	83	185	0	330	false	1188	None
LINESTRING (3139901.909 229752.203, 3139889.579 229767.778)	83	185	0	331	false	1188	None
LINESTRING (3139889.579 229767.778, 3139880.991 229775.994)	83	185	0	332	false	1188	None
LINESTRING (3139880.991 229775.994, 3139868.98 229786.453)	83	185	0	333	false	1188	None
LINESTRING (3139868.98 229786.453, 3139850.961 229794.697)	83	185	0	334	false	1188	None
LINESTRING (3139850.961 229794.697, 3139836.888 229799.353)	83	185	0	335	false	1188	None
LINESTRING (3139836.888 229799.353, 3139833.24 229800.913)	83	185	0	336	false	1188	None
LINESTRING (3139833.24 229800.913, 3139806.639 229809.277)	83	185	0	337	false	1188	None
LINESTRING (3139806.639 229809.277, 3139795.029 229812.389)	83	185	0	338	false	1188	None
LINESTRING (3139795.029 229812.389, 3139775.448 229816.573)	83	185	0	339	false	1188	None
LINESTRING (3139775.448 229816.573, 3139755.448 229816.783)	83	185	0	340	false	1188	None
LINESTRING (3139755.448 229816.783, 3139732.886 229815.76)	83	185	0	341	false	1188	None
LINESTRING (3139732.886 229815.76, 3139727.383 229815.528)	83	185	0	342	false	1188	None
LINESTRING (3139727.383 229815.528, 3139719.444 229813.992)	83	185	0	343	false	1188	None
LINESTRING (3139719.444 229813.992, 3139699.893 229809.256)	83	185	0	344	false	1188	None
LINESTRING (3139699.893 229809.256, 3139692.677 229805.858)	83	185	0	345	false	1188	None
LINESTRING (3139692.677 229805.858, 3139689.333 229803.606)	83	185	0	346	false	1188	None
LINESTRING (3139689.333 229803.606, 3139683.221 229798.374)	83	185	0	347	false	1188	None
LINESTRING (3139683.221 229798.374, 3139670.349 229783.013)	83	185	0	348	false	1188	None
LINESTRING (3139670.349 229783.013, 3139667.999 229779.718)	83	185	0	349	false	1188	None
LINESTRING (3139667.999 229779.718, 3139660.272 229765.761)	83	185	0	350	false	1188	None
LINESTRING (3139660.272 229765.761, 3139657.122 229758.463)	83	185	0	351	false	1188	None
LINESTRING (3139657.122 229758.463, 3139654.054 229746.911)	83	185	0	352	false	1188	None
LINESTRING (3139654.054 229746.911, 3139651.535 229731.165)	83	185	0	353	false	1188	None
LINESTRING (3139651.535 229731.165, 3139648.991 229699.571)	83	185	0	354	false	1188	None
LINESTRING (3139648.991 229699.571, 3139648.557 229671.892)	83	185	0	355	false	1188	None
LINESTRING (3139648.557 229671.892, 3139649.332 229660.046)	83	185	0	356	false	1188	None
LINESTRING (3139649.332 229660.046, 3139653.6 229628.597)	83	185	0	357	false	1188	None
LINESTRING (3139653.6 229628.597, 3139657.564 229609.296)	83	185	0	358	false	1188	None
LINESTRING (3139657.564 229609.296, 3139664.079 229586.46)	83	185	0	359	false	1188	None
LINESTRING (3139664.079 229586.46, 3139671.916 229568.306)	83	185	0	360	false	1188	None
LINESTRING (3139671.916 229568.306, 3139677.881 229558)	83	185	0	361	false	1188	None
LINESTRING (3139677.881 229558, 3139682.4 229551.418)	83	185	0	362	false	1188	None
LINESTRING (3139682.4 229551.418, 3139689.654 229542.089)	83	185	0	363	false	1188	None
LINESTRING (3139689.654 229542.089, 3139697.851 229533.364)	83	185	0	364	false	1188	None
LINESTRING (3139697.851 229533.364, 3139718.019 229514.283)	83	185	0	365	false	1188	None
LINESTRING (3139718.019 229514.283, 3139727.038 229506.473)	83	185	0	366	false	1188	None
LINESTRING (3139727.038 229506.473, 3139733.326 229501.651)	83	185	0	367	false	1188	None
LINESTRING (3139733.326 229501.651, 3139774.45 229477.372)	83	185	0	368	false	1188	None
LINESTRING (3139774.45 229477.372, 3139800.251 229458.693)	83	185	0	369	false	1188	None
LINESTRING (3139800.251 229458.693, 3139809.576 229451.359)	83	185	0	370	false	1188	None
LINESTRING (3139809.576 229451.359, 3139827.313 229435.502)	83	185	0	371	false	1188	None
LINESTRING (3139827.313 229435.502, 3139844.229 229418.731)	83	185	0	372	false	1188	None
LINESTRING (3139844.229 229418.731, 3139851.609 229409.331)	83	185	0	373	false	1188	None
LINESTRING (3139851.609 229409.331, 3139876.96 229378.926)	83	185	0	374	false	1188	None
LINESTRING (3139876.96 229378.926, 3139888.955 229361.435)	83	185	0	375	false	1188	None
LINESTRING (3139888.955 229361.435, 3139894.87 229352.776)	83	185	0	376	false	1188	None
LINESTRING (3139894.87 229352.776, 3139907.245 229337.338)	83	185	0	377	false	1188	None
LINESTRING (3139907.245 229337.338, 3139911.894 229330.926)	83	185	0	378	false	1188	None
LINESTRING (3139911.894 229330.926, 3139949.03 229274.731)	83	185	0	379	false	1188	None
LINESTRING (3139949.03 229274.731, 3139953.679 229268.319)	83	185	0	380	false	1188	None
LINESTRING (3139953.679 229268.319, 3139966.185 229253.051)	83	185	0	381	false	1188	None
LINESTRING (3139966.185 229253.051, 3139978.344 229237.41)	83	185	0	382	false	1188	None
LINESTRING (3139978.344 229237.41, 3139988.46 229225.262)	83	185	0	383	false	1188	None
LINESTRING (3139988.46 229225.262, 3139995.584 229215.763)	83	185	0	384	false	1188	None
LINESTRING (3139995.584 229215.763, 3140006.585 229199.314)	83	185	0	385	false	1188	None
LINESTRING (3140006.585 229199.314, 3140010.372 229192.092)	83	185	0	386	false	1188	None
LINESTRING (3140010.372 229192.092, 3140012.125 229188.843)	83	185	0	387	false	1188	None
LINESTRING (3140012.125 229188.843, 3140015.32 229181.628)	83	185	0	388	false	1188	None
LINESTRING (3140015.32 229181.628, 3140024.346 229155.362)	83	185	0	389	false	1188	None
LINESTRING (3140024.346 229155.362, 3140026.603 229147.783)	83	185	0	390	false	1188	None
LINESTRING (3140026.603 229147.783, 3140029.033 229136.222)	83	185	0	391	false	1188	None
LINESTRING (3140029.033 229136.222, 3140029.502 229132.236)	83	185	0	392	false	1188	None
LINESTRING (3140029.502 229132.236, 3140029.571 229108.564)	83	185	0	393	false	1188	None
LINESTRING (3140029.571 229108.564, 3140028.904 229100.683)	83	185	0	394	false	1188	None
LINESTRING (3140028.904 229100.683, 3140026.214 229093.208)	83	185	0	395	false	1188	None
LINESTRING (3140026.214 229093.208, 3140022.812 229086.051)	83	185	0	396	false	1188	None
LINESTRING (3140022.812 229086.051, 3140020.712 229082.615)	83	185	0	397	false	1188	None
LINESTRING (3140020.712 229082.615, 3140015.514 229076.547)	83	185	0	398	false	1188	None
LINESTRING (3140015.514 229076.547, 3140006.388 229068.715)	83	185	0	399	false	1188	None
LINESTRING (3140006.388 229068.715, 3139992.578 229059.301)	83	185	0	400	false	1188	None
LINESTRING (3139992.578 229059.301, 3139977.893 229052.644)	83	185	0	401	false	1188	None
LINESTRING (3139977.893 229052.644, 3139963.821 229044.916)	83	185	0	402	false	1188	None
LINESTRING (3139963.821 229044.916, 3139948.867 229035.415)	83	185	0	403	false	1188	None
LINESTRING (3139948.867 229035.415, 3139909.491 229010.474)	83	185	0	404	false	1188	None
LINESTRING (3139909.491 229010.474, 3139903.214 229005.416)	83	185	0	405	false	1188	None
LINESTRING (3139903.214 229005.416, 3139852.466 228959.981)	83	185	0	406	false	1188	S:3139863.064608386 228969.47
LINESTRING (3139763.883 232900.945, 3139749.035 232877.31)	83	186	0	3176	false	4058	N:3139758.479044172 232892.343
LINESTRING (3139749.035 232877.31, 3139732.682 232854.52)	83	186	0	3177	false	4058	None
LINESTRING (3139732.682 232854.52, 3139725.097 232845.26)	83	186	0	3178	false	4058	None
LINESTRING (3139725.097 232845.26, 3139708.433 232828.066)	83	186	0	3179	false	4058	None
LINESTRING (3139708.433 232828.066, 3139699.519 232819.957)	83	186	0	3180	false	4058	None
LINESTRING (3139699.519 232819.957, 3139677.399 232802.667)	83	186	0	3181	false	4058	None
LINESTRING (3139677.399 232802.667, 3139657.878 232788.531)	83	186	0	3182	false	4058	None
LINESTRING (3139657.878 232788.531, 3139621.276 232763.828)	83	186	0	3183	false	4058	None
LINESTRING (3139621.276 232763.828, 3139612.612 232755.579)	83	186	0	3184	false	4058	None
LINESTRING (3139612.612 232755.579, 3139610.263 232752.284)	83	186	0	3185	false	4058	None
LINESTRING (3139610.263 232752.284, 3139606.277 232745.376)	83	186	0	3186	false	4058	None
LINESTRING (3139606.277 232745.376, 3139604.641 232741.762)	83	186	0	3187	false	4058	None
LINESTRING (3139604.641 232741.762, 3139602.752 232734.001)	83	186	0	3188	false	4058	None
LINESTRING (3139602.752 232734.001, 3139602.294 232730.131)	83	186	0	3189	false	4058	None
LINESTRING (3139602.294 232730.131, 3139603.965 232722.801)	83	186	0	3190	false	4058	None
LINESTRING (3139603.965 232722.801, 3139606.734 232715.421)	83	186	0	3191	false	4058	None
LINESTRING (3139606.734 232715.421, 3139608.568 232711.965)	83	186	0	3192	false	4058	None
LINESTRING (3139608.568 232711.965, 3139613.132 232705.521)	83	186	0	3193	false	4058	None
LINESTRING (3139613.132 232705.521, 3139624.456 232692.533)	83	186	0	3194	false	4058	None
LINESTRING (3139624.456 232692.533, 3139626.233 232690.484)	83	186	0	3195	false	4058	None
LINESTRING (3139626.233 232690.484, 3139642.331 232673.038)	83	186	0	3196	false	4058	None
LINESTRING (3139642.331 232673.038, 3139666.133 232641.317)	83	186	0	3197	false	4058	None
LINESTRING (3139666.133 232641.317, 3139676.464 232629.372)	83	186	0	3198	false	4058	None
LINESTRING (3139676.464 232629.372, 3139682.101 232623.702)	83	186	0	3199	false	4058	None
LINESTRING (3139682.101 232623.702, 3139688.043 232618.508)	83	186	0	3200	false	4058	None
LINESTRING (3139688.043 232618.508, 3139717.488 232598.269)	83	186	0	3201	false	4058	None
LINESTRING (3139717.488 232598.269, 3139724.342 232594.262)	83	186	0	3202	false	4058	None
LINESTRING (3139724.342 232594.262, 3139726.469 232592.826)	83	186	0	3203	false	4058	None
LINESTRING (3139726.469 232592.826, 3139740.82 232583.158)	83	186	0	3204	false	4058	None
LINESTRING (3139740.82 232583.158, 3139760.07 232568.962)	83	186	0	3205	false	4058	None
LINESTRING (3139760.07 232568.962, 3139775.546 232556.396)	83	186	0	3206	false	4058	None
LINESTRING (3139775.546 232556.396, 3139784.264 232548.35)	83	186	0	3207	false	4058	None
LINESTRING (3139784.264 232548.35, 3139797.326 232533.417)	83	186	0	3208	false	4058	None
LINESTRING (3139797.326 232533.417, 3139798.069 232532.515)	83	186	0	3209	false	4058	None
LINESTRING (3139798.069 232532.515, 3139804.365 232523.885)	83	186	0	3210	false	4058	None
LINESTRING (3139804.365 232523.885, 3139806.239 232520.326)	83	186	0	3211	false	4058	None
LINESTRING (3139806.239 232520.326, 3139810.586 232509.391)	83	186	0	3212	false	4058	None
LINESTRING (3139810.586 232509.391, 3139832.919 232467.571)	83	186	0	3213	false	4058	None
LINESTRING (3139832.919 232467.571, 3139844.596 232446.859)	83	186	0	3214	false	4058	None
LINESTRING (3139844.596 232446.859, 3139859.05 232423.296)	83	186	0	3215	false	4058	None
LINESTRING (3139859.05 232423.296, 3139866.174 232413.798)	83	186	0	3216	false	4058	None
LINESTRING (3139866.174 232413.798, 3139889.652 232386.953)	83	186	0	3217	false	4058	None
LINESTRING (3139889.652 232386.953, 3139906.006 232369.607)	83	186	0	3218	false	4058	None
LINESTRING (3139906.006 232369.607, 3139966.867 232307.148)	83	186	0	3219	false	4058	None
LINESTRING (3139966.867 232307.148, 3140009.996 232267.098)	83	186	0	3220	false	4058	None
LINESTRING (3140009.996 232267.098, 3140036.769 232242.129)	83	186	0	3221	false	4058	None
LINESTRING (3140036.769 232242.129, 3140095.787 232188.959)	83	186	0	3222	false	4058	None
LINESTRING (3140095.787 232188.959, 3140116.45 232171.382)	83	186	0	3223	false	4058	None
LINESTRING (3140116.45 232171.382, 3140189.455 232109.236)	83	186	0	3224	false	4058	None
LINESTRING (3140189.455 232109.236, 3140207.969 232094.159)	83	186	0	3225	false	4058	None
LINESTRING (3140207.969 232094.159, 3140223.972 232082.514)	83	186	0	3226	false	4058	None
LINESTRING (3140223.972 232082.514, 3140230.912 232078.541)	83	186	0	3227	false	4058	None
LINESTRING (3140230.912 232078.541, 3140256.129 232066.664)	83	186	0	3228	false	4058	None
LINESTRING (3140256.129 232066.664, 3140263.554 232063.714)	83	186	0	3229	false	4058	None
LINESTRING (3140263.554 232063.714, 3140282.722 232058.062)	83	186	0	3230	false	4058	None
LINESTRING (3140282.722 232058.062, 3140298.248 232054.21)	83	186	0	3231	false	4058	None
LINESTRING (3140298.248 232054.21, 3140310.041 232051.885)	83	186	0	3232	false	4058	None
LINESTRING (3140310.041 232051.885, 3140325.851 232049.573)	83	186	0	3233	false	4058	None
LINESTRING (3140325.851 232049.573, 3140345.728 232047.651)	83	186	0	3234	false	4058	None
LINESTRING (3140345.728 232047.651, 3140381.665 232045.3)	83	186	0	3235	false	4058	None
LINESTRING (3140381.665 232045.3, 3140398.491 232045.17)	83	186	0	3236	false	4058	None
LINESTRING (3140398.491 232045.17, 3140405.764 232045.138)	83	186	0	3237	false	4058	None
LINESTRING (3140405.764 232045.138, 3140433.793 232046.979)	83	186	0	3238	false	4058	None
LINESTRING (3140433.793 232046.979, 3140449.699 232049.469)	83	186	0	3239	false	4058	None
LINESTRING (3140449.699 232049.469, 3140462.31 232052.107)	83	186	0	3240	false	4058	None
LINESTRING (3140462.31 232052.107, 3140473.878 232055.412)	83	186	0	3241	false	4058	None
LINESTRING (3140473.878 232055.412, 3140489.039 232060.828)	83	186	0	3242	false	4058	None
LINESTRING (3140489.039 232060.828, 3140514.682 232072.342)	83	186	0	3243	false	4058	None
LINESTRING (3140514.682 232072.342, 3140546.976 232088.704)	83	186	0	3244	false	4058	None
LINESTRING (3140546.976 232088.704, 3140595.946 232116.431)	83	186	0	3245	false	4058	None
LINESTRING (3140595.946 232116.431, 3140681.158 232169.798)	83	186	0	3246	false	4058	None
LINESTRING (3140681.158 232169.798, 3140691.921 232175.172)	83	186	0	3247	false	4058	None
LINESTRING (3140691.921 232175.172, 3140703.051 232179.855)	83	186	0	3248	false	4058	None
LINESTRING (3140703.051 232179.855, 3140722.204 232186.108)	83	186	0	3249	false	4058	None
LINESTRING (3140722.204 232186.108, 3140733.846 232188.966)	83	186	0	3250	false	4058	None
LINESTRING (3140733.846 232188.966, 3140745.69 232191.307)	83	186	0	3251	false	4058	None
LINESTRING (3140745.69 232191.307, 3140761.637 232193.694)	83	186	0	3252	false	4058	None
LINESTRING (3140761.637 232193.694, 3140777.609 232195.257)	83	186	0	3253	false	4058	None
LINESTRING (3140777.609 232195.257, 3140789.63 232195.88)	83	186	0	3254	false	4058	None
LINESTRING (3140789.63 232195.88, 3140801.637 232195.783)	83	186	0	3255	false	4058	None
LINESTRING (3140801.637 232195.783, 3140817.682 232194.635)	83	186	0	3256	false	4058	None
LINESTRING (3140817.682 232194.635, 3140829.53 232192.927)	83	186	0	3257	false	4058	None
LINESTRING (3140829.53 232192.927, 3140860.762 232185.772)	83	186	0	3258	false	4058	None
LINESTRING (3140860.762 232185.772, 3140872.695 232184.098)	83	186	0	3259	false	4058	None
LINESTRING (3140872.695 232184.098, 3140884.728 232183.177)	83	186	0	3260	false	4058	None
LINESTRING (3140884.728 232183.177, 3140900.711 232183.197)	83	186	0	3261	false	4058	None
LINESTRING (3140900.711 232183.197, 3140916.769 232184.794)	83	186	0	3262	false	4058	None
LINESTRING (3140916.769 232184.794, 3140928.608 232186.894)	83	186	0	3263	false	4058	None
LINESTRING (3140928.608 232186.894, 3140944.243 232190.589)	83	186	0	3264	false	4058	None
LINESTRING (3140944.243 232190.589, 3140955.614 232194.652)	83	186	0	3265	false	4058	None
LINESTRING (3140955.614 232194.652, 3140974.163 232202.458)	83	186	0	3266	false	4058	None
LINESTRING (3140974.163 232202.458, 3141010.287 232220.073)	83	186	0	3267	false	4058	None
LINESTRING (3141010.287 232220.073, 3141021.291 232224.827)	83	186	0	3268	false	4058	None
LINESTRING (3141021.291 232224.827, 3141032.582 232229.097)	83	186	0	3269	false	4058	None
LINESTRING (3141032.582 232229.097, 3141051.81 232234.904)	83	186	0	3270	false	4058	None
LINESTRING (3141051.81 232234.904, 3141063.493 232237.659)	83	186	0	3271	false	4058	None
LINESTRING (3141063.493 232237.659, 3141071.426 232238.956)	83	186	0	3272	false	4058	None
LINESTRING (3141071.426 232238.956, 3141083.452 232239.819)	83	186	0	3273	false	4058	None
LINESTRING (3141083.452 232239.819, 3141091.482 232239.606)	83	186	0	3274	false	4058	None
LINESTRING (3141091.482 232239.606, 3141103.429 232238.652)	83	186	0	3275	false	4058	None
LINESTRING (3141103.429 232238.652, 3141115.322 232237.082)	83	186	0	3276	false	4058	None
LINESTRING (3141115.322 232237.082, 3141142.732 232231.181)	83	186	0	3277	false	4058	None
LINESTRING (3141142.732 232231.181, 3141173.604 232222.935)	83	186	0	3278	false	4058	None
LINESTRING (3141173.604 232222.935, 3141196.421 232215.725)	83	186	0	3279	false	4058	None
LINESTRING (3141196.421 232215.725, 3141201.487 232215.312)	83	186	0	3280	false	4058	None
LINESTRING (3141201.487 232215.312, 3141210.589 232215.873)	83	186	0	3281	false	4058	None
LINESTRING (3141210.589 232215.873, 3141222.116 232219.282)	83	186	0	3282	false	4058	None
LINESTRING (3141222.116 232219.282, 3141225.705 232221.154)	83	186	0	3283	false	4058	None
LINESTRING (3141225.705 232221.154, 3141232.06 232226.006)	83	186	0	3284	false	4058	None
LINESTRING (3141232.06 232226.006, 3141236.104 232229.484)	83	186	0	3285	false	4058	None
LINESTRING (3141236.104 232229.484, 3141253.067 232244.654)	83	186	0	3286	false	4058	None
LINESTRING (3141253.067 232244.654, 3141278.571 232264.097)	83	186	0	3287	false	4058	None
LINESTRING (3141278.571 232264.097, 3141301.304 232286.632)	83	186	0	3288	false	4058	None
LINESTRING (3141301.304 232286.632, 3141309.47 232295.404)	83	186	0	3289	false	4058	None
LINESTRING (3141309.47 232295.404, 3141327.489 232316.94)	83	186	0	3290	false	4058	None
LINESTRING (3141327.489 232316.94, 3141339.27 232333.073)	83	186	0	3291	false	4058	None
LINESTRING (3141339.27 232333.073, 3141359.843 232357.627)	83	186	0	3292	false	4058	None
LINESTRING (3141359.843 232357.627, 3141368.261 232366.259)	83	186	0	3293	false	4058	None
LINESTRING (3141368.261 232366.259, 3141386.004 232382.448)	83	186	0	3294	false	4058	None
LINESTRING (3141386.004 232382.448, 3141401.398 232395.341)	83	186	0	3295	false	4058	None
LINESTRING (3141401.398 232395.341, 3141414.027 232405.253)	83	186	0	3296	false	4058	None
LINESTRING (3141414.027 232405.253, 3141427.273 232414.333)	83	186	0	3297	false	4058	None
LINESTRING (3141427.273 232414.333, 3141437.629 232420.503)	83	186	0	3298	false	4058	None
LINESTRING (3141437.629 232420.503, 3141455.409 232430.036)	83	186	0	3299	false	4058	None
LINESTRING (3141455.409 232430.036, 3141473.631 232438.431)	83	186	0	3300	false	4058	None
LINESTRING (3141473.631 232438.431, 3141509.588 232456.222)	83	186	0	3301	false	4058	None
LINESTRING (3141509.588 232456.222, 3141520.677 232461.009)	83	186	0	3302	false	4058	None
LINESTRING (3141520.677 232461.009, 3141565.833 232477.851)	83	186	0	3303	false	4058	None
LINESTRING (3141565.833 232477.851, 3141581.155 232482.855)	83	186	0	3304	false	4058	None
LINESTRING (3141581.155 232482.855, 3141604.445 232488.814)	83	186	0	3305	false	4058	None
LINESTRING (3141604.445 232488.814, 3141620.455 232492.299)	83	186	0	3306	false	4058	None
LINESTRING (3141620.455 232492.299, 3141628.057 232493.944)	83	186	0	3307	false	4058	None
LINESTRING (3141628.057 232493.944, 3141655.681 232498.849)	83	186	0	3308	false	4058	None
LINESTRING (3141655.681 232498.849, 3141667.636 232500.4)	83	186	0	3309	false	4058	None
LINESTRING (3141667.636 232500.4, 3141683.674 232501.038)	83	186	0	3310	false	4058	None
LINESTRING (3141683.674 232501.038, 3141695.717 232500.598)	83	186	0	3311	false	4058	None
LINESTRING (3141695.717 232500.598, 3141711.662 232498.699)	83	186	0	3312	false	4058	None
LINESTRING (3141711.662 232498.699, 3141723.411 232496.24)	83	186	0	3313	false	4058	None
LINESTRING (3141723.411 232496.24, 3141750.186 232488.189)	83	186	0	3314	false	4058	None
LINESTRING (3141750.186 232488.189, 3141787.54 232474.127)	83	186	0	3315	false	4058	None
LINESTRING (3141787.54 232474.127, 3141798.393 232469.175)	83	186	0	3316	false	4058	None
LINESTRING (3141798.393 232469.175, 3141808.806 232463.338)	83	186	0	3317	false	4058	None
LINESTRING (3141808.806 232463.338, 3141821.946 232454.273)	83	186	0	3318	false	4058	None
LINESTRING (3141821.946 232454.273, 3141834.003 232443.954)	83	186	0	3319	false	4058	None
LINESTRING (3141834.003 232443.954, 3141842.162 232435.335)	83	186	0	3320	false	4058	None
LINESTRING (3141842.162 232435.335, 3141849.59 232426.074)	83	186	0	3321	false	4058	None
LINESTRING (3141849.59 232426.074, 3141854.195 232419.527)	83	186	0	3322	false	4058	None
LINESTRING (3141854.195 232419.527, 3141860.295 232409.392)	83	186	0	3323	false	4058	None
LINESTRING (3141860.295 232409.392, 3141870.909 232388.15)	83	186	0	3324	false	4058	None
LINESTRING (3141870.909 232388.15, 3141885.061 232355.538)	83	186	0	3325	false	4058	None
LINESTRING (3141885.061 232355.538, 3141890.473 232340.61)	83	186	0	3326	false	4058	None
LINESTRING (3141890.473 232340.61, 3141895.164 232329.808)	83	186	0	3327	false	4058	None
LINESTRING (3141895.164 232329.808, 3141900.536 232319.271)	83	186	0	3328	false	4058	None
LINESTRING (3141900.536 232319.271, 3141910.6 232302.221)	83	186	0	3329	false	4058	None
LINESTRING (3141910.6 232302.221, 3141917.511 232292.521)	83	186	0	3330	false	4058	None
LINESTRING (3141917.511 232292.521, 3141925.154 232283.463)	83	186	0	3331	false	4058	None
LINESTRING (3141925.154 232283.463, 3141930.622 232277.728)	83	186	0	3332	false	4058	None
LINESTRING (3141930.622 232277.728, 3141936.435 232272.366)	83	186	0	3333	false	4058	None
LINESTRING (3141936.435 232272.366, 3141964.059 232249.518)	83	186	0	3334	false	4058	None
LINESTRING (3141964.059 232249.518, 3141985.789 232232.24)	83	186	0	3335	false	4058	None
LINESTRING (3141985.789 232232.24, 3141995.592 232225.451)	83	186	0	3336	false	4058	None
LINESTRING (3141995.592 232225.451, 3142006.005 232219.614)	83	186	0	3337	false	4058	None
LINESTRING (3142006.005 232219.614, 3142014.049 232215.834)	83	186	0	3338	false	4058	None
LINESTRING (3142014.049 232215.834, 3142032.684 232208.787)	83	186	0	3339	false	4058	None
LINESTRING (3142032.684 232208.787, 3142044.207 232205.645)	83	186	0	3340	false	4058	None
LINESTRING (3142044.207 232205.645, 3142078.5 232199.207)	83	186	0	3341	false	4058	None
LINESTRING (3142078.5 232199.207, 3142083.682 232198.245)	83	186	0	3342	false	4058	None
LINESTRING (3142083.682 232198.245, 3142111.378 232193.887)	83	186	0	3343	false	4058	None
LINESTRING (3142111.378 232193.887, 3142123.276 232192.558)	83	186	0	3344	false	4058	None
LINESTRING (3142123.276 232192.558, 3142143.209 232191.257)	83	186	0	3345	false	4058	None
LINESTRING (3142143.209 232191.257, 3142155.212 232190.922)	83	186	0	3346	false	4058	None
LINESTRING (3142155.212 232190.922, 3142187.406 232191.649)	83	186	0	3347	false	4058	None
LINESTRING (3142187.406 232191.649, 3142199.323 232191.281)	83	186	0	3348	false	4058	None
LINESTRING (3142199.323 232191.281, 3142211.356 232190.362)	83	186	0	3349	false	4058	None
LINESTRING (3142211.356 232190.362, 3142226.978 232187.027)	83	186	0	3350	false	4058	None
LINESTRING (3142226.978 232187.027, 3142234.495 232184.352)	83	186	0	3351	false	4058	None
LINESTRING (3142234.495 232184.352, 3142244.953 232178.651)	83	186	0	3352	false	4058	None
LINESTRING (3142244.953 232178.651, 3142257.708 232169.318)	83	186	0	3353	false	4058	None
LINESTRING (3142257.708 232169.318, 3142265.649 232177.409)	83	186	0	3354	false	4058	E:3142259.551 232171.1958129957
LINESTRING (3139852.466 228959.981, 3139903.214 229005.416)	83	1609	0	927	false	1034	S:3139863.064608386 228969.47
LINESTRING (3139903.214 229005.416, 3139909.491 229010.474)	83	1609	0	928	false	1034	None
LINESTRING (3139909.491 229010.474, 3139948.867 229035.415)	83	1609	0	929	false	1034	None
LINESTRING (3139948.867 229035.415, 3139963.821 229044.916)	83	1609	0	930	false	1034	None
LINESTRING (3139963.821 229044.916, 3139977.893 229052.644)	83	1609	0	931	false	1034	None
LINESTRING (3139977.893 229052.644, 3139992.578 229059.301)	83	1609	0	932	false	1034	None
LINESTRING (3139992.578 229059.301, 3140006.388 229068.715)	83	1609	0	933	false	1034	None
LINESTRING (3140006.388 229068.715, 3140015.514 229076.547)	83	1609	0	934	false	1034	None
LINESTRING (3140015.514 229076.547, 3140020.712 229082.615)	83	1609	0	935	false	1034	None
LINESTRING (3140020.712 229082.615, 3140022.812 229086.051)	83	1609	0	936	false	1034	None
LINESTRING (3140022.812 229086.051, 3140026.214 229093.208)	83	1609	0	937	false	1034	None
LINESTRING (3140026.214 229093.208, 3140028.904 229100.683)	83	1609	0	938	false	1034	None
LINESTRING (3140028.904 229100.683, 3140029.571 229108.564)	83	1609	0	939	false	1034	None
LINESTRING (3140029.571 229108.564, 3140029.502 229132.236)	83	1609	0	940	false	1034	None
LINESTRING (3140029.502 229132.236, 3140029.033 229136.222)	83	1609	0	941	false	1034	None
LINESTRING (3140029.033 229136.222, 3140026.603 229147.783)	83	1609	0	942	false	1034	None
LINESTRING (3140026.603 229147.783, 3140024.346 229155.362)	83	1609	0	943	false	1034	None
LINESTRING (3140024.346 229155.362, 3140015.32 229181.628)	83	1609	0	944	false	1034	None
LINESTRING (3140015.32 229181.628, 3140012.125 229188.843)	83	1609	0	945	false	1034	None
LINESTRING (3140012.125 229188.843, 3140010.372 229192.092)	83	1609	0	946	false	1034	None
LINESTRING (3140010.372 229192.092, 3140004.695 229189.529)	83	1609	0	947	false	1034	None
LINESTRING (3140004.695 229189.529, 3139998.933 229186.934)	83	1609	0	948	false	1034	None
LINESTRING (3139998.933 229186.934, 3139908.434 229145.826)	83	1609	0	949	false	1034	None
LINESTRING (3139908.434 229145.826, 3139749.26 229074.115)	83	1609	0	950	false	1034	None
LINESTRING (3139749.26 229074.115, 3139690.184 229049.621)	83	1609	0	951	false	1034	None
LINESTRING (3139690.184 229049.621, 3139591.11 229007.093)	83	1609	0	952	false	1034	None
LINESTRING (3139591.11 229007.093, 3139448.192 228944.561)	83	1609	0	953	false	1034	S:3139505.1219632505 228969.47
LINESTRING (3139448.192 228944.561, 3139591.11 229007.093)	83	1612	0	644	false	1573	S:3139505.1219632505 228969.47
LINESTRING (3139591.11 229007.093, 3139690.184 229049.621)	83	1612	0	645	false	1573	None
LINESTRING (3139690.184 229049.621, 3139749.26 229074.115)	83	1612	0	646	false	1573	None
LINESTRING (3139749.26 229074.115, 3139908.434 229145.826)	83	1612	0	647	false	1573	None
LINESTRING (3139908.434 229145.826, 3139998.933 229186.934)	83	1612	0	648	false	1573	None
LINESTRING (3139998.933 229186.934, 3140004.695 229189.529)	83	1612	0	649	false	1573	None
LINESTRING (3140004.695 229189.529, 3140010.372 229192.092)	83	1612	0	650	false	1573	None
LINESTRING (3140010.372 229192.092, 3140006.585 229199.314)	83	1612	0	651	false	1573	None
LINESTRING (3140006.585 229199.314, 3139995.584 229215.763)	83	1612	0	652	false	1573	None
LINESTRING (3139995.584 229215.763, 3139988.46 229225.262)	83	1612	0	653	false	1573	None
LINESTRING (3139988.46 229225.262, 3139978.344 229237.41)	83	1612	0	654	false	1573	None
LINESTRING (3139978.344 229237.41, 3139966.185 229253.051)	83	1612	0	655	false	1573	None
LINESTRING (3139966.185 229253.051, 3139953.679 229268.319)	83	1612	0	656	false	1573	None
LINESTRING (3139953.679 229268.319, 3139949.03 229274.731)	83	1612	0	657	false	1573	None
LINESTRING (3139949.03 229274.731, 3139911.894 229330.926)	83	1612	0	658	false	1573	None
LINESTRING (3139911.894 229330.926, 3139907.245 229337.338)	83	1612	0	659	false	1573	None
LINESTRING (3139907.245 229337.338, 3139894.87 229352.776)	83	1612	0	660	false	1573	None
LINESTRING (3139894.87 229352.776, 3139888.955 229361.435)	83	1612	0	661	false	1573	None
LINESTRING (3139888.955 229361.435, 3139876.96 229378.926)	83	1612	0	662	false	1573	None
LINESTRING (3139876.96 229378.926, 3139851.609 229409.331)	83	1612	0	663	false	1573	None
LINESTRING (3139851.609 229409.331, 3139844.229 229418.731)	83	1612	0	664	false	1573	None
LINESTRING (3139844.229 229418.731, 3139827.313 229435.502)	83	1612	0	665	false	1573	None
LINESTRING (3139827.313 229435.502, 3139809.576 229451.359)	83	1612	0	666	false	1573	None
LINESTRING (3139809.576 229451.359, 3139800.251 229458.693)	83	1612	0	667	false	1573	None
LINESTRING (3139800.251 229458.693, 3139774.45 229477.372)	83	1612	0	668	false	1573	None
LINESTRING (3139774.45 229477.372, 3139733.326 229501.651)	83	1612	0	669	false	1573	None
LINESTRING (3139733.326 229501.651, 3139727.038 229506.473)	83	1612	0	670	false	1573	None
LINESTRING (3139727.038 229506.473, 3139718.019 229514.283)	83	1612	0	671	false	1573	None
LINESTRING (3139718.019 229514.283, 3139697.851 229533.364)	83	1612	0	672	false	1573	None
LINESTRING (3139697.851 229533.364, 3139689.654 229542.089)	83	1612	0	673	false	1573	None
LINESTRING (3139689.654 229542.089, 3139682.4 229551.418)	83	1612	0	674	false	1573	None
LINESTRING (3139682.4 229551.418, 3139677.881 229558)	83	1612	0	675	false	1573	None
LINESTRING (3139677.881 229558, 3139671.916 229568.306)	83	1612	0	676	false	1573	None
LINESTRING (3139671.916 229568.306, 3139664.079 229586.46)	83	1612	0	677	false	1573	None
LINESTRING (3139664.079 229586.46, 3139657.564 229609.296)	83	1612	0	678	false	1573	None
LINESTRING (3139657.564 229609.296, 3139653.6 229628.597)	83	1612	0	679	false	1573	None
LINESTRING (3139653.6 229628.597, 3139649.332 229660.046)	83	1612	0	680	false	1573	None
LINESTRING (3139649.332 229660.046, 3139648.557 229671.892)	83	1612	0	681	false	1573	None
LINESTRING (3139648.557 229671.892, 3139648.991 229699.571)	83	1612	0	682	false	1573	None
LINESTRING (3139648.991 229699.571, 3139651.535 229731.165)	83	1612	0	683	false	1573	None
LINESTRING (3139651.535 229731.165, 3139654.054 229746.911)	83	1612	0	684	false	1573	None
LINESTRING (3139654.054 229746.911, 3139657.122 229758.463)	83	1612	0	685	false	1573	None
LINESTRING (3139657.122 229758.463, 3139660.272 229765.761)	83	1612	0	686	false	1573	None
LINESTRING (3139660.272 229765.761, 3139667.999 229779.718)	83	1612	0	687	false	1573	None
LINESTRING (3139667.999 229779.718, 3139670.349 229783.013)	83	1612	0	688	false	1573	None
LINESTRING (3139670.349 229783.013, 3139683.221 229798.374)	83	1612	0	689	false	1573	None
LINESTRING (3139683.221 229798.374, 3139689.333 229803.606)	83	1612	0	690	false	1573	None
LINESTRING (3139689.333 229803.606, 3139692.677 229805.858)	83	1612	0	691	false	1573	None
LINESTRING (3139692.677 229805.858, 3139699.893 229809.256)	83	1612	0	692	false	1573	None
LINESTRING (3139699.893 229809.256, 3139719.444 229813.992)	83	1612	0	693	false	1573	None
LINESTRING (3139719.444 229813.992, 3139727.383 229815.528)	83	1612	0	694	false	1573	None
LINESTRING (3139727.383 229815.528, 3139732.886 229815.76)	83	1612	0	695	false	1573	None
LINESTRING (3139732.886 229815.76, 3139755.448 229816.783)	83	1612	0	696	false	1573	None
LINESTRING (3139755.448 229816.783, 3139775.448 229816.573)	83	1612	0	697	false	1573	None
LINESTRING (3139775.448 229816.573, 3139795.029 229812.389)	83	1612	0	698	false	1573	None
LINESTRING (3139795.029 229812.389, 3139806.639 229809.277)	83	1612	0	699	false	1573	None
LINESTRING (3139806.639 229809.277, 3139833.24 229800.913)	83	1612	0	700	false	1573	None
LINESTRING (3139833.24 229800.913, 3139836.888 229799.353)	83	1612	0	701	false	1573	None
LINESTRING (3139836.888 229799.353, 3139850.961 229794.697)	83	1612	0	702	false	1573	None
LINESTRING (3139850.961 229794.697, 3139868.98 229786.453)	83	1612	0	703	false	1573	None
LINESTRING (3139868.98 229786.453, 3139880.991 229775.994)	83	1612	0	704	false	1573	None
LINESTRING (3139880.991 229775.994, 3139889.579 229767.778)	83	1612	0	705	false	1573	None
LINESTRING (3139889.579 229767.778, 3139901.909 229752.203)	83	1612	0	706	false	1573	None
LINESTRING (3139901.909 229752.203, 3139907.854 229751.297)	83	1612	0	707	false	1573	None
LINESTRING (3139907.854 229751.297, 3139909.795 229751.098)	83	1612	0	708	false	1573	None
LINESTRING (3139909.795 229751.098, 3139917.266 229748.284)	83	1612	0	709	false	1573	None
LINESTRING (3139917.266 229748.284, 3139920.824 229746.451)	83	1612	0	710	false	1573	None
LINESTRING (3139920.824 229746.451, 3139924.743 229743.686)	83	1612	0	711	false	1573	None
LINESTRING (3139924.743 229743.686, 3139929.998 229740.011)	83	1612	0	712	false	1573	None
LINESTRING (3139929.998 229740.011, 3139930.54 229739.626)	83	1612	0	713	false	1573	None
LINESTRING (3139930.54 229739.626, 3139939.559 229731.816)	83	1612	0	714	false	1573	None
LINESTRING (3139939.559 229731.816, 3139946.284 229727.64)	83	1612	0	715	false	1573	None
LINESTRING (3139946.284 229727.64, 3139953.845 229725.099)	83	1612	0	716	false	1573	None
LINESTRING (3139953.845 229725.099, 3139965.459 229722.227)	83	1612	0	717	false	1573	None
LINESTRING (3139965.459 229722.227, 3139977.359 229720.895)	83	1612	0	718	false	1573	None
LINESTRING (3139977.359 229720.895, 3139993.225 229721.223)	83	1612	0	719	false	1573	None
LINESTRING (3139993.225 229721.223, 3140001.202 229720.392)	83	1612	0	720	false	1573	None
LINESTRING (3140001.202 229720.392, 3140005.07 229719.274)	83	1612	0	721	false	1573	None
LINESTRING (3140005.07 229719.274, 3140015.092 229712.925)	83	1612	0	722	false	1573	None
LINESTRING (3140015.092 229712.925, 3140023.11 229709.967)	83	1612	0	723	false	1573	None
LINESTRING (3140023.11 229709.967, 3140029.994 229707.401)	83	1612	0	724	false	1573	None
LINESTRING (3140029.994 229707.401, 3140040.361 229701.425)	83	1612	0	725	false	1573	None
LINESTRING (3140040.361 229701.425, 3140046.911 229696.942)	83	1612	0	726	false	1573	None
LINESTRING (3140046.911 229696.942, 3140065.3 229681.935)	83	1612	0	727	false	1573	None
LINESTRING (3140065.3 229681.935, 3140073.242 229673.111)	83	1612	0	728	false	1573	None
LINESTRING (3140073.242 229673.111, 3140078.192 229666.936)	83	1612	0	729	false	1573	None
LINESTRING (3140078.192 229666.936, 3140078.805 229665.864)	83	1612	0	730	false	1573	None
LINESTRING (3140078.805 229665.864, 3140086.162 229653.24)	83	1612	0	731	false	1573	None
LINESTRING (3140086.162 229653.24, 3140092.254 229634.527)	83	1612	0	732	false	1573	None
LINESTRING (3140092.254 229634.527, 3140092.723 229630.541)	83	1612	0	733	false	1573	None
LINESTRING (3140092.723 229630.541, 3140092.267 229622.623)	83	1612	0	734	false	1573	None
LINESTRING (3140092.267 229622.623, 3140090.736 229615.954)	83	1612	0	735	false	1573	None
LINESTRING (3140090.736 229615.954, 3140105.496 229605.492)	83	1612	0	736	false	1573	None
LINESTRING (3140105.496 229605.492, 3140122.588 229595.34)	83	1612	0	737	false	1573	None
LINESTRING (3140122.588 229595.34, 3140151.587 229582.072)	83	1612	0	738	false	1573	None
LINESTRING (3140151.587 229582.072, 3140162.04 229576.129)	83	1612	0	739	false	1573	None
LINESTRING (3140162.04 229576.129, 3140192.487 229557.113)	83	1612	0	740	false	1573	None
LINESTRING (3140192.487 229557.113, 3140216.74 229543.431)	83	1612	0	741	false	1573	None
LINESTRING (3140216.74 229543.431, 3140226.717 229536.946)	83	1612	0	742	false	1573	None
LINESTRING (3140226.717 229536.946, 3140252.694 229518.574)	83	1612	0	743	false	1573	None
LINESTRING (3140252.694 229518.574, 3140276.507 229504.007)	83	1612	0	744	false	1573	None
LINESTRING (3140276.507 229504.007, 3140297.593 229492.668)	83	1612	0	745	false	1573	None
LINESTRING (3140297.593 229492.668, 3140308.317 229487.544)	83	1612	0	746	false	1573	None
LINESTRING (3140308.317 229487.544, 3140334.464 229477.576)	83	1612	0	747	false	1573	None
LINESTRING (3140334.464 229477.576, 3140346.129 229475.081)	83	1612	0	748	false	1573	None
LINESTRING (3140346.129 229475.081, 3140357.975 229473.133)	83	1612	0	749	false	1573	None
LINESTRING (3140357.975 229473.133, 3140374.007 229473.288)	83	1612	0	750	false	1573	None
LINESTRING (3140374.007 229473.288, 3140390.064 229474.644)	83	1612	0	751	false	1573	None
LINESTRING (3140390.064 229474.644, 3140405.93 229476.996)	83	1612	0	752	false	1573	None
LINESTRING (3140405.93 229476.996, 3140433.416 229483.031)	83	1612	0	753	false	1573	None
LINESTRING (3140433.416 229483.031, 3140460.591 229490.373)	83	1612	0	754	false	1573	None
LINESTRING (3140460.591 229490.373, 3140480.293 229494.216)	83	1612	0	755	false	1573	None
LINESTRING (3140480.293 229494.216, 3140506.42 229499.961)	83	1612	0	756	false	1573	None
LINESTRING (3140506.42 229499.961, 3140574.273 229515.248)	83	1612	0	757	false	1573	None
LINESTRING (3140574.273 229515.248, 3140601.407 229522.694)	83	1612	0	758	false	1573	None
LINESTRING (3140601.407 229522.694, 3140624.785 229528.443)	83	1612	0	759	false	1573	None
LINESTRING (3140624.785 229528.443, 3140658.851 229537.748)	83	1612	0	760	false	1573	None
LINESTRING (3140658.851 229537.748, 3140663.57 229538.987)	83	1612	0	761	false	1573	None
LINESTRING (3140663.57 229538.987, 3140713.776 229553.73)	83	1612	0	762	false	1573	None
LINESTRING (3140713.776 229553.73, 3140736.681 229561.201)	83	1612	0	763	false	1573	None
LINESTRING (3140736.681 229561.201, 3140751.807 229566.721)	83	1612	0	764	false	1573	None
LINESTRING (3140751.807 229566.721, 3140762.98 229571.3)	83	1612	0	765	false	1573	None
LINESTRING (3140762.98 229571.3, 3140784.107 229582.844)	83	1612	0	766	false	1573	None
LINESTRING (3140784.107 229582.844, 3140787.456 229585.336)	83	1612	0	767	false	1573	None
LINESTRING (3140787.456 229585.336, 3140800.005 229595.214)	83	1612	0	768	false	1573	None
LINESTRING (3140800.005 229595.214, 3140802.853 229597.988)	83	1612	0	769	false	1573	None
LINESTRING (3140802.853 229597.988, 3140809.317 229608.122)	83	1612	0	770	false	1573	None
LINESTRING (3140809.317 229608.122, 3140814.817 229618.715)	83	1612	0	771	false	1573	None
LINESTRING (3140814.817 229618.715, 3140817.591 229626.224)	83	1612	0	772	false	1573	None
LINESTRING (3140817.591 229626.224, 3140820.447 229637.814)	83	1612	0	773	false	1573	None
LINESTRING (3140820.447 229637.814, 3140820.308 229649.789)	83	1612	0	774	false	1573	None
LINESTRING (3140820.308 229649.789, 3140819.686 229656.693)	83	1612	0	775	false	1573	None
LINESTRING (3140819.686 229656.693, 3140815.127 229676.002)	83	1612	0	776	false	1573	None
LINESTRING (3140815.127 229676.002, 3140809.164 229694.883)	83	1612	0	777	false	1573	None
LINESTRING (3140809.164 229694.883, 3140802.519 229713.5)	83	1612	0	778	false	1573	None
LINESTRING (3140802.519 229713.5, 3140788.798 229741.992)	83	1612	0	779	false	1573	None
LINESTRING (3140788.798 229741.992, 3140779.42 229759.309)	83	1612	0	780	false	1573	None
LINESTRING (3140779.42 229759.309, 3140768.81 229780.554)	83	1612	0	781	false	1573	None
LINESTRING (3140768.81 229780.554, 3140750.702 229820.084)	83	1612	0	782	false	1573	None
LINESTRING (3140750.702 229820.084, 3140745.078 229834.81)	83	1612	0	783	false	1573	None
LINESTRING (3140745.078 229834.81, 3140740.437 229850.038)	83	1612	0	784	false	1573	None
LINESTRING (3140740.437 229850.038, 3140736.294 229877.368)	83	1612	0	785	false	1573	None
LINESTRING (3140736.294 229877.368, 3140734.432 229912.969)	83	1612	0	786	false	1573	None
LINESTRING (3140734.432 229912.969, 3140734.503 229924.906)	83	1612	0	787	false	1573	None
LINESTRING (3140734.503 229924.906, 3140736.323 229960.627)	83	1612	0	788	false	1573	None
LINESTRING (3140736.323 229960.627, 3140738.162 229976.348)	83	1612	0	789	false	1573	None
LINESTRING (3140738.162 229976.348, 3140746.39 230015.274)	83	1612	0	790	false	1573	None
LINESTRING (3140746.39 230015.274, 3140751.473 230034.518)	83	1612	0	791	false	1573	None
LINESTRING (3140751.473 230034.518, 3140752.438 230038.347)	83	1612	0	792	false	1573	None
LINESTRING (3140752.438 230038.347, 3140755.923 230053.874)	83	1612	0	793	false	1573	None
LINESTRING (3140755.923 230053.874, 3140758.058 230069.591)	83	1612	0	794	false	1573	None
LINESTRING (3140758.058 230069.591, 3140763.852 230096.852)	83	1612	0	795	false	1573	None
LINESTRING (3140763.852 230096.852, 3140779.183 230154.617)	83	1612	0	796	false	1573	None
LINESTRING (3140779.183 230154.617, 3140789.265 230189.023)	83	1612	0	797	false	1573	None
LINESTRING (3140789.265 230189.023, 3140804.51 230246.755)	83	1612	0	798	false	1573	None
LINESTRING (3140804.51 230246.755, 3140819.044 230296.469)	83	1612	0	799	false	1573	None
LINESTRING (3140819.044 230296.469, 3140824.211 230315.746)	83	1612	0	800	false	1573	None
LINESTRING (3140824.211 230315.746, 3140838.324 230357.198)	83	1612	0	801	false	1573	None
LINESTRING (3140838.324 230357.198, 3140842.946 230368.283)	83	1612	0	802	false	1573	None
LINESTRING (3140842.946 230368.283, 3140851.765 230386.24)	83	1612	0	803	false	1573	None
LINESTRING (3140851.765 230386.24, 3140876.494 230431.937)	83	1612	0	804	false	1573	None
LINESTRING (3140876.494 230431.937, 3140892.456 230462.317)	83	1612	0	805	false	1573	None
LINESTRING (3140892.456 230462.317, 3140896.664 230469.669)	83	1612	0	806	false	1573	None
LINESTRING (3140896.664 230469.669, 3140909.963 230493.774)	83	1612	0	807	false	1573	None
LINESTRING (3140909.963 230493.774, 3140936.962 230547.261)	83	1612	0	808	false	1573	None
LINESTRING (3140936.962 230547.261, 3140946.957 230569.01)	83	1612	0	809	false	1573	None
LINESTRING (3140946.957 230569.01, 3140953.678 230587.82)	83	1612	0	810	false	1573	None
LINESTRING (3140953.678 230587.82, 3140979.298 230646.369)	83	1612	0	811	false	1573	None
LINESTRING (3140979.298 230646.369, 3140984.969 230661.316)	83	1612	0	812	false	1573	None
LINESTRING (3140984.969 230661.316, 3141021.355 230729.529)	83	1612	0	813	false	1573	None
LINESTRING (3141021.355 230729.529, 3141031.551 230748.736)	83	1612	0	814	false	1573	None
LINESTRING (3141031.551 230748.736, 3141065.699 230798.214)	83	1612	0	815	false	1573	None
LINESTRING (3141065.699 230798.214, 3141114.632 230861.657)	83	1612	0	816	false	1573	None
LINESTRING (3141114.632 230861.657, 3141128.083 230876.532)	83	1612	0	817	false	1573	None
LINESTRING (3141128.083 230876.532, 3141143.341 230895.087)	83	1612	0	818	false	1573	None
LINESTRING (3141143.341 230895.087, 3141169.633 230919.836)	83	1612	0	819	false	1573	None
LINESTRING (3141169.633 230919.836, 3141187.547 230935.85)	83	1612	0	820	false	1573	None
LINESTRING (3141187.547 230935.85, 3141209.883 230953.107)	83	1612	0	821	false	1573	None
LINESTRING (3141209.883 230953.107, 3141223.253 230961.877)	83	1612	0	822	false	1573	None
LINESTRING (3141223.253 230961.877, 3141258.368 230981.6)	83	1612	0	823	false	1573	None
LINESTRING (3141258.368 230981.6, 3141286.835 230996.714)	83	1612	0	824	false	1573	None
LINESTRING (3141286.835 230996.714, 3141297.846 231001.708)	83	1612	0	825	false	1573	None
LINESTRING (3141297.846 231001.708, 3141328.173 231012.544)	83	1612	0	826	false	1573	None
LINESTRING (3141328.173 231012.544, 3141373.096 231030.005)	83	1612	0	827	false	1573	None
LINESTRING (3141373.096 231030.005, 3141395.192 231039.547)	83	1612	0	828	false	1573	None
LINESTRING (3141395.192 231039.547, 3141424.142 231053.42)	83	1612	0	829	false	1573	None
LINESTRING (3141424.142 231053.42, 3141437.549 231059.823)	83	1612	0	830	false	1573	None
LINESTRING (3141437.549 231059.823, 3141455.041 231069.6)	83	1612	0	831	false	1573	None
LINESTRING (3141455.041 231069.6, 3141456.37 231070.473)	83	1612	0	832	false	1573	None
LINESTRING (3141456.37 231070.473, 3141487.237 231093.549)	83	1612	0	833	false	1573	None
LINESTRING (3141487.237 231093.549, 3141498.96 231104.537)	83	1612	0	834	false	1573	None
LINESTRING (3141498.96 231104.537, 3141511.962 231113.998)	83	1612	0	835	false	1573	None
LINESTRING (3141511.962 231113.998, 3141527.606 231126.511)	83	1612	0	836	false	1573	None
LINESTRING (3141527.606 231126.511, 3141547.582 231139.993)	83	1612	0	837	false	1573	None
LINESTRING (3141547.582 231139.993, 3141568.583 231151.849)	83	1612	0	838	false	1573	None
LINESTRING (3141568.583 231151.849, 3141593.988 231163.988)	83	1612	0	839	false	1573	None
LINESTRING (3141593.988 231163.988, 3141612.379 231172.209)	83	1612	0	840	false	1573	None
LINESTRING (3141612.379 231172.209, 3141619.92 231175.022)	83	1612	0	841	false	1573	None
LINESTRING (3141619.92 231175.022, 3141635.365 231179.716)	83	1612	0	842	false	1573	None
LINESTRING (3141635.365 231179.716, 3141695.405 231202.46)	83	1612	0	843	false	1573	None
LINESTRING (3141695.405 231202.46, 3141722.546 231212.655)	83	1612	0	844	false	1573	None
LINESTRING (3141722.546 231212.655, 3141756.981 231223.778)	83	1612	0	845	false	1573	None
LINESTRING (3141756.981 231223.778, 3141772.324 231229.743)	83	1612	0	846	false	1573	None
LINESTRING (3141772.324 231229.743, 3141783.234 231233.985)	83	1612	0	847	false	1573	None
LINESTRING (3141783.234 231233.985, 3141805.376 231243.664)	83	1612	0	848	false	1573	None
LINESTRING (3141805.376 231243.664, 3141823.56 231252.163)	83	1612	0	849	false	1573	None
LINESTRING (3141823.56 231252.163, 3141851.781 231267.66)	83	1612	0	850	false	1573	None
LINESTRING (3141851.781 231267.66, 3141881.209 231288.63)	83	1612	0	851	false	1573	None
LINESTRING (3141881.209 231288.63, 3141900.03 231303.57)	83	1612	0	852	false	1573	None
LINESTRING (3141900.03 231303.57, 3141920.667 231322.67)	83	1612	0	853	false	1573	None
LINESTRING (3141920.667 231322.67, 3141937.71 231339.658)	83	1612	0	854	false	1573	None
LINESTRING (3141937.71 231339.658, 3141964.647 231369.307)	83	1612	0	855	false	1573	None
LINESTRING (3141964.647 231369.307, 3141969.667 231375.07)	83	1612	0	856	false	1573	None
LINESTRING (3141969.667 231375.07, 3141975.124 231381.48)	83	1612	0	857	false	1573	None
LINESTRING (3141975.124 231381.48, 3142021.161 231431.657)	83	1612	0	858	false	1573	None
LINESTRING (3142021.161 231431.657, 3142026.101 231437.627)	83	1612	0	859	false	1573	None
LINESTRING (3142026.101 231437.627, 3142038.891 231453.438)	83	1612	0	860	false	1573	None
LINESTRING (3142038.891 231453.438, 3142048.032 231466.521)	83	1612	0	861	false	1573	None
LINESTRING (3142048.032 231466.521, 3142054.327 231476.83)	83	1612	0	862	false	1573	None
LINESTRING (3142054.327 231476.83, 3142063.343 231489.983)	83	1612	0	863	false	1573	None
LINESTRING (3142063.343 231489.983, 3142077.558 231509.445)	83	1612	0	864	false	1573	None
LINESTRING (3142077.558 231509.445, 3142085.143 231518.707)	83	1612	0	865	false	1573	None
LINESTRING (3142085.143 231518.707, 3142099.299 231533.025)	83	1612	0	866	false	1573	None
LINESTRING (3142099.299 231533.025, 3142117.004 231549.319)	83	1612	0	867	false	1573	None
LINESTRING (3142117.004 231549.319, 3142126.25 231557.083)	83	1612	0	868	false	1573	None
LINESTRING (3142126.25 231557.083, 3142145.174 231568.728)	83	1612	0	869	false	1573	None
LINESTRING (3142145.174 231568.728, 3142163.841 231580.274)	83	1612	0	870	false	1573	None
LINESTRING (3142163.841 231580.274, 3142184.966 231592.062)	83	1612	0	871	false	1573	None
LINESTRING (3142184.966 231592.062, 3142210.53 231603.788)	83	1612	0	872	false	1573	None
LINESTRING (3142210.53 231603.788, 3142232.952 231612.745)	83	1612	0	873	false	1573	None
LINESTRING (3142232.952 231612.745, 3142244.364 231616.706)	83	1612	0	874	false	1573	None
LINESTRING (3142244.364 231616.706, 3142263.951 231621.345)	83	1612	0	875	false	1573	E:3142259.551 231620.3029006484
LINESTRING (3142263.692 232164.022, 3142257.708 232169.318)	83	1612	0	917	false	1573	E:3142259.551 232167.68689572194
LINESTRING (3142257.708 232169.318, 3142244.953 232178.651)	83	1612	0	918	false	1573	None
LINESTRING (3142244.953 232178.651, 3142234.495 232184.352)	83	1612	0	919	false	1573	None
LINESTRING (3142234.495 232184.352, 3142226.978 232187.027)	83	1612	0	920	false	1573	None
LINESTRING (3142226.978 232187.027, 3142211.356 232190.362)	83	1612	0	921	false	1573	None
LINESTRING (3142211.356 232190.362, 3142199.323 232191.281)	83	1612	0	922	false	1573	None
LINESTRING (3142199.323 232191.281, 3142187.406 232191.649)	83	1612	0	923	false	1573	None
LINESTRING (3142187.406 232191.649, 3142155.212 232190.922)	83	1612	0	924	false	1573	None
LINESTRING (3142155.212 232190.922, 3142143.209 232191.257)	83	1612	0	925	false	1573	None
LINESTRING (3142143.209 232191.257, 3142123.276 232192.558)	83	1612	0	926	false	1573	None
LINESTRING (3142123.276 232192.558, 3142111.378 232193.887)	83	1612	0	927	false	1573	None
LINESTRING (3142111.378 232193.887, 3142083.682 232198.245)	83	1612	0	928	false	1573	None
LINESTRING (3142083.682 232198.245, 3142078.5 232199.207)	83	1612	0	929	false	1573	None
LINESTRING (3142078.5 232199.207, 3142044.207 232205.645)	83	1612	0	930	false	1573	None
LINESTRING (3142044.207 232205.645, 3142032.684 232208.787)	83	1612	0	931	false	1573	None
LINESTRING (3142032.684 232208.787, 3142014.049 232215.834)	83	1612	0	932	false	1573	None
LINESTRING (3142014.049 232215.834, 3142006.005 232219.614)	83	1612	0	933	false	1573	None
LINESTRING (3142006.005 232219.614, 3141995.592 232225.451)	83	1612	0	934	false	1573	None
LINESTRING (3141995.592 232225.451, 3141985.789 232232.24)	83	1612	0	935	false	1573	None
LINESTRING (3141985.789 232232.24, 3141964.059 232249.518)	83	1612	0	936	false	1573	None
LINESTRING (3141964.059 232249.518, 3141936.435 232272.366)	83	1612	0	937	false	1573	None
LINESTRING (3141936.435 232272.366, 3141930.622 232277.728)	83	1612	0	938	false	1573	None
LINESTRING (3141930.622 232277.728, 3141925.154 232283.463)	83	1612	0	939	false	1573	None
LINESTRING (3141925.154 232283.463, 3141917.511 232292.521)	83	1612	0	940	false	1573	None
LINESTRING (3141917.511 232292.521, 3141910.6 232302.221)	83	1612	0	941	false	1573	None
LINESTRING (3141910.6 232302.221, 3141900.536 232319.271)	83	1612	0	942	false	1573	None
LINESTRING (3141900.536 232319.271, 3141895.164 232329.808)	83	1612	0	943	false	1573	None
LINESTRING (3141895.164 232329.808, 3141890.473 232340.61)	83	1612	0	944	false	1573	None
LINESTRING (3141890.473 232340.61, 3141885.061 232355.538)	83	1612	0	945	false	1573	None
LINESTRING (3141885.061 232355.538, 3141870.909 232388.15)	83	1612	0	946	false	1573	None
LINESTRING (3141870.909 232388.15, 3141860.295 232409.392)	83	1612	0	947	false	1573	None
LINESTRING (3141860.295 232409.392, 3141854.195 232419.527)	83	1612	0	948	false	1573	None
LINESTRING (3141854.195 232419.527, 3141849.59 232426.074)	83	1612	0	949	false	1573	None
LINESTRING (3141849.59 232426.074, 3141842.162 232435.335)	83	1612	0	950	false	1573	None
LINESTRING (3141842.162 232435.335, 3141834.003 232443.954)	83	1612	0	951	false	1573	None
LINESTRING (3141834.003 232443.954, 3141821.946 232454.273)	83	1612	0	952	false	1573	None
LINESTRING (3141821.946 232454.273, 3141808.806 232463.338)	83	1612	0	953	false	1573	None
LINESTRING (3141808.806 232463.338, 3141798.393 232469.175)	83	1612	0	954	false	1573	None
LINESTRING (3141798.393 232469.175, 3141787.54 232474.127)	83	1612	0	955	false	1573	None
LINESTRING (3141787.54 232474.127, 3141750.186 232488.189)	83	1612	0	956	false	1573	None
LINESTRING (3141750.186 232488.189, 3141723.411 232496.24)	83	1612	0	957	false	1573	None
LINESTRING (3141723.411 232496.24, 3141711.662 232498.699)	83	1612	0	958	false	1573	None
LINESTRING (3141711.662 232498.699, 3141695.717 232500.598)	83	1612	0	959	false	1573	None
LINESTRING (3141695.717 232500.598, 3141683.674 232501.038)	83	1612	0	960	false	1573	None
LINESTRING (3141683.674 232501.038, 3141667.636 232500.4)	83	1612	0	961	false	1573	None
LINESTRING (3141667.636 232500.4, 3141655.681 232498.849)	83	1612	0	962	false	1573	None
LINESTRING (3141655.681 232498.849, 3141628.057 232493.944)	83	1612	0	963	false	1573	None
LINESTRING (3141628.057 232493.944, 3141620.455 232492.299)	83	1612	0	964	false	1573	None
LINESTRING (3141620.455 232492.299, 3141604.445 232488.814)	83	1612	0	965	false	1573	None
LINESTRING (3141604.445 232488.814, 3141581.155 232482.855)	83	1612	0	966	false	1573	None
LINESTRING (3141581.155 232482.855, 3141565.833 232477.851)	83	1612	0	967	false	1573	None
LINESTRING (3141565.833 232477.851, 3141520.677 232461.009)	83	1612	0	968	false	1573	None
LINESTRING (3141520.677 232461.009, 3141509.588 232456.222)	83	1612	0	969	false	1573	None
LINESTRING (3141509.588 232456.222, 3141473.631 232438.431)	83	1612	0	970	false	1573	None
LINESTRING (3141473.631 232438.431, 3141455.409 232430.036)	83	1612	0	971	false	1573	None
LINESTRING (3141455.409 232430.036, 3141437.629 232420.503)	83	1612	0	972	false	1573	None
LINESTRING (3141437.629 232420.503, 3141427.273 232414.333)	83	1612	0	973	false	1573	None
LINESTRING (3141427.273 232414.333, 3141414.027 232405.253)	83	1612	0	974	false	1573	None
LINESTRING (3141414.027 232405.253, 3141401.398 232395.341)	83	1612	0	975	false	1573	None
LINESTRING (3141401.398 232395.341, 3141386.004 232382.448)	83	1612	0	976	false	1573	None
LINESTRING (3141386.004 232382.448, 3141368.261 232366.259)	83	1612	0	977	false	1573	None
LINESTRING (3141368.261 232366.259, 3141359.843 232357.627)	83	1612	0	978	false	1573	None
LINESTRING (3141359.843 232357.627, 3141339.27 232333.073)	83	1612	0	979	false	1573	None
LINESTRING (3141339.27 232333.073, 3141327.489 232316.94)	83	1612	0	980	false	1573	None
LINESTRING (3141327.489 232316.94, 3141309.47 232295.404)	83	1612	0	981	false	1573	None
LINESTRING (3141309.47 232295.404, 3141301.304 232286.632)	83	1612	0	982	false	1573	None
LINESTRING (3141301.304 232286.632, 3141278.571 232264.097)	83	1612	0	983	false	1573	None
LINESTRING (3141278.571 232264.097, 3141253.067 232244.654)	83	1612	0	984	false	1573	None
LINESTRING (3141253.067 232244.654, 3141236.104 232229.484)	83	1612	0	985	false	1573	None
LINESTRING (3141236.104 232229.484, 3141232.06 232226.006)	83	1612	0	986	false	1573	None
LINESTRING (3141232.06 232226.006, 3141225.705 232221.154)	83	1612	0	987	false	1573	None
LINESTRING (3141225.705 232221.154, 3141222.116 232219.282)	83	1612	0	988	false	1573	None
LINESTRING (3141222.116 232219.282, 3141210.589 232215.873)	83	1612	0	989	false	1573	None
LINESTRING (3141210.589 232215.873, 3141201.487 232215.312)	83	1612	0	990	false	1573	None
LINESTRING (3141201.487 232215.312, 3141196.421 232215.725)	83	1612	0	991	false	1573	None
LINESTRING (3141196.421 232215.725, 3141173.604 232222.935)	83	1612	0	992	false	1573	None
LINESTRING (3141173.604 232222.935, 3141142.732 232231.181)	83	1612	0	993	false	1573	None
LINESTRING (3141142.732 232231.181, 3141115.322 232237.082)	83	1612	0	994	false	1573	None
LINESTRING (3141115.322 232237.082, 3141103.429 232238.652)	83	1612	0	995	false	1573	None
LINESTRING (3141103.429 232238.652, 3141091.482 232239.606)	83	1612	0	996	false	1573	None
LINESTRING (3141091.482 232239.606, 3141083.452 232239.819)	83	1612	0	997	false	1573	None
LINESTRING (3141083.452 232239.819, 3141071.426 232238.956)	83	1612	0	998	false	1573	None
LINESTRING (3141071.426 232238.956, 3141063.493 232237.659)	83	1612	0	999	false	1573	None
LINESTRING (3141063.493 232237.659, 3141051.81 232234.904)	83	1612	0	1000	false	1573	None
LINESTRING (3141051.81 232234.904, 3141032.582 232229.097)	83	1612	0	1001	false	1573	None
LINESTRING (3141032.582 232229.097, 3141021.291 232224.827)	83	1612	0	1002	false	1573	None
LINESTRING (3141021.291 232224.827, 3141010.287 232220.073)	83	1612	0	1003	false	1573	None
LINESTRING (3141010.287 232220.073, 3140974.163 232202.458)	83	1612	0	1004	false	1573	None
LINESTRING (3140974.163 232202.458, 3140955.614 232194.652)	83	1612	0	1005	false	1573	None
LINESTRING (3140955.614 232194.652, 3140944.243 232190.589)	83	1612	0	1006	false	1573	None
LINESTRING (3140944.243 232190.589, 3140928.608 232186.894)	83	1612	0	1007	false	1573	None
LINESTRING (3140928.608 232186.894, 3140916.769 232184.794)	83	1612	0	1008	false	1573	None
LINESTRING (3140916.769 232184.794, 3140900.711 232183.197)	83	1612	0	1009	false	1573	None
LINESTRING (3140900.711 232183.197, 3140884.728 232183.177)	83	1612	0	1010	false	1573	None
LINESTRING (3140884.728 232183.177, 3140872.695 232184.098)	83	1612	0	1011	false	1573	None
LINESTRING (3140872.695 232184.098, 3140860.762 232185.772)	83	1612	0	1012	false	1573	None
LINESTRING (3140860.762 232185.772, 3140829.53 232192.927)	83	1612	0	1013	false	1573	None
LINESTRING (3140829.53 232192.927, 3140817.682 232194.635)	83	1612	0	1014	false	1573	None
LINESTRING (3140817.682 232194.635, 3140801.637 232195.783)	83	1612	0	1015	false	1573	None
LINESTRING (3140801.637 232195.783, 3140789.63 232195.88)	83	1612	0	1016	false	1573	None
LINESTRING (3140789.63 232195.88, 3140777.609 232195.257)	83	1612	0	1017	false	1573	None
LINESTRING (3140777.609 232195.257, 3140761.637 232193.694)	83	1612	0	1018	false	1573	None
LINESTRING (3140761.637 232193.694, 3140745.69 232191.307)	83	1612	0	1019	false	1573	None
LINESTRING (3140745.69 232191.307, 3140733.846 232188.966)	83	1612	0	1020	false	1573	None
LINESTRING (3140733.846 232188.966, 3140722.204 232186.108)	83	1612	0	1021	false	1573	None
LINESTRING (3140722.204 232186.108, 3140703.051 232179.855)	83	1612	0	1022	false	1573	None
LINESTRING (3140703.051 232179.855, 3140691.921 232175.172)	83	1612	0	1023	false	1573	None
LINESTRING (3140691.921 232175.172, 3140681.158 232169.798)	83	1612	0	1024	false	1573	None
LINESTRING (3140681.158 232169.798, 3140595.946 232116.431)	83	1612	0	1025	false	1573	None
LINESTRING (3140595.946 232116.431, 3140546.976 232088.704)	83	1612	0	1026	false	1573	None
LINESTRING (3140546.976 232088.704, 3140514.682 232072.342)	83	1612	0	1027	false	1573	None
LINESTRING (3140514.682 232072.342, 3140489.039 232060.828)	83	1612	0	1028	false	1573	None
LINESTRING (3140489.039 232060.828, 3140473.878 232055.412)	83	1612	0	1029	false	1573	None
LINESTRING (3140473.878 232055.412, 3140462.31 232052.107)	83	1612	0	1030	false	1573	None
LINESTRING (3140462.31 232052.107, 3140449.699 232049.469)	83	1612	0	1031	false	1573	None
LINESTRING (3140449.699 232049.469, 3140433.793 232046.979)	83	1612	0	1032	false	1573	None
LINESTRING (3140433.793 232046.979, 3140405.764 232045.138)	83	1612	0	1033	false	1573	None
LINESTRING (3140405.764 232045.138, 3140398.491 232045.17)	83	1612	0	1034	false	1573	None
LINESTRING (3140398.491 232045.17, 3140381.665 232045.3)	83	1612	0	1035	false	1573	None
LINESTRING (3140381.665 232045.3, 3140345.728 232047.651)	83	1612	0	1036	false	1573	None
LINESTRING (3140345.728 232047.651, 3140325.851 232049.573)	83	1612	0	1037	false	1573	None
LINESTRING (3140325.851 232049.573, 3140310.041 232051.885)	83	1612	0	1038	false	1573	None
LINESTRING (3140310.041 232051.885, 3140298.248 232054.21)	83	1612	0	1039	false	1573	None
LINESTRING (3140298.248 232054.21, 3140282.722 232058.062)	83	1612	0	1040	false	1573	None
LINESTRING (3140282.722 232058.062, 3140263.554 232063.714)	83	1612	0	1041	false	1573	None
LINESTRING (3140263.554 232063.714, 3140256.129 232066.664)	83	1612	0	1042	false	1573	None
LINESTRING (3140256.129 232066.664, 3140230.912 232078.541)	83	1612	0	1043	false	1573	None
LINESTRING (3140230.912 232078.541, 3140223.972 232082.514)	83	1612	0	1044	false	1573	None
LINESTRING (3140223.972 232082.514, 3140207.969 232094.159)	83	1612	0	1045	false	1573	None
LINESTRING (3140207.969 232094.159, 3140189.455 232109.236)	83	1612	0	1046	false	1573	None
LINESTRING (3140189.455 232109.236, 3140116.45 232171.382)	83	1612	0	1047	false	1573	None
LINESTRING (3140116.45 232171.382, 3140095.787 232188.959)	83	1612	0	1048	false	1573	None
LINESTRING (3140095.787 232188.959, 3140036.769 232242.129)	83	1612	0	1049	false	1573	None
LINESTRING (3140036.769 232242.129, 3140009.996 232267.098)	83	1612	0	1050	false	1573	None
LINESTRING (3140009.996 232267.098, 3139966.867 232307.148)	83	1612	0	1051	false	1573	None
LINESTRING (3139966.867 232307.148, 3139906.006 232369.607)	83	1612	0	1052	false	1573	None
LINESTRING (3139906.006 232369.607, 3139889.652 232386.953)	83	1612	0	1053	false	1573	None
LINESTRING (3139889.652 232386.953, 3139866.174 232413.798)	83	1612	0	1054	false	1573	None
LINESTRING (3139866.174 232413.798, 3139859.05 232423.296)	83	1612	0	1055	false	1573	None
LINESTRING (3139859.05 232423.296, 3139844.596 232446.859)	83	1612	0	1056	false	1573	None
LINESTRING (3139844.596 232446.859, 3139832.919 232467.571)	83	1612	0	1057	false	1573	None
LINESTRING (3139832.919 232467.571, 3139810.586 232509.391)	83	1612	0	1058	false	1573	None
LINESTRING (3139810.586 232509.391, 3139806.239 232520.326)	83	1612	0	1059	false	1573	None
LINESTRING (3139806.239 232520.326, 3139804.365 232523.885)	83	1612	0	1060	false	1573	None
LINESTRING (3139804.365 232523.885, 3139798.069 232532.515)	83	1612	0	1061	false	1573	None
LINESTRING (3139798.069 232532.515, 3139797.326 232533.417)	83	1612	0	1062	false	1573	None
LINESTRING (3139797.326 232533.417, 3139784.264 232548.35)	83	1612	0	1063	false	1573	None
LINESTRING (3139784.264 232548.35, 3139775.546 232556.396)	83	1612	0	1064	false	1573	None
LINESTRING (3139775.546 232556.396, 3139760.07 232568.962)	83	1612	0	1065	false	1573	None
LINESTRING (3139760.07 232568.962, 3139740.82 232583.158)	83	1612	0	1066	false	1573	None
LINESTRING (3139740.82 232583.158, 3139726.469 232592.826)	83	1612	0	1067	false	1573	None
LINESTRING (3139726.469 232592.826, 3139724.342 232594.262)	83	1612	0	1068	false	1573	None
LINESTRING (3139724.342 232594.262, 3139717.488 232598.269)	83	1612	0	1069	false	1573	None
LINESTRING (3139717.488 232598.269, 3139688.043 232618.508)	83	1612	0	1070	false	1573	None
LINESTRING (3139688.043 232618.508, 3139682.101 232623.702)	83	1612	0	1071	false	1573	None
LINESTRING (3139682.101 232623.702, 3139676.464 232629.372)	83	1612	0	1072	false	1573	None
LINESTRING (3139676.464 232629.372, 3139666.133 232641.317)	83	1612	0	1073	false	1573	None
LINESTRING (3139666.133 232641.317, 3139642.331 232673.038)	83	1612	0	1074	false	1573	None
LINESTRING (3139642.331 232673.038, 3139626.233 232690.484)	83	1612	0	1075	false	1573	None
LINESTRING (3139626.233 232690.484, 3139624.456 232692.533)	83	1612	0	1076	false	1573	None
LINESTRING (3139624.456 232692.533, 3139613.132 232705.521)	83	1612	0	1077	false	1573	None
LINESTRING (3139613.132 232705.521, 3139608.568 232711.965)	83	1612	0	1078	false	1573	None
LINESTRING (3139608.568 232711.965, 3139606.734 232715.421)	83	1612	0	1079	false	1573	None
LINESTRING (3139606.734 232715.421, 3139603.965 232722.801)	83	1612	0	1080	false	1573	None
LINESTRING (3139603.965 232722.801, 3139602.294 232730.131)	83	1612	0	1081	false	1573	None
LINESTRING (3139602.294 232730.131, 3139602.752 232734.001)	83	1612	0	1082	false	1573	None
LINESTRING (3139602.752 232734.001, 3139604.641 232741.762)	83	1612	0	1083	false	1573	None
LINESTRING (3139604.641 232741.762, 3139606.277 232745.376)	83	1612	0	1084	false	1573	None
LINESTRING (3139606.277 232745.376, 3139610.263 232752.284)	83	1612	0	1085	false	1573	None
LINESTRING (3139610.263 232752.284, 3139612.612 232755.579)	83	1612	0	1086	false	1573	None
LINESTRING (3139612.612 232755.579, 3139621.276 232763.828)	83	1612	0	1087	false	1573	None
LINESTRING (3139621.276 232763.828, 3139657.878 232788.531)	83	1612	0	1088	false	1573	None
LINESTRING (3139657.878 232788.531, 3139677.399 232802.667)	83	1612	0	1089	false	1573	None
LINESTRING (3139677.399 232802.667, 3139699.519 232819.957)	83	1612	0	1090	false	1573	None
LINESTRING (3139699.519 232819.957, 3139708.433 232828.066)	83	1612	0	1091	false	1573	None
LINESTRING (3139708.433 232828.066, 3139725.097 232845.26)	83	1612	0	1092	false	1573	None
LINESTRING (3139725.097 232845.26, 3139732.682 232854.52)	83	1612	0	1093	false	1573	None
LINESTRING (3139732.682 232854.52, 3139749.035 232877.31)	83	1612	0	1094	false	1573	None
LINESTRING (3139749.035 232877.31, 3139763.883 232900.945)	83	1612	0	1095	false	1573	N:3139758.479044172 232892.343
