LINESTRING (3179796.734 218268.644, 3179814.593 218220.927)	101	1077	0	0	false	1972	None
LINESTRING (3179814.593 218220.927, 3179815.769 218217.931)	101	1077	0	1	false	1972	None
LINESTRING (3179815.769 218217.931, 3179857.655 218102.025)	101	1077	0	2	false	1972	None
LINESTRING (3179857.655 218102.025, 3179870.948 218071.951)	101	1077	0	3	false	1972	None
LINESTRING (3179870.948 218071.951, 3179873.822 218066.641)	101	1077	0	4	false	1972	None
LINESTRING (3179873.822 218066.641, 3179892.66 218031.233)	101	1077	0	5	false	1972	None
LINESTRING (3179892.66 218031.233, 3179900.131 218019.74)	101	1077	0	6	false	1972	None
LINESTRING (3179900.131 218019.74, 3179903.027 218015.63)	101	1077	0	7	false	1972	None
LINESTRING (3179903.027 218015.63, 3179911.587 218003.372)	101	1077	0	8	false	1972	None
LINESTRING (3179911.587 218003.372, 3179914.357 217999.333)	101	1077	0	9	false	1972	None
LINESTRING (3179914.357 217999.333, 3179916.424 217996.329)	101	1077	0	10	false	1972	None
LINESTRING (3179916.424 217996.329, 3179922.625 217987.318)	101	1077	0	11	false	1972	None
LINESTRING (3179922.625 217987.318, 3179924.651 217984.417)	101	1077	0	12	false	1972	None
LINESTRING (3179924.651 217984.417, 3179933.027 217949.55)	101	1077	0	13	false	1972	None
LINESTRING (3179933.027 217949.55, 3179939.979 217920.562)	101	1077	0	14	false	1972	None
LINESTRING (3179939.979 217920.562, 3179957.73 217845.019)	101	1077	0	15	false	1972	None
LINESTRING (3179957.73 217845.019, 3179965.894 217810.188)	101	1077	0	16	false	1972	None
LINESTRING (3179965.894 217810.188, 3179954.062 217805.182)	101	1077	0	17	false	1972	None
LINESTRING (3179954.062 217805.182, 3179918.36 217790.442)	101	1077	0	18	false	1972	None
LINESTRING (3179918.36 217790.442, 3179906.402 217785.506)	101	1077	0	19	false	1972	None
LINESTRING (3179906.402 217785.506, 3179901.19 217783.22)	101	1077	0	20	false	1972	None
LINESTRING (3179901.19 217783.22, 3179885.345 217776.638)	101	1077	0	21	false	1972	None
LINESTRING (3179885.345 217776.638, 3179879.966 217774.525)	101	1077	0	22	false	1972	None
LINESTRING (3179879.966 217774.525, 3179873.261 217771.772)	101	1077	0	23	false	1972	None
LINESTRING (3179873.261 217771.772, 3179856.262 217764.617)	101	1077	0	24	false	1972	None
LINESTRING (3179856.262 217764.617, 3179825.727 217752.026)	101	1077	0	25	false	1972	None
LINESTRING (3179825.727 217752.026, 3179797.888 217740.853)	101	1077	0	26	false	1972	None
LINESTRING (3179797.888 217740.853, 3179784.902 217735.274)	101	1077	0	27	false	1972	None
LINESTRING (3179784.902 217735.274, 3179761.112 217725.333)	101	1077	0	28	false	1972	None
LINESTRING (3179761.112 217725.333, 3179655.904 217683.054)	101	1077	0	29	false	1972	None
LINESTRING (3179655.904 217683.054, 3179339.898 217556.432)	101	1077	0	30	false	1972	None
LINESTRING (3179339.898 217556.432, 3179234.476 217514.194)	101	1077	0	31	false	1972	None
LINESTRING (3179234.476 217514.194, 3179233.11 217513.658)	101	1077	0	32	false	1972	None
LINESTRING (3179233.11 217513.658, 3179228.756 217511.948)	101	1077	0	33	false	1972	None
LINESTRING (3179228.756 217511.948, 3179227.304 217511.378)	101	1077	0	34	false	1972	None
LINESTRING (3179227.304 217511.378, 3179224.954 217510.335)	101	1077	0	35	false	1972	None
LINESTRING (3179224.954 217510.335, 3179217.782 217507.519)	101	1077	0	36	false	1972	None
LINESTRING (3179217.782 217507.519, 3179215.305 217506.546)	101	1077	0	37	false	1972	None
LINESTRING (3179215.305 217506.546, 3179248.781 217416.79)	101	1077	0	38	false	1972	None
LINESTRING (3179248.781 217416.79, 3179296.909 217287.717)	101	1077	0	39	false	1972	None
LINESTRING (3179296.909 217287.717, 3179349.167 217147.626)	101	1077	0	40	false	1972	S:3179329.3132796753 217200.849
LINESTRING (3180875.162 217734.333, 3180563.854 218556.923)	101	1077	0	1950	false	1972	E:3180760.052 218038.49587053285
LINESTRING (3180563.854 218556.923, 3180460.07 218831.075)	101	1077	0	1951	false	1972	None
LINESTRING (3180460.07 218831.075, 3180362.523 218792.148)	101	1077	0	1952	false	1972	None
LINESTRING (3180362.523 218792.148, 3180300.409 218767.384)	101	1077	0	1953	false	1972	None
LINESTRING (3180300.409 218767.384, 3180069.624 218675.276)	101	1077	0	1954	false	1972	None
LINESTRING (3180069.624 218675.276, 3179971.949 218636.424)	101	1077	0	1955	false	1972	None
LINESTRING (3179971.949 218636.424, 3179971.01 218636.055)	101	1077	0	1956	false	1972	None
LINESTRING (3179971.01 218636.055, 3179968.193 218634.949)	101	1077	0	1957	false	1972	None
LINESTRING (3179968.193 218634.949, 3179967.213 218634.683)	101	1077	0	1958	false	1972	None
LINESTRING (3179967.213 218634.683, 3179962.985 218632.903)	101	1077	0	1959	false	1972	None
LINESTRING (3179962.985 218632.903, 3179950.049 218627.701)	101	1077	0	1960	false	1972	None
LINESTRING (3179950.049 218627.701, 3179945.695 218625.99)	101	1077	0	1961	false	1972	None
LINESTRING (3179945.695 218625.99, 3179898.524 218607.339)	101	1077	0	1962	false	1972	None
LINESTRING (3179898.524 218607.339, 3179896.772 218606.532)	101	1077	0	1963	false	1972	None
LINESTRING (3179896.772 218606.532, 3179749.832 218548.09)	101	1077	0	1964	false	1972	None
LINESTRING (3179749.832 218548.09, 3179700.823 218528.599)	101	1077	0	1965	false	1972	None
LINESTRING (3179700.823 218528.599, 3179701.797 218526.119)	101	1077	0	1966	false	1972	None
LINESTRING (3179701.797 218526.119, 3179704.548 218518.615)	101	1077	0	1967	false	1972	None
LINESTRING (3179704.548 218518.615, 3179705.396 218516.205)	101	1077	0	1968	false	1972	None
LINESTRING (3179705.396 218516.205, 3179723.774 218466.664)	101	1077	0	1969	false	1972	None
LINESTRING (3179723.774 218466.664, 3179728.063 218454.994)	101	1077	0	1970	false	1972	None
LINESTRING (3179728.063 218454.994, 3179778.568 218318.149)	101	1077	0	1971	false	1972	None
LINESTRING (3179778.568 218318.149, 3179796.734 218268.644)	101	1077	0	1972	false	1972	None
LINESTRING (3179499.416 225069.293, 3179497.808 225042.066)	101	333	0	572	false	1688	N:3179498.075537371 225046.596
LINESTRING (3179497.808 225042.066, 3179486.013 225013.696)	101	333	0	573	false	1688	None
LINESTRING (3179486.013 225013.696, 3179488.076 225000.434)	101	333	0	574	false	1688	None
LINESTRING (3179488.076 225000.434, 3179489.591 224970.022)	101	333	0	575	false	1688	None
LINESTRING (3179489.591 224970.022, 3179490.811 224907.293)	101	333	0	576	false	1688	None
LINESTRING (3179490.811 224907.293, 3179498.647 224842.514)	101	333	0	577	false	1688	None
LINESTRING (3179498.647 224842.514, 3179511.496 224810.832)	101	333	0	578	false	1688	None
LINESTRING (3179511.496 224810.832, 3179528.532 224773.76)	101	333	0	579	false	1688	None
LINESTRING (3179528.532 224773.76, 3179550.921 224732.592)	101	333	0	580	false	1688	None
LINESTRING (3179550.921 224732.592, 3179557.059 224699.942)	101	333	0	581	false	1688	None
LINESTRING (3179557.059 224699.942, 3179562.027 224670.768)	101	333	0	582	false	1688	None
LINESTRING (3179562.027 224670.768, 3179575.032 224618.396)	101	333	0	583	false	1688	None
LINESTRING (3179575.032 224618.396, 3179579.686 224580.751)	101	333	0	584	false	1688	None
LINESTRING (3179579.686 224580.751, 3179579.755 224579.824)	101	333	0	585	false	1688	None
LINESTRING (3179579.755 224579.824, 3179583.545 224489.006)	101	333	0	586	false	1688	None
LINESTRING (3179583.545 224489.006, 3179589.33 224463.015)	101	333	0	587	false	1688	None
LINESTRING (3179589.33 224463.015, 3179589.709 224443.009)	101	333	0	588	false	1688	None
LINESTRING (3179589.709 224443.009, 3179588.012 224428.031)	101	333	0	589	false	1688	None
LINESTRING (3179588.012 224428.031, 3179585.115 224417.112)	101	333	0	590	false	1688	None
LINESTRING (3179585.115 224417.112, 3179579.096 224402.105)	101	333	0	591	false	1688	None
LINESTRING (3179579.096 224402.105, 3179555.218 224370.894)	101	333	0	592	false	1688	None
LINESTRING (3179555.218 224370.894, 3179542.604 224344.349)	101	333	0	593	false	1688	None
LINESTRING (3179542.604 224344.349, 3179534.325 224316.05)	101	333	0	594	false	1688	None
LINESTRING (3179534.325 224316.05, 3179533.308 224308.614)	101	333	0	595	false	1688	None
LINESTRING (3179533.308 224308.614, 3179529.932 224282.123)	101	333	0	596	false	1688	None
LINESTRING (3179529.932 224282.123, 3179528.072 224255.035)	101	333	0	597	false	1688	None
LINESTRING (3179528.072 224255.035, 3179523.492 224244.887)	101	333	0	598	false	1688	None
LINESTRING (3179523.492 224244.887, 3179517.91 224243.05)	101	333	0	599	false	1688	None
LINESTRING (3179517.91 224243.05, 3179514.587 224241.982)	101	333	0	600	false	1688	None
LINESTRING (3179514.587 224241.982, 3179507.006 224242.223)	101	333	0	601	false	1688	None
LINESTRING (3179507.006 224242.223, 3179469.31 224250.422)	101	333	0	602	false	1688	None
LINESTRING (3179469.31 224250.422, 3179457.22 224249.605)	101	333	0	603	false	1688	None
LINESTRING (3179457.22 224249.605, 3179444.988 224245.393)	101	333	0	604	false	1688	None
LINESTRING (3179444.988 224245.393, 3179430.188 224237.19)	101	333	0	605	false	1688	None
LINESTRING (3179430.188 224237.19, 3179413.23 224224.203)	101	333	0	606	false	1688	None
LINESTRING (3179413.23 224224.203, 3179382.497 224196.143)	101	333	0	607	false	1688	None
LINESTRING (3179382.497 224196.143, 3179353.868 224179.522)	101	333	0	608	false	1688	None
LINESTRING (3179353.868 224179.522, 3179351.434 224175.942)	101	333	0	609	false	1688	None
LINESTRING (3179351.434 224175.942, 3179349.308 224173.079)	101	333	0	610	false	1688	None
LINESTRING (3179349.308 224173.079, 3179348.486 224164.646)	101	333	0	611	false	1688	None
LINESTRING (3179348.486 224164.646, 3179353.668 224157.977)	101	333	0	612	false	1688	None
LINESTRING (3179353.668 224157.977, 3179373.328 224148.055)	101	333	0	613	false	1688	None
LINESTRING (3179373.328 224148.055, 3179381.13 224138.48)	101	333	0	614	false	1688	None
LINESTRING (3179381.13 224138.48, 3179387.627 224124.457)	101	333	0	615	false	1688	None
LINESTRING (3179387.627 224124.457, 3179388.313 224122.461)	101	333	0	616	false	1688	None
LINESTRING (3179388.313 224122.461, 3179351.218 224111.338)	101	333	0	617	false	1688	None
LINESTRING (3179351.218 224111.338, 3179304.949 224113.783)	101	333	0	618	false	1688	None
LINESTRING (3179304.949 224113.783, 3179258.458 224125.563)	101	333	0	619	false	1688	None
LINESTRING (3179258.458 224125.563, 3179229.361 224111.383)	101	333	0	620	false	1688	None
LINESTRING (3179229.361 224111.383, 3179207.308 224117.623)	101	333	0	621	false	1688	None
LINESTRING (3179207.308 224117.623, 3179174.225 224137.892)	101	333	0	622	false	1688	None
LINESTRING (3179174.225 224137.892, 3179170.577 224137.651)	101	333	0	623	false	1688	None
LINESTRING (3179170.577 224137.651, 3179149.79 224136.159)	101	333	0	624	false	1688	None
LINESTRING (3179149.79 224136.159, 3179090.844 224120.743)	101	333	0	625	false	1688	None
LINESTRING (3179090.844 224120.743, 3179003.896 224071.066)	101	333	0	626	false	1688	None
LINESTRING (3179003.896 224071.066, 3178914.447 224031.261)	101	333	0	627	false	1688	None
LINESTRING (3178914.447 224031.261, 3178898.761 224038.095)	101	333	0	628	false	1688	None
LINESTRING (3178898.761 224038.095, 3178875.571 224047.227)	101	333	0	629	false	1688	None
LINESTRING (3178875.571 224047.227, 3178867.255 224078.663)	101	333	0	630	false	1688	None
LINESTRING (3178867.255 224078.663, 3178844.38 224111.054)	101	333	0	631	false	1688	None
LINESTRING (3178844.38 224111.054, 3178817.96 224112.12)	101	333	0	632	false	1688	None
LINESTRING (3178817.96 224112.12, 3178800.239 224106.587)	101	333	0	633	false	1688	None
LINESTRING (3178800.239 224106.587, 3178784.072 224110.131)	101	333	0	634	false	1688	None
LINESTRING (3178784.072 224110.131, 3178775.475 224120.228)	101	333	0	635	false	1688	None
LINESTRING (3178775.475 224120.228, 3178770.874 224140.959)	101	333	0	636	false	1688	None
LINESTRING (3178770.874 224140.959, 3178761.326 224152.472)	101	333	0	637	false	1688	None
LINESTRING (3178761.326 224152.472, 3178744.501 224154.685)	101	333	0	638	false	1688	None
LINESTRING (3178744.501 224154.685, 3178716.217 224143.45)	101	333	0	639	false	1688	None
LINESTRING (3178716.217 224143.45, 3178697.294 224139.472)	101	333	0	640	false	1688	None
LINESTRING (3178697.294 224139.472, 3178680.972 224153.689)	101	333	0	641	false	1688	None
LINESTRING (3178680.972 224153.689, 3178637.756 224210.525)	101	333	0	642	false	1688	None
LINESTRING (3178637.756 224210.525, 3178599.93 224228.336)	101	333	0	643	false	1688	None
LINESTRING (3178599.93 224228.336, 3178598.403 224228.213)	101	333	0	644	false	1688	None
LINESTRING (3178598.403 224228.213, 3178538.948 224225.122)	101	333	0	645	false	1688	None
LINESTRING (3178538.948 224225.122, 3178528.467 224221.719)	101	333	0	646	false	1688	None
LINESTRING (3178528.467 224221.719, 3178519.879 224220.014)	101	333	0	647	false	1688	None
LINESTRING (3178519.879 224220.014, 3178512.849 224225.122)	101	333	0	648	false	1688	None
LINESTRING (3178512.849 224225.122, 3178498.698 224232.56)	101	333	0	649	false	1688	None
LINESTRING (3178498.698 224232.56, 3178486.8 224233.012)	101	333	0	650	false	1688	None
LINESTRING (3178486.8 224233.012, 3178473.086 224231.32)	101	333	0	651	false	1688	None
LINESTRING (3178473.086 224231.32, 3178462.434 224225.345)	101	333	0	652	false	1688	None
LINESTRING (3178462.434 224225.345, 3178440.421 224209.182)	101	333	0	653	false	1688	None
LINESTRING (3178440.421 224209.182, 3178404.267 224193.663)	101	333	0	654	false	1688	None
LINESTRING (3178404.267 224193.663, 3178389.048 224185.775)	101	333	0	655	false	1688	None
LINESTRING (3178389.048 224185.775, 3178386.802 224200.515)	101	333	0	656	false	1688	None
LINESTRING (3178386.802 224200.515, 3178379.675 224222.161)	101	333	0	657	false	1688	None
LINESTRING (3178379.675 224222.161, 3178362.778 224257.141)	101	333	0	658	false	1688	None
LINESTRING (3178362.778 224257.141, 3178353.236 224288.691)	101	333	0	659	false	1688	None
LINESTRING (3178353.236 224288.691, 3178342.634 224317.678)	101	333	0	660	false	1688	None
LINESTRING (3178342.634 224317.678, 3178325.772 224347.305)	101	333	0	661	false	1688	None
LINESTRING (3178325.772 224347.305, 3178308.515 224371.172)	101	333	0	662	false	1688	None
LINESTRING (3178308.515 224371.172, 3178299.785 224385.868)	101	333	0	663	false	1688	None
LINESTRING (3178299.785 224385.868, 3178278.209 224422.23)	101	333	0	664	false	1688	None
LINESTRING (3178278.209 224422.23, 3178270.001 224442.617)	101	333	0	665	false	1688	None
LINESTRING (3178270.001 224442.617, 3178265.311 224465.579)	101	333	0	666	false	1688	None
LINESTRING (3178265.311 224465.579, 3178265.627 224491.343)	101	333	0	667	false	1688	None
LINESTRING (3178265.627 224491.343, 3178261.749 224512.239)	101	333	0	668	false	1688	None
LINESTRING (3178261.749 224512.239, 3178243.187 224548.95)	101	333	0	669	false	1688	None
LINESTRING (3178243.187 224548.95, 3178240.748 224572.2)	101	333	0	670	false	1688	None
LINESTRING (3178240.748 224572.2, 3178238.122 224611.714)	101	333	0	671	false	1688	None
LINESTRING (3178238.122 224611.714, 3178233.569 224647.61)	101	333	0	672	false	1688	None
LINESTRING (3178233.569 224647.61, 3178221.522 224683.781)	101	333	0	673	false	1688	None
LINESTRING (3178221.522 224683.781, 3178199.411 224738.297)	101	333	0	674	false	1688	None
LINESTRING (3178199.411 224738.297, 3178175.419 224814.137)	101	333	0	675	false	1688	None
LINESTRING (3178175.419 224814.137, 3178152.858 224889.346)	101	333	0	676	false	1688	None
LINESTRING (3178152.858 224889.346, 3178125.126 224934.856)	101	333	0	677	false	1688	None
LINESTRING (3178125.126 224934.856, 3178111.981 224963.798)	101	333	0	678	false	1688	None
LINESTRING (3178111.981 224963.798, 3178098.986 225008.898)	101	333	0	679	false	1688	None
LINESTRING (3178098.986 225008.898, 3178098.584 225010.171)	101	333	0	680	false	1688	None
LINESTRING (3178098.584 225010.171, 3178097.255 225041.37)	101	333	0	681	false	1688	None
LINESTRING (3178097.255 225041.37, 3178099.742 225117.24)	101	333	0	682	false	1688	N:3178097.426306999 225046.596
LINESTRING (3177216.673 225076.282, 3177163.591 225009.875)	101	333	0	752	false	1688	N:3177192.94369056 225046.596
LINESTRING (3177163.591 225009.875, 3177129.954 224963.152)	101	333	0	753	false	1688	None
LINESTRING (3177129.954 224963.152, 3177111.078 224934.749)	101	333	0	754	false	1688	None
LINESTRING (3177111.078 224934.749, 3177083.393 224884.402)	101	333	0	755	false	1688	None
LINESTRING (3177083.393 224884.402, 3177060.12 224839.365)	101	333	0	756	false	1688	None
LINESTRING (3177060.12 224839.365, 3177038.041 224792.294)	101	333	0	757	false	1688	None
LINESTRING (3177038.041 224792.294, 3177033.647 224783.174)	101	333	0	758	false	1688	None
LINESTRING (3177033.647 224783.174, 3177018.625 224732.674)	101	333	0	759	false	1688	None
LINESTRING (3177018.625 224732.674, 3176999.847 224631.569)	101	333	0	760	false	1688	None
LINESTRING (3176999.847 224631.569, 3176984.16 224542.648)	101	333	0	761	false	1688	None
LINESTRING (3176984.16 224542.648, 3176952.215 224366.253)	101	333	0	762	false	1688	None
LINESTRING (3176952.215 224366.253, 3176942.226 224300.678)	101	333	0	763	false	1688	None
LINESTRING (3176942.226 224300.678, 3176935.498 224257.134)	101	333	0	764	false	1688	None
LINESTRING (3176935.498 224257.134, 3176934.526 224242.561)	101	333	0	765	false	1688	None
LINESTRING (3176934.526 224242.561, 3176932.128 224209.303)	101	333	0	766	false	1688	None
LINESTRING (3176932.128 224209.303, 3176931.774 224198.671)	101	333	0	767	false	1688	None
LINESTRING (3176931.774 224198.671, 3176931.138 224183.992)	101	333	0	768	false	1688	None
LINESTRING (3176931.138 224183.992, 3176930.46 224164.408)	101	333	0	769	false	1688	None
LINESTRING (3176930.46 224164.408, 3176930.301 224162.556)	101	333	0	770	false	1688	None
LINESTRING (3176930.301 224162.556, 3176932.991 224105.062)	101	333	0	771	false	1688	None
LINESTRING (3176932.991 224105.062, 3176933.687 224088.999)	101	333	0	772	false	1688	None
LINESTRING (3176933.687 224088.999, 3176933.413 224085.433)	101	333	0	773	false	1688	None
LINESTRING (3176933.413 224085.433, 3176931.627 224058.14)	101	333	0	774	false	1688	None
LINESTRING (3176931.627 224058.14, 3176936.83 224038.123)	101	333	0	775	false	1688	None
LINESTRING (3176936.83 224038.123, 3176939.568 224010.34)	101	333	0	776	false	1688	None
LINESTRING (3176939.568 224010.34, 3176945.072 223971.004)	101	333	0	777	false	1688	None
LINESTRING (3176945.072 223971.004, 3176964.468 223894.791)	101	333	0	778	false	1688	None
LINESTRING (3176964.468 223894.791, 3176988.182 223828.145)	101	333	0	779	false	1688	None
LINESTRING (3176988.182 223828.145, 3177017.416 223752.458)	101	333	0	780	false	1688	None
LINESTRING (3177017.416 223752.458, 3177082.504 223613.82)	101	333	0	781	false	1688	None
LINESTRING (3177082.504 223613.82, 3177108.802 223547.115)	101	333	0	782	false	1688	None
LINESTRING (3177108.802 223547.115, 3177163.421 223408.301)	101	333	0	783	false	1688	None
LINESTRING (3177163.421 223408.301, 3177194.509 223334.415)	101	333	0	784	false	1688	None
LINESTRING (3177194.509 223334.415, 3177220.186 223271.044)	101	333	0	785	false	1688	None
LINESTRING (3177220.186 223271.044, 3177285.229 223085.883)	101	333	0	786	false	1688	None
LINESTRING (3177285.229 223085.883, 3177381.508 222774.546)	101	333	0	787	false	1688	None
LINESTRING (3177381.508 222774.546, 3177407.631 222685.714)	101	333	0	788	false	1688	None
LINESTRING (3177407.631 222685.714, 3177430.152 222606.556)	101	333	0	789	false	1688	None
LINESTRING (3177430.152 222606.556, 3177461.997 222471.557)	101	333	0	790	false	1688	None
LINESTRING (3177461.997 222471.557, 3177474.138 222409.548)	101	333	0	791	false	1688	None
LINESTRING (3177474.138 222409.548, 3177493.245 222265.85)	101	333	0	792	false	1688	None
LINESTRING (3177493.245 222265.85, 3177501.634 222217.155)	101	333	0	793	false	1688	None
LINESTRING (3177501.634 222217.155, 3177509.983 222178.34)	101	333	0	794	false	1688	None
LINESTRING (3177509.983 222178.34, 3177517.199 222140.154)	101	333	0	795	false	1688	None
LINESTRING (3177517.199 222140.154, 3177526.883 222104.965)	101	333	0	796	false	1688	None
LINESTRING (3177526.883 222104.965, 3177547.995 222039.922)	101	333	0	797	false	1688	None
LINESTRING (3177547.995 222039.922, 3177568.165 221996.091)	101	333	0	798	false	1688	None
LINESTRING (3177568.165 221996.091, 3177596.59 221937.259)	101	333	0	799	false	1688	None
LINESTRING (3177596.59 221937.259, 3177610.842 221913.76)	101	333	0	800	false	1688	None
LINESTRING (3177610.842 221913.76, 3177647.952 221852.377)	101	333	0	801	false	1688	None
LINESTRING (3177647.952 221852.377, 3177752.38 221673.266)	101	333	0	802	false	1688	None
LINESTRING (3177752.38 221673.266, 3177804.317 221589.684)	101	333	0	803	false	1688	None
LINESTRING (3177804.317 221589.684, 3177846.135 221509.044)	101	333	0	804	false	1688	None
LINESTRING (3177846.135 221509.044, 3177858.961 221476.639)	101	333	0	805	false	1688	None
LINESTRING (3177858.961 221476.639, 3177873.334 221435.779)	101	333	0	806	false	1688	None
LINESTRING (3177873.334 221435.779, 3177880.086 221412.316)	101	333	0	807	false	1688	None
LINESTRING (3177880.086 221412.316, 3177888.793 221381.871)	101	333	0	808	false	1688	None
LINESTRING (3177888.793 221381.871, 3177905.007 221320.27)	101	333	0	809	false	1688	None
LINESTRING (3177905.007 221320.27, 3177920.888 221256.511)	101	333	0	810	false	1688	None
LINESTRING (3177920.888 221256.511, 3177956.626 221116.604)	101	333	0	811	false	1688	None
LINESTRING (3177956.626 221116.604, 3177970.943 221077.392)	101	333	0	812	false	1688	None
LINESTRING (3177970.943 221077.392, 3177989.398 221039.685)	101	333	0	813	false	1688	None
LINESTRING (3177989.398 221039.685, 3178012.323 220998.368)	101	333	0	814	false	1688	None
LINESTRING (3178012.323 220998.368, 3178027.661 220973.866)	101	333	0	815	false	1688	None
LINESTRING (3178027.661 220973.866, 3178024.62 220957.528)	101	333	0	816	false	1688	None
LINESTRING (3178024.62 220957.528, 3178021.563 220925.682)	101	333	0	817	false	1688	None
LINESTRING (3178021.563 220925.682, 3178020.245 220867.331)	101	333	0	818	false	1688	None
LINESTRING (3178020.245 220867.331, 3178023.492 220805.885)	101	333	0	819	false	1688	None
LINESTRING (3178023.492 220805.885, 3178030.982 220751.948)	101	333	0	820	false	1688	None
LINESTRING (3178030.982 220751.948, 3178038.056 220696.059)	101	333	0	821	false	1688	None
LINESTRING (3178038.056 220696.059, 3178047.08 220632.946)	101	333	0	822	false	1688	None
LINESTRING (3178047.08 220632.946, 3178049.135 220609.905)	101	333	0	823	false	1688	None
LINESTRING (3178049.135 220609.905, 3178058.783 220584.837)	101	333	0	824	false	1688	None
LINESTRING (3178058.783 220584.837, 3178064.212 220558.471)	101	333	0	825	false	1688	None
LINESTRING (3178064.212 220558.471, 3178065.544 220549.812)	101	333	0	826	false	1688	None
LINESTRING (3178065.544 220549.812, 3178067.98 220534.075)	101	333	0	827	false	1688	None
LINESTRING (3178067.98 220534.075, 3178069.178 220505.689)	101	333	0	828	false	1688	None
LINESTRING (3178069.178 220505.689, 3178068.329 220479.003)	101	333	0	829	false	1688	None
LINESTRING (3178068.329 220479.003, 3178066.088 220462.383)	101	333	0	830	false	1688	None
LINESTRING (3178066.088 220462.383, 3178081.204 220434.932)	101	333	0	831	false	1688	None
LINESTRING (3178081.204 220434.932, 3178096.118 220395.954)	101	333	0	832	false	1688	None
LINESTRING (3178096.118 220395.954, 3178105.185 220359.569)	101	333	0	833	false	1688	None
LINESTRING (3178105.185 220359.569, 3178112.146 220319.018)	101	333	0	834	false	1688	None
LINESTRING (3178112.146 220319.018, 3178119.506 220255.372)	101	333	0	835	false	1688	None
LINESTRING (3178119.506 220255.372, 3178124.213 220185.437)	101	333	0	836	false	1688	None
LINESTRING (3178124.213 220185.437, 3178130.228 220115.181)	101	333	0	837	false	1688	None
LINESTRING (3178130.228 220115.181, 3178141.41 219952.993)	101	333	0	838	false	1688	None
LINESTRING (3178141.41 219952.993, 3178155.711 219773.071)	101	333	0	839	false	1688	None
LINESTRING (3178155.711 219773.071, 3178160.924 219666.968)	101	333	0	840	false	1688	None
LINESTRING (3178160.924 219666.968, 3178171.482 219599.689)	101	333	0	841	false	1688	None
LINESTRING (3178171.482 219599.689, 3178180.754 219560.523)	101	333	0	842	false	1688	None
LINESTRING (3178180.754 219560.523, 3178193.229 219510.691)	101	333	0	843	false	1688	None
LINESTRING (3178193.229 219510.691, 3178209.687 219455.984)	101	333	0	844	false	1688	None
LINESTRING (3178209.687 219455.984, 3178238.083 219385.933)	101	333	0	845	false	1688	None
LINESTRING (3178238.083 219385.933, 3178258.961 219346.317)	101	333	0	846	false	1688	None
LINESTRING (3178258.961 219346.317, 3178330.762 219237.746)	101	333	0	847	false	1688	None
LINESTRING (3178330.762 219237.746, 3178365.259 219198.828)	101	333	0	848	false	1688	None
LINESTRING (3178365.259 219198.828, 3178407.254 219147.591)	101	333	0	849	false	1688	None
LINESTRING (3178407.254 219147.591, 3178473.812 219070.945)	101	333	0	850	false	1688	None
LINESTRING (3178473.812 219070.945, 3178519.393 219009.074)	101	333	0	851	false	1688	None
LINESTRING (3178519.393 219009.074, 3178543.916 218974.228)	101	333	0	852	false	1688	None
LINESTRING (3178543.916 218974.228, 3178570.791 218930.886)	101	333	0	853	false	1688	None
LINESTRING (3178570.791 218930.886, 3178602.461 218875.834)	101	333	0	854	false	1688	None
LINESTRING (3178602.461 218875.834, 3178623.989 218834.565)	101	333	0	855	false	1688	None
LINESTRING (3178623.989 218834.565, 3178645.255 218790.451)	101	333	0	856	false	1688	None
LINESTRING (3178645.255 218790.451, 3178657.474 218757.332)	101	333	0	857	false	1688	None
LINESTRING (3178657.474 218757.332, 3178670.743 218709.242)	101	333	0	858	false	1688	None
LINESTRING (3178670.743 218709.242, 3178700.006 218611.392)	101	333	0	859	false	1688	None
LINESTRING (3178700.006 218611.392, 3178762.687 218377.259)	101	333	0	860	false	1688	None
LINESTRING (3178762.687 218377.259, 3178814.021 218343.403)	101	333	0	861	false	1688	None
LINESTRING (3178814.021 218343.403, 3178770.559 218335.636)	101	333	0	862	false	1688	None
LINESTRING (3178770.559 218335.636, 3178776.839 218314.374)	101	333	0	863	false	1688	None
LINESTRING (3178776.839 218314.374, 3178782.714 218298.914)	101	333	0	864	false	1688	None
LINESTRING (3178782.714 218298.914, 3178797.19 218264.058)	101	333	0	865	false	1688	None
LINESTRING (3178797.19 218264.058, 3178807.08 218243.14)	101	333	0	866	false	1688	None
LINESTRING (3178807.08 218243.14, 3178821.062 218221.087)	101	333	0	867	false	1688	None
LINESTRING (3178821.062 218221.087, 3178860.939 218164.966)	101	333	0	868	false	1688	None
LINESTRING (3178860.939 218164.966, 3178892.772 218131.083)	101	333	0	869	false	1688	None
LINESTRING (3178892.772 218131.083, 3178940.833 218072.691)	101	333	0	870	false	1688	None
LINESTRING (3178940.833 218072.691, 3178957.774 218050.13)	101	333	0	871	false	1688	None
LINESTRING (3178957.774 218050.13, 3178978.821 218017.616)	101	333	0	872	false	1688	None
LINESTRING (3178978.821 218017.616, 3179001.814 217984.913)	101	333	0	873	false	1688	None
LINESTRING (3179001.814 217984.913, 3179042.558 217913.035)	101	333	0	874	false	1688	None
LINESTRING (3179042.558 217913.035, 3179055.685 217888.142)	101	333	0	875	false	1688	None
LINESTRING (3179055.685 217888.142, 3179073.265 217848.901)	101	333	0	876	false	1688	None
LINESTRING (3179073.265 217848.901, 3179089.993 217807.059)	101	333	0	877	false	1688	None
LINESTRING (3179089.993 217807.059, 3179120.725 217739.596)	101	333	0	878	false	1688	None
LINESTRING (3179120.725 217739.596, 3179142.27 217687.246)	101	333	0	879	false	1688	None
LINESTRING (3179142.27 217687.246, 3179167.902 217626.246)	101	333	0	880	false	1688	None
LINESTRING (3179167.902 217626.246, 3179183.141 217593.717)	101	333	0	881	false	1688	None
LINESTRING (3179183.141 217593.717, 3179196.311 217566.456)	101	333	0	882	false	1688	None
LINESTRING (3179196.311 217566.456, 3179214.224 217534.143)	101	333	0	883	false	1688	None
LINESTRING (3179214.224 217534.143, 3179226.565 217512.757)	101	333	0	884	false	1688	None
LINESTRING (3179226.565 217512.757, 3179227.304 217511.378)	101	333	0	885	false	1688	None
LINESTRING (3179227.304 217511.378, 3179228.756 217511.948)	101	333	0	886	false	1688	None
LINESTRING (3179228.756 217511.948, 3179233.11 217513.658)	101	333	0	887	false	1688	None
LINESTRING (3179233.11 217513.658, 3179234.476 217514.194)	101	333	0	888	false	1688	None
LINESTRING (3179234.476 217514.194, 3179339.898 217556.432)	101	333	0	889	false	1688	None
LINESTRING (3179339.898 217556.432, 3179655.904 217683.054)	101	333	0	890	false	1688	None
LINESTRING (3179655.904 217683.054, 3179761.112 217725.333)	101	333	0	891	false	1688	None
LINESTRING (3179761.112 217725.333, 3179784.902 217735.274)	101	333	0	892	false	1688	None
LINESTRING (3179784.902 217735.274, 3179797.888 217740.853)	101	333	0	893	false	1688	None
LINESTRING (3179797.888 217740.853, 3179825.727 217752.026)	101	333	0	894	false	1688	None
LINESTRING (3179825.727 217752.026, 3179856.262 217764.617)	101	333	0	895	false	1688	None
LINESTRING (3179856.262 217764.617, 3179873.261 217771.772)	101	333	0	896	false	1688	None
LINESTRING (3179873.261 217771.772, 3179879.966 217774.525)	101	333	0	897	false	1688	None
LINESTRING (3179879.966 217774.525, 3179885.345 217776.638)	101	333	0	898	false	1688	None
LINESTRING (3179885.345 217776.638, 3179901.19 217783.22)	101	333	0	899	false	1688	None
LINESTRING (3179901.19 217783.22, 3179906.402 217785.506)	101	333	0	900	false	1688	None
LINESTRING (3179906.402 217785.506, 3179918.36 217790.442)	101	333	0	901	false	1688	None
LINESTRING (3179918.36 217790.442, 3179954.062 217805.182)	101	333	0	902	false	1688	None
LINESTRING (3179954.062 217805.182, 3179965.894 217810.188)	101	333	0	903	false	1688	None
LINESTRING (3179965.894 217810.188, 3179957.73 217845.019)	101	333	0	904	false	1688	None
LINESTRING (3179957.73 217845.019, 3179939.979 217920.562)	101	333	0	905	false	1688	None
LINESTRING (3179939.979 217920.562, 3179933.027 217949.55)	101	333	0	906	false	1688	None
LINESTRING (3179933.027 217949.55, 3179924.651 217984.417)	101	333	0	907	false	1688	None
LINESTRING (3179924.651 217984.417, 3179922.625 217987.318)	101	333	0	908	false	1688	None
LINESTRING (3179922.625 217987.318, 3179916.424 217996.329)	101	333	0	909	false	1688	None
LINESTRING (3179916.424 217996.329, 3179914.357 217999.333)	101	333	0	910	false	1688	None
LINESTRING (3179914.357 217999.333, 3179911.587 218003.372)	101	333	0	911	false	1688	None
LINESTRING (3179911.587 218003.372, 3179903.027 218015.63)	101	333	0	912	false	1688	None
LINESTRING (3179903.027 218015.63, 3179900.131 218019.74)	101	333	0	913	false	1688	None
LINESTRING (3179900.131 218019.74, 3179892.66 218031.233)	101	333	0	914	false	1688	None
LINESTRING (3179892.66 218031.233, 3179873.822 218066.641)	101	333	0	915	false	1688	None
LINESTRING (3179873.822 218066.641, 3179870.948 218071.951)	101	333	0	916	false	1688	None
LINESTRING (3179870.948 218071.951, 3179857.655 218102.025)	101	333	0	917	false	1688	None
LINESTRING (3179857.655 218102.025, 3179815.769 218217.931)	101	333	0	918	false	1688	None
LINESTRING (3179815.769 218217.931, 3179814.593 218220.927)	101	333	0	919	false	1688	None
LINESTRING (3179814.593 218220.927, 3179796.734 218268.644)	101	333	0	920	false	1688	None
LINESTRING (3179796.734 218268.644, 3179778.568 218318.149)	101	333	0	921	false	1688	None
LINESTRING (3179778.568 218318.149, 3179728.063 218454.994)	101	333	0	922	false	1688	None
LINESTRING (3179728.063 218454.994, 3179723.774 218466.664)	101	333	0	923	false	1688	None
LINESTRING (3179723.774 218466.664, 3179705.396 218516.205)	101	333	0	924	false	1688	None
LINESTRING (3179705.396 218516.205, 3179704.548 218518.615)	101	333	0	925	false	1688	None
LINESTRING (3179704.548 218518.615, 3179701.797 218526.119)	101	333	0	926	false	1688	None
LINESTRING (3179701.797 218526.119, 3179700.823 218528.599)	101	333	0	927	false	1688	None
LINESTRING (3179700.823 218528.599, 3179749.832 218548.09)	101	333	0	928	false	1688	None
LINESTRING (3179749.832 218548.09, 3179896.772 218606.532)	101	333	0	929	false	1688	None
LINESTRING (3179896.772 218606.532, 3179898.524 218607.339)	101	333	0	930	false	1688	None
LINESTRING (3179898.524 218607.339, 3179945.695 218625.99)	101	333	0	931	false	1688	None
LINESTRING (3179945.695 218625.99, 3179950.049 218627.701)	101	333	0	932	false	1688	None
LINESTRING (3179950.049 218627.701, 3179962.985 218632.903)	101	333	0	933	false	1688	None
LINESTRING (3179962.985 218632.903, 3179967.213 218634.683)	101	333	0	934	false	1688	None
LINESTRING (3179967.213 218634.683, 3179968.193 218634.949)	101	333	0	935	false	1688	None
LINESTRING (3179968.193 218634.949, 3179971.01 218636.055)	101	333	0	936	false	1688	None
LINESTRING (3179971.01 218636.055, 3179971.949 218636.424)	101	333	0	937	false	1688	None
LINESTRING (3179971.949 218636.424, 3180069.624 218675.276)	101	333	0	938	false	1688	None
LINESTRING (3180069.624 218675.276, 3180300.409 218767.384)	101	333	0	939	false	1688	None
LINESTRING (3180300.409 218767.384, 3180362.523 218792.148)	101	333	0	940	false	1688	None
LINESTRING (3180362.523 218792.148, 3180460.07 218831.075)	101	333	0	941	false	1688	None
LINESTRING (3180460.07 218831.075, 3180563.854 218556.923)	101	333	0	942	false	1688	None
LINESTRING (3180563.854 218556.923, 3180875.162 217734.333)	101	333	0	943	false	1688	E:3180760.052 218038.49587053285
LINESTRING (3178099.742 225117.24, 3178097.255 225041.37)	101	334	0	162	false	2222	N:3178097.426306999 225046.596
LINESTRING (3178097.255 225041.37, 3178098.584 225010.171)	101	334	0	163	false	2222	None
LINESTRING (3178098.584 225010.171, 3178098.986 225008.898)	101	334	0	164	false	2222	None
LINESTRING (3178098.986 225008.898, 3178111.981 224963.798)	101	334	0	165	false	2222	None
LINESTRING (3178111.981 224963.798, 3178125.126 224934.856)	101	334	0	166	false	2222	None
LINESTRING (3178125.126 224934.856, 3178152.858 224889.346)	101	334	0	167	false	2222	None
LINESTRING (3178152.858 224889.346, 3178175.419 224814.137)	101	334	0	168	false	2222	None
LINESTRING (3178175.419 224814.137, 3178199.411 224738.297)	101	334	0	169	false	2222	None
LINESTRING (3178199.411 224738.297, 3178221.522 224683.781)	101	334	0	170	false	2222	None
LINESTRING (3178221.522 224683.781, 3178233.569 224647.61)	101	334	0	171	false	2222	None
LINESTRING (3178233.569 224647.61, 3178238.122 224611.714)	101	334	0	172	false	2222	None
LINESTRING (3178238.122 224611.714, 3178240.748 224572.2)	101	334	0	173	false	2222	None
LINESTRING (3178240.748 224572.2, 3178243.187 224548.95)	101	334	0	174	false	2222	None
LINESTRING (3178243.187 224548.95, 3178261.749 224512.239)	101	334	0	175	false	2222	None
LINESTRING (3178261.749 224512.239, 3178265.627 224491.343)	101	334	0	176	false	2222	None
LINESTRING (3178265.627 224491.343, 3178265.311 224465.579)	101	334	0	177	false	2222	None
LINESTRING (3178265.311 224465.579, 3178270.001 224442.617)	101	334	0	178	false	2222	None
LINESTRING (3178270.001 224442.617, 3178278.209 224422.23)	101	334	0	179	false	2222	None
LINESTRING (3178278.209 224422.23, 3178299.785 224385.868)	101	334	0	180	false	2222	None
LINESTRING (3178299.785 224385.868, 3178308.515 224371.172)	101	334	0	181	false	2222	None
LINESTRING (3178308.515 224371.172, 3178325.772 224347.305)	101	334	0	182	false	2222	None
LINESTRING (3178325.772 224347.305, 3178342.634 224317.678)	101	334	0	183	false	2222	None
LINESTRING (3178342.634 224317.678, 3178353.236 224288.691)	101	334	0	184	false	2222	None
LINESTRING (3178353.236 224288.691, 3178362.778 224257.141)	101	334	0	185	false	2222	None
LINESTRING (3178362.778 224257.141, 3178379.675 224222.161)	101	334	0	186	false	2222	None
LINESTRING (3178379.675 224222.161, 3178386.802 224200.515)	101	334	0	187	false	2222	None
LINESTRING (3178386.802 224200.515, 3178389.048 224185.775)	101	334	0	188	false	2222	None
LINESTRING (3178389.048 224185.775, 3178404.267 224193.663)	101	334	0	189	false	2222	None
LINESTRING (3178404.267 224193.663, 3178440.421 224209.182)	101	334	0	190	false	2222	None
LINESTRING (3178440.421 224209.182, 3178462.434 224225.345)	101	334	0	191	false	2222	None
LINESTRING (3178462.434 224225.345, 3178473.086 224231.32)	101	334	0	192	false	2222	None
LINESTRING (3178473.086 224231.32, 3178486.8 224233.012)	101	334	0	193	false	2222	None
LINESTRING (3178486.8 224233.012, 3178498.698 224232.56)	101	334	0	194	false	2222	None
LINESTRING (3178498.698 224232.56, 3178512.849 224225.122)	101	334	0	195	false	2222	None
LINESTRING (3178512.849 224225.122, 3178519.879 224220.014)	101	334	0	196	false	2222	None
LINESTRING (3178519.879 224220.014, 3178528.467 224221.719)	101	334	0	197	false	2222	None
LINESTRING (3178528.467 224221.719, 3178538.948 224225.122)	101	334	0	198	false	2222	None
LINESTRING (3178538.948 224225.122, 3178598.403 224228.213)	101	334	0	199	false	2222	None
LINESTRING (3178598.403 224228.213, 3178599.93 224228.336)	101	334	0	200	false	2222	None
LINESTRING (3178599.93 224228.336, 3178637.756 224210.525)	101	334	0	201	false	2222	None
LINESTRING (3178637.756 224210.525, 3178680.972 224153.689)	101	334	0	202	false	2222	None
LINESTRING (3178680.972 224153.689, 3178697.294 224139.472)	101	334	0	203	false	2222	None
LINESTRING (3178697.294 224139.472, 3178716.217 224143.45)	101	334	0	204	false	2222	None
LINESTRING (3178716.217 224143.45, 3178744.501 224154.685)	101	334	0	205	false	2222	None
LINESTRING (3178744.501 224154.685, 3178761.326 224152.472)	101	334	0	206	false	2222	None
LINESTRING (3178761.326 224152.472, 3178770.874 224140.959)	101	334	0	207	false	2222	None
LINESTRING (3178770.874 224140.959, 3178775.475 224120.228)	101	334	0	208	false	2222	None
LINESTRING (3178775.475 224120.228, 3178784.072 224110.131)	101	334	0	209	false	2222	None
LINESTRING (3178784.072 224110.131, 3178800.239 224106.587)	101	334	0	210	false	2222	None
LINESTRING (3178800.239 224106.587, 3178817.96 224112.12)	101	334	0	211	false	2222	None
LINESTRING (3178817.96 224112.12, 3178844.38 224111.054)	101	334	0	212	false	2222	None
LINESTRING (3178844.38 224111.054, 3178867.255 224078.663)	101	334	0	213	false	2222	None
LINESTRING (3178867.255 224078.663, 3178875.571 224047.227)	101	334	0	214	false	2222	None
LINESTRING (3178875.571 224047.227, 3178898.761 224038.095)	101	334	0	215	false	2222	None
LINESTRING (3178898.761 224038.095, 3178914.447 224031.261)	101	334	0	216	false	2222	None
LINESTRING (3178914.447 224031.261, 3179003.896 224071.066)	101	334	0	217	false	2222	None
LINESTRING (3179003.896 224071.066, 3179090.844 224120.743)	101	334	0	218	false	2222	None
LINESTRING (3179090.844 224120.743, 3179149.79 224136.159)	101	334	0	219	false	2222	None
LINESTRING (3179149.79 224136.159, 3179170.577 224137.651)	101	334	0	220	false	2222	None
LINESTRING (3179170.577 224137.651, 3179174.225 224137.892)	101	334	0	221	false	2222	None
LINESTRING (3179174.225 224137.892, 3179207.308 224117.623)	101	334	0	222	false	2222	None
LINESTRING (3179207.308 224117.623, 3179229.361 224111.383)	101	334	0	223	false	2222	None
LINESTRING (3179229.361 224111.383, 3179258.458 224125.563)	101	334	0	224	false	2222	None
LINESTRING (3179258.458 224125.563, 3179304.949 224113.783)	101	334	0	225	false	2222	None
LINESTRING (3179304.949 224113.783, 3179351.218 224111.338)	101	334	0	226	false	2222	None
LINESTRING (3179351.218 224111.338, 3179388.313 224122.461)	101	334	0	227	false	2222	None
LINESTRING (3179388.313 224122.461, 3179387.627 224124.457)	101	334	0	228	false	2222	None
LINESTRING (3179387.627 224124.457, 3179381.13 224138.48)	101	334	0	229	false	2222	None
LINESTRING (3179381.13 224138.48, 3179373.328 224148.055)	101	334	0	230	false	2222	None
LINESTRING (3179373.328 224148.055, 3179353.668 224157.977)	101	334	0	231	false	2222	None
LINESTRING (3179353.668 224157.977, 3179348.486 224164.646)	101	334	0	232	false	2222	None
LINESTRING (3179348.486 224164.646, 3179349.308 224173.079)	101	334	0	233	false	2222	None
LINESTRING (3179349.308 224173.079, 3179351.434 224175.942)	101	334	0	234	false	2222	None
LINESTRING (3179351.434 224175.942, 3179353.868 224179.522)	101	334	0	235	false	2222	None
LINESTRING (3179353.868 224179.522, 3179382.497 224196.143)	101	334	0	236	false	2222	None
LINESTRING (3179382.497 224196.143, 3179413.23 224224.203)	101	334	0	237	false	2222	None
LINESTRING (3179413.23 224224.203, 3179430.188 224237.19)	101	334	0	238	false	2222	None
LINESTRING (3179430.188 224237.19, 3179444.988 224245.393)	101	334	0	239	false	2222	None
LINESTRING (3179444.988 224245.393, 3179457.22 224249.605)	101	334	0	240	false	2222	None
LINESTRING (3179457.22 224249.605, 3179469.31 224250.422)	101	334	0	241	false	2222	None
LINESTRING (3179469.31 224250.422, 3179507.006 224242.223)	101	334	0	242	false	2222	None
LINESTRING (3179507.006 224242.223, 3179514.587 224241.982)	101	334	0	243	false	2222	None
LINESTRING (3179514.587 224241.982, 3179517.91 224243.05)	101	334	0	244	false	2222	None
LINESTRING (3179517.91 224243.05, 3179523.492 224244.887)	101	334	0	245	false	2222	None
LINESTRING (3179523.492 224244.887, 3179528.072 224255.035)	101	334	0	246	false	2222	None
LINESTRING (3179528.072 224255.035, 3179529.932 224282.123)	101	334	0	247	false	2222	None
LINESTRING (3179529.932 224282.123, 3179533.308 224308.614)	101	334	0	248	false	2222	None
LINESTRING (3179533.308 224308.614, 3179534.325 224316.05)	101	334	0	249	false	2222	None
LINESTRING (3179534.325 224316.05, 3179542.604 224344.349)	101	334	0	250	false	2222	None
LINESTRING (3179542.604 224344.349, 3179555.218 224370.894)	101	334	0	251	false	2222	None
LINESTRING (3179555.218 224370.894, 3179579.096 224402.105)	101	334	0	252	false	2222	None
LINESTRING (3179579.096 224402.105, 3179585.115 224417.112)	101	334	0	253	false	2222	None
LINESTRING (3179585.115 224417.112, 3179588.012 224428.031)	101	334	0	254	false	2222	None
LINESTRING (3179588.012 224428.031, 3179589.709 224443.009)	101	334	0	255	false	2222	None
LINESTRING (3179589.709 224443.009, 3179589.33 224463.015)	101	334	0	256	false	2222	None
LINESTRING (3179589.33 224463.015, 3179583.545 224489.006)	101	334	0	257	false	2222	None
LINESTRING (3179583.545 224489.006, 3179579.755 224579.824)	101	334	0	258	false	2222	None
LINESTRING (3179579.755 224579.824, 3179579.686 224580.751)	101	334	0	259	false	2222	None
LINESTRING (3179579.686 224580.751, 3179575.032 224618.396)	101	334	0	260	false	2222	None
LINESTRING (3179575.032 224618.396, 3179562.027 224670.768)	101	334	0	261	false	2222	None
LINESTRING (3179562.027 224670.768, 3179557.059 224699.942)	101	334	0	262	false	2222	None
LINESTRING (3179557.059 224699.942, 3179550.921 224732.592)	101	334	0	263	false	2222	None
LINESTRING (3179550.921 224732.592, 3179528.532 224773.76)	101	334	0	264	false	2222	None
LINESTRING (3179528.532 224773.76, 3179511.496 224810.832)	101	334	0	265	false	2222	None
LINESTRING (3179511.496 224810.832, 3179498.647 224842.514)	101	334	0	266	false	2222	None
LINESTRING (3179498.647 224842.514, 3179490.811 224907.293)	101	334	0	267	false	2222	None
LINESTRING (3179490.811 224907.293, 3179489.591 224970.022)	101	334	0	268	false	2222	None
LINESTRING (3179489.591 224970.022, 3179488.076 225000.434)	101	334	0	269	false	2222	None
LINESTRING (3179488.076 225000.434, 3179486.013 225013.696)	101	334	0	270	false	2222	None
LINESTRING (3179486.013 225013.696, 3179497.808 225042.066)	101	334	0	271	false	2222	None
LINESTRING (3179497.808 225042.066, 3179499.416 225069.293)	101	334	0	272	false	2222	N:3179498.075537371 225046.596
LINESTRING (3179349.167 217147.626, 3179296.909 217287.717)	101	337	0	625	false	1368	S:3179329.3132796753 217200.849
LINESTRING (3179296.909 217287.717, 3179248.781 217416.79)	101	337	0	626	false	1368	None
LINESTRING (3179248.781 217416.79, 3179215.305 217506.546)	101	337	0	627	false	1368	None
LINESTRING (3179215.305 217506.546, 3179217.782 217507.519)	101	337	0	628	false	1368	None
LINESTRING (3179217.782 217507.519, 3179224.954 217510.335)	101	337	0	629	false	1368	None
LINESTRING (3179224.954 217510.335, 3179227.304 217511.378)	101	337	0	630	false	1368	None
LINESTRING (3179227.304 217511.378, 3179226.565 217512.757)	101	337	0	631	false	1368	None
LINESTRING (3179226.565 217512.757, 3179214.224 217534.143)	101	337	0	632	false	1368	None
LINESTRING (3179214.224 217534.143, 3179196.311 217566.456)	101	337	0	633	false	1368	None
LINESTRING (3179196.311 217566.456, 3179183.141 217593.717)	101	337	0	634	false	1368	None
LINESTRING (3179183.141 217593.717, 3179167.902 217626.246)	101	337	0	635	false	1368	None
LINESTRING (3179167.902 217626.246, 3179142.27 217687.246)	101	337	0	636	false	1368	None
LINESTRING (3179142.27 217687.246, 3179120.725 217739.596)	101	337	0	637	false	1368	None
LINESTRING (3179120.725 217739.596, 3179089.993 217807.059)	101	337	0	638	false	1368	None
LINESTRING (3179089.993 217807.059, 3179073.265 217848.901)	101	337	0	639	false	1368	None
LINESTRING (3179073.265 217848.901, 3179055.685 217888.142)	101	337	0	640	false	1368	None
LINESTRING (3179055.685 217888.142, 3179042.558 217913.035)	101	337	0	641	false	1368	None
LINESTRING (3179042.558 217913.035, 3179001.814 217984.913)	101	337	0	642	false	1368	None
LINESTRING (3179001.814 217984.913, 3178978.821 218017.616)	101	337	0	643	false	1368	None
LINESTRING (3178978.821 218017.616, 3178957.774 218050.13)	101	337	0	644	false	1368	None
LINESTRING (3178957.774 218050.13, 3178940.833 218072.691)	101	337	0	645	false	1368	None
LINESTRING (3178940.833 218072.691, 3178892.772 218131.083)	101	337	0	646	false	1368	None
LINESTRING (3178892.772 218131.083, 3178860.939 218164.966)	101	337	0	647	false	1368	None
LINESTRING (3178860.939 218164.966, 3178821.062 218221.087)	101	337	0	648	false	1368	None
LINESTRING (3178821.062 218221.087, 3178807.08 218243.14)	101	337	0	649	false	1368	None
LINESTRING (3178807.08 218243.14, 3178797.19 218264.058)	101	337	0	650	false	1368	None
LINESTRING (3178797.19 218264.058, 3178782.714 218298.914)	101	337	0	651	false	1368	None
LINESTRING (3178782.714 218298.914, 3178776.839 218314.374)	101	337	0	652	false	1368	None
LINESTRING (3178776.839 218314.374, 3178770.559 218335.636)	101	337	0	653	false	1368	None
LINESTRING (3178770.559 218335.636, 3178814.021 218343.403)	101	337	0	654	false	1368	None
LINESTRING (3178814.021 218343.403, 3178762.687 218377.259)	101	337	0	655	false	1368	None
LINESTRING (3178762.687 218377.259, 3178700.006 218611.392)	101	337	0	656	false	1368	None
LINESTRING (3178700.006 218611.392, 3178670.743 218709.242)	101	337	0	657	false	1368	None
LINESTRING (3178670.743 218709.242, 3178657.474 218757.332)	101	337	0	658	false	1368	None
LINESTRING (3178657.474 218757.332, 3178645.255 218790.451)	101	337	0	659	false	1368	None
LINESTRING (3178645.255 218790.451, 3178623.989 218834.565)	101	337	0	660	false	1368	None
LINESTRING (3178623.989 218834.565, 3178602.461 218875.834)	101	337	0	661	false	1368	None
LINESTRING (3178602.461 218875.834, 3178570.791 218930.886)	101	337	0	662	false	1368	None
LINESTRING (3178570.791 218930.886, 3178543.916 218974.228)	101	337	0	663	false	1368	None
LINESTRING (3178543.916 218974.228, 3178519.393 219009.074)	101	337	0	664	false	1368	None
LINESTRING (3178519.393 219009.074, 3178473.812 219070.945)	101	337	0	665	false	1368	None
LINESTRING (3178473.812 219070.945, 3178407.254 219147.591)	101	337	0	666	false	1368	None
LINESTRING (3178407.254 219147.591, 3178365.259 219198.828)	101	337	0	667	false	1368	None
LINESTRING (3178365.259 219198.828, 3178330.762 219237.746)	101	337	0	668	false	1368	None
LINESTRING (3178330.762 219237.746, 3178258.961 219346.317)	101	337	0	669	false	1368	None
LINESTRING (3178258.961 219346.317, 3178238.083 219385.933)	101	337	0	670	false	1368	None
LINESTRING (3178238.083 219385.933, 3178209.687 219455.984)	101	337	0	671	false	1368	None
LINESTRING (3178209.687 219455.984, 3178193.229 219510.691)	101	337	0	672	false	1368	None
LINESTRING (3178193.229 219510.691, 3178180.754 219560.523)	101	337	0	673	false	1368	None
LINESTRING (3178180.754 219560.523, 3178171.482 219599.689)	101	337	0	674	false	1368	None
LINESTRING (3178171.482 219599.689, 3178160.924 219666.968)	101	337	0	675	false	1368	None
LINESTRING (3178160.924 219666.968, 3178155.711 219773.071)	101	337	0	676	false	1368	None
LINESTRING (3178155.711 219773.071, 3178141.41 219952.993)	101	337	0	677	false	1368	None
LINESTRING (3178141.41 219952.993, 3178130.228 220115.181)	101	337	0	678	false	1368	None
LINESTRING (3178130.228 220115.181, 3178124.213 220185.437)	101	337	0	679	false	1368	None
LINESTRING (3178124.213 220185.437, 3178119.506 220255.372)	101	337	0	680	false	1368	None
LINESTRING (3178119.506 220255.372, 3178112.146 220319.018)	101	337	0	681	false	1368	None
LINESTRING (3178112.146 220319.018, 3178105.185 220359.569)	101	337	0	682	false	1368	None
LINESTRING (3178105.185 220359.569, 3178096.118 220395.954)	101	337	0	683	false	1368	None
LINESTRING (3178096.118 220395.954, 3178081.204 220434.932)	101	337	0	684	false	1368	None
LINESTRING (3178081.204 220434.932, 3178066.088 220462.383)	101	337	0	685	false	1368	None
LINESTRING (3178066.088 220462.383, 3178068.329 220479.003)	101	337	0	686	false	1368	None
LINESTRING (3178068.329 220479.003, 3178069.178 220505.689)	101	337	0	687	false	1368	None
LINESTRING (3178069.178 220505.689, 3178067.98 220534.075)	101	337	0	688	false	1368	None
LINESTRING (3178067.98 220534.075, 3178065.544 220549.812)	101	337	0	689	false	1368	None
LINESTRING (3178065.544 220549.812, 3178064.212 220558.471)	101	337	0	690	false	1368	None
LINESTRING (3178064.212 220558.471, 3178058.783 220584.837)	101	337	0	691	false	1368	None
LINESTRING (3178058.783 220584.837, 3178049.135 220609.905)	101	337	0	692	false	1368	None
LINESTRING (3178049.135 220609.905, 3178047.08 220632.946)	101	337	0	693	false	1368	None
LINESTRING (3178047.08 220632.946, 3178038.056 220696.059)	101	337	0	694	false	1368	None
LINESTRING (3178038.056 220696.059, 3178030.982 220751.948)	101	337	0	695	false	1368	None
LINESTRING (3178030.982 220751.948, 3178023.492 220805.885)	101	337	0	696	false	1368	None
LINESTRING (3178023.492 220805.885, 3178020.245 220867.331)	101	337	0	697	false	1368	None
LINESTRING (3178020.245 220867.331, 3178021.563 220925.682)	101	337	0	698	false	1368	None
LINESTRING (3178021.563 220925.682, 3178024.62 220957.528)	101	337	0	699	false	1368	None
LINESTRING (3178024.62 220957.528, 3178027.661 220973.866)	101	337	0	700	false	1368	None
LINESTRING (3178027.661 220973.866, 3178012.323 220998.368)	101	337	0	701	false	1368	None
LINESTRING (3178012.323 220998.368, 3177989.398 221039.685)	101	337	0	702	false	1368	None
LINESTRING (3177989.398 221039.685, 3177970.943 221077.392)	101	337	0	703	false	1368	None
LINESTRING (3177970.943 221077.392, 3177956.626 221116.604)	101	337	0	704	false	1368	None
LINESTRING (3177956.626 221116.604, 3177920.888 221256.511)	101	337	0	705	false	1368	None
LINESTRING (3177920.888 221256.511, 3177905.007 221320.27)	101	337	0	706	false	1368	None
LINESTRING (3177905.007 221320.27, 3177888.793 221381.871)	101	337	0	707	false	1368	None
LINESTRING (3177888.793 221381.871, 3177880.086 221412.316)	101	337	0	708	false	1368	None
LINESTRING (3177880.086 221412.316, 3177873.334 221435.779)	101	337	0	709	false	1368	None
LINESTRING (3177873.334 221435.779, 3177858.961 221476.639)	101	337	0	710	false	1368	None
LINESTRING (3177858.961 221476.639, 3177846.135 221509.044)	101	337	0	711	false	1368	None
LINESTRING (3177846.135 221509.044, 3177804.317 221589.684)	101	337	0	712	false	1368	None
LINESTRING (3177804.317 221589.684, 3177752.38 221673.266)	101	337	0	713	false	1368	None
LINESTRING (3177752.38 221673.266, 3177647.952 221852.377)	101	337	0	714	false	1368	None
LINESTRING (3177647.952 221852.377, 3177610.842 221913.76)	101	337	0	715	false	1368	None
LINESTRING (3177610.842 221913.76, 3177596.59 221937.259)	101	337	0	716	false	1368	None
LINESTRING (3177596.59 221937.259, 3177568.165 221996.091)	101	337	0	717	false	1368	None
LINESTRING (3177568.165 221996.091, 3177547.995 222039.922)	101	337	0	718	false	1368	None
LINESTRING (3177547.995 222039.922, 3177526.883 222104.965)	101	337	0	719	false	1368	None
LINESTRING (3177526.883 222104.965, 3177517.199 222140.154)	101	337	0	720	false	1368	None
LINESTRING (3177517.199 222140.154, 3177509.983 222178.34)	101	337	0	721	false	1368	None
LINESTRING (3177509.983 222178.34, 3177501.634 222217.155)	101	337	0	722	false	1368	None
LINESTRING (3177501.634 222217.155, 3177493.245 222265.85)	101	337	0	723	false	1368	None
LINESTRING (3177493.245 222265.85, 3177474.138 222409.548)	101	337	0	724	false	1368	None
LINESTRING (3177474.138 222409.548, 3177461.997 222471.557)	101	337	0	725	false	1368	None
LINESTRING (3177461.997 222471.557, 3177430.152 222606.556)	101	337	0	726	false	1368	None
LINESTRING (3177430.152 222606.556, 3177407.631 222685.714)	101	337	0	727	false	1368	None
LINESTRING (3177407.631 222685.714, 3177381.508 222774.546)	101	337	0	728	false	1368	None
LINESTRING (3177381.508 222774.546, 3177285.229 223085.883)	101	337	0	729	false	1368	None
LINESTRING (3177285.229 223085.883, 3177220.186 223271.044)	101	337	0	730	false	1368	None
LINESTRING (3177220.186 223271.044, 3177194.509 223334.415)	101	337	0	731	false	1368	None
LINESTRING (3177194.509 223334.415, 3177163.421 223408.301)	101	337	0	732	false	1368	None
LINESTRING (3177163.421 223408.301, 3177108.802 223547.115)	101	337	0	733	false	1368	None
LINESTRING (3177108.802 223547.115, 3177082.504 223613.82)	101	337	0	734	false	1368	None
LINESTRING (3177082.504 223613.82, 3177017.416 223752.458)	101	337	0	735	false	1368	None
LINESTRING (3177017.416 223752.458, 3176988.182 223828.145)	101	337	0	736	false	1368	None
LINESTRING (3176988.182 223828.145, 3176964.468 223894.791)	101	337	0	737	false	1368	None
LINESTRING (3176964.468 223894.791, 3176945.072 223971.004)	101	337	0	738	false	1368	None
LINESTRING (3176945.072 223971.004, 3176939.568 224010.34)	101	337	0	739	false	1368	None
LINESTRING (3176939.568 224010.34, 3176936.83 224038.123)	101	337	0	740	false	1368	None
LINESTRING (3176936.83 224038.123, 3176931.627 224058.14)	101	337	0	741	false	1368	None
LINESTRING (3176931.627 224058.14, 3176933.413 224085.433)	101	337	0	742	false	1368	None
LINESTRING (3176933.413 224085.433, 3176933.687 224088.999)	101	337	0	743	false	1368	None
LINESTRING (3176933.687 224088.999, 3176932.991 224105.062)	101	337	0	744	false	1368	None
LINESTRING (3176932.991 224105.062, 3176930.301 224162.556)	101	337	0	745	false	1368	None
LINESTRING (3176930.301 224162.556, 3176930.46 224164.408)	101	337	0	746	false	1368	None
LINESTRING (3176930.46 224164.408, 3176931.138 224183.992)	101	337	0	747	false	1368	None
LINESTRING (3176931.138 224183.992, 3176931.774 224198.671)	101	337	0	748	false	1368	None
LINESTRING (3176931.774 224198.671, 3176932.128 224209.303)	101	337	0	749	false	1368	None
LINESTRING (3176932.128 224209.303, 3176934.526 224242.561)	101	337	0	750	false	1368	None
LINESTRING (3176934.526 224242.561, 3176935.498 224257.134)	101	337	0	751	false	1368	None
LINESTRING (3176935.498 224257.134, 3176942.226 224300.678)	101	337	0	752	false	1368	None
LINESTRING (3176942.226 224300.678, 3176952.215 224366.253)	101	337	0	753	false	1368	None
LINESTRING (3176952.215 224366.253, 3176984.16 224542.648)	101	337	0	754	false	1368	None
LINESTRING (3176984.16 224542.648, 3176999.847 224631.569)	101	337	0	755	false	1368	None
LINESTRING (3176999.847 224631.569, 3177018.625 224732.674)	101	337	0	756	false	1368	None
LINESTRING (3177018.625 224732.674, 3177033.647 224783.174)	101	337	0	757	false	1368	None
LINESTRING (3177033.647 224783.174, 3177038.041 224792.294)	101	337	0	758	false	1368	None
LINESTRING (3177038.041 224792.294, 3177060.12 224839.365)	101	337	0	759	false	1368	None
LINESTRING (3177060.12 224839.365, 3177083.393 224884.402)	101	337	0	760	false	1368	None
LINESTRING (3177083.393 224884.402, 3177111.078 224934.749)	101	337	0	761	false	1368	None
LINESTRING (3177111.078 224934.749, 3177129.954 224963.152)	101	337	0	762	false	1368	None
LINESTRING (3177129.954 224963.152, 3177163.591 225009.875)	101	337	0	763	false	1368	None
LINESTRING (3177163.591 225009.875, 3177216.673 225076.282)	101	337	0	764	false	1368	N:3177192.94369056 225046.596
