LINESTRING (3106734.453 186448.892, 3106764.351 186464.48)	68	658	0	0	false	1220	None
LINESTRING (3106764.351 186464.48, 3106779.686 186471.65)	68	658	0	1	false	1220	None
LINESTRING (3106779.686 186471.65, 3106794.699 186477.865)	68	658	0	2	false	1220	None
LINESTRING (3106794.699 186477.865, 3106809.949 186483.458)	68	658	0	3	false	1220	None
LINESTRING (3106809.949 186483.458, 3106835.77 186490.953)	68	658	0	4	false	1220	None
LINESTRING (3106835.77 186490.953, 3106852.92 186494.659)	68	658	0	5	false	1220	None
LINESTRING (3106852.92 186494.659, 3106870.177 186497.573)	68	658	0	6	false	1220	None
LINESTRING (3106870.177 186497.573, 3106895.15 186500.348)	68	658	0	7	false	1220	None
LINESTRING (3106895.15 186500.348, 3106907.456 186500.538)	68	658	0	8	false	1220	None
LINESTRING (3106907.456 186500.538, 3106922.242 186499.894)	68	658	0	9	false	1220	None
LINESTRING (3106922.242 186499.894, 3106932.114 186499.51)	68	658	0	10	false	1220	None
LINESTRING (3106932.114 186499.51, 3106983.488 186499.784)	68	658	0	11	false	1220	None
LINESTRING (3106983.488 186499.784, 3107044.115 186498.726)	68	658	0	12	false	1220	None
LINESTRING (3107044.115 186498.726, 3107100.349 186498.364)	68	658	0	13	false	1220	None
LINESTRING (3107100.349 186498.364, 3107114.033 186499.319)	68	658	0	14	false	1220	None
LINESTRING (3107114.033 186499.319, 3107122.658 186499.884)	68	658	0	15	false	1220	None
LINESTRING (3107122.658 186499.884, 3107137.364 186500.992)	68	658	0	16	false	1220	None
LINESTRING (3107137.364 186500.992, 3107145.654 186501.666)	68	658	0	17	false	1220	None
LINESTRING (3107145.654 186501.666, 3107148.252 186502.065)	68	658	0	18	false	1220	None
LINESTRING (3107148.252 186502.065, 3107156.521 186503.564)	68	658	0	19	false	1220	None
LINESTRING (3107156.521 186503.564, 3107168.911 186505.331)	68	658	0	20	false	1220	None
LINESTRING (3107168.911 186505.331, 3107192.286 186511.773)	68	658	0	21	false	1220	None
LINESTRING (3107192.286 186511.773, 3107210.094 186517.87)	68	658	0	22	false	1220	None
LINESTRING (3107210.094 186517.87, 3107230.507 186526.15)	68	658	0	23	false	1220	None
LINESTRING (3107230.507 186526.15, 3107239.902 186530.099)	68	658	0	24	false	1220	None
LINESTRING (3107239.902 186530.099, 3107264.341 186541.464)	68	658	0	25	false	1220	None
LINESTRING (3107264.341 186541.464, 3107278.575 186548.689)	68	658	0	26	false	1220	None
LINESTRING (3107278.575 186548.689, 3107330.306 186576.55)	68	658	0	27	false	1220	None
LINESTRING (3107330.306 186576.55, 3107430.86 186629.854)	68	658	0	28	false	1220	None
LINESTRING (3107430.86 186629.854, 3107437.143 186633.207)	68	658	0	29	false	1220	None
LINESTRING (3107437.143 186633.207, 3107493.375 186664.454)	68	658	0	30	false	1220	None
LINESTRING (3107493.375 186664.454, 3107503.783 186672.949)	68	658	0	31	false	1220	None
LINESTRING (3107503.783 186672.949, 3107516.18 186682.919)	68	658	0	32	false	1220	None
LINESTRING (3107516.18 186682.919, 3107537.336 186703.129)	68	658	0	33	false	1220	None
LINESTRING (3107537.336 186703.129, 3107552.571 186719.293)	68	658	0	34	false	1220	None
LINESTRING (3107552.571 186719.293, 3107566.896 186736.297)	68	658	0	35	false	1220	None
LINESTRING (3107566.896 186736.297, 3107577.188 186749.976)	68	658	0	36	false	1220	None
LINESTRING (3107577.188 186749.976, 3107583.202 186759.168)	68	658	0	37	false	1220	None
LINESTRING (3107583.202 186759.168, 3107633.26 186837.128)	68	658	0	38	false	1220	None
LINESTRING (3107633.26 186837.128, 3107660.836 186877.024)	68	658	0	39	false	1220	None
LINESTRING (3107660.836 186877.024, 3107704.439 186950.022)	68	658	0	40	false	1220	None
LINESTRING (3107704.439 186950.022, 3107777.871 187064.729)	68	658	0	41	false	1220	None
LINESTRING (3107777.871 187064.729, 3107791.505 187086.104)	68	658	0	42	false	1220	None
LINESTRING (3107791.505 187086.104, 3107797.968 187094.636)	68	658	0	43	false	1220	None
LINESTRING (3107797.968 187094.636, 3107813.24 187121.747)	68	658	0	44	false	1220	None
LINESTRING (3107813.24 187121.747, 3107842.479 187166.795)	68	658	0	45	false	1220	None
LINESTRING (3107842.479 187166.795, 3107845.489 187171.511)	68	658	0	46	false	1220	None
LINESTRING (3107845.489 187171.511, 3107852.312 187183.983)	68	658	0	47	false	1220	None
LINESTRING (3107852.312 187183.983, 3107926.272 187299.608)	68	658	0	48	false	1220	None
LINESTRING (3107926.272 187299.608, 3107966.198 187362.173)	68	658	0	49	false	1220	None
LINESTRING (3107966.198 187362.173, 3108018.352 187445.932)	68	658	0	50	false	1220	None
LINESTRING (3108018.352 187445.932, 3108095.68 187565.582)	68	658	0	51	false	1220	E:3108036.883 187474.60510870564
LINESTRING (3106366.3 189745.276, 3106364.985 189740.495)	68	658	0	931	false	1220	N:3106365.0510112946 189740.735
LINESTRING (3106364.985 189740.495, 3106362.497 189736.216)	68	658	0	932	false	1220	None
LINESTRING (3106362.497 189736.216, 3106359.091 189732.538)	68	658	0	933	false	1220	None
LINESTRING (3106359.091 189732.538, 3106336.57 189710.023)	68	658	0	934	false	1220	None
LINESTRING (3106336.57 189710.023, 3106319.913 189683.215)	68	658	0	935	false	1220	None
LINESTRING (3106319.913 189683.215, 3106306.147 189667.85)	68	658	0	936	false	1220	None
LINESTRING (3106306.147 189667.85, 3106301.613 189664.81)	68	658	0	937	false	1220	None
LINESTRING (3106301.613 189664.81, 3106292.677 189660.442)	68	658	0	938	false	1220	None
LINESTRING (3106292.677 189660.442, 3106283.1 189657.493)	68	658	0	939	false	1220	None
LINESTRING (3106283.1 189657.493, 3106254.635 189655.4)	68	658	0	940	false	1220	None
LINESTRING (3106254.635 189655.4, 3106225.927 189658.563)	68	658	0	941	false	1220	None
LINESTRING (3106225.927 189658.563, 3106212.082 189659.329)	68	658	0	942	false	1220	None
LINESTRING (3106212.082 189659.329, 3106197.091 189658.468)	68	658	0	943	false	1220	None
LINESTRING (3106197.091 189658.468, 3106182.273 189656.128)	68	658	0	944	false	1220	None
LINESTRING (3106182.273 189656.128, 3106167.877 189652.169)	68	658	0	945	false	1220	None
LINESTRING (3106167.877 189652.169, 3106151.717 189645.633)	68	658	0	946	false	1220	None
LINESTRING (3106151.717 189645.633, 3106133.024 189633.137)	68	658	0	947	false	1220	None
LINESTRING (3106133.024 189633.137, 3106113.136 189621.968)	68	658	0	948	false	1220	None
LINESTRING (3106113.136 189621.968, 3106093.906 189605.228)	68	658	0	949	false	1220	None
LINESTRING (3106093.906 189605.228, 3106085.5 189588.943)	68	658	0	950	false	1220	None
LINESTRING (3106085.5 189588.943, 3106080.159 189573.117)	68	658	0	951	false	1220	None
LINESTRING (3106080.159 189573.117, 3106078.094 189559.257)	68	658	0	952	false	1220	None
LINESTRING (3106078.094 189559.257, 3106074.553 189542.575)	68	658	0	953	false	1220	None
LINESTRING (3106074.553 189542.575, 3106071.714 189531.508)	68	658	0	954	false	1220	None
LINESTRING (3106071.714 189531.508, 3106061.62 189499.606)	68	658	0	955	false	1220	None
LINESTRING (3106061.62 189499.606, 3106060.564 189491.835)	68	658	0	956	false	1220	None
LINESTRING (3106060.564 189491.835, 3106061.109 189486.815)	68	658	0	957	false	1220	None
LINESTRING (3106061.109 189486.815, 3106062.51 189482.123)	68	658	0	958	false	1220	None
LINESTRING (3106062.51 189482.123, 3106064.808 189477.654)	68	658	0	959	false	1220	None
LINESTRING (3106064.808 189477.654, 3106075.547 189462.155)	68	658	0	960	false	1220	None
LINESTRING (3106075.547 189462.155, 3106083.438 189454.359)	68	658	0	961	false	1220	None
LINESTRING (3106083.438 189454.359, 3106093.604 189446.008)	68	658	0	962	false	1220	None
LINESTRING (3106093.604 189446.008, 3106100.334 189439.194)	68	658	0	963	false	1220	None
LINESTRING (3106100.334 189439.194, 3106139.596 189396.102)	68	658	0	964	false	1220	None
LINESTRING (3106139.596 189396.102, 3106143.614 189392.529)	68	658	0	965	false	1220	None
LINESTRING (3106143.614 189392.529, 3106149.982 189384.864)	68	658	0	966	false	1220	None
LINESTRING (3106149.982 189384.864, 3106155.052 189376.227)	68	658	0	967	false	1220	None
LINESTRING (3106155.052 189376.227, 3106158.534 189366.864)	68	658	0	968	false	1220	None
LINESTRING (3106158.534 189366.864, 3106161.664 189352.258)	68	658	0	969	false	1220	None
LINESTRING (3106161.664 189352.258, 3106162.321 189338.725)	68	658	0	970	false	1220	None
LINESTRING (3106162.321 189338.725, 3106162.804 189336.177)	68	658	0	971	false	1220	None
LINESTRING (3106162.804 189336.177, 3106164.718 189325.264)	68	658	0	972	false	1220	None
LINESTRING (3106164.718 189325.264, 3106167.944 189314.259)	68	658	0	973	false	1220	None
LINESTRING (3106167.944 189314.259, 3106176.978 189303.217)	68	658	0	974	false	1220	None
LINESTRING (3106176.978 189303.217, 3106192.087 189289.389)	68	658	0	975	false	1220	None
LINESTRING (3106192.087 189289.389, 3106200.082 189283.89)	68	658	0	976	false	1220	None
LINESTRING (3106200.082 189283.89, 3106203.592 189280.361)	68	658	0	977	false	1220	None
LINESTRING (3106203.592 189280.361, 3106206.536 189276.258)	68	658	0	978	false	1220	None
LINESTRING (3106206.536 189276.258, 3106208.966 189271.959)	68	658	0	979	false	1220	None
LINESTRING (3106208.966 189271.959, 3106210.835 189267.327)	68	658	0	980	false	1220	None
LINESTRING (3106210.835 189267.327, 3106211.392 189246.864)	68	658	0	981	false	1220	None
LINESTRING (3106211.392 189246.864, 3106212.108 189241.91)	68	658	0	982	false	1220	None
LINESTRING (3106212.108 189241.91, 3106213.424 189237.185)	68	658	0	983	false	1220	None
LINESTRING (3106213.424 189237.185, 3106215.293 189232.553)	68	658	0	984	false	1220	None
LINESTRING (3106215.293 189232.553, 3106217.762 189228.15)	68	658	0	985	false	1220	None
LINESTRING (3106217.762 189228.15, 3106220.752 189224.184)	68	658	0	986	false	1220	None
LINESTRING (3106220.752 189224.184, 3106224.302 189220.55)	68	658	0	987	false	1220	None
LINESTRING (3106224.302 189220.55, 3106233.963 189209.154)	68	658	0	988	false	1220	None
LINESTRING (3106233.963 189209.154, 3106235.661 189204.456)	68	658	0	989	false	1220	None
LINESTRING (3106235.661 189204.456, 3106236.08 189199.507)	68	658	0	990	false	1220	None
LINESTRING (3106236.08 189199.507, 3106235.821 189194.536)	68	658	0	991	false	1220	None
LINESTRING (3106235.821 189194.536, 3106234.756 189189.614)	68	658	0	992	false	1220	None
LINESTRING (3106234.756 189189.614, 3106232.854 189185.084)	68	658	0	993	false	1220	None
LINESTRING (3106232.854 189185.084, 3106222.292 189169.044)	68	658	0	994	false	1220	None
LINESTRING (3106222.292 189169.044, 3106213.885 189152.759)	68	658	0	995	false	1220	None
LINESTRING (3106213.885 189152.759, 3106204.308 189141.849)	68	658	0	996	false	1220	None
LINESTRING (3106204.308 189141.849, 3106195.37 189139.025)	68	658	0	997	false	1220	None
LINESTRING (3106195.37 189139.025, 3106184.424 189140.425)	68	658	0	998	false	1220	None
LINESTRING (3106184.424 189140.425, 3106174.889 189142.245)	68	658	0	999	false	1220	None
LINESTRING (3106174.889 189142.245, 3106149.866 189145.272)	68	658	0	1000	false	1220	None
LINESTRING (3106149.866 189145.272, 3106141.223 189145.532)	68	658	0	1001	false	1220	None
LINESTRING (3106141.223 189145.532, 3106136.206 189145.039)	68	658	0	1002	false	1220	None
LINESTRING (3106136.206 189145.039, 3106131.387 189144.029)	68	658	0	1003	false	1220	None
LINESTRING (3106131.387 189144.029, 3106121.968 189140.665)	68	658	0	1004	false	1220	None
LINESTRING (3106121.968 189140.665, 3106117.579 189138.274)	68	658	0	1005	false	1220	None
LINESTRING (3106117.579 189138.274, 3106109.943 189131.789)	68	658	0	1006	false	1220	None
LINESTRING (3106109.943 189131.789, 3106106.827 189127.865)	68	658	0	1007	false	1220	None
LINESTRING (3106106.827 189127.865, 3106097.918 189105.447)	68	658	0	1008	false	1220	None
LINESTRING (3106097.918 189105.447, 3106094.013 189098.963)	68	658	0	1009	false	1220	None
LINESTRING (3106094.013 189098.963, 3106090.647 189095.181)	68	658	0	1010	false	1220	None
LINESTRING (3106090.647 189095.181, 3106086.911 189091.852)	68	658	0	1011	false	1220	None
LINESTRING (3106086.911 189091.852, 3106082.727 189089.182)	68	658	0	1012	false	1220	None
LINESTRING (3106082.727 189089.182, 3106074.046 189086.457)	68	658	0	1013	false	1220	None
LINESTRING (3106074.046 189086.457, 3106069.94 189083.58)	68	658	0	1014	false	1220	None
LINESTRING (3106069.94 189083.58, 3106066.62 189079.935)	68	658	0	1015	false	1220	None
LINESTRING (3106066.62 189079.935, 3106064.085 189075.519)	68	658	0	1016	false	1220	None
LINESTRING (3106064.085 189075.519, 3106062.645 189070.81)	68	658	0	1017	false	1220	None
LINESTRING (3106062.645 189070.81, 3106062.291 189068.655)	68	658	0	1018	false	1220	None
LINESTRING (3106062.291 189068.655, 3106059.695 189057.206)	68	658	0	1019	false	1220	None
LINESTRING (3106059.695 189057.206, 3106056.21 189036.268)	68	658	0	1020	false	1220	None
LINESTRING (3106056.21 189036.268, 3106054.339 189017.016)	68	658	0	1021	false	1220	None
LINESTRING (3106054.339 189017.016, 3106050.817 189001.054)	68	658	0	1022	false	1220	None
LINESTRING (3106050.817 189001.054, 3106048.3 188981.437)	68	658	0	1023	false	1220	None
LINESTRING (3106048.3 188981.437, 3106043.802 188965.459)	68	658	0	1024	false	1220	None
LINESTRING (3106043.802 188965.459, 3106039.859 188957.535)	68	658	0	1025	false	1220	None
LINESTRING (3106039.859 188957.535, 3106032.234 188945.113)	68	658	0	1026	false	1220	None
LINESTRING (3106032.234 188945.113, 3106026.736 188934.575)	68	658	0	1027	false	1220	None
LINESTRING (3106026.736 188934.575, 3106021.693 188925.161)	68	658	0	1028	false	1220	None
LINESTRING (3106021.693 188925.161, 3106020.353 188917.876)	68	658	0	1029	false	1220	None
LINESTRING (3106020.353 188917.876, 3106021.763 188902.374)	68	658	0	1030	false	1220	None
LINESTRING (3106021.763 188902.374, 3106025.034 188883.544)	68	658	0	1031	false	1220	None
LINESTRING (3106025.034 188883.544, 3106024.336 188863.79)	68	658	0	1032	false	1220	None
LINESTRING (3106024.336 188863.79, 3106022.798 188839.557)	68	658	0	1033	false	1220	None
LINESTRING (3106022.798 188839.557, 3106016.16 188819.671)	68	658	0	1034	false	1220	None
LINESTRING (3106016.16 188819.671, 3106000.127 188790.965)	68	658	0	1035	false	1220	None
LINESTRING (3106000.127 188790.965, 3105992.832 188776.65)	68	658	0	1036	false	1220	None
LINESTRING (3105992.832 188776.65, 3105986.347 188764.071)	68	658	0	1037	false	1220	None
LINESTRING (3105986.347 188764.071, 3105965.264 188733.672)	68	658	0	1038	false	1220	None
LINESTRING (3105965.264 188733.672, 3105955.901 188726.053)	68	658	0	1039	false	1220	None
LINESTRING (3105955.901 188726.053, 3105941.001 188715.96)	68	658	0	1040	false	1220	None
LINESTRING (3105941.001 188715.96, 3105934.748 188710.48)	68	658	0	1041	false	1220	None
LINESTRING (3105934.748 188710.48, 3105932.173 188706.168)	68	658	0	1042	false	1220	None
LINESTRING (3105932.173 188706.168, 3105930.647 188701.426)	68	658	0	1043	false	1220	None
LINESTRING (3105930.647 188701.426, 3105930.175 188696.493)	68	658	0	1044	false	1220	None
LINESTRING (3105930.175 188696.493, 3105932.212 188679.092)	68	658	0	1045	false	1220	None
LINESTRING (3105932.212 188679.092, 3105932.944 188660.48)	68	658	0	1046	false	1220	None
LINESTRING (3105932.944 188660.48, 3105932.167 188631.428)	68	658	0	1047	false	1220	None
LINESTRING (3105932.167 188631.428, 3105930.304 188626.795)	68	658	0	1048	false	1220	None
LINESTRING (3105930.304 188626.795, 3105927.439 188622.729)	68	658	0	1049	false	1220	None
LINESTRING (3105927.439 188622.729, 3105923.703 188619.4)	68	658	0	1050	false	1220	None
LINESTRING (3105923.703 188619.4, 3105919.274 188617.112)	68	658	0	1051	false	1220	None
LINESTRING (3105919.274 188617.112, 3105914.495 188615.998)	68	658	0	1052	false	1220	None
LINESTRING (3105914.495 188615.998, 3105909.49 188615.986)	68	658	0	1053	false	1220	None
LINESTRING (3105909.49 188615.986, 3105901.929 188613.927)	68	658	0	1054	false	1220	None
LINESTRING (3105901.929 188613.927, 3105882.853 188607.822)	68	658	0	1055	false	1220	None
LINESTRING (3105882.853 188607.822, 3105879.367 188604.351)	68	658	0	1056	false	1220	None
LINESTRING (3105879.367 188604.351, 3105877.129 188599.93)	68	658	0	1057	false	1220	None
LINESTRING (3105877.129 188599.93, 3105874.73 188580.002)	68	658	0	1058	false	1220	None
LINESTRING (3105874.73 188580.002, 3105874.703 188571.08)	68	658	0	1059	false	1220	None
LINESTRING (3105874.703 188571.08, 3105866.116 188546.529)	68	658	0	1060	false	1220	None
LINESTRING (3105866.116 188546.529, 3105856.947 188533.518)	68	658	0	1061	false	1220	None
LINESTRING (3105856.947 188533.518, 3105851.954 188527.569)	68	658	0	1062	false	1220	None
LINESTRING (3105851.954 188527.569, 3105844.646 188520.736)	68	658	0	1063	false	1220	None
LINESTRING (3105844.646 188520.736, 3105836.64 188514.704)	68	658	0	1064	false	1220	None
LINESTRING (3105836.64 188514.704, 3105831.973 188513.039)	68	658	0	1065	false	1220	None
LINESTRING (3105831.973 188513.039, 3105827.035 188512.339)	68	658	0	1066	false	1220	None
LINESTRING (3105827.035 188512.339, 3105822.037 188512.568)	68	658	0	1067	false	1220	None
LINESTRING (3105822.037 188512.568, 3105811.44 188514.339)	68	658	0	1068	false	1220	None
LINESTRING (3105811.44 188514.339, 3105802.406 188496.864)	68	658	0	1069	false	1220	None
LINESTRING (3105802.406 188496.864, 3105789.95 188470.358)	68	658	0	1070	false	1220	None
LINESTRING (3105789.95 188470.358, 3105782.937 188457.103)	68	658	0	1071	false	1220	None
LINESTRING (3105782.937 188457.103, 3105779.442 188448.519)	68	658	0	1072	false	1220	None
LINESTRING (3105779.442 188448.519, 3105778.503 188443.525)	68	658	0	1073	false	1220	None
LINESTRING (3105778.503 188443.525, 3105778.203 188438.658)	68	658	0	1074	false	1220	None
LINESTRING (3105778.203 188438.658, 3105778.45 188433.643)	68	658	0	1075	false	1220	None
LINESTRING (3105778.45 188433.643, 3105779.462 188428.683)	68	658	0	1076	false	1220	None
LINESTRING (3105779.462 188428.683, 3105780.988 188423.92)	68	658	0	1077	false	1220	None
LINESTRING (3105780.988 188423.92, 3105783.115 188419.386)	68	658	0	1078	false	1220	None
LINESTRING (3105783.115 188419.386, 3105785.715 188415.152)	68	658	0	1079	false	1220	None
LINESTRING (3105785.715 188415.152, 3105792.446 188406.794)	68	658	0	1080	false	1220	None
LINESTRING (3105792.446 188406.794, 3105796.181 188402.162)	68	658	0	1081	false	1220	None
LINESTRING (3105796.181 188402.162, 3105801.529 188391.255)	68	658	0	1082	false	1220	None
LINESTRING (3105801.529 188391.255, 3105805.462 188376.599)	68	658	0	1083	false	1220	None
LINESTRING (3105805.462 188376.599, 3105804.315 188367.012)	68	658	0	1084	false	1220	None
LINESTRING (3105804.315 188367.012, 3105799.077 188351.939)	68	658	0	1085	false	1220	None
LINESTRING (3105799.077 188351.939, 3105797.542 188340.54)	68	658	0	1086	false	1220	None
LINESTRING (3105797.542 188340.54, 3105798.476 188334.243)	68	658	0	1087	false	1220	None
LINESTRING (3105798.476 188334.243, 3105803.035 188309.727)	68	658	0	1088	false	1220	None
LINESTRING (3105803.035 188309.727, 3105797.48 188295.484)	68	658	0	1089	false	1220	None
LINESTRING (3105797.48 188295.484, 3105792.324 188285.077)	68	658	0	1090	false	1220	None
LINESTRING (3105792.324 188285.077, 3105789.368 188269.688)	68	658	0	1091	false	1220	None
LINESTRING (3105789.368 188269.688, 3105792.335 188258.585)	68	658	0	1092	false	1220	None
LINESTRING (3105792.335 188258.585, 3105799.031 188244.153)	68	658	0	1093	false	1220	None
LINESTRING (3105799.031 188244.153, 3105804.894 188231.898)	68	658	0	1094	false	1220	None
LINESTRING (3105804.894 188231.898, 3105811.071 188223.447)	68	658	0	1095	false	1220	None
LINESTRING (3105811.071 188223.447, 3105828.687 188197.15)	68	658	0	1096	false	1220	None
LINESTRING (3105828.687 188197.15, 3105834.81 188191.411)	68	658	0	1097	false	1220	None
LINESTRING (3105834.81 188191.411, 3105837.931 188187.614)	68	658	0	1098	false	1220	None
LINESTRING (3105837.931 188187.614, 3105843.086 188179.01)	68	658	0	1099	false	1220	None
LINESTRING (3105843.086 188179.01, 3105846.494 188170.094)	68	658	0	1100	false	1220	None
LINESTRING (3105846.494 188170.094, 3105846.567 188169.647)	68	658	0	1101	false	1220	None
LINESTRING (3105846.567 188169.647, 3105847.111 188164.627)	68	658	0	1102	false	1220	None
LINESTRING (3105847.111 188164.627, 3105846.851 188159.655)	68	658	0	1103	false	1220	None
LINESTRING (3105846.851 188159.655, 3105845.661 188154.804)	68	658	0	1104	false	1220	None
LINESTRING (3105845.661 188154.804, 3105843.672 188150.242)	68	658	0	1105	false	1220	None
LINESTRING (3105843.672 188150.242, 3105840.972 188146.001)	68	658	0	1106	false	1220	None
LINESTRING (3105840.972 188146.001, 3105815.984 188113.992)	68	658	0	1107	false	1220	None
LINESTRING (3105815.984 188113.992, 3105805.053 188092.229)	68	658	0	1108	false	1220	None
LINESTRING (3105805.053 188092.229, 3105793.764 188063.437)	68	658	0	1109	false	1220	None
LINESTRING (3105793.764 188063.437, 3105785.24 188039.742)	68	658	0	1110	false	1220	None
LINESTRING (3105785.24 188039.742, 3105780.383 188016.735)	68	658	0	1111	false	1220	None
LINESTRING (3105780.383 188016.735, 3105778.69 187993.156)	68	658	0	1112	false	1220	None
LINESTRING (3105778.69 187993.156, 3105782.603 187968.275)	68	658	0	1113	false	1220	None
LINESTRING (3105782.603 187968.275, 3105791.016 187938.816)	68	658	0	1114	false	1220	None
LINESTRING (3105791.016 187938.816, 3105808.833 187875.762)	68	658	0	1115	false	1220	None
LINESTRING (3105808.833 187875.762, 3105816.239 187853.047)	68	658	0	1116	false	1220	None
LINESTRING (3105816.239 187853.047, 3105828.698 187827.392)	68	658	0	1117	false	1220	None
LINESTRING (3105828.698 187827.392, 3105837.031 187809.19)	68	658	0	1118	false	1220	None
LINESTRING (3105837.031 187809.19, 3105839.287 187796.864)	68	658	0	1119	false	1220	None
LINESTRING (3105839.287 187796.864, 3105837.072 187775.937)	68	658	0	1120	false	1220	None
LINESTRING (3105837.072 187775.937, 3105836.639 187772.445)	68	658	0	1121	false	1220	None
LINESTRING (3105836.639 187772.445, 3105831.791 187754.551)	68	658	0	1122	false	1220	None
LINESTRING (3105831.791 187754.551, 3105821.168 187723.756)	68	658	0	1123	false	1220	None
LINESTRING (3105821.168 187723.756, 3105805.815 187663.707)	68	658	0	1124	false	1220	None
LINESTRING (3105805.815 187663.707, 3105794.448 187632.034)	68	658	0	1125	false	1220	None
LINESTRING (3105794.448 187632.034, 3105782.959 187603.76)	68	658	0	1126	false	1220	None
LINESTRING (3105782.959 187603.76, 3105777.198 187578.746)	68	658	0	1127	false	1220	None
LINESTRING (3105777.198 187578.746, 3105777.594 187557.153)	68	658	0	1128	false	1220	None
LINESTRING (3105777.594 187557.153, 3105777.068 187553.388)	68	658	0	1129	false	1220	None
LINESTRING (3105777.068 187553.388, 3105774.212 187533.88)	68	658	0	1130	false	1220	None
LINESTRING (3105774.212 187533.88, 3105770.139 187508.56)	68	658	0	1131	false	1220	None
LINESTRING (3105770.139 187508.56, 3105762.741 187476.265)	68	658	0	1132	false	1220	None
LINESTRING (3105762.741 187476.265, 3105778.036 187469.398)	68	658	0	1133	false	1220	None
LINESTRING (3105778.036 187469.398, 3105809.425 187455.376)	68	658	0	1134	false	1220	None
LINESTRING (3105809.425 187455.376, 3105823.58 187448.667)	68	658	0	1135	false	1220	None
LINESTRING (3105823.58 187448.667, 3105838.698 187441.495)	68	658	0	1136	false	1220	None
LINESTRING (3105838.698 187441.495, 3105842.55 187439.64)	68	658	0	1137	false	1220	None
LINESTRING (3105842.55 187439.64, 3105846.488 187437.819)	68	658	0	1138	false	1220	None
LINESTRING (3105846.488 187437.819, 3105869.824 187427.134)	68	658	0	1139	false	1220	None
LINESTRING (3105869.824 187427.134, 3105877.534 187423.665)	68	658	0	1140	false	1220	None
LINESTRING (3105877.534 187423.665, 3105899.235 187413.662)	68	658	0	1141	false	1220	None
LINESTRING (3105899.235 187413.662, 3105923.739 187400.692)	68	658	0	1142	false	1220	None
LINESTRING (3105923.739 187400.692, 3105964.683 187377.608)	68	658	0	1143	false	1220	None
LINESTRING (3105964.683 187377.608, 3105965.184 187377.325)	68	658	0	1144	false	1220	None
LINESTRING (3105965.184 187377.325, 3105981.036 187367.463)	68	658	0	1145	false	1220	None
LINESTRING (3105981.036 187367.463, 3105994.599 187357.676)	68	658	0	1146	false	1220	None
LINESTRING (3105994.599 187357.676, 3106022.341 187335.725)	68	658	0	1147	false	1220	None
LINESTRING (3106022.341 187335.725, 3106043.684 187317.15)	68	658	0	1148	false	1220	None
LINESTRING (3106043.684 187317.15, 3106064.817 187297.069)	68	658	0	1149	false	1220	None
LINESTRING (3106064.817 187297.069, 3106084.83 187276.322)	68	658	0	1150	false	1220	None
LINESTRING (3106084.83 187276.322, 3106105.299 187253.611)	68	658	0	1151	false	1220	None
LINESTRING (3106105.299 187253.611, 3106114.862 187241.701)	68	658	0	1152	false	1220	None
LINESTRING (3106114.862 187241.701, 3106130.84 187219.174)	68	658	0	1153	false	1220	None
LINESTRING (3106130.84 187219.174, 3106147.42 187193.788)	68	658	0	1154	false	1220	None
LINESTRING (3106147.42 187193.788, 3106161.916 187169.744)	68	658	0	1155	false	1220	None
LINESTRING (3106161.916 187169.744, 3106175 187146.823)	68	658	0	1156	false	1220	None
LINESTRING (3106175 187146.823, 3106217.679 187071.411)	68	658	0	1157	false	1220	None
LINESTRING (3106217.679 187071.411, 3106227.733 187052.561)	68	658	0	1158	false	1220	None
LINESTRING (3106227.733 187052.561, 3106233.833 187041.229)	68	658	0	1159	false	1220	None
LINESTRING (3106233.833 187041.229, 3106237.723 187032.854)	68	658	0	1160	false	1220	None
LINESTRING (3106237.723 187032.854, 3106240.007 187027.905)	68	658	0	1161	false	1220	None
LINESTRING (3106240.007 187027.905, 3106245.627 187014.488)	68	658	0	1162	false	1220	None
LINESTRING (3106245.627 187014.488, 3106254.182 186990.312)	68	658	0	1163	false	1220	None
LINESTRING (3106254.182 186990.312, 3106260.096 186970.473)	68	658	0	1164	false	1220	None
LINESTRING (3106260.096 186970.473, 3106262.389 186962.676)	68	658	0	1165	false	1220	None
LINESTRING (3106262.389 186962.676, 3106265.503 186949.133)	68	658	0	1166	false	1220	None
LINESTRING (3106265.503 186949.133, 3106266.686 186944.238)	68	658	0	1167	false	1220	None
LINESTRING (3106266.686 186944.238, 3106267.507 186940.037)	68	658	0	1168	false	1220	None
LINESTRING (3106267.507 186940.037, 3106271.92 186914.871)	68	658	0	1169	false	1220	None
LINESTRING (3106271.92 186914.871, 3106272.284 186912.634)	68	658	0	1170	false	1220	None
LINESTRING (3106272.284 186912.634, 3106273.609 186903.516)	68	658	0	1171	false	1220	None
LINESTRING (3106273.609 186903.516, 3106278.303 186872.993)	68	658	0	1172	false	1220	None
LINESTRING (3106278.303 186872.993, 3106284.109 186834.933)	68	658	0	1173	false	1220	None
LINESTRING (3106284.109 186834.933, 3106287.65 186802.543)	68	658	0	1174	false	1220	None
LINESTRING (3106287.65 186802.543, 3106289.08 186781.584)	68	658	0	1175	false	1220	None
LINESTRING (3106289.08 186781.584, 3106290.558 186759.217)	68	658	0	1176	false	1220	None
LINESTRING (3106290.558 186759.217, 3106290.47 186751.223)	68	658	0	1177	false	1220	None
LINESTRING (3106290.47 186751.223, 3106290.474 186745.046)	68	658	0	1178	false	1220	None
LINESTRING (3106290.474 186745.046, 3106290.334 186736.675)	68	658	0	1179	false	1220	None
LINESTRING (3106290.334 186736.675, 3106290.993 186726.471)	68	658	0	1180	false	1220	None
LINESTRING (3106290.993 186726.471, 3106291.293 186720.289)	68	658	0	1181	false	1220	None
LINESTRING (3106291.293 186720.289, 3106291.759 186713.932)	68	658	0	1182	false	1220	None
LINESTRING (3106291.759 186713.932, 3106292.593 186697.616)	68	658	0	1183	false	1220	None
LINESTRING (3106292.593 186697.616, 3106292.653 186695.144)	68	658	0	1184	false	1220	None
LINESTRING (3106292.653 186695.144, 3106292.782 186688.896)	68	658	0	1185	false	1220	None
LINESTRING (3106292.782 186688.896, 3106293.476 186664.21)	68	658	0	1186	false	1220	None
LINESTRING (3106293.476 186664.21, 3106294.654 186613.331)	68	658	0	1187	false	1220	None
LINESTRING (3106294.654 186613.331, 3106295.307 186590.293)	68	658	0	1188	false	1220	None
LINESTRING (3106295.307 186590.293, 3106295.254 186589.917)	68	658	0	1189	false	1220	None
LINESTRING (3106295.254 186589.917, 3106295.453 186565.754)	68	658	0	1190	false	1220	None
LINESTRING (3106295.453 186565.754, 3106295.532 186554.497)	68	658	0	1191	false	1220	None
LINESTRING (3106295.532 186554.497, 3106297.24 186520.218)	68	658	0	1192	false	1220	None
LINESTRING (3106297.24 186520.218, 3106298.34 186510.658)	68	658	0	1193	false	1220	None
LINESTRING (3106298.34 186510.658, 3106300.511 186498.299)	68	658	0	1194	false	1220	None
LINESTRING (3106300.511 186498.299, 3106305.878 186477.063)	68	658	0	1195	false	1220	None
LINESTRING (3106305.878 186477.063, 3106309.273 186467.667)	68	658	0	1196	false	1220	None
LINESTRING (3106309.273 186467.667, 3106317.968 186450.317)	68	658	0	1197	false	1220	None
LINESTRING (3106317.968 186450.317, 3106323.044 186441.92)	68	658	0	1198	false	1220	None
LINESTRING (3106323.044 186441.92, 3106337.419 186421.276)	68	658	0	1199	false	1220	None
LINESTRING (3106337.419 186421.276, 3106350.525 186407.037)	68	658	0	1200	false	1220	None
LINESTRING (3106350.525 186407.037, 3106364.942 186392.706)	68	658	0	1201	false	1220	None
LINESTRING (3106364.942 186392.706, 3106380.803 186379.996)	68	658	0	1202	false	1220	None
LINESTRING (3106380.803 186379.996, 3106387.902 186375.818)	68	658	0	1203	false	1220	None
LINESTRING (3106387.902 186375.818, 3106391.286 186373.904)	68	658	0	1204	false	1220	None
LINESTRING (3106391.286 186373.904, 3106416.623 186361.846)	68	658	0	1205	false	1220	None
LINESTRING (3106416.623 186361.846, 3106445.85 186352.464)	68	658	0	1206	false	1220	None
LINESTRING (3106445.85 186352.464, 3106456.516 186350.006)	68	658	0	1207	false	1220	None
LINESTRING (3106456.516 186350.006, 3106467.286 186348.301)	68	658	0	1208	false	1220	None
LINESTRING (3106467.286 186348.301, 3106478.201 186347.245)	68	658	0	1209	false	1220	None
LINESTRING (3106478.201 186347.245, 3106496.139 186347.092)	68	658	0	1210	false	1220	None
LINESTRING (3106496.139 186347.092, 3106508.629 186347.827)	68	658	0	1211	false	1220	None
LINESTRING (3106508.629 186347.827, 3106521.013 186349.353)	68	658	0	1212	false	1220	None
LINESTRING (3106521.013 186349.353, 3106532.348 186351.31)	68	658	0	1213	false	1220	None
LINESTRING (3106532.348 186351.31, 3106554.642 186356.981)	68	658	0	1214	false	1220	None
LINESTRING (3106554.642 186356.981, 3106560.847 186358.997)	68	658	0	1215	false	1220	None
LINESTRING (3106560.847 186358.997, 3106578.826 186366.702)	68	658	0	1216	false	1220	None
LINESTRING (3106578.826 186366.702, 3106607.393 186380.118)	68	658	0	1217	false	1220	None
LINESTRING (3106607.393 186380.118, 3106633.237 186393.206)	68	658	0	1218	false	1220	None
LINESTRING (3106633.237 186393.206, 3106661.032 186407.871)	68	658	0	1219	false	1220	None
LINESTRING (3106661.032 186407.871, 3106734.453 186448.892)	68	658	0	1220	false	1220	None
LINESTRING (3106734.453 186448.892, 3106661.032 186407.871)	68	660	0	0	false	1352	None
LINESTRING (3106661.032 186407.871, 3106633.237 186393.206)	68	660	0	1	false	1352	None
LINESTRING (3106633.237 186393.206, 3106607.393 186380.118)	68	660	0	2	false	1352	None
LINESTRING (3106607.393 186380.118, 3106578.826 186366.702)	68	660	0	3	false	1352	None
LINESTRING (3106578.826 186366.702, 3106560.847 186358.997)	68	660	0	4	false	1352	None
LINESTRING (3106560.847 186358.997, 3106554.642 186356.981)	68	660	0	5	false	1352	None
LINESTRING (3106554.642 186356.981, 3106532.348 186351.31)	68	660	0	6	false	1352	None
LINESTRING (3106532.348 186351.31, 3106521.013 186349.353)	68	660	0	7	false	1352	None
LINESTRING (3106521.013 186349.353, 3106508.629 186347.827)	68	660	0	8	false	1352	None
LINESTRING (3106508.629 186347.827, 3106496.139 186347.092)	68	660	0	9	false	1352	None
LINESTRING (3106496.139 186347.092, 3106478.201 186347.245)	68	660	0	10	false	1352	None
LINESTRING (3106478.201 186347.245, 3106467.286 186348.301)	68	660	0	11	false	1352	None
LINESTRING (3106467.286 186348.301, 3106456.516 186350.006)	68	660	0	12	false	1352	None
LINESTRING (3106456.516 186350.006, 3106445.85 186352.464)	68	660	0	13	false	1352	None
LINESTRING (3106445.85 186352.464, 3106416.623 186361.846)	68	660	0	14	false	1352	None
LINESTRING (3106416.623 186361.846, 3106391.286 186373.904)	68	660	0	15	false	1352	None
LINESTRING (3106391.286 186373.904, 3106387.902 186375.818)	68	660	0	16	false	1352	None
LINESTRING (3106387.902 186375.818, 3106380.803 186379.996)	68	660	0	17	false	1352	None
LINESTRING (3106380.803 186379.996, 3106364.942 186392.706)	68	660	0	18	false	1352	None
LINESTRING (3106364.942 186392.706, 3106350.525 186407.037)	68	660	0	19	false	1352	None
LINESTRING (3106350.525 186407.037, 3106337.419 186421.276)	68	660	0	20	false	1352	None
LINESTRING (3106337.419 186421.276, 3106323.044 186441.92)	68	660	0	21	false	1352	None
LINESTRING (3106323.044 186441.92, 3106317.968 186450.317)	68	660	0	22	false	1352	None
LINESTRING (3106317.968 186450.317, 3106309.273 186467.667)	68	660	0	23	false	1352	None
LINESTRING (3106309.273 186467.667, 3106305.878 186477.063)	68	660	0	24	false	1352	None
LINESTRING (3106305.878 186477.063, 3106300.511 186498.299)	68	660	0	25	false	1352	None
LINESTRING (3106300.511 186498.299, 3106298.34 186510.658)	68	660	0	26	false	1352	None
LINESTRING (3106298.34 186510.658, 3106297.24 186520.218)	68	660	0	27	false	1352	None
LINESTRING (3106297.24 186520.218, 3106295.532 186554.497)	68	660	0	28	false	1352	None
LINESTRING (3106295.532 186554.497, 3106295.453 186565.754)	68	660	0	29	false	1352	None
LINESTRING (3106295.453 186565.754, 3106295.254 186589.917)	68	660	0	30	false	1352	None
LINESTRING (3106295.254 186589.917, 3106295.307 186590.293)	68	660	0	31	false	1352	None
LINESTRING (3106295.307 186590.293, 3106294.654 186613.331)	68	660	0	32	false	1352	None
LINESTRING (3106294.654 186613.331, 3106293.476 186664.21)	68	660	0	33	false	1352	None
LINESTRING (3106293.476 186664.21, 3106292.782 186688.896)	68	660	0	34	false	1352	None
LINESTRING (3106292.782 186688.896, 3106292.653 186695.144)	68	660	0	35	false	1352	None
LINESTRING (3106292.653 186695.144, 3106292.593 186697.616)	68	660	0	36	false	1352	None
LINESTRING (3106292.593 186697.616, 3106291.759 186713.932)	68	660	0	37	false	1352	None
LINESTRING (3106291.759 186713.932, 3106291.293 186720.289)	68	660	0	38	false	1352	None
LINESTRING (3106291.293 186720.289, 3106290.993 186726.471)	68	660	0	39	false	1352	None
LINESTRING (3106290.993 186726.471, 3106290.334 186736.675)	68	660	0	40	false	1352	None
LINESTRING (3106290.334 186736.675, 3106290.474 186745.046)	68	660	0	41	false	1352	None
LINESTRING (3106290.474 186745.046, 3106290.47 186751.223)	68	660	0	42	false	1352	None
LINESTRING (3106290.47 186751.223, 3106290.558 186759.217)	68	660	0	43	false	1352	None
LINESTRING (3106290.558 186759.217, 3106289.08 186781.584)	68	660	0	44	false	1352	None
LINESTRING (3106289.08 186781.584, 3106287.65 186802.543)	68	660	0	45	false	1352	None
LINESTRING (3106287.65 186802.543, 3106284.109 186834.933)	68	660	0	46	false	1352	None
LINESTRING (3106284.109 186834.933, 3106278.303 186872.993)	68	660	0	47	false	1352	None
LINESTRING (3106278.303 186872.993, 3106273.609 186903.516)	68	660	0	48	false	1352	None
LINESTRING (3106273.609 186903.516, 3106272.284 186912.634)	68	660	0	49	false	1352	None
LINESTRING (3106272.284 186912.634, 3106271.92 186914.871)	68	660	0	50	false	1352	None
LINESTRING (3106271.92 186914.871, 3106267.507 186940.037)	68	660	0	51	false	1352	None
LINESTRING (3106267.507 186940.037, 3106266.686 186944.238)	68	660	0	52	false	1352	None
LINESTRING (3106266.686 186944.238, 3106265.503 186949.133)	68	660	0	53	false	1352	None
LINESTRING (3106265.503 186949.133, 3106262.389 186962.676)	68	660	0	54	false	1352	None
LINESTRING (3106262.389 186962.676, 3106260.096 186970.473)	68	660	0	55	false	1352	None
LINESTRING (3106260.096 186970.473, 3106254.182 186990.312)	68	660	0	56	false	1352	None
LINESTRING (3106254.182 186990.312, 3106245.627 187014.488)	68	660	0	57	false	1352	None
LINESTRING (3106245.627 187014.488, 3106240.007 187027.905)	68	660	0	58	false	1352	None
LINESTRING (3106240.007 187027.905, 3106237.723 187032.854)	68	660	0	59	false	1352	None
LINESTRING (3106237.723 187032.854, 3106233.833 187041.229)	68	660	0	60	false	1352	None
LINESTRING (3106233.833 187041.229, 3106227.733 187052.561)	68	660	0	61	false	1352	None
LINESTRING (3106227.733 187052.561, 3106217.679 187071.411)	68	660	0	62	false	1352	None
LINESTRING (3106217.679 187071.411, 3106175 187146.823)	68	660	0	63	false	1352	None
LINESTRING (3106175 187146.823, 3106161.916 187169.744)	68	660	0	64	false	1352	None
LINESTRING (3106161.916 187169.744, 3106147.42 187193.788)	68	660	0	65	false	1352	None
LINESTRING (3106147.42 187193.788, 3106130.84 187219.174)	68	660	0	66	false	1352	None
LINESTRING (3106130.84 187219.174, 3106114.862 187241.701)	68	660	0	67	false	1352	None
LINESTRING (3106114.862 187241.701, 3106105.299 187253.611)	68	660	0	68	false	1352	None
LINESTRING (3106105.299 187253.611, 3106084.83 187276.322)	68	660	0	69	false	1352	None
LINESTRING (3106084.83 187276.322, 3106064.817 187297.069)	68	660	0	70	false	1352	None
LINESTRING (3106064.817 187297.069, 3106043.684 187317.15)	68	660	0	71	false	1352	None
LINESTRING (3106043.684 187317.15, 3106022.341 187335.725)	68	660	0	72	false	1352	None
LINESTRING (3106022.341 187335.725, 3105994.599 187357.676)	68	660	0	73	false	1352	None
LINESTRING (3105994.599 187357.676, 3105981.036 187367.463)	68	660	0	74	false	1352	None
LINESTRING (3105981.036 187367.463, 3105965.184 187377.325)	68	660	0	75	false	1352	None
LINESTRING (3105965.184 187377.325, 3105964.683 187377.608)	68	660	0	76	false	1352	None
LINESTRING (3105964.683 187377.608, 3105923.739 187400.692)	68	660	0	77	false	1352	None
LINESTRING (3105923.739 187400.692, 3105899.235 187413.662)	68	660	0	78	false	1352	None
LINESTRING (3105899.235 187413.662, 3105877.534 187423.665)	68	660	0	79	false	1352	None
LINESTRING (3105877.534 187423.665, 3105869.824 187427.134)	68	660	0	80	false	1352	None
LINESTRING (3105869.824 187427.134, 3105846.488 187437.819)	68	660	0	81	false	1352	None
LINESTRING (3105846.488 187437.819, 3105842.55 187439.64)	68	660	0	82	false	1352	None
LINESTRING (3105842.55 187439.64, 3105838.698 187441.495)	68	660	0	83	false	1352	None
LINESTRING (3105838.698 187441.495, 3105823.58 187448.667)	68	660	0	84	false	1352	None
LINESTRING (3105823.58 187448.667, 3105809.425 187455.376)	68	660	0	85	false	1352	None
LINESTRING (3105809.425 187455.376, 3105778.036 187469.398)	68	660	0	86	false	1352	None
LINESTRING (3105778.036 187469.398, 3105762.741 187476.265)	68	660	0	87	false	1352	None
LINESTRING (3105762.741 187476.265, 3105759.005 187460.342)	68	660	0	88	false	1352	None
LINESTRING (3105759.005 187460.342, 3105747.795 187428.254)	68	660	0	89	false	1352	None
LINESTRING (3105747.795 187428.254, 3105739.192 187390.628)	68	660	0	90	false	1352	None
LINESTRING (3105739.192 187390.628, 3105724.503 187353.765)	68	660	0	91	false	1352	None
LINESTRING (3105724.503 187353.765, 3105695.882 187268.803)	68	660	0	92	false	1352	None
LINESTRING (3105695.882 187268.803, 3105685.223 187228.846)	68	660	0	93	false	1352	None
LINESTRING (3105685.223 187228.846, 3105681.813 187218.751)	68	660	0	94	false	1352	None
LINESTRING (3105681.813 187218.751, 3105672.59 187192.769)	68	660	0	95	false	1352	None
LINESTRING (3105672.59 187192.769, 3105665.644 187161.599)	68	660	0	96	false	1352	None
LINESTRING (3105665.644 187161.599, 3105658.222 187122.167)	68	660	0	97	false	1352	None
LINESTRING (3105658.222 187122.167, 3105651.113 187088.083)	68	660	0	98	false	1352	None
LINESTRING (3105651.113 187088.083, 3105644.083 187064.842)	68	660	0	99	false	1352	None
LINESTRING (3105644.083 187064.842, 3105639.96 187056.612)	68	660	0	100	false	1352	None
LINESTRING (3105639.96 187056.612, 3105636.348 187053.212)	68	660	0	101	false	1352	None
LINESTRING (3105636.348 187053.212, 3105632.037 187050.613)	68	660	0	102	false	1352	None
LINESTRING (3105632.037 187050.613, 3105627.251 187049.259)	68	660	0	103	false	1352	None
LINESTRING (3105627.251 187049.259, 3105622.279 187048.904)	68	660	0	104	false	1352	None
LINESTRING (3105622.279 187048.904, 3105617.3 187049.852)	68	660	0	105	false	1352	None
LINESTRING (3105617.3 187049.852, 3105612.815 187051.821)	68	660	0	106	false	1352	None
LINESTRING (3105612.815 187051.821, 3105608.823 187054.811)	68	660	0	107	false	1352	None
LINESTRING (3105608.823 187054.811, 3105587.977 187058.725)	68	660	0	108	false	1352	None
LINESTRING (3105587.977 187058.725, 3105561.871 187070.49)	68	660	0	109	false	1352	None
LINESTRING (3105561.871 187070.49, 3105531.19 187079.319)	68	660	0	110	false	1352	None
LINESTRING (3105531.19 187079.319, 3105508.721 187084.395)	68	660	0	111	false	1352	None
LINESTRING (3105508.721 187084.395, 3105498.538 187087.395)	68	660	0	112	false	1352	None
LINESTRING (3105498.538 187087.395, 3105488.594 187088.228)	68	660	0	113	false	1352	None
LINESTRING (3105488.594 187088.228, 3105478.683 187087.173)	68	660	0	114	false	1352	None
LINESTRING (3105478.683 187087.173, 3105473.857 187085.923)	68	660	0	115	false	1352	None
LINESTRING (3105473.857 187085.923, 3105464.595 187082.145)	68	660	0	116	false	1352	None
LINESTRING (3105464.595 187082.145, 3105456.137 187076.774)	68	660	0	117	false	1352	None
LINESTRING (3105456.137 187076.774, 3105448.914 187069.974)	68	660	0	118	false	1352	None
LINESTRING (3105448.914 187069.974, 3105445.837 187065.946)	68	660	0	119	false	1352	None
LINESTRING (3105445.837 187065.946, 3105440.981 187057.318)	68	660	0	120	false	1352	None
LINESTRING (3105440.981 187057.318, 3105439.243 187052.614)	68	660	0	121	false	1352	None
LINESTRING (3105439.243 187052.614, 3105438.178 187047.692)	68	660	0	122	false	1352	None
LINESTRING (3105438.178 187047.692, 3105437.62 187042.726)	68	660	0	123	false	1352	None
LINESTRING (3105437.62 187042.726, 3105437.655 187037.75)	68	660	0	124	false	1352	None
LINESTRING (3105437.655 187037.75, 3105438.37 187032.795)	68	660	0	125	false	1352	None
LINESTRING (3105438.37 187032.795, 3105439.639 187027.933)	68	660	0	126	false	1352	None
LINESTRING (3105439.639 187027.933, 3105441.422 187023.268)	68	660	0	127	false	1352	None
LINESTRING (3105441.422 187023.268, 3105443.805 187018.832)	68	660	0	128	false	1352	None
LINESTRING (3105443.805 187018.832, 3105458.971 186994.569)	68	660	0	129	false	1352	None
LINESTRING (3105458.971 186994.569, 3105469.196 186986.833)	68	660	0	130	false	1352	None
LINESTRING (3105469.196 186986.833, 3105492.258 186959.646)	68	660	0	131	false	1352	None
LINESTRING (3105492.258 186959.646, 3105512.992 186918.5)	68	660	0	132	false	1352	None
LINESTRING (3105512.992 186918.5, 3105523.14 186882.695)	68	660	0	133	false	1352	None
LINESTRING (3105523.14 186882.695, 3105532.5 186852.291)	68	660	0	134	false	1352	None
LINESTRING (3105532.5 186852.291, 3105541.622 186811.46)	68	660	0	135	false	1352	None
LINESTRING (3105541.622 186811.46, 3105549.563 186759.841)	68	660	0	136	false	1352	None
LINESTRING (3105549.563 186759.841, 3105551.735 186705.066)	68	660	0	137	false	1352	None
LINESTRING (3105551.735 186705.066, 3105547.586 186681.738)	68	660	0	138	false	1352	None
LINESTRING (3105547.586 186681.738, 3105543.957 186672.985)	68	660	0	139	false	1352	None
LINESTRING (3105543.957 186672.985, 3105538.073 186663.963)	68	660	0	140	false	1352	None
LINESTRING (3105538.073 186663.963, 3105530.875 186658.123)	68	660	0	141	false	1352	None
LINESTRING (3105530.875 186658.123, 3105528.713 186656.584)	68	660	0	142	false	1352	None
LINESTRING (3105528.713 186656.584, 3105505.891 186640.734)	68	660	0	143	false	1352	None
LINESTRING (3105505.891 186640.734, 3105493.098 186628.716)	68	660	0	144	false	1352	None
LINESTRING (3105493.098 186628.716, 3105483.576 186613.79)	68	660	0	145	false	1352	None
LINESTRING (3105483.576 186613.79, 3105477.654 186589.19)	68	660	0	146	false	1352	None
LINESTRING (3105477.654 186589.19, 3105466.598 186570.826)	68	660	0	147	false	1352	None
LINESTRING (3105466.598 186570.826, 3105450.33 186555.817)	68	660	0	148	false	1352	None
LINESTRING (3105450.33 186555.817, 3105435.795 186545.272)	68	660	0	149	false	1352	None
LINESTRING (3105435.795 186545.272, 3105387.541 186523.743)	68	660	0	150	false	1352	None
LINESTRING (3105387.541 186523.743, 3105367.2 186518.108)	68	660	0	151	false	1352	None
LINESTRING (3105367.2 186518.108, 3105352.67 186509.348)	68	660	0	152	false	1352	None
LINESTRING (3105352.67 186509.348, 3105347.139 186507.115)	68	660	0	153	false	1352	None
LINESTRING (3105347.139 186507.115, 3105336.675 186502.879)	68	660	0	154	false	1352	None
LINESTRING (3105336.675 186502.879, 3105315.906 186497.081)	68	660	0	155	false	1352	None
LINESTRING (3105315.906 186497.081, 3105298.966 186494.885)	68	660	0	156	false	1352	None
LINESTRING (3105298.966 186494.885, 3105279.377 186487.281)	68	660	0	157	false	1352	None
LINESTRING (3105279.377 186487.281, 3105261.133 186482.329)	68	660	0	158	false	1352	None
LINESTRING (3105261.133 186482.329, 3105216.941 186460.452)	68	660	0	159	false	1352	None
LINESTRING (3105216.941 186460.452, 3105208.174 186451.518)	68	660	0	160	false	1352	None
LINESTRING (3105208.174 186451.518, 3105198.618 186440.024)	68	660	0	161	false	1352	None
LINESTRING (3105198.618 186440.024, 3105194.672 186430.556)	68	660	0	162	false	1352	None
LINESTRING (3105194.672 186430.556, 3105190.603 186416.527)	68	660	0	163	false	1352	None
LINESTRING (3105190.603 186416.527, 3105187.801 186402.268)	68	660	0	164	false	1352	None
LINESTRING (3105187.801 186402.268, 3105182.858 186381.013)	68	660	0	165	false	1352	None
LINESTRING (3105182.858 186381.013, 3105174.767 186367.228)	68	660	0	166	false	1352	None
LINESTRING (3105174.767 186367.228, 3105169.612 186363.238)	68	660	0	167	false	1352	None
LINESTRING (3105169.612 186363.238, 3105160.79 186358.561)	68	660	0	168	false	1352	None
LINESTRING (3105160.79 186358.561, 3105156.122 186356.896)	68	660	0	169	false	1352	None
LINESTRING (3105156.122 186356.896, 3105146.357 186354.947)	68	660	0	170	false	1352	None
LINESTRING (3105146.357 186354.947, 3105141.47 186356.168)	68	660	0	171	false	1352	None
LINESTRING (3105141.47 186356.168, 3105137.209 186358.58)	68	660	0	172	false	1352	None
LINESTRING (3105137.209 186358.58, 3105133.745 186362.246)	68	660	0	173	false	1352	None
LINESTRING (3105133.745 186362.246, 3105131.534 186366.748)	68	660	0	174	false	1352	None
LINESTRING (3105131.534 186366.748, 3105130.648 186371.637)	68	660	0	175	false	1352	None
LINESTRING (3105130.648 186371.637, 3105131.206 186376.602)	68	660	0	176	false	1352	None
LINESTRING (3105131.206 186376.602, 3105130.738 186390.681)	68	660	0	177	false	1352	None
LINESTRING (3105130.738 186390.681, 3105132.194 186408.465)	68	660	0	178	false	1352	None
LINESTRING (3105132.194 186408.465, 3105132.167 186409.049)	68	660	0	179	false	1352	None
LINESTRING (3105132.167 186409.049, 3105128.405 186429.947)	68	660	0	180	false	1352	None
LINESTRING (3105128.405 186429.947, 3105129.509 186437.854)	68	660	0	181	false	1352	None
LINESTRING (3105129.509 186437.854, 3105129.349 186442.902)	68	660	0	182	false	1352	None
LINESTRING (3105129.349 186442.902, 3105128.548 186447.824)	68	660	0	183	false	1352	None
LINESTRING (3105128.548 186447.824, 3105127.109 186452.62)	68	660	0	184	false	1352	None
LINESTRING (3105127.109 186452.62, 3105125.155 186457.22)	68	660	0	185	false	1352	None
LINESTRING (3105125.155 186457.22, 3105122.554 186461.454)	68	660	0	186	false	1352	None
LINESTRING (3105122.554 186461.454, 3105119.394 186465.355)	68	660	0	187	false	1352	None
LINESTRING (3105119.394 186465.355, 3105115.666 186468.683)	68	660	0	188	false	1352	None
LINESTRING (3105115.666 186468.683, 3105111.544 186471.504)	68	660	0	189	false	1352	None
LINESTRING (3105111.544 186471.504, 3105106.979 186473.681)	68	660	0	190	false	1352	None
LINESTRING (3105106.979 186473.681, 3105102.27 186475.208)	68	660	0	191	false	1352	None
LINESTRING (3105102.27 186475.208, 3105097.74 186475.497)	68	660	0	192	false	1352	None
LINESTRING (3105097.74 186475.497, 3105058.234 186457.55)	68	660	0	193	false	1352	None
LINESTRING (3105058.234 186457.55, 3105020.533 186446.708)	68	660	0	194	false	1352	None
LINESTRING (3105020.533 186446.708, 3105008.199 186437.6)	68	660	0	195	false	1352	None
LINESTRING (3105008.199 186437.6, 3105001.053 186430.592)	68	660	0	196	false	1352	None
LINESTRING (3105001.053 186430.592, 3104994.654 186422.919)	68	660	0	197	false	1352	None
LINESTRING (3104994.654 186422.919, 3104982.069 186413.953)	68	660	0	198	false	1352	None
LINESTRING (3104982.069 186413.953, 3104972.383 186411.796)	68	660	0	199	false	1352	None
LINESTRING (3104972.383 186411.796, 3104962.438 186412.63)	68	660	0	200	false	1352	None
LINESTRING (3104962.438 186412.63, 3104943.992 186415.918)	68	660	0	201	false	1352	None
LINESTRING (3104943.992 186415.918, 3104925.462 186416.086)	68	660	0	202	false	1352	None
LINESTRING (3104925.462 186416.086, 3104919.359 186408.407)	68	660	0	203	false	1352	None
LINESTRING (3104919.359 186408.407, 3104913.232 186393.591)	68	660	0	204	false	1352	None
LINESTRING (3104913.232 186393.591, 3104907.624 186385.389)	68	660	0	205	false	1352	None
LINESTRING (3104907.624 186385.389, 3104892.08 186373.629)	68	660	0	206	false	1352	None
LINESTRING (3104892.08 186373.629, 3104855.537 186366.438)	68	660	0	207	false	1352	None
LINESTRING (3104855.537 186366.438, 3104842.112 186362.497)	68	660	0	208	false	1352	None
LINESTRING (3104842.112 186362.497, 3104832.928 186358.513)	68	660	0	209	false	1352	None
LINESTRING (3104832.928 186358.513, 3104824.186 186353.629)	68	660	0	210	false	1352	None
LINESTRING (3104824.186 186353.629, 3104813.223 186345.044)	68	660	0	211	false	1352	None
LINESTRING (3104813.223 186345.044, 3104805.359 186338.119)	68	660	0	212	false	1352	None
LINESTRING (3104805.359 186338.119, 3104778.434 186321.179)	68	660	0	213	false	1352	None
LINESTRING (3104778.434 186321.179, 3104764.674 186315.803)	68	660	0	214	false	1352	None
LINESTRING (3104764.674 186315.803, 3104757.034 186309.319)	68	660	0	215	false	1352	None
LINESTRING (3104757.034 186309.319, 3104749.928 186302.209)	68	660	0	216	false	1352	None
LINESTRING (3104749.928 186302.209, 3104743.363 186294.71)	68	660	0	217	false	1352	None
LINESTRING (3104743.363 186294.71, 3104737.379 186286.721)	68	660	0	218	false	1352	None
LINESTRING (3104737.379 186286.721, 3104732.061 186278.274)	68	660	0	219	false	1352	None
LINESTRING (3104732.061 186278.274, 3104727.283 186269.439)	68	660	0	220	false	1352	None
LINESTRING (3104727.283 186269.439, 3104723.304 186260.315)	68	660	0	221	false	1352	None
LINESTRING (3104723.304 186260.315, 3104719.951 186250.836)	68	660	0	222	false	1352	None
LINESTRING (3104719.951 186250.836, 3104708.566 186226.645)	68	660	0	223	false	1352	None
LINESTRING (3104708.566 186226.645, 3104684.487 186202.001)	68	660	0	224	false	1352	None
LINESTRING (3104684.487 186202.001, 3104649.536 186151.818)	68	660	0	225	false	1352	None
LINESTRING (3104649.536 186151.818, 3104636.966 186137.155)	68	660	0	226	false	1352	None
LINESTRING (3104636.966 186137.155, 3104622.965 186122.895)	68	660	0	227	false	1352	None
LINESTRING (3104622.965 186122.895, 3104608.054 186109.476)	68	660	0	228	false	1352	None
LINESTRING (3104608.054 186109.476, 3104592.449 186097.099)	68	660	0	229	false	1352	None
LINESTRING (3104592.449 186097.099, 3104575.981 186085.699)	68	660	0	230	false	1352	None
LINESTRING (3104575.981 186085.699, 3104552.201 186067.467)	68	660	0	231	false	1352	None
LINESTRING (3104552.201 186067.467, 3104538.896 186061.671)	68	660	0	232	false	1352	None
LINESTRING (3104538.896 186061.671, 3104529.321 186058.964)	68	660	0	233	false	1352	None
LINESTRING (3104529.321 186058.964, 3104519.516 186057.119)	68	660	0	234	false	1352	None
LINESTRING (3104519.516 186057.119, 3104509.526 186056.273)	68	660	0	235	false	1352	None
LINESTRING (3104509.526 186056.273, 3104499.522 186056.49)	68	660	0	236	false	1352	None
LINESTRING (3104499.522 186056.49, 3104488.706 186058.061)	68	660	0	237	false	1352	None
LINESTRING (3104488.706 186058.061, 3104467.872 186045.231)	68	660	0	238	false	1352	None
LINESTRING (3104467.872 186045.231, 3104423.54 186019.861)	68	660	0	239	false	1352	None
LINESTRING (3104423.54 186019.861, 3104408.916 186012.374)	68	660	0	240	false	1352	None
LINESTRING (3104408.916 186012.374, 3104400.662 186006.726)	68	660	0	241	false	1352	None
LINESTRING (3104400.662 186006.726, 3104392.982 186000.346)	68	660	0	242	false	1352	None
LINESTRING (3104392.982 186000.346, 3104385.921 185993.372)	68	660	0	243	false	1352	None
LINESTRING (3104385.921 185993.372, 3104385.566 185991.217)	68	660	0	244	false	1352	None
LINESTRING (3104385.566 185991.217, 3104383.795 185983.768)	68	660	0	245	false	1352	None
LINESTRING (3104383.795 185983.768, 3104389.218 185975.742)	68	660	0	246	false	1352	None
LINESTRING (3104389.218 185975.742, 3104399.367 185957.402)	68	660	0	247	false	1352	None
LINESTRING (3104399.367 185957.402, 3104408.21 185939.395)	68	660	0	248	false	1352	None
LINESTRING (3104408.21 185939.395, 3104414.702 185931.657)	68	660	0	249	false	1352	None
LINESTRING (3104414.702 185931.657, 3104419.77 185923.02)	68	660	0	250	false	1352	None
LINESTRING (3104419.77 185923.02, 3104423.42 185913.721)	68	660	0	251	false	1352	None
LINESTRING (3104423.42 185913.721, 3104425.402 185903.905)	68	660	0	252	false	1352	None
LINESTRING (3104425.402 185903.905, 3104431.205 185884.855)	68	660	0	253	false	1352	None
LINESTRING (3104431.205 185884.855, 3104435.627 185875.852)	68	660	0	254	false	1352	None
LINESTRING (3104435.627 185875.852, 3104440.998 185867.449)	68	660	0	255	false	1352	None
LINESTRING (3104440.998 185867.449, 3104447.233 185859.613)	68	660	0	256	false	1352	None
LINESTRING (3104447.233 185859.613, 3104454.166 185852.52)	68	660	0	257	false	1352	None
LINESTRING (3104454.166 185852.52, 3104461.885 185843.112)	68	660	0	258	false	1352	None
LINESTRING (3104461.885 185843.112, 3104464.981 185833.722)	68	660	0	259	false	1352	None
LINESTRING (3104464.981 185833.722, 3104464.879 185823.703)	68	660	0	260	false	1352	None
LINESTRING (3104464.879 185823.703, 3104461.361 185814.399)	68	660	0	261	false	1352	S:3104462.6704189596 185817.862
LINESTRING (3108095.68 187565.582, 3108018.352 187445.932)	68	660	0	1301	false	1352	E:3108036.883 187474.60510870564
LINESTRING (3108018.352 187445.932, 3107966.198 187362.173)	68	660	0	1302	false	1352	None
LINESTRING (3107966.198 187362.173, 3107926.272 187299.608)	68	660	0	1303	false	1352	None
LINESTRING (3107926.272 187299.608, 3107852.312 187183.983)	68	660	0	1304	false	1352	None
LINESTRING (3107852.312 187183.983, 3107845.489 187171.511)	68	660	0	1305	false	1352	None
LINESTRING (3107845.489 187171.511, 3107842.479 187166.795)	68	660	0	1306	false	1352	None
LINESTRING (3107842.479 187166.795, 3107813.24 187121.747)	68	660	0	1307	false	1352	None
LINESTRING (3107813.24 187121.747, 3107797.968 187094.636)	68	660	0	1308	false	1352	None
LINESTRING (3107797.968 187094.636, 3107791.505 187086.104)	68	660	0	1309	false	1352	None
LINESTRING (3107791.505 187086.104, 3107777.871 187064.729)	68	660	0	1310	false	1352	None
LINESTRING (3107777.871 187064.729, 3107704.439 186950.022)	68	660	0	1311	false	1352	None
LINESTRING (3107704.439 186950.022, 3107660.836 186877.024)	68	660	0	1312	false	1352	None
LINESTRING (3107660.836 186877.024, 3107633.26 186837.128)	68	660	0	1313	false	1352	None
LINESTRING (3107633.26 186837.128, 3107583.202 186759.168)	68	660	0	1314	false	1352	None
LINESTRING (3107583.202 186759.168, 3107577.188 186749.976)	68	660	0	1315	false	1352	None
LINESTRING (3107577.188 186749.976, 3107566.896 186736.297)	68	660	0	1316	false	1352	None
LINESTRING (3107566.896 186736.297, 3107552.571 186719.293)	68	660	0	1317	false	1352	None
LINESTRING (3107552.571 186719.293, 3107537.336 186703.129)	68	660	0	1318	false	1352	None
LINESTRING (3107537.336 186703.129, 3107516.18 186682.919)	68	660	0	1319	false	1352	None
LINESTRING (3107516.18 186682.919, 3107503.783 186672.949)	68	660	0	1320	false	1352	None
LINESTRING (3107503.783 186672.949, 3107493.375 186664.454)	68	660	0	1321	false	1352	None
LINESTRING (3107493.375 186664.454, 3107437.143 186633.207)	68	660	0	1322	false	1352	None
LINESTRING (3107437.143 186633.207, 3107430.86 186629.854)	68	660	0	1323	false	1352	None
LINESTRING (3107430.86 186629.854, 3107330.306 186576.55)	68	660	0	1324	false	1352	None
LINESTRING (3107330.306 186576.55, 3107278.575 186548.689)	68	660	0	1325	false	1352	None
LINESTRING (3107278.575 186548.689, 3107264.341 186541.464)	68	660	0	1326	false	1352	None
LINESTRING (3107264.341 186541.464, 3107239.902 186530.099)	68	660	0	1327	false	1352	None
LINESTRING (3107239.902 186530.099, 3107230.507 186526.15)	68	660	0	1328	false	1352	None
LINESTRING (3107230.507 186526.15, 3107210.094 186517.87)	68	660	0	1329	false	1352	None
LINESTRING (3107210.094 186517.87, 3107192.286 186511.773)	68	660	0	1330	false	1352	None
LINESTRING (3107192.286 186511.773, 3107168.911 186505.331)	68	660	0	1331	false	1352	None
LINESTRING (3107168.911 186505.331, 3107156.521 186503.564)	68	660	0	1332	false	1352	None
LINESTRING (3107156.521 186503.564, 3107148.252 186502.065)	68	660	0	1333	false	1352	None
LINESTRING (3107148.252 186502.065, 3107145.654 186501.666)	68	660	0	1334	false	1352	None
LINESTRING (3107145.654 186501.666, 3107137.364 186500.992)	68	660	0	1335	false	1352	None
LINESTRING (3107137.364 186500.992, 3107122.658 186499.884)	68	660	0	1336	false	1352	None
LINESTRING (3107122.658 186499.884, 3107114.033 186499.319)	68	660	0	1337	false	1352	None
LINESTRING (3107114.033 186499.319, 3107100.349 186498.364)	68	660	0	1338	false	1352	None
LINESTRING (3107100.349 186498.364, 3107044.115 186498.726)	68	660	0	1339	false	1352	None
LINESTRING (3107044.115 186498.726, 3106983.488 186499.784)	68	660	0	1340	false	1352	None
LINESTRING (3106983.488 186499.784, 3106932.114 186499.51)	68	660	0	1341	false	1352	None
LINESTRING (3106932.114 186499.51, 3106922.242 186499.894)	68	660	0	1342	false	1352	None
LINESTRING (3106922.242 186499.894, 3106907.456 186500.538)	68	660	0	1343	false	1352	None
LINESTRING (3106907.456 186500.538, 3106895.15 186500.348)	68	660	0	1344	false	1352	None
LINESTRING (3106895.15 186500.348, 3106870.177 186497.573)	68	660	0	1345	false	1352	None
LINESTRING (3106870.177 186497.573, 3106852.92 186494.659)	68	660	0	1346	false	1352	None
LINESTRING (3106852.92 186494.659, 3106835.77 186490.953)	68	660	0	1347	false	1352	None
LINESTRING (3106835.77 186490.953, 3106809.949 186483.458)	68	660	0	1348	false	1352	None
LINESTRING (3106809.949 186483.458, 3106794.699 186477.865)	68	660	0	1349	false	1352	None
LINESTRING (3106794.699 186477.865, 3106779.686 186471.65)	68	660	0	1350	false	1352	None
LINESTRING (3106779.686 186471.65, 3106764.351 186464.48)	68	660	0	1351	false	1352	None
LINESTRING (3106764.351 186464.48, 3106734.453 186448.892)	68	660	0	1352	false	1352	None
LINESTRING (3104461.361 185814.399, 3104464.879 185823.703)	68	661	0	534	false	1875	S:3104462.6704189596 185817.862
LINESTRING (3104464.879 185823.703, 3104464.981 185833.722)	68	661	0	535	false	1875	None
LINESTRING (3104464.981 185833.722, 3104461.885 185843.112)	68	661	0	536	false	1875	None
LINESTRING (3104461.885 185843.112, 3104454.166 185852.52)	68	661	0	537	false	1875	None
LINESTRING (3104454.166 185852.52, 3104447.233 185859.613)	68	661	0	538	false	1875	None
LINESTRING (3104447.233 185859.613, 3104440.998 185867.449)	68	661	0	539	false	1875	None
LINESTRING (3104440.998 185867.449, 3104435.627 185875.852)	68	661	0	540	false	1875	None
LINESTRING (3104435.627 185875.852, 3104431.205 185884.855)	68	661	0	541	false	1875	None
LINESTRING (3104431.205 185884.855, 3104425.402 185903.905)	68	661	0	542	false	1875	None
LINESTRING (3104425.402 185903.905, 3104423.42 185913.721)	68	661	0	543	false	1875	None
LINESTRING (3104423.42 185913.721, 3104419.77 185923.02)	68	661	0	544	false	1875	None
LINESTRING (3104419.77 185923.02, 3104414.702 185931.657)	68	661	0	545	false	1875	None
LINESTRING (3104414.702 185931.657, 3104408.21 185939.395)	68	661	0	546	false	1875	None
LINESTRING (3104408.21 185939.395, 3104399.367 185957.402)	68	661	0	547	false	1875	None
LINESTRING (3104399.367 185957.402, 3104389.218 185975.742)	68	661	0	548	false	1875	None
LINESTRING (3104389.218 185975.742, 3104383.795 185983.768)	68	661	0	549	false	1875	None
LINESTRING (3104383.795 185983.768, 3104385.566 185991.217)	68	661	0	550	false	1875	None
LINESTRING (3104385.566 185991.217, 3104385.921 185993.372)	68	661	0	551	false	1875	None
LINESTRING (3104385.921 185993.372, 3104392.982 186000.346)	68	661	0	552	false	1875	None
LINESTRING (3104392.982 186000.346, 3104400.662 186006.726)	68	661	0	553	false	1875	None
LINESTRING (3104400.662 186006.726, 3104408.916 186012.374)	68	661	0	554	false	1875	None
LINESTRING (3104408.916 186012.374, 3104423.54 186019.861)	68	661	0	555	false	1875	None
LINESTRING (3104423.54 186019.861, 3104467.872 186045.231)	68	661	0	556	false	1875	None
LINESTRING (3104467.872 186045.231, 3104488.706 186058.061)	68	661	0	557	false	1875	None
LINESTRING (3104488.706 186058.061, 3104499.522 186056.49)	68	661	0	558	false	1875	None
LINESTRING (3104499.522 186056.49, 3104509.526 186056.273)	68	661	0	559	false	1875	None
LINESTRING (3104509.526 186056.273, 3104519.516 186057.119)	68	661	0	560	false	1875	None
LINESTRING (3104519.516 186057.119, 3104529.321 186058.964)	68	661	0	561	false	1875	None
LINESTRING (3104529.321 186058.964, 3104538.896 186061.671)	68	661	0	562	false	1875	None
LINESTRING (3104538.896 186061.671, 3104552.201 186067.467)	68	661	0	563	false	1875	None
LINESTRING (3104552.201 186067.467, 3104575.981 186085.699)	68	661	0	564	false	1875	None
LINESTRING (3104575.981 186085.699, 3104592.449 186097.099)	68	661	0	565	false	1875	None
LINESTRING (3104592.449 186097.099, 3104608.054 186109.476)	68	661	0	566	false	1875	None
LINESTRING (3104608.054 186109.476, 3104622.965 186122.895)	68	661	0	567	false	1875	None
LINESTRING (3104622.965 186122.895, 3104636.966 186137.155)	68	661	0	568	false	1875	None
LINESTRING (3104636.966 186137.155, 3104649.536 186151.818)	68	661	0	569	false	1875	None
LINESTRING (3104649.536 186151.818, 3104684.487 186202.001)	68	661	0	570	false	1875	None
LINESTRING (3104684.487 186202.001, 3104708.566 186226.645)	68	661	0	571	false	1875	None
LINESTRING (3104708.566 186226.645, 3104719.951 186250.836)	68	661	0	572	false	1875	None
LINESTRING (3104719.951 186250.836, 3104723.304 186260.315)	68	661	0	573	false	1875	None
LINESTRING (3104723.304 186260.315, 3104727.283 186269.439)	68	661	0	574	false	1875	None
LINESTRING (3104727.283 186269.439, 3104732.061 186278.274)	68	661	0	575	false	1875	None
LINESTRING (3104732.061 186278.274, 3104737.379 186286.721)	68	661	0	576	false	1875	None
LINESTRING (3104737.379 186286.721, 3104743.363 186294.71)	68	661	0	577	false	1875	None
LINESTRING (3104743.363 186294.71, 3104749.928 186302.209)	68	661	0	578	false	1875	None
LINESTRING (3104749.928 186302.209, 3104757.034 186309.319)	68	661	0	579	false	1875	None
LINESTRING (3104757.034 186309.319, 3104764.674 186315.803)	68	661	0	580	false	1875	None
LINESTRING (3104764.674 186315.803, 3104778.434 186321.179)	68	661	0	581	false	1875	None
LINESTRING (3104778.434 186321.179, 3104805.359 186338.119)	68	661	0	582	false	1875	None
LINESTRING (3104805.359 186338.119, 3104813.223 186345.044)	68	661	0	583	false	1875	None
LINESTRING (3104813.223 186345.044, 3104824.186 186353.629)	68	661	0	584	false	1875	None
LINESTRING (3104824.186 186353.629, 3104832.928 186358.513)	68	661	0	585	false	1875	None
LINESTRING (3104832.928 186358.513, 3104842.112 186362.497)	68	661	0	586	false	1875	None
LINESTRING (3104842.112 186362.497, 3104855.537 186366.438)	68	661	0	587	false	1875	None
LINESTRING (3104855.537 186366.438, 3104892.08 186373.629)	68	661	0	588	false	1875	None
LINESTRING (3104892.08 186373.629, 3104907.624 186385.389)	68	661	0	589	false	1875	None
LINESTRING (3104907.624 186385.389, 3104913.232 186393.591)	68	661	0	590	false	1875	None
LINESTRING (3104913.232 186393.591, 3104919.359 186408.407)	68	661	0	591	false	1875	None
LINESTRING (3104919.359 186408.407, 3104925.462 186416.086)	68	661	0	592	false	1875	None
LINESTRING (3104925.462 186416.086, 3104943.992 186415.918)	68	661	0	593	false	1875	None
LINESTRING (3104943.992 186415.918, 3104962.438 186412.63)	68	661	0	594	false	1875	None
LINESTRING (3104962.438 186412.63, 3104972.383 186411.796)	68	661	0	595	false	1875	None
LINESTRING (3104972.383 186411.796, 3104982.069 186413.953)	68	661	0	596	false	1875	None
LINESTRING (3104982.069 186413.953, 3104994.654 186422.919)	68	661	0	597	false	1875	None
LINESTRING (3104994.654 186422.919, 3105001.053 186430.592)	68	661	0	598	false	1875	None
LINESTRING (3105001.053 186430.592, 3105008.199 186437.6)	68	661	0	599	false	1875	None
LINESTRING (3105008.199 186437.6, 3105020.533 186446.708)	68	661	0	600	false	1875	None
LINESTRING (3105020.533 186446.708, 3105058.234 186457.55)	68	661	0	601	false	1875	None
LINESTRING (3105058.234 186457.55, 3105097.74 186475.497)	68	661	0	602	false	1875	None
LINESTRING (3105097.74 186475.497, 3105102.27 186475.208)	68	661	0	603	false	1875	None
LINESTRING (3105102.27 186475.208, 3105106.979 186473.681)	68	661	0	604	false	1875	None
LINESTRING (3105106.979 186473.681, 3105111.544 186471.504)	68	661	0	605	false	1875	None
LINESTRING (3105111.544 186471.504, 3105115.666 186468.683)	68	661	0	606	false	1875	None
LINESTRING (3105115.666 186468.683, 3105119.394 186465.355)	68	661	0	607	false	1875	None
LINESTRING (3105119.394 186465.355, 3105122.554 186461.454)	68	661	0	608	false	1875	None
LINESTRING (3105122.554 186461.454, 3105125.155 186457.22)	68	661	0	609	false	1875	None
LINESTRING (3105125.155 186457.22, 3105127.109 186452.62)	68	661	0	610	false	1875	None
LINESTRING (3105127.109 186452.62, 3105128.548 186447.824)	68	661	0	611	false	1875	None
LINESTRING (3105128.548 186447.824, 3105129.349 186442.902)	68	661	0	612	false	1875	None
LINESTRING (3105129.349 186442.902, 3105129.509 186437.854)	68	661	0	613	false	1875	None
LINESTRING (3105129.509 186437.854, 3105128.405 186429.947)	68	661	0	614	false	1875	None
LINESTRING (3105128.405 186429.947, 3105132.167 186409.049)	68	661	0	615	false	1875	None
LINESTRING (3105132.167 186409.049, 3105132.194 186408.465)	68	661	0	616	false	1875	None
LINESTRING (3105132.194 186408.465, 3105130.738 186390.681)	68	661	0	617	false	1875	None
LINESTRING (3105130.738 186390.681, 3105131.206 186376.602)	68	661	0	618	false	1875	None
LINESTRING (3105131.206 186376.602, 3105130.648 186371.637)	68	661	0	619	false	1875	None
LINESTRING (3105130.648 186371.637, 3105131.534 186366.748)	68	661	0	620	false	1875	None
LINESTRING (3105131.534 186366.748, 3105133.745 186362.246)	68	661	0	621	false	1875	None
LINESTRING (3105133.745 186362.246, 3105137.209 186358.58)	68	661	0	622	false	1875	None
LINESTRING (3105137.209 186358.58, 3105141.47 186356.168)	68	661	0	623	false	1875	None
LINESTRING (3105141.47 186356.168, 3105146.357 186354.947)	68	661	0	624	false	1875	None
LINESTRING (3105146.357 186354.947, 3105156.122 186356.896)	68	661	0	625	false	1875	None
LINESTRING (3105156.122 186356.896, 3105160.79 186358.561)	68	661	0	626	false	1875	None
LINESTRING (3105160.79 186358.561, 3105169.612 186363.238)	68	661	0	627	false	1875	None
LINESTRING (3105169.612 186363.238, 3105174.767 186367.228)	68	661	0	628	false	1875	None
LINESTRING (3105174.767 186367.228, 3105182.858 186381.013)	68	661	0	629	false	1875	None
LINESTRING (3105182.858 186381.013, 3105187.801 186402.268)	68	661	0	630	false	1875	None
LINESTRING (3105187.801 186402.268, 3105190.603 186416.527)	68	661	0	631	false	1875	None
LINESTRING (3105190.603 186416.527, 3105194.672 186430.556)	68	661	0	632	false	1875	None
LINESTRING (3105194.672 186430.556, 3105198.618 186440.024)	68	661	0	633	false	1875	None
LINESTRING (3105198.618 186440.024, 3105208.174 186451.518)	68	661	0	634	false	1875	None
LINESTRING (3105208.174 186451.518, 3105216.941 186460.452)	68	661	0	635	false	1875	None
LINESTRING (3105216.941 186460.452, 3105261.133 186482.329)	68	661	0	636	false	1875	None
LINESTRING (3105261.133 186482.329, 3105279.377 186487.281)	68	661	0	637	false	1875	None
LINESTRING (3105279.377 186487.281, 3105298.966 186494.885)	68	661	0	638	false	1875	None
LINESTRING (3105298.966 186494.885, 3105315.906 186497.081)	68	661	0	639	false	1875	None
LINESTRING (3105315.906 186497.081, 3105336.675 186502.879)	68	661	0	640	false	1875	None
LINESTRING (3105336.675 186502.879, 3105347.139 186507.115)	68	661	0	641	false	1875	None
LINESTRING (3105347.139 186507.115, 3105352.67 186509.348)	68	661	0	642	false	1875	None
LINESTRING (3105352.67 186509.348, 3105367.2 186518.108)	68	661	0	643	false	1875	None
LINESTRING (3105367.2 186518.108, 3105387.541 186523.743)	68	661	0	644	false	1875	None
LINESTRING (3105387.541 186523.743, 3105435.795 186545.272)	68	661	0	645	false	1875	None
LINESTRING (3105435.795 186545.272, 3105450.33 186555.817)	68	661	0	646	false	1875	None
LINESTRING (3105450.33 186555.817, 3105466.598 186570.826)	68	661	0	647	false	1875	None
LINESTRING (3105466.598 186570.826, 3105477.654 186589.19)	68	661	0	648	false	1875	None
LINESTRING (3105477.654 186589.19, 3105483.576 186613.79)	68	661	0	649	false	1875	None
LINESTRING (3105483.576 186613.79, 3105493.098 186628.716)	68	661	0	650	false	1875	None
LINESTRING (3105493.098 186628.716, 3105505.891 186640.734)	68	661	0	651	false	1875	None
LINESTRING (3105505.891 186640.734, 3105528.713 186656.584)	68	661	0	652	false	1875	None
LINESTRING (3105528.713 186656.584, 3105530.875 186658.123)	68	661	0	653	false	1875	None
LINESTRING (3105530.875 186658.123, 3105538.073 186663.963)	68	661	0	654	false	1875	None
LINESTRING (3105538.073 186663.963, 3105543.957 186672.985)	68	661	0	655	false	1875	None
LINESTRING (3105543.957 186672.985, 3105547.586 186681.738)	68	661	0	656	false	1875	None
LINESTRING (3105547.586 186681.738, 3105551.735 186705.066)	68	661	0	657	false	1875	None
LINESTRING (3105551.735 186705.066, 3105549.563 186759.841)	68	661	0	658	false	1875	None
LINESTRING (3105549.563 186759.841, 3105541.622 186811.46)	68	661	0	659	false	1875	None
LINESTRING (3105541.622 186811.46, 3105532.5 186852.291)	68	661	0	660	false	1875	None
LINESTRING (3105532.5 186852.291, 3105523.14 186882.695)	68	661	0	661	false	1875	None
LINESTRING (3105523.14 186882.695, 3105512.992 186918.5)	68	661	0	662	false	1875	None
LINESTRING (3105512.992 186918.5, 3105492.258 186959.646)	68	661	0	663	false	1875	None
LINESTRING (3105492.258 186959.646, 3105469.196 186986.833)	68	661	0	664	false	1875	None
LINESTRING (3105469.196 186986.833, 3105458.971 186994.569)	68	661	0	665	false	1875	None
LINESTRING (3105458.971 186994.569, 3105443.805 187018.832)	68	661	0	666	false	1875	None
LINESTRING (3105443.805 187018.832, 3105441.422 187023.268)	68	661	0	667	false	1875	None
LINESTRING (3105441.422 187023.268, 3105439.639 187027.933)	68	661	0	668	false	1875	None
LINESTRING (3105439.639 187027.933, 3105438.37 187032.795)	68	661	0	669	false	1875	None
LINESTRING (3105438.37 187032.795, 3105437.655 187037.75)	68	661	0	670	false	1875	None
LINESTRING (3105437.655 187037.75, 3105437.62 187042.726)	68	661	0	671	false	1875	None
LINESTRING (3105437.62 187042.726, 3105438.178 187047.692)	68	661	0	672	false	1875	None
LINESTRING (3105438.178 187047.692, 3105439.243 187052.614)	68	661	0	673	false	1875	None
LINESTRING (3105439.243 187052.614, 3105440.981 187057.318)	68	661	0	674	false	1875	None
LINESTRING (3105440.981 187057.318, 3105445.837 187065.946)	68	661	0	675	false	1875	None
LINESTRING (3105445.837 187065.946, 3105448.914 187069.974)	68	661	0	676	false	1875	None
LINESTRING (3105448.914 187069.974, 3105456.137 187076.774)	68	661	0	677	false	1875	None
LINESTRING (3105456.137 187076.774, 3105464.595 187082.145)	68	661	0	678	false	1875	None
LINESTRING (3105464.595 187082.145, 3105473.857 187085.923)	68	661	0	679	false	1875	None
LINESTRING (3105473.857 187085.923, 3105478.683 187087.173)	68	661	0	680	false	1875	None
LINESTRING (3105478.683 187087.173, 3105488.594 187088.228)	68	661	0	681	false	1875	None
LINESTRING (3105488.594 187088.228, 3105498.538 187087.395)	68	661	0	682	false	1875	None
LINESTRING (3105498.538 187087.395, 3105508.721 187084.395)	68	661	0	683	false	1875	None
LINESTRING (3105508.721 187084.395, 3105531.19 187079.319)	68	661	0	684	false	1875	None
LINESTRING (3105531.19 187079.319, 3105561.871 187070.49)	68	661	0	685	false	1875	None
LINESTRING (3105561.871 187070.49, 3105587.977 187058.725)	68	661	0	686	false	1875	None
LINESTRING (3105587.977 187058.725, 3105608.823 187054.811)	68	661	0	687	false	1875	None
LINESTRING (3105608.823 187054.811, 3105612.815 187051.821)	68	661	0	688	false	1875	None
LINESTRING (3105612.815 187051.821, 3105617.3 187049.852)	68	661	0	689	false	1875	None
LINESTRING (3105617.3 187049.852, 3105622.279 187048.904)	68	661	0	690	false	1875	None
LINESTRING (3105622.279 187048.904, 3105627.251 187049.259)	68	661	0	691	false	1875	None
LINESTRING (3105627.251 187049.259, 3105632.037 187050.613)	68	661	0	692	false	1875	None
LINESTRING (3105632.037 187050.613, 3105636.348 187053.212)	68	661	0	693	false	1875	None
LINESTRING (3105636.348 187053.212, 3105639.96 187056.612)	68	661	0	694	false	1875	None
LINESTRING (3105639.96 187056.612, 3105644.083 187064.842)	68	661	0	695	false	1875	None
LINESTRING (3105644.083 187064.842, 3105651.113 187088.083)	68	661	0	696	false	1875	None
LINESTRING (3105651.113 187088.083, 3105658.222 187122.167)	68	661	0	697	false	1875	None
LINESTRING (3105658.222 187122.167, 3105665.644 187161.599)	68	661	0	698	false	1875	None
LINESTRING (3105665.644 187161.599, 3105672.59 187192.769)	68	661	0	699	false	1875	None
LINESTRING (3105672.59 187192.769, 3105681.813 187218.751)	68	661	0	700	false	1875	None
LINESTRING (3105681.813 187218.751, 3105685.223 187228.846)	68	661	0	701	false	1875	None
LINESTRING (3105685.223 187228.846, 3105695.882 187268.803)	68	661	0	702	false	1875	None
LINESTRING (3105695.882 187268.803, 3105724.503 187353.765)	68	661	0	703	false	1875	None
LINESTRING (3105724.503 187353.765, 3105739.192 187390.628)	68	661	0	704	false	1875	None
LINESTRING (3105739.192 187390.628, 3105747.795 187428.254)	68	661	0	705	false	1875	None
LINESTRING (3105747.795 187428.254, 3105759.005 187460.342)	68	661	0	706	false	1875	None
LINESTRING (3105759.005 187460.342, 3105762.741 187476.265)	68	661	0	707	false	1875	None
LINESTRING (3105762.741 187476.265, 3105770.139 187508.56)	68	661	0	708	false	1875	None
LINESTRING (3105770.139 187508.56, 3105774.212 187533.88)	68	661	0	709	false	1875	None
LINESTRING (3105774.212 187533.88, 3105777.068 187553.388)	68	661	0	710	false	1875	None
LINESTRING (3105777.068 187553.388, 3105777.594 187557.153)	68	661	0	711	false	1875	None
LINESTRING (3105777.594 187557.153, 3105777.198 187578.746)	68	661	0	712	false	1875	None
LINESTRING (3105777.198 187578.746, 3105782.959 187603.76)	68	661	0	713	false	1875	None
LINESTRING (3105782.959 187603.76, 3105794.448 187632.034)	68	661	0	714	false	1875	None
LINESTRING (3105794.448 187632.034, 3105805.815 187663.707)	68	661	0	715	false	1875	None
LINESTRING (3105805.815 187663.707, 3105821.168 187723.756)	68	661	0	716	false	1875	None
LINESTRING (3105821.168 187723.756, 3105831.791 187754.551)	68	661	0	717	false	1875	None
LINESTRING (3105831.791 187754.551, 3105836.639 187772.445)	68	661	0	718	false	1875	None
LINESTRING (3105836.639 187772.445, 3105837.072 187775.937)	68	661	0	719	false	1875	None
LINESTRING (3105837.072 187775.937, 3105839.287 187796.864)	68	661	0	720	false	1875	None
LINESTRING (3105839.287 187796.864, 3105837.031 187809.19)	68	661	0	721	false	1875	None
LINESTRING (3105837.031 187809.19, 3105828.698 187827.392)	68	661	0	722	false	1875	None
LINESTRING (3105828.698 187827.392, 3105816.239 187853.047)	68	661	0	723	false	1875	None
LINESTRING (3105816.239 187853.047, 3105808.833 187875.762)	68	661	0	724	false	1875	None
LINESTRING (3105808.833 187875.762, 3105791.016 187938.816)	68	661	0	725	false	1875	None
LINESTRING (3105791.016 187938.816, 3105782.603 187968.275)	68	661	0	726	false	1875	None
LINESTRING (3105782.603 187968.275, 3105778.69 187993.156)	68	661	0	727	false	1875	None
LINESTRING (3105778.69 187993.156, 3105780.383 188016.735)	68	661	0	728	false	1875	None
LINESTRING (3105780.383 188016.735, 3105785.24 188039.742)	68	661	0	729	false	1875	None
LINESTRING (3105785.24 188039.742, 3105793.764 188063.437)	68	661	0	730	false	1875	None
LINESTRING (3105793.764 188063.437, 3105805.053 188092.229)	68	661	0	731	false	1875	None
LINESTRING (3105805.053 188092.229, 3105815.984 188113.992)	68	661	0	732	false	1875	None
LINESTRING (3105815.984 188113.992, 3105840.972 188146.001)	68	661	0	733	false	1875	None
LINESTRING (3105840.972 188146.001, 3105843.672 188150.242)	68	661	0	734	false	1875	None
LINESTRING (3105843.672 188150.242, 3105845.661 188154.804)	68	661	0	735	false	1875	None
LINESTRING (3105845.661 188154.804, 3105846.851 188159.655)	68	661	0	736	false	1875	None
LINESTRING (3105846.851 188159.655, 3105847.111 188164.627)	68	661	0	737	false	1875	None
LINESTRING (3105847.111 188164.627, 3105846.567 188169.647)	68	661	0	738	false	1875	None
LINESTRING (3105846.567 188169.647, 3105846.494 188170.094)	68	661	0	739	false	1875	None
LINESTRING (3105846.494 188170.094, 3105843.086 188179.01)	68	661	0	740	false	1875	None
LINESTRING (3105843.086 188179.01, 3105837.931 188187.614)	68	661	0	741	false	1875	None
LINESTRING (3105837.931 188187.614, 3105834.81 188191.411)	68	661	0	742	false	1875	None
LINESTRING (3105834.81 188191.411, 3105828.687 188197.15)	68	661	0	743	false	1875	None
LINESTRING (3105828.687 188197.15, 3105811.071 188223.447)	68	661	0	744	false	1875	None
LINESTRING (3105811.071 188223.447, 3105804.894 188231.898)	68	661	0	745	false	1875	None
LINESTRING (3105804.894 188231.898, 3105799.031 188244.153)	68	661	0	746	false	1875	None
LINESTRING (3105799.031 188244.153, 3105792.335 188258.585)	68	661	0	747	false	1875	None
LINESTRING (3105792.335 188258.585, 3105789.368 188269.688)	68	661	0	748	false	1875	None
LINESTRING (3105789.368 188269.688, 3105792.324 188285.077)	68	661	0	749	false	1875	None
LINESTRING (3105792.324 188285.077, 3105797.48 188295.484)	68	661	0	750	false	1875	None
LINESTRING (3105797.48 188295.484, 3105803.035 188309.727)	68	661	0	751	false	1875	None
LINESTRING (3105803.035 188309.727, 3105798.476 188334.243)	68	661	0	752	false	1875	None
LINESTRING (3105798.476 188334.243, 3105797.542 188340.54)	68	661	0	753	false	1875	None
LINESTRING (3105797.542 188340.54, 3105799.077 188351.939)	68	661	0	754	false	1875	None
LINESTRING (3105799.077 188351.939, 3105804.315 188367.012)	68	661	0	755	false	1875	None
LINESTRING (3105804.315 188367.012, 3105805.462 188376.599)	68	661	0	756	false	1875	None
LINESTRING (3105805.462 188376.599, 3105801.529 188391.255)	68	661	0	757	false	1875	None
LINESTRING (3105801.529 188391.255, 3105796.181 188402.162)	68	661	0	758	false	1875	None
LINESTRING (3105796.181 188402.162, 3105792.446 188406.794)	68	661	0	759	false	1875	None
LINESTRING (3105792.446 188406.794, 3105785.715 188415.152)	68	661	0	760	false	1875	None
LINESTRING (3105785.715 188415.152, 3105783.115 188419.386)	68	661	0	761	false	1875	None
LINESTRING (3105783.115 188419.386, 3105780.988 188423.92)	68	661	0	762	false	1875	None
LINESTRING (3105780.988 188423.92, 3105779.462 188428.683)	68	661	0	763	false	1875	None
LINESTRING (3105779.462 188428.683, 3105778.45 188433.643)	68	661	0	764	false	1875	None
LINESTRING (3105778.45 188433.643, 3105778.203 188438.658)	68	661	0	765	false	1875	None
LINESTRING (3105778.203 188438.658, 3105778.503 188443.525)	68	661	0	766	false	1875	None
LINESTRING (3105778.503 188443.525, 3105779.442 188448.519)	68	661	0	767	false	1875	None
LINESTRING (3105779.442 188448.519, 3105782.937 188457.103)	68	661	0	768	false	1875	None
LINESTRING (3105782.937 188457.103, 3105789.95 188470.358)	68	661	0	769	false	1875	None
LINESTRING (3105789.95 188470.358, 3105802.406 188496.864)	68	661	0	770	false	1875	None
LINESTRING (3105802.406 188496.864, 3105811.44 188514.339)	68	661	0	771	false	1875	None
LINESTRING (3105811.44 188514.339, 3105822.037 188512.568)	68	661	0	772	false	1875	None
LINESTRING (3105822.037 188512.568, 3105827.035 188512.339)	68	661	0	773	false	1875	None
LINESTRING (3105827.035 188512.339, 3105831.973 188513.039)	68	661	0	774	false	1875	None
LINESTRING (3105831.973 188513.039, 3105836.64 188514.704)	68	661	0	775	false	1875	None
LINESTRING (3105836.64 188514.704, 3105844.646 188520.736)	68	661	0	776	false	1875	None
LINESTRING (3105844.646 188520.736, 3105851.954 188527.569)	68	661	0	777	false	1875	None
LINESTRING (3105851.954 188527.569, 3105856.947 188533.518)	68	661	0	778	false	1875	None
LINESTRING (3105856.947 188533.518, 3105866.116 188546.529)	68	661	0	779	false	1875	None
LINESTRING (3105866.116 188546.529, 3105874.703 188571.08)	68	661	0	780	false	1875	None
LINESTRING (3105874.703 188571.08, 3105874.73 188580.002)	68	661	0	781	false	1875	None
LINESTRING (3105874.73 188580.002, 3105877.129 188599.93)	68	661	0	782	false	1875	None
LINESTRING (3105877.129 188599.93, 3105879.367 188604.351)	68	661	0	783	false	1875	None
LINESTRING (3105879.367 188604.351, 3105882.853 188607.822)	68	661	0	784	false	1875	None
LINESTRING (3105882.853 188607.822, 3105901.929 188613.927)	68	661	0	785	false	1875	None
LINESTRING (3105901.929 188613.927, 3105909.49 188615.986)	68	661	0	786	false	1875	None
LINESTRING (3105909.49 188615.986, 3105914.495 188615.998)	68	661	0	787	false	1875	None
LINESTRING (3105914.495 188615.998, 3105919.274 188617.112)	68	661	0	788	false	1875	None
LINESTRING (3105919.274 188617.112, 3105923.703 188619.4)	68	661	0	789	false	1875	None
LINESTRING (3105923.703 188619.4, 3105927.439 188622.729)	68	661	0	790	false	1875	None
LINESTRING (3105927.439 188622.729, 3105930.304 188626.795)	68	661	0	791	false	1875	None
LINESTRING (3105930.304 188626.795, 3105932.167 188631.428)	68	661	0	792	false	1875	None
LINESTRING (3105932.167 188631.428, 3105932.944 188660.48)	68	661	0	793	false	1875	None
LINESTRING (3105932.944 188660.48, 3105932.212 188679.092)	68	661	0	794	false	1875	None
LINESTRING (3105932.212 188679.092, 3105930.175 188696.493)	68	661	0	795	false	1875	None
LINESTRING (3105930.175 188696.493, 3105930.647 188701.426)	68	661	0	796	false	1875	None
LINESTRING (3105930.647 188701.426, 3105932.173 188706.168)	68	661	0	797	false	1875	None
LINESTRING (3105932.173 188706.168, 3105934.748 188710.48)	68	661	0	798	false	1875	None
LINESTRING (3105934.748 188710.48, 3105941.001 188715.96)	68	661	0	799	false	1875	None
LINESTRING (3105941.001 188715.96, 3105955.901 188726.053)	68	661	0	800	false	1875	None
LINESTRING (3105955.901 188726.053, 3105965.264 188733.672)	68	661	0	801	false	1875	None
LINESTRING (3105965.264 188733.672, 3105986.347 188764.071)	68	661	0	802	false	1875	None
LINESTRING (3105986.347 188764.071, 3105992.832 188776.65)	68	661	0	803	false	1875	None
LINESTRING (3105992.832 188776.65, 3106000.127 188790.965)	68	661	0	804	false	1875	None
LINESTRING (3106000.127 188790.965, 3106016.16 188819.671)	68	661	0	805	false	1875	None
LINESTRING (3106016.16 188819.671, 3106022.798 188839.557)	68	661	0	806	false	1875	None
LINESTRING (3106022.798 188839.557, 3106024.336 188863.79)	68	661	0	807	false	1875	None
LINESTRING (3106024.336 188863.79, 3106025.034 188883.544)	68	661	0	808	false	1875	None
LINESTRING (3106025.034 188883.544, 3106021.763 188902.374)	68	661	0	809	false	1875	None
LINESTRING (3106021.763 188902.374, 3106020.353 188917.876)	68	661	0	810	false	1875	None
LINESTRING (3106020.353 188917.876, 3106021.693 188925.161)	68	661	0	811	false	1875	None
LINESTRING (3106021.693 188925.161, 3106026.736 188934.575)	68	661	0	812	false	1875	None
LINESTRING (3106026.736 188934.575, 3106032.234 188945.113)	68	661	0	813	false	1875	None
LINESTRING (3106032.234 188945.113, 3106039.859 188957.535)	68	661	0	814	false	1875	None
LINESTRING (3106039.859 188957.535, 3106043.802 188965.459)	68	661	0	815	false	1875	None
LINESTRING (3106043.802 188965.459, 3106048.3 188981.437)	68	661	0	816	false	1875	None
LINESTRING (3106048.3 188981.437, 3106050.817 189001.054)	68	661	0	817	false	1875	None
LINESTRING (3106050.817 189001.054, 3106054.339 189017.016)	68	661	0	818	false	1875	None
LINESTRING (3106054.339 189017.016, 3106056.21 189036.268)	68	661	0	819	false	1875	None
LINESTRING (3106056.21 189036.268, 3106059.695 189057.206)	68	661	0	820	false	1875	None
LINESTRING (3106059.695 189057.206, 3106062.291 189068.655)	68	661	0	821	false	1875	None
LINESTRING (3106062.291 189068.655, 3106062.645 189070.81)	68	661	0	822	false	1875	None
LINESTRING (3106062.645 189070.81, 3106064.085 189075.519)	68	661	0	823	false	1875	None
LINESTRING (3106064.085 189075.519, 3106066.62 189079.935)	68	661	0	824	false	1875	None
LINESTRING (3106066.62 189079.935, 3106069.94 189083.58)	68	661	0	825	false	1875	None
LINESTRING (3106069.94 189083.58, 3106074.046 189086.457)	68	661	0	826	false	1875	None
LINESTRING (3106074.046 189086.457, 3106082.727 189089.182)	68	661	0	827	false	1875	None
LINESTRING (3106082.727 189089.182, 3106086.911 189091.852)	68	661	0	828	false	1875	None
LINESTRING (3106086.911 189091.852, 3106090.647 189095.181)	68	661	0	829	false	1875	None
LINESTRING (3106090.647 189095.181, 3106094.013 189098.963)	68	661	0	830	false	1875	None
LINESTRING (3106094.013 189098.963, 3106097.918 189105.447)	68	661	0	831	false	1875	None
LINESTRING (3106097.918 189105.447, 3106106.827 189127.865)	68	661	0	832	false	1875	None
LINESTRING (3106106.827 189127.865, 3106109.943 189131.789)	68	661	0	833	false	1875	None
LINESTRING (3106109.943 189131.789, 3106117.579 189138.274)	68	661	0	834	false	1875	None
LINESTRING (3106117.579 189138.274, 3106121.968 189140.665)	68	661	0	835	false	1875	None
LINESTRING (3106121.968 189140.665, 3106131.387 189144.029)	68	661	0	836	false	1875	None
LINESTRING (3106131.387 189144.029, 3106136.206 189145.039)	68	661	0	837	false	1875	None
LINESTRING (3106136.206 189145.039, 3106141.223 189145.532)	68	661	0	838	false	1875	None
LINESTRING (3106141.223 189145.532, 3106149.866 189145.272)	68	661	0	839	false	1875	None
LINESTRING (3106149.866 189145.272, 3106174.889 189142.245)	68	661	0	840	false	1875	None
LINESTRING (3106174.889 189142.245, 3106184.424 189140.425)	68	661	0	841	false	1875	None
LINESTRING (3106184.424 189140.425, 3106195.37 189139.025)	68	661	0	842	false	1875	None
LINESTRING (3106195.37 189139.025, 3106204.308 189141.849)	68	661	0	843	false	1875	None
LINESTRING (3106204.308 189141.849, 3106213.885 189152.759)	68	661	0	844	false	1875	None
LINESTRING (3106213.885 189152.759, 3106222.292 189169.044)	68	661	0	845	false	1875	None
LINESTRING (3106222.292 189169.044, 3106232.854 189185.084)	68	661	0	846	false	1875	None
LINESTRING (3106232.854 189185.084, 3106234.756 189189.614)	68	661	0	847	false	1875	None
LINESTRING (3106234.756 189189.614, 3106235.821 189194.536)	68	661	0	848	false	1875	None
LINESTRING (3106235.821 189194.536, 3106236.08 189199.507)	68	661	0	849	false	1875	None
LINESTRING (3106236.08 189199.507, 3106235.661 189204.456)	68	661	0	850	false	1875	None
LINESTRING (3106235.661 189204.456, 3106233.963 189209.154)	68	661	0	851	false	1875	None
LINESTRING (3106233.963 189209.154, 3106224.302 189220.55)	68	661	0	852	false	1875	None
LINESTRING (3106224.302 189220.55, 3106220.752 189224.184)	68	661	0	853	false	1875	None
LINESTRING (3106220.752 189224.184, 3106217.762 189228.15)	68	661	0	854	false	1875	None
LINESTRING (3106217.762 189228.15, 3106215.293 189232.553)	68	661	0	855	false	1875	None
LINESTRING (3106215.293 189232.553, 3106213.424 189237.185)	68	661	0	856	false	1875	None
LINESTRING (3106213.424 189237.185, 3106212.108 189241.91)	68	661	0	857	false	1875	None
LINESTRING (3106212.108 189241.91, 3106211.392 189246.864)	68	661	0	858	false	1875	None
LINESTRING (3106211.392 189246.864, 3106210.835 189267.327)	68	661	0	859	false	1875	None
LINESTRING (3106210.835 189267.327, 3106208.966 189271.959)	68	661	0	860	false	1875	None
LINESTRING (3106208.966 189271.959, 3106206.536 189276.258)	68	661	0	861	false	1875	None
LINESTRING (3106206.536 189276.258, 3106203.592 189280.361)	68	661	0	862	false	1875	None
LINESTRING (3106203.592 189280.361, 3106200.082 189283.89)	68	661	0	863	false	1875	None
LINESTRING (3106200.082 189283.89, 3106192.087 189289.389)	68	661	0	864	false	1875	None
LINESTRING (3106192.087 189289.389, 3106176.978 189303.217)	68	661	0	865	false	1875	None
LINESTRING (3106176.978 189303.217, 3106167.944 189314.259)	68	661	0	866	false	1875	None
LINESTRING (3106167.944 189314.259, 3106164.718 189325.264)	68	661	0	867	false	1875	None
LINESTRING (3106164.718 189325.264, 3106162.804 189336.177)	68	661	0	868	false	1875	None
LINESTRING (3106162.804 189336.177, 3106162.321 189338.725)	68	661	0	869	false	1875	None
LINESTRING (3106162.321 189338.725, 3106161.664 189352.258)	68	661	0	870	false	1875	None
LINESTRING (3106161.664 189352.258, 3106158.534 189366.864)	68	661	0	871	false	1875	None
LINESTRING (3106158.534 189366.864, 3106155.052 189376.227)	68	661	0	872	false	1875	None
LINESTRING (3106155.052 189376.227, 3106149.982 189384.864)	68	661	0	873	false	1875	None
LINESTRING (3106149.982 189384.864, 3106143.614 189392.529)	68	661	0	874	false	1875	None
LINESTRING (3106143.614 189392.529, 3106139.596 189396.102)	68	661	0	875	false	1875	None
LINESTRING (3106139.596 189396.102, 3106100.334 189439.194)	68	661	0	876	false	1875	None
LINESTRING (3106100.334 189439.194, 3106093.604 189446.008)	68	661	0	877	false	1875	None
LINESTRING (3106093.604 189446.008, 3106083.438 189454.359)	68	661	0	878	false	1875	None
LINESTRING (3106083.438 189454.359, 3106075.547 189462.155)	68	661	0	879	false	1875	None
LINESTRING (3106075.547 189462.155, 3106064.808 189477.654)	68	661	0	880	false	1875	None
LINESTRING (3106064.808 189477.654, 3106062.51 189482.123)	68	661	0	881	false	1875	None
LINESTRING (3106062.51 189482.123, 3106061.109 189486.815)	68	661	0	882	false	1875	None
LINESTRING (3106061.109 189486.815, 3106060.564 189491.835)	68	661	0	883	false	1875	None
LINESTRING (3106060.564 189491.835, 3106061.62 189499.606)	68	661	0	884	false	1875	None
LINESTRING (3106061.62 189499.606, 3106071.714 189531.508)	68	661	0	885	false	1875	None
LINESTRING (3106071.714 189531.508, 3106074.553 189542.575)	68	661	0	886	false	1875	None
LINESTRING (3106074.553 189542.575, 3106078.094 189559.257)	68	661	0	887	false	1875	None
LINESTRING (3106078.094 189559.257, 3106080.159 189573.117)	68	661	0	888	false	1875	None
LINESTRING (3106080.159 189573.117, 3106085.5 189588.943)	68	661	0	889	false	1875	None
LINESTRING (3106085.5 189588.943, 3106093.906 189605.228)	68	661	0	890	false	1875	None
LINESTRING (3106093.906 189605.228, 3106113.136 189621.968)	68	661	0	891	false	1875	None
LINESTRING (3106113.136 189621.968, 3106133.024 189633.137)	68	661	0	892	false	1875	None
LINESTRING (3106133.024 189633.137, 3106151.717 189645.633)	68	661	0	893	false	1875	None
LINESTRING (3106151.717 189645.633, 3106167.877 189652.169)	68	661	0	894	false	1875	None
LINESTRING (3106167.877 189652.169, 3106182.273 189656.128)	68	661	0	895	false	1875	None
LINESTRING (3106182.273 189656.128, 3106197.091 189658.468)	68	661	0	896	false	1875	None
LINESTRING (3106197.091 189658.468, 3106212.082 189659.329)	68	661	0	897	false	1875	None
LINESTRING (3106212.082 189659.329, 3106225.927 189658.563)	68	661	0	898	false	1875	None
LINESTRING (3106225.927 189658.563, 3106254.635 189655.4)	68	661	0	899	false	1875	None
LINESTRING (3106254.635 189655.4, 3106283.1 189657.493)	68	661	0	900	false	1875	None
LINESTRING (3106283.1 189657.493, 3106292.677 189660.442)	68	661	0	901	false	1875	None
LINESTRING (3106292.677 189660.442, 3106301.613 189664.81)	68	661	0	902	false	1875	None
LINESTRING (3106301.613 189664.81, 3106306.147 189667.85)	68	661	0	903	false	1875	None
LINESTRING (3106306.147 189667.85, 3106319.913 189683.215)	68	661	0	904	false	1875	None
LINESTRING (3106319.913 189683.215, 3106336.57 189710.023)	68	661	0	905	false	1875	None
LINESTRING (3106336.57 189710.023, 3106359.091 189732.538)	68	661	0	906	false	1875	None
LINESTRING (3106359.091 189732.538, 3106362.497 189736.216)	68	661	0	907	false	1875	None
LINESTRING (3106362.497 189736.216, 3106364.985 189740.495)	68	661	0	908	false	1875	None
LINESTRING (3106364.985 189740.495, 3106366.3 189745.276)	68	661	0	909	false	1875	N:3106365.0510112946 189740.735
