LINESTRING (3137989.662 186365.222, 3137972.14 186348.106)	71	629	0	636	false	793	E:3137981.717 186357.46109256946
LINESTRING (3137972.14 186348.106, 3137932.044 186280.282)	71	629	0	637	false	793	None
LINESTRING (3137932.044 186280.282, 3137886.4 186193.661)	71	629	0	638	false	793	None
LINESTRING (3137886.4 186193.661, 3137868.063 186163.86)	71	629	0	639	false	793	None
LINESTRING (3137868.063 186163.86, 3137853.854 186143.266)	71	629	0	640	false	793	None
LINESTRING (3137853.854 186143.266, 3137832.843 186115.287)	71	629	0	641	false	793	None
LINESTRING (3137832.843 186115.287, 3137810.25 186088.601)	71	629	0	642	false	793	None
LINESTRING (3137810.25 186088.601, 3137789.766 186066.655)	71	629	0	643	false	793	None
LINESTRING (3137789.766 186066.655, 3137764.682 186042.338)	71	629	0	644	false	793	None
LINESTRING (3137764.682 186042.338, 3137742.084 186022.55)	71	629	0	645	false	793	None
LINESTRING (3137742.084 186022.55, 3137714.6 186000.875)	71	629	0	646	false	793	None
LINESTRING (3137714.6 186000.875, 3137690.152 185983.585)	71	629	0	647	false	793	None
LINESTRING (3137690.152 185983.585, 3137660.697 185964.718)	71	629	0	648	false	793	None
LINESTRING (3137660.697 185964.718, 3137634.609 185949.888)	71	629	0	649	false	793	None
LINESTRING (3137634.609 185949.888, 3137607.83 185936.337)	71	629	0	650	false	793	None
LINESTRING (3137607.83 185936.337, 3137580.572 185924.029)	71	629	0	651	false	793	None
LINESTRING (3137580.572 185924.029, 3137569.805 185919.515)	71	629	0	652	false	793	None
LINESTRING (3137569.805 185919.515, 3137418.594 185864.468)	71	629	0	653	false	793	None
LINESTRING (3137418.594 185864.468, 3137132.723 185759.464)	71	629	0	654	false	793	S:3137291.710225801 185817.862
LINESTRING (3127710.952 185665.375, 3127713.073 185904.844)	71	663	0	92	false	590	S:3127712.3025920475 185817.862
LINESTRING (3127713.073 185904.844, 3127710.658 186085.255)	71	663	0	93	false	590	None
LINESTRING (3127710.658 186085.255, 3127693.759 186243.205)	71	663	0	94	false	590	None
LINESTRING (3127693.759 186243.205, 3127685.904 186430.323)	71	663	0	95	false	590	None
LINESTRING (3127685.904 186430.323, 3127686.129 186718.654)	71	663	0	96	false	590	None
LINESTRING (3127686.129 186718.654, 3127650.921 187002.386)	71	663	0	97	false	590	None
LINESTRING (3127650.921 187002.386, 3127643.304 187066.403)	71	663	0	98	false	590	None
LINESTRING (3127643.304 187066.403, 3127651.334 187228.839)	71	663	0	99	false	590	None
LINESTRING (3127651.334 187228.839, 3127661.233 187329.921)	71	663	0	100	false	590	None
LINESTRING (3127661.233 187329.921, 3127660.412 187416.413)	71	663	0	101	false	590	None
LINESTRING (3127660.412 187416.413, 3127638.412 187511.401)	71	663	0	102	false	590	None
LINESTRING (3127638.412 187511.401, 3127624.069 187557.608)	71	663	0	103	false	590	None
LINESTRING (3127624.069 187557.608, 3127596.24 187944.312)	71	663	0	104	false	590	None
LINESTRING (3127596.24 187944.312, 3127567.279 188131.754)	71	663	0	105	false	590	None
LINESTRING (3127567.279 188131.754, 3127512.376 188226.325)	71	663	0	106	false	590	None
LINESTRING (3127512.376 188226.325, 3127480.594 188318.856)	71	663	0	107	false	590	None
LINESTRING (3127480.594 188318.856, 3127458.377 188468.582)	71	663	0	108	false	590	None
LINESTRING (3127458.377 188468.582, 3127427.908 188624.408)	71	663	0	109	false	590	None
LINESTRING (3127427.908 188624.408, 3127401.873 188842.826)	71	663	0	110	false	590	None
LINESTRING (3127401.873 188842.826, 3127323.534 189188.926)	71	663	0	111	false	590	None
LINESTRING (3127323.534 189188.926, 3127303.432 189294.041)	71	663	0	112	false	590	None
LINESTRING (3127303.432 189294.041, 3127306.243 189373.372)	71	663	0	113	false	590	None
LINESTRING (3127306.243 189373.372, 3127311.109 189539.354)	71	663	0	114	false	590	None
LINESTRING (3127311.109 189539.354, 3127309.35 189674.245)	71	663	0	115	false	590	None
LINESTRING (3127309.35 189674.245, 3127278.524 189931.137)	71	663	0	116	false	590	None
LINESTRING (3127278.524 189931.137, 3127273.587 190028.535)	71	663	0	117	false	590	None
LINESTRING (3127273.587 190028.535, 3127296.688 190227.108)	71	663	0	118	false	590	None
LINESTRING (3127296.688 190227.108, 3127309.427 190267.095)	71	663	0	119	false	590	None
LINESTRING (3127309.427 190267.095, 3127350.85 190419.091)	71	663	0	120	false	590	None
LINESTRING (3127350.85 190419.091, 3127369.431 190522.334)	71	663	0	121	false	590	None
LINESTRING (3127369.431 190522.334, 3127400.514 190618.143)	71	663	0	122	false	590	None
LINESTRING (3127400.514 190618.143, 3127408.236 190704.363)	71	663	0	123	false	590	None
LINESTRING (3127408.236 190704.363, 3127409.418 190752.388)	71	663	0	124	false	590	None
LINESTRING (3127409.418 190752.388, 3127410.009 190776.4)	71	663	0	125	false	590	None
LINESTRING (3127410.009 190776.4, 3127402.623 190821.125)	71	663	0	126	false	590	None
LINESTRING (3127402.623 190821.125, 3127395.238 190865.851)	71	663	0	127	false	590	None
LINESTRING (3127395.238 190865.851, 3127405.576 190941.186)	71	663	0	128	false	590	None
LINESTRING (3127405.576 190941.186, 3127406.757 190989.211)	71	663	0	129	false	590	None
LINESTRING (3127406.757 190989.211, 3127403.359 191023.579)	71	663	0	130	false	590	None
LINESTRING (3127403.359 191023.579, 3127399.961 191057.948)	71	663	0	131	false	590	None
LINESTRING (3127399.961 191057.948, 3127396.564 191092.317)	71	663	0	132	false	590	None
LINESTRING (3127396.564 191092.317, 3127390.358 191185.067)	71	663	0	133	false	590	None
LINESTRING (3127390.358 191185.067, 3127375.585 191274.518)	71	663	0	134	false	590	None
LINESTRING (3127375.585 191274.518, 3127356.824 191374.326)	71	663	0	135	false	590	None
LINESTRING (3127356.824 191374.326, 3127330.086 191494.848)	71	663	0	136	false	590	None
LINESTRING (3127330.086 191494.848, 3127307.335 191605.012)	71	663	0	137	false	590	None
LINESTRING (3127307.335 191605.012, 3127293.739 191742.487)	71	663	0	138	false	590	None
LINESTRING (3127293.739 191742.487, 3127291.518 191824.88)	71	663	0	139	false	590	None
LINESTRING (3127291.518 191824.88, 3127284.13 191869.605)	71	663	0	140	false	590	None
LINESTRING (3127284.13 191869.605, 3127293.284 191896.916)	71	663	0	141	false	590	None
LINESTRING (3127293.284 191896.916, 3127289.885 191931.285)	71	663	0	142	false	590	None
LINESTRING (3127289.885 191931.285, 3127287.074 191989.665)	71	663	0	143	false	590	None
LINESTRING (3127287.074 191989.665, 3127292.828 192051.345)	71	663	0	144	false	590	None
LINESTRING (3127292.828 192051.345, 3127291.781 192181.761)	71	663	0	145	false	590	None
LINESTRING (3127291.781 192181.761, 3127281.032 192260.752)	71	663	0	146	false	590	None
LINESTRING (3127281.032 192260.752, 3127261.678 192336.547)	71	663	0	147	false	590	None
LINESTRING (3127261.678 192336.547, 3127262.853 192384.571)	71	663	0	148	false	590	None
LINESTRING (3127262.853 192384.571, 3127281.159 192439.192)	71	663	0	149	false	590	None
LINESTRING (3127281.159 192439.192, 3127286.911 192500.871)	71	663	0	150	false	590	None
LINESTRING (3127286.911 192500.871, 3127296.65 192552.193)	71	663	0	151	false	590	None
LINESTRING (3127296.65 192552.193, 3127320.204 192644.514)	71	663	0	152	false	590	None
LINESTRING (3127320.204 192644.514, 3127317.389 192702.894)	71	663	0	153	false	590	None
LINESTRING (3127317.389 192702.894, 3127307.184 192806)	71	663	0	154	false	590	None
LINESTRING (3127307.184 192806, 3127303.783 192840.368)	71	663	0	155	false	590	None
LINESTRING (3127303.783 192840.368, 3127292.403 192895.45)	71	663	0	156	false	590	None
LINESTRING (3127292.403 192895.45, 3127293.577 192943.474)	71	663	0	157	false	590	None
LINESTRING (3127293.577 192943.474, 3127303.314 192994.796)	71	663	0	158	false	590	None
LINESTRING (3127303.314 192994.796, 3127308.476 193032.463)	71	663	0	159	false	590	None
LINESTRING (3127308.476 193032.463, 3127322.202 193073.429)	71	663	0	160	false	590	None
LINESTRING (3127322.202 193073.429, 3127331.939 193124.751)	71	663	0	161	false	590	None
LINESTRING (3127331.939 193124.751, 3127341.09 193152.061)	71	663	0	162	false	590	None
LINESTRING (3127341.09 193152.061, 3127337.687 193186.43)	71	663	0	163	false	590	None
LINESTRING (3127337.687 193186.43, 3127342.848 193224.097)	71	663	0	164	false	590	None
LINESTRING (3127342.848 193224.097, 3127357.159 193289.074)	71	663	0	165	false	590	None
LINESTRING (3127357.159 193289.074, 3127367.48 193364.408)	71	663	0	166	false	590	None
LINESTRING (3127367.48 193364.408, 3127369.237 193436.443)	71	663	0	167	false	590	None
LINESTRING (3127369.237 193436.443, 3127370.994 193508.478)	71	663	0	168	false	590	None
LINESTRING (3127370.994 193508.478, 3127375.569 193522.134)	71	663	0	169	false	590	None
LINESTRING (3127375.569 193522.134, 3127380.546 193550.572)	71	663	0	170	false	590	None
LINESTRING (3127380.546 193550.572, 3127400.197 193662.445)	71	663	0	171	false	590	None
LINESTRING (3127400.197 193662.445, 3127405.941 193724.123)	71	663	0	172	false	590	None
LINESTRING (3127405.941 193724.123, 3127410.515 193737.778)	71	663	0	173	false	590	None
LINESTRING (3127410.515 193737.778, 3127402.536 193758.492)	71	663	0	174	false	590	None
LINESTRING (3127402.536 193758.492, 3127407.695 193796.158)	71	663	0	175	false	590	None
LINESTRING (3127407.695 193796.158, 3127409.45 193868.194)	71	663	0	176	false	590	None
LINESTRING (3127409.45 193868.194, 3127424.341 193957.182)	71	663	0	177	false	590	None
LINESTRING (3127424.341 193957.182, 3127438.646 194022.16)	71	663	0	178	false	590	None
LINESTRING (3127438.646 194022.16, 3127444.388 194083.838)	71	663	0	179	false	590	None
LINESTRING (3127444.388 194083.838, 3127458.693 194148.815)	71	663	0	180	false	590	None
LINESTRING (3127458.693 194148.815, 3127469.008 194224.149)	71	663	0	181	false	590	None
LINESTRING (3127469.008 194224.149, 3127493.042 194340.448)	71	663	0	182	false	590	None
LINESTRING (3127493.042 194340.448, 3127507.345 194405.425)	71	663	0	183	false	590	None
LINESTRING (3127507.345 194405.425, 3127521.064 194446.391)	71	663	0	184	false	590	None
LINESTRING (3127521.064 194446.391, 3127522.23 194494.414)	71	663	0	185	false	590	None
LINESTRING (3127522.23 194494.414, 3127523.397 194542.437)	71	663	0	186	false	590	None
LINESTRING (3127523.397 194542.437, 3127537.698 194607.415)	71	663	0	187	false	590	None
LINESTRING (3127537.698 194607.415, 3127533.708 194617.771)	71	663	0	188	false	590	None
LINESTRING (3127533.708 194617.771, 3127538.864 194655.438)	71	663	0	189	false	590	None
LINESTRING (3127538.864 194655.438, 3127552.582 194696.403)	71	663	0	190	false	590	None
LINESTRING (3127552.582 194696.403, 3127553.164 194720.415)	71	663	0	191	false	590	None
LINESTRING (3127553.164 194720.415, 3127563.475 194795.748)	71	663	0	192	false	590	None
LINESTRING (3127563.475 194795.748, 3127564.639 194843.772)	71	663	0	193	false	590	None
LINESTRING (3127564.639 194843.772, 3127578.356 194884.737)	71	663	0	194	false	590	None
LINESTRING (3127578.356 194884.737, 3127583.511 194922.404)	71	663	0	195	false	590	None
LINESTRING (3127583.511 194922.404, 3127584.093 194946.415)	71	663	0	196	false	590	None
LINESTRING (3127584.093 194946.415, 3127581.849 195028.806)	71	663	0	197	false	590	None
LINESTRING (3127581.849 195028.806, 3127579.023 195087.186)	71	663	0	198	false	590	None
LINESTRING (3127579.023 195087.186, 3127588.749 195138.508)	71	663	0	199	false	590	None
LINESTRING (3127588.749 195138.508, 3127597.892 195165.818)	71	663	0	200	false	590	None
LINESTRING (3127597.892 195165.818, 3127607.618 195217.14)	71	663	0	201	false	590	None
LINESTRING (3127607.618 195217.14, 3127613.352 195278.818)	71	663	0	202	false	590	None
LINESTRING (3127613.352 195278.818, 3127615.096 195350.852)	71	663	0	203	false	590	None
LINESTRING (3127615.096 195350.852, 3127628.811 195391.818)	71	663	0	204	false	590	None
LINESTRING (3127628.811 195391.818, 3127651.087 195436.082)	71	663	0	205	false	590	None
LINESTRING (3127651.087 195436.082, 3127656.239 195473.749)	71	663	0	206	false	590	None
LINESTRING (3127656.239 195473.749, 3127661.391 195511.416)	71	663	0	207	false	590	None
LINESTRING (3127661.391 195511.416, 3127671.114 195562.738)	71	663	0	208	false	590	None
LINESTRING (3127671.114 195562.738, 3127680.837 195614.059)	71	663	0	209	false	590	None
LINESTRING (3127680.837 195614.059, 3127690.56 195665.381)	71	663	0	210	false	590	None
LINESTRING (3127690.56 195665.381, 3127704.273 195706.347)	71	663	0	211	false	590	None
LINESTRING (3127704.273 195706.347, 3127693.462 195785.438)	71	663	0	212	false	590	None
LINESTRING (3127693.462 195785.438, 3127690.632 195843.818)	71	663	0	213	false	590	None
LINESTRING (3127690.632 195843.818, 3127675.249 195909.254)	71	663	0	214	false	590	None
LINESTRING (3127675.249 195909.254, 3127676.989 195981.288)	71	663	0	215	false	590	None
LINESTRING (3127676.989 195981.288, 3127686.71 196032.61)	71	663	0	216	false	590	None
LINESTRING (3127686.71 196032.61, 3127697.01 196107.943)	71	663	0	217	false	590	None
LINESTRING (3127697.01 196107.943, 3127711.3 196172.92)	71	663	0	218	false	590	None
LINESTRING (3127711.3 196172.92, 3127726.169 196261.908)	71	663	0	219	false	590	None
LINESTRING (3127726.169 196261.908, 3127741.037 196350.896)	71	663	0	220	false	590	None
LINESTRING (3127741.037 196350.896, 3127742.774 196422.93)	71	663	0	221	false	590	None
LINESTRING (3127742.774 196422.93, 3127745.668 196542.987)	71	663	0	222	false	590	None
LINESTRING (3127745.668 196542.987, 3127747.404 196615.021)	71	663	0	223	false	590	None
LINESTRING (3127747.404 196615.021, 3127761.69 196679.997)	71	663	0	224	false	590	None
LINESTRING (3127761.69 196679.997, 3127770.829 196707.308)	71	663	0	225	false	590	None
LINESTRING (3127770.829 196707.308, 3127771.985 196755.33)	71	663	0	226	false	590	None
LINESTRING (3127771.985 196755.33, 3127777.173 196792.893)	71	663	0	227	false	590	None
LINESTRING (3127777.173 196792.893, 3127771.146 196808.531)	71	663	0	228	false	590	None
LINESTRING (3127771.146 196808.531, 3127781.702 196806.652)	71	663	0	229	false	590	None
LINESTRING (3127781.702 196806.652, 3127798.822 196813.25)	71	663	0	230	false	590	None
LINESTRING (3127798.822 196813.25, 3127799.4 196837.261)	71	663	0	231	false	590	None
LINESTRING (3127799.4 196837.261, 3127800.596 196885.18)	71	663	0	232	false	590	None
LINESTRING (3127800.596 196885.18, 3127788.622 196916.248)	71	663	0	233	false	590	None
LINESTRING (3127788.622 196916.248, 3127789.778 196964.271)	71	663	0	234	false	590	None
LINESTRING (3127789.778 196964.271, 3127790.356 196988.282)	71	663	0	235	false	590	None
LINESTRING (3127790.356 196988.282, 3127799.493 197015.592)	71	663	0	236	false	590	None
LINESTRING (3127799.493 197015.592, 3127801.226 197087.626)	71	663	0	237	false	590	None
LINESTRING (3127801.226 197087.626, 3127769.295 197170.475)	71	663	0	238	false	590	None
LINESTRING (3127769.295 197170.475, 3127770.45 197218.497)	71	663	0	239	false	590	None
LINESTRING (3127770.45 197218.497, 3127763.045 197263.22)	71	663	0	240	false	590	None
LINESTRING (3127763.045 197263.22, 3127764.199 197311.243)	71	663	0	241	false	590	None
LINESTRING (3127764.199 197311.243, 3127769.344 197348.909)	71	663	0	242	false	590	None
LINESTRING (3127769.344 197348.909, 3127774.489 197386.575)	71	663	0	243	false	590	None
LINESTRING (3127774.489 197386.575, 3127784.203 197437.897)	71	663	0	244	false	590	None
LINESTRING (3127784.203 197437.897, 3127781.365 197496.275)	71	663	0	245	false	590	None
LINESTRING (3127781.365 197496.275, 3127775.688 197613.032)	71	663	0	246	false	590	None
LINESTRING (3127775.688 197613.032, 3127776.841 197661.054)	71	663	0	247	false	590	None
LINESTRING (3127776.841 197661.054, 3127778.57 197733.087)	71	663	0	248	false	590	None
LINESTRING (3127778.57 197733.087, 3127763.179 197798.523)	71	663	0	249	false	590	None
LINESTRING (3127763.179 197798.523, 3127752.933 197901.624)	71	663	0	250	false	590	None
LINESTRING (3127752.933 197901.624, 3127746.101 197970.358)	71	663	0	251	false	590	None
LINESTRING (3127746.101 197970.358, 3127743.261 198028.736)	71	663	0	252	false	590	None
LINESTRING (3127743.261 198028.736, 3127737.004 198121.482)	71	663	0	253	false	590	None
LINESTRING (3127737.004 198121.482, 3127738.155 198169.504)	71	663	0	254	false	590	None
LINESTRING (3127738.155 198169.504, 3127726.756 198224.583)	71	663	0	255	false	590	None
LINESTRING (3127726.756 198224.583, 3127723.914 198282.961)	71	663	0	256	false	590	None
LINESTRING (3127723.914 198282.961, 3127733.624 198334.282)	71	663	0	257	false	590	None
LINESTRING (3127733.624 198334.282, 3127735.349 198406.315)	71	663	0	258	false	590	None
LINESTRING (3127735.349 198406.315, 3127741.065 198467.992)	71	663	0	259	false	590	None
LINESTRING (3127741.065 198467.992, 3127751.348 198543.324)	71	663	0	260	false	590	None
LINESTRING (3127751.348 198543.324, 3127758.787 198677.034)	71	663	0	261	false	590	None
LINESTRING (3127758.787 198677.034, 3127746.811 198708.102)	71	663	0	262	false	590	None
LINESTRING (3127746.811 198708.102, 3127743.393 198742.469)	71	663	0	263	false	590	None
LINESTRING (3127743.393 198742.469, 3127739.401 198752.825)	71	663	0	264	false	590	None
LINESTRING (3127739.401 198752.825, 3127745.142 198992.934)	71	663	0	265	false	590	None
LINESTRING (3127745.142 198992.934, 3127741.15 199003.29)	71	663	0	266	false	590	None
LINESTRING (3127741.15 199003.29, 3127737.731 199037.657)	71	663	0	267	false	590	None
LINESTRING (3127737.731 199037.657, 3127738.305 199061.667)	71	663	0	268	false	590	None
LINESTRING (3127738.305 199061.667, 3127756.568 199116.287)	71	663	0	269	false	590	None
LINESTRING (3127756.568 199116.287, 3127761.133 199129.942)	71	663	0	270	false	590	None
LINESTRING (3127761.133 199129.942, 3127765.699 199143.597)	71	663	0	271	false	590	None
LINESTRING (3127765.699 199143.597, 3127770.265 199157.252)	71	663	0	272	false	590	None
LINESTRING (3127770.265 199157.252, 3127783.961 199198.217)	71	663	0	273	false	590	None
LINESTRING (3127783.961 199198.217, 3127793.092 199225.527)	71	663	0	274	false	590	None
LINESTRING (3127793.092 199225.527, 3127794.239 199273.549)	71	663	0	275	false	590	None
LINESTRING (3127794.239 199273.549, 3127778.843 199338.983)	71	663	0	276	false	590	None
LINESTRING (3127778.843 199338.983, 3127758.881 199390.763)	71	663	0	277	false	590	None
LINESTRING (3127758.881 199390.763, 3127734.354 199428.887)	71	663	0	278	false	590	None
LINESTRING (3127734.354 199428.887, 3127722.95 199483.966)	71	663	0	279	false	590	None
LINESTRING (3127722.95 199483.966, 3127711.546 199539.044)	71	663	0	280	false	590	None
LINESTRING (3127711.546 199539.044, 3127709.272 199621.433)	71	663	0	281	false	590	None
LINESTRING (3127709.272 199621.433, 3127710.99 199693.465)	71	663	0	282	false	590	None
LINESTRING (3127710.99 199693.465, 3127717.272 199779.152)	71	663	0	283	false	590	None
LINESTRING (3127717.272 199779.152, 3127722.981 199840.829)	71	663	0	284	false	590	None
LINESTRING (3127722.981 199840.829, 3127724.697 199912.861)	71	663	0	285	false	590	None
LINESTRING (3127724.697 199912.861, 3127735.542 200012.203)	71	663	0	286	false	590	None
LINESTRING (3127735.542 200012.203, 3127754.37 200090.833)	71	663	0	287	false	590	None
LINESTRING (3127754.37 200090.833, 3127760.078 200152.51)	71	663	0	288	false	590	None
LINESTRING (3127760.078 200152.51, 3127765.785 200214.186)	71	663	0	289	false	590	None
LINESTRING (3127765.785 200214.186, 3127772.062 200299.873)	71	663	0	290	false	590	None
LINESTRING (3127772.062 200299.873, 3127781.761 200351.193)	71	663	0	291	false	590	None
LINESTRING (3127781.761 200351.193, 3127791.545 200402.547)	71	663	0	292	false	590	None
LINESTRING (3127791.545 200402.547, 3127806.377 200491.533)	71	663	0	293	false	590	None
LINESTRING (3127806.377 200491.533, 3127816.646 200566.864)	71	663	0	294	false	590	None
LINESTRING (3127816.646 200566.864, 3127809.23 200611.586)	71	663	0	295	false	590	None
LINESTRING (3127809.23 200611.586, 3127781.85 200708.087)	71	663	0	296	false	590	None
LINESTRING (3127781.85 200708.087, 3127787.554 200769.763)	71	663	0	297	false	590	None
LINESTRING (3127787.554 200769.763, 3127785.271 200852.151)	71	663	0	298	false	590	None
LINESTRING (3127785.271 200852.151, 3127790.974 200913.827)	71	663	0	299	false	590	None
LINESTRING (3127790.974 200913.827, 3127784.128 200982.56)	71	663	0	300	false	590	None
LINESTRING (3127784.128 200982.56, 3127786.406 201078.602)	71	663	0	301	false	590	None
LINESTRING (3127786.406 201078.602, 3127782.983 201112.968)	71	663	0	302	false	590	None
LINESTRING (3127782.983 201112.968, 3127783.552 201136.979)	71	663	0	303	false	590	None
LINESTRING (3127783.552 201136.979, 3127784.161 201160.886)	71	663	0	304	false	590	None
LINESTRING (3127784.161 201160.886, 3126898.286 200826.487)	71	663	0	305	false	590	None
LINESTRING (3126898.286 200826.487, 3126343.441 200617.152)	71	663	0	306	false	590	None
LINESTRING (3126343.441 200617.152, 3126308.452 200603.905)	71	663	0	307	false	590	None
LINESTRING (3126308.452 200603.905, 3126286.42 200661.073)	71	663	0	308	false	590	None
LINESTRING (3126286.42 200661.073, 3124834.799 200099.762)	71	663	0	309	false	590	None
LINESTRING (3124834.799 200099.762, 3124812.506 200091.056)	71	663	0	310	false	590	None
LINESTRING (3124812.506 200091.056, 3124810.195 200090.166)	71	663	0	311	false	590	None
LINESTRING (3124810.195 200090.166, 3124484.08 199964.085)	71	663	0	312	false	590	None
LINESTRING (3124484.08 199964.085, 3124185.856 199848.76)	71	663	0	313	false	590	None
LINESTRING (3124185.856 199848.76, 3123823.528 199706.742)	71	663	0	314	false	590	None
LINESTRING (3123823.528 199706.742, 3121686.224 198929.903)	71	663	0	315	false	590	None
LINESTRING (3121686.224 198929.903, 3121616.426 198904.476)	71	663	0	316	false	590	None
LINESTRING (3121616.426 198904.476, 3121445.226 198842.299)	71	663	0	317	false	590	None
LINESTRING (3121445.226 198842.299, 3119432.188 198106.686)	71	663	0	318	false	590	W:3120870.383 198632.2373996929
LINESTRING (3119432.188 198106.686, 3121445.226 198842.299)	71	316	0	153	false	215	W:3120870.383 198632.2373996929
LINESTRING (3121445.226 198842.299, 3121616.426 198904.476)	71	316	0	154	false	215	None
LINESTRING (3121616.426 198904.476, 3121686.224 198929.903)	71	316	0	155	false	215	None
LINESTRING (3121686.224 198929.903, 3123823.528 199706.742)	71	316	0	156	false	215	None
LINESTRING (3123823.528 199706.742, 3124185.856 199848.76)	71	316	0	157	false	215	None
LINESTRING (3124185.856 199848.76, 3124484.08 199964.085)	71	316	0	158	false	215	None
LINESTRING (3124484.08 199964.085, 3124810.195 200090.166)	71	316	0	159	false	215	None
LINESTRING (3124810.195 200090.166, 3124812.506 200091.056)	71	316	0	160	false	215	None
LINESTRING (3124812.506 200091.056, 3124834.799 200099.762)	71	316	0	161	false	215	None
LINESTRING (3124834.799 200099.762, 3126286.42 200661.073)	71	316	0	162	false	215	None
LINESTRING (3126286.42 200661.073, 3126308.452 200603.905)	71	316	0	163	false	215	None
LINESTRING (3126308.452 200603.905, 3126343.441 200617.152)	71	316	0	164	false	215	None
LINESTRING (3126343.441 200617.152, 3126898.286 200826.487)	71	316	0	165	false	215	None
LINESTRING (3126898.286 200826.487, 3127784.161 201160.886)	71	316	0	166	false	215	None
LINESTRING (3127784.161 201160.886, 3128455.415 201411.9)	71	316	0	167	false	215	None
LINESTRING (3128455.415 201411.9, 3128470.855 201417.736)	71	316	0	168	false	215	None
LINESTRING (3128470.855 201417.736, 3128903.294 201579.542)	71	316	0	169	false	215	N:3128715.7138355253 201509.355
LINESTRING (3132502.411 193421.657, 3132351.535 193812.976)	71	1489	0	0	false	1624	None
LINESTRING (3132351.535 193812.976, 3131659.366 195620.042)	71	1489	0	1	false	1624	None
LINESTRING (3131659.366 195620.042, 3131354.284 196416.405)	71	1489	0	2	false	1624	None
LINESTRING (3131354.284 196416.405, 3131346.385 196437.387)	71	1489	0	3	false	1624	None
LINESTRING (3131346.385 196437.387, 3131311.43 196529.774)	71	1489	0	4	false	1624	None
LINESTRING (3131311.43 196529.774, 3131123.27 197028.178)	71	1489	0	5	false	1624	None
LINESTRING (3131123.27 197028.178, 3131825.227 197324.137)	71	1489	0	6	false	1624	None
LINESTRING (3131825.227 197324.137, 3132207.956 197485.529)	71	1489	0	7	false	1624	None
LINESTRING (3132207.956 197485.529, 3132222.348 197491.559)	71	1489	0	8	false	1624	None
LINESTRING (3132222.348 197491.559, 3133365.403 197968.884)	71	1489	0	9	false	1624	None
LINESTRING (3133365.403 197968.884, 3133346.335 198012.917)	71	1489	0	10	false	1624	None
LINESTRING (3133346.335 198012.917, 3132998.966 198872.796)	71	1489	0	11	false	1624	None
LINESTRING (3132998.966 198872.796, 3132507.535 200026.837)	71	1489	0	12	false	1624	None
LINESTRING (3132507.535 200026.837, 3132318.998 200513.333)	71	1489	0	13	false	1624	None
LINESTRING (3132318.998 200513.333, 3132300.843 200560.099)	71	1489	0	14	false	1624	None
LINESTRING (3132300.843 200560.099, 3132133.06 200993.101)	71	1489	0	15	false	1624	None
LINESTRING (3132133.06 200993.101, 3132015.975 201295.059)	71	1489	0	16	false	1624	None
LINESTRING (3132015.975 201295.059, 3131571.416 201141.263)	71	1489	0	17	false	1624	None
LINESTRING (3131571.416 201141.263, 3131381.926 201645.839)	71	1489	0	18	false	1624	N:3131433.181614932 201509.355
LINESTRING (3128903.294 201579.542, 3128470.855 201417.736)	71	1489	0	30	false	1624	N:3128715.7138355253 201509.355
LINESTRING (3128470.855 201417.736, 3128455.415 201411.9)	71	1489	0	31	false	1624	None
LINESTRING (3128455.415 201411.9, 3127784.161 201160.886)	71	1489	0	32	false	1624	None
LINESTRING (3127784.161 201160.886, 3127783.552 201136.979)	71	1489	0	33	false	1624	None
LINESTRING (3127783.552 201136.979, 3127782.983 201112.968)	71	1489	0	34	false	1624	None
LINESTRING (3127782.983 201112.968, 3127786.406 201078.602)	71	1489	0	35	false	1624	None
LINESTRING (3127786.406 201078.602, 3127784.128 200982.56)	71	1489	0	36	false	1624	None
LINESTRING (3127784.128 200982.56, 3127790.974 200913.827)	71	1489	0	37	false	1624	None
LINESTRING (3127790.974 200913.827, 3127785.271 200852.151)	71	1489	0	38	false	1624	None
LINESTRING (3127785.271 200852.151, 3127787.554 200769.763)	71	1489	0	39	false	1624	None
LINESTRING (3127787.554 200769.763, 3127781.85 200708.087)	71	1489	0	40	false	1624	None
LINESTRING (3127781.85 200708.087, 3127809.23 200611.586)	71	1489	0	41	false	1624	None
LINESTRING (3127809.23 200611.586, 3127816.646 200566.864)	71	1489	0	42	false	1624	None
LINESTRING (3127816.646 200566.864, 3127806.377 200491.533)	71	1489	0	43	false	1624	None
LINESTRING (3127806.377 200491.533, 3127791.545 200402.547)	71	1489	0	44	false	1624	None
LINESTRING (3127791.545 200402.547, 3127781.761 200351.193)	71	1489	0	45	false	1624	None
LINESTRING (3127781.761 200351.193, 3127772.062 200299.873)	71	1489	0	46	false	1624	None
LINESTRING (3127772.062 200299.873, 3127765.785 200214.186)	71	1489	0	47	false	1624	None
LINESTRING (3127765.785 200214.186, 3127760.078 200152.51)	71	1489	0	48	false	1624	None
LINESTRING (3127760.078 200152.51, 3127754.37 200090.833)	71	1489	0	49	false	1624	None
LINESTRING (3127754.37 200090.833, 3127735.542 200012.203)	71	1489	0	50	false	1624	None
LINESTRING (3127735.542 200012.203, 3127724.697 199912.861)	71	1489	0	51	false	1624	None
LINESTRING (3127724.697 199912.861, 3127722.981 199840.829)	71	1489	0	52	false	1624	None
LINESTRING (3127722.981 199840.829, 3127717.272 199779.152)	71	1489	0	53	false	1624	None
LINESTRING (3127717.272 199779.152, 3127710.99 199693.465)	71	1489	0	54	false	1624	None
LINESTRING (3127710.99 199693.465, 3127709.272 199621.433)	71	1489	0	55	false	1624	None
LINESTRING (3127709.272 199621.433, 3127711.546 199539.044)	71	1489	0	56	false	1624	None
LINESTRING (3127711.546 199539.044, 3127722.95 199483.966)	71	1489	0	57	false	1624	None
LINESTRING (3127722.95 199483.966, 3127734.354 199428.887)	71	1489	0	58	false	1624	None
LINESTRING (3127734.354 199428.887, 3127758.881 199390.763)	71	1489	0	59	false	1624	None
LINESTRING (3127758.881 199390.763, 3127778.843 199338.983)	71	1489	0	60	false	1624	None
LINESTRING (3127778.843 199338.983, 3127794.239 199273.549)	71	1489	0	61	false	1624	None
LINESTRING (3127794.239 199273.549, 3127793.092 199225.527)	71	1489	0	62	false	1624	None
LINESTRING (3127793.092 199225.527, 3127783.961 199198.217)	71	1489	0	63	false	1624	None
LINESTRING (3127783.961 199198.217, 3127770.265 199157.252)	71	1489	0	64	false	1624	None
LINESTRING (3127770.265 199157.252, 3127765.699 199143.597)	71	1489	0	65	false	1624	None
LINESTRING (3127765.699 199143.597, 3127761.133 199129.942)	71	1489	0	66	false	1624	None
LINESTRING (3127761.133 199129.942, 3127756.568 199116.287)	71	1489	0	67	false	1624	None
LINESTRING (3127756.568 199116.287, 3127738.305 199061.667)	71	1489	0	68	false	1624	None
LINESTRING (3127738.305 199061.667, 3127737.731 199037.657)	71	1489	0	69	false	1624	None
LINESTRING (3127737.731 199037.657, 3127741.15 199003.29)	71	1489	0	70	false	1624	None
LINESTRING (3127741.15 199003.29, 3127745.142 198992.934)	71	1489	0	71	false	1624	None
LINESTRING (3127745.142 198992.934, 3127739.401 198752.825)	71	1489	0	72	false	1624	None
LINESTRING (3127739.401 198752.825, 3127743.393 198742.469)	71	1489	0	73	false	1624	None
LINESTRING (3127743.393 198742.469, 3127746.811 198708.102)	71	1489	0	74	false	1624	None
LINESTRING (3127746.811 198708.102, 3127758.787 198677.034)	71	1489	0	75	false	1624	None
LINESTRING (3127758.787 198677.034, 3127751.348 198543.324)	71	1489	0	76	false	1624	None
LINESTRING (3127751.348 198543.324, 3127741.065 198467.992)	71	1489	0	77	false	1624	None
LINESTRING (3127741.065 198467.992, 3127735.349 198406.315)	71	1489	0	78	false	1624	None
LINESTRING (3127735.349 198406.315, 3127733.624 198334.282)	71	1489	0	79	false	1624	None
LINESTRING (3127733.624 198334.282, 3127723.914 198282.961)	71	1489	0	80	false	1624	None
LINESTRING (3127723.914 198282.961, 3127726.756 198224.583)	71	1489	0	81	false	1624	None
LINESTRING (3127726.756 198224.583, 3127738.155 198169.504)	71	1489	0	82	false	1624	None
LINESTRING (3127738.155 198169.504, 3127737.004 198121.482)	71	1489	0	83	false	1624	None
LINESTRING (3127737.004 198121.482, 3127743.261 198028.736)	71	1489	0	84	false	1624	None
LINESTRING (3127743.261 198028.736, 3127746.101 197970.358)	71	1489	0	85	false	1624	None
LINESTRING (3127746.101 197970.358, 3127752.933 197901.624)	71	1489	0	86	false	1624	None
LINESTRING (3127752.933 197901.624, 3127763.179 197798.523)	71	1489	0	87	false	1624	None
LINESTRING (3127763.179 197798.523, 3127778.57 197733.087)	71	1489	0	88	false	1624	None
LINESTRING (3127778.57 197733.087, 3127776.841 197661.054)	71	1489	0	89	false	1624	None
LINESTRING (3127776.841 197661.054, 3127775.688 197613.032)	71	1489	0	90	false	1624	None
LINESTRING (3127775.688 197613.032, 3127781.365 197496.275)	71	1489	0	91	false	1624	None
LINESTRING (3127781.365 197496.275, 3127784.203 197437.897)	71	1489	0	92	false	1624	None
LINESTRING (3127784.203 197437.897, 3127774.489 197386.575)	71	1489	0	93	false	1624	None
LINESTRING (3127774.489 197386.575, 3127769.344 197348.909)	71	1489	0	94	false	1624	None
LINESTRING (3127769.344 197348.909, 3127764.199 197311.243)	71	1489	0	95	false	1624	None
LINESTRING (3127764.199 197311.243, 3127763.045 197263.22)	71	1489	0	96	false	1624	None
LINESTRING (3127763.045 197263.22, 3127770.45 197218.497)	71	1489	0	97	false	1624	None
LINESTRING (3127770.45 197218.497, 3127769.295 197170.475)	71	1489	0	98	false	1624	None
LINESTRING (3127769.295 197170.475, 3127801.226 197087.626)	71	1489	0	99	false	1624	None
LINESTRING (3127801.226 197087.626, 3127799.493 197015.592)	71	1489	0	100	false	1624	None
LINESTRING (3127799.493 197015.592, 3127790.356 196988.282)	71	1489	0	101	false	1624	None
LINESTRING (3127790.356 196988.282, 3127789.778 196964.271)	71	1489	0	102	false	1624	None
LINESTRING (3127789.778 196964.271, 3127788.622 196916.248)	71	1489	0	103	false	1624	None
LINESTRING (3127788.622 196916.248, 3127800.596 196885.18)	71	1489	0	104	false	1624	None
LINESTRING (3127800.596 196885.18, 3127799.4 196837.261)	71	1489	0	105	false	1624	None
LINESTRING (3127799.4 196837.261, 3127798.822 196813.25)	71	1489	0	106	false	1624	None
LINESTRING (3127798.822 196813.25, 3127781.702 196806.652)	71	1489	0	107	false	1624	None
LINESTRING (3127781.702 196806.652, 3127771.146 196808.531)	71	1489	0	108	false	1624	None
LINESTRING (3127771.146 196808.531, 3127777.173 196792.893)	71	1489	0	109	false	1624	None
LINESTRING (3127777.173 196792.893, 3127771.985 196755.33)	71	1489	0	110	false	1624	None
LINESTRING (3127771.985 196755.33, 3127770.829 196707.308)	71	1489	0	111	false	1624	None
LINESTRING (3127770.829 196707.308, 3127761.69 196679.997)	71	1489	0	112	false	1624	None
LINESTRING (3127761.69 196679.997, 3127747.404 196615.021)	71	1489	0	113	false	1624	None
LINESTRING (3127747.404 196615.021, 3127745.668 196542.987)	71	1489	0	114	false	1624	None
LINESTRING (3127745.668 196542.987, 3127742.774 196422.93)	71	1489	0	115	false	1624	None
LINESTRING (3127742.774 196422.93, 3127741.037 196350.896)	71	1489	0	116	false	1624	None
LINESTRING (3127741.037 196350.896, 3127726.169 196261.908)	71	1489	0	117	false	1624	None
LINESTRING (3127726.169 196261.908, 3127711.3 196172.92)	71	1489	0	118	false	1624	None
LINESTRING (3127711.3 196172.92, 3127697.01 196107.943)	71	1489	0	119	false	1624	None
LINESTRING (3127697.01 196107.943, 3127686.71 196032.61)	71	1489	0	120	false	1624	None
LINESTRING (3127686.71 196032.61, 3127676.989 195981.288)	71	1489	0	121	false	1624	None
LINESTRING (3127676.989 195981.288, 3127675.249 195909.254)	71	1489	0	122	false	1624	None
LINESTRING (3127675.249 195909.254, 3127690.632 195843.818)	71	1489	0	123	false	1624	None
LINESTRING (3127690.632 195843.818, 3127693.462 195785.438)	71	1489	0	124	false	1624	None
LINESTRING (3127693.462 195785.438, 3127704.273 195706.347)	71	1489	0	125	false	1624	None
LINESTRING (3127704.273 195706.347, 3127690.56 195665.381)	71	1489	0	126	false	1624	None
LINESTRING (3127690.56 195665.381, 3127680.837 195614.059)	71	1489	0	127	false	1624	None
LINESTRING (3127680.837 195614.059, 3127671.114 195562.738)	71	1489	0	128	false	1624	None
LINESTRING (3127671.114 195562.738, 3127661.391 195511.416)	71	1489	0	129	false	1624	None
LINESTRING (3127661.391 195511.416, 3127656.239 195473.749)	71	1489	0	130	false	1624	None
LINESTRING (3127656.239 195473.749, 3127651.087 195436.082)	71	1489	0	131	false	1624	None
LINESTRING (3127651.087 195436.082, 3127628.811 195391.818)	71	1489	0	132	false	1624	None
LINESTRING (3127628.811 195391.818, 3127615.096 195350.852)	71	1489	0	133	false	1624	None
LINESTRING (3127615.096 195350.852, 3127613.352 195278.818)	71	1489	0	134	false	1624	None
LINESTRING (3127613.352 195278.818, 3127607.618 195217.14)	71	1489	0	135	false	1624	None
LINESTRING (3127607.618 195217.14, 3127597.892 195165.818)	71	1489	0	136	false	1624	None
LINESTRING (3127597.892 195165.818, 3127588.749 195138.508)	71	1489	0	137	false	1624	None
LINESTRING (3127588.749 195138.508, 3127579.023 195087.186)	71	1489	0	138	false	1624	None
LINESTRING (3127579.023 195087.186, 3127581.849 195028.806)	71	1489	0	139	false	1624	None
LINESTRING (3127581.849 195028.806, 3127584.093 194946.415)	71	1489	0	140	false	1624	None
LINESTRING (3127584.093 194946.415, 3127583.511 194922.404)	71	1489	0	141	false	1624	None
LINESTRING (3127583.511 194922.404, 3127578.356 194884.737)	71	1489	0	142	false	1624	None
LINESTRING (3127578.356 194884.737, 3127564.639 194843.772)	71	1489	0	143	false	1624	None
LINESTRING (3127564.639 194843.772, 3127563.475 194795.748)	71	1489	0	144	false	1624	None
LINESTRING (3127563.475 194795.748, 3127553.164 194720.415)	71	1489	0	145	false	1624	None
LINESTRING (3127553.164 194720.415, 3127552.582 194696.403)	71	1489	0	146	false	1624	None
LINESTRING (3127552.582 194696.403, 3127538.864 194655.438)	71	1489	0	147	false	1624	None
LINESTRING (3127538.864 194655.438, 3127533.708 194617.771)	71	1489	0	148	false	1624	None
LINESTRING (3127533.708 194617.771, 3127537.698 194607.415)	71	1489	0	149	false	1624	None
LINESTRING (3127537.698 194607.415, 3127523.397 194542.437)	71	1489	0	150	false	1624	None
LINESTRING (3127523.397 194542.437, 3127522.23 194494.414)	71	1489	0	151	false	1624	None
LINESTRING (3127522.23 194494.414, 3127521.064 194446.391)	71	1489	0	152	false	1624	None
LINESTRING (3127521.064 194446.391, 3127507.345 194405.425)	71	1489	0	153	false	1624	None
LINESTRING (3127507.345 194405.425, 3127493.042 194340.448)	71	1489	0	154	false	1624	None
LINESTRING (3127493.042 194340.448, 3127469.008 194224.149)	71	1489	0	155	false	1624	None
LINESTRING (3127469.008 194224.149, 3127458.693 194148.815)	71	1489	0	156	false	1624	None
LINESTRING (3127458.693 194148.815, 3127444.388 194083.838)	71	1489	0	157	false	1624	None
LINESTRING (3127444.388 194083.838, 3127438.646 194022.16)	71	1489	0	158	false	1624	None
LINESTRING (3127438.646 194022.16, 3127424.341 193957.182)	71	1489	0	159	false	1624	None
LINESTRING (3127424.341 193957.182, 3127409.45 193868.194)	71	1489	0	160	false	1624	None
LINESTRING (3127409.45 193868.194, 3127407.695 193796.158)	71	1489	0	161	false	1624	None
LINESTRING (3127407.695 193796.158, 3127402.536 193758.492)	71	1489	0	162	false	1624	None
LINESTRING (3127402.536 193758.492, 3127410.515 193737.778)	71	1489	0	163	false	1624	None
LINESTRING (3127410.515 193737.778, 3127405.941 193724.123)	71	1489	0	164	false	1624	None
LINESTRING (3127405.941 193724.123, 3127400.197 193662.445)	71	1489	0	165	false	1624	None
LINESTRING (3127400.197 193662.445, 3127380.546 193550.572)	71	1489	0	166	false	1624	None
LINESTRING (3127380.546 193550.572, 3127375.569 193522.134)	71	1489	0	167	false	1624	None
LINESTRING (3127375.569 193522.134, 3127370.994 193508.478)	71	1489	0	168	false	1624	None
LINESTRING (3127370.994 193508.478, 3127369.237 193436.443)	71	1489	0	169	false	1624	None
LINESTRING (3127369.237 193436.443, 3127367.48 193364.408)	71	1489	0	170	false	1624	None
LINESTRING (3127367.48 193364.408, 3127357.159 193289.074)	71	1489	0	171	false	1624	None
LINESTRING (3127357.159 193289.074, 3127342.848 193224.097)	71	1489	0	172	false	1624	None
LINESTRING (3127342.848 193224.097, 3127337.687 193186.43)	71	1489	0	173	false	1624	None
LINESTRING (3127337.687 193186.43, 3127341.09 193152.061)	71	1489	0	174	false	1624	None
LINESTRING (3127341.09 193152.061, 3127331.939 193124.751)	71	1489	0	175	false	1624	None
LINESTRING (3127331.939 193124.751, 3127322.202 193073.429)	71	1489	0	176	false	1624	None
LINESTRING (3127322.202 193073.429, 3127308.476 193032.463)	71	1489	0	177	false	1624	None
LINESTRING (3127308.476 193032.463, 3127303.314 192994.796)	71	1489	0	178	false	1624	None
LINESTRING (3127303.314 192994.796, 3127293.577 192943.474)	71	1489	0	179	false	1624	None
LINESTRING (3127293.577 192943.474, 3127292.403 192895.45)	71	1489	0	180	false	1624	None
LINESTRING (3127292.403 192895.45, 3127303.783 192840.368)	71	1489	0	181	false	1624	None
LINESTRING (3127303.783 192840.368, 3127307.184 192806)	71	1489	0	182	false	1624	None
LINESTRING (3127307.184 192806, 3127317.389 192702.894)	71	1489	0	183	false	1624	None
LINESTRING (3127317.389 192702.894, 3127320.204 192644.514)	71	1489	0	184	false	1624	None
LINESTRING (3127320.204 192644.514, 3127296.65 192552.193)	71	1489	0	185	false	1624	None
LINESTRING (3127296.65 192552.193, 3127286.911 192500.871)	71	1489	0	186	false	1624	None
LINESTRING (3127286.911 192500.871, 3127281.159 192439.192)	71	1489	0	187	false	1624	None
LINESTRING (3127281.159 192439.192, 3127262.853 192384.571)	71	1489	0	188	false	1624	None
LINESTRING (3127262.853 192384.571, 3127261.678 192336.547)	71	1489	0	189	false	1624	None
LINESTRING (3127261.678 192336.547, 3127281.032 192260.752)	71	1489	0	190	false	1624	None
LINESTRING (3127281.032 192260.752, 3127291.781 192181.761)	71	1489	0	191	false	1624	None
LINESTRING (3127291.781 192181.761, 3127292.828 192051.345)	71	1489	0	192	false	1624	None
LINESTRING (3127292.828 192051.345, 3127287.074 191989.665)	71	1489	0	193	false	1624	None
LINESTRING (3127287.074 191989.665, 3127289.885 191931.285)	71	1489	0	194	false	1624	None
LINESTRING (3127289.885 191931.285, 3127293.284 191896.916)	71	1489	0	195	false	1624	None
LINESTRING (3127293.284 191896.916, 3127284.13 191869.605)	71	1489	0	196	false	1624	None
LINESTRING (3127284.13 191869.605, 3127291.518 191824.88)	71	1489	0	197	false	1624	None
LINESTRING (3127291.518 191824.88, 3127293.739 191742.487)	71	1489	0	198	false	1624	None
LINESTRING (3127293.739 191742.487, 3127307.335 191605.012)	71	1489	0	199	false	1624	None
LINESTRING (3127307.335 191605.012, 3127330.086 191494.848)	71	1489	0	200	false	1624	None
LINESTRING (3127330.086 191494.848, 3127356.824 191374.326)	71	1489	0	201	false	1624	None
LINESTRING (3127356.824 191374.326, 3127375.585 191274.518)	71	1489	0	202	false	1624	None
LINESTRING (3127375.585 191274.518, 3127390.358 191185.067)	71	1489	0	203	false	1624	None
LINESTRING (3127390.358 191185.067, 3127396.564 191092.317)	71	1489	0	204	false	1624	None
LINESTRING (3127396.564 191092.317, 3127399.961 191057.948)	71	1489	0	205	false	1624	None
LINESTRING (3127399.961 191057.948, 3127403.359 191023.579)	71	1489	0	206	false	1624	None
LINESTRING (3127403.359 191023.579, 3127406.757 190989.211)	71	1489	0	207	false	1624	None
LINESTRING (3127406.757 190989.211, 3127405.576 190941.186)	71	1489	0	208	false	1624	None
LINESTRING (3127405.576 190941.186, 3127395.238 190865.851)	71	1489	0	209	false	1624	None
LINESTRING (3127395.238 190865.851, 3127402.623 190821.125)	71	1489	0	210	false	1624	None
LINESTRING (3127402.623 190821.125, 3127410.009 190776.4)	71	1489	0	211	false	1624	None
LINESTRING (3127410.009 190776.4, 3127409.418 190752.388)	71	1489	0	212	false	1624	None
LINESTRING (3127409.418 190752.388, 3127408.236 190704.363)	71	1489	0	213	false	1624	None
LINESTRING (3127408.236 190704.363, 3127400.514 190618.143)	71	1489	0	214	false	1624	None
LINESTRING (3127400.514 190618.143, 3127369.431 190522.334)	71	1489	0	215	false	1624	None
LINESTRING (3127369.431 190522.334, 3127350.85 190419.091)	71	1489	0	216	false	1624	None
LINESTRING (3127350.85 190419.091, 3127309.427 190267.095)	71	1489	0	217	false	1624	None
LINESTRING (3127309.427 190267.095, 3127296.688 190227.108)	71	1489	0	218	false	1624	None
LINESTRING (3127296.688 190227.108, 3127273.587 190028.535)	71	1489	0	219	false	1624	None
LINESTRING (3127273.587 190028.535, 3127278.524 189931.137)	71	1489	0	220	false	1624	None
LINESTRING (3127278.524 189931.137, 3127309.35 189674.245)	71	1489	0	221	false	1624	None
LINESTRING (3127309.35 189674.245, 3127311.109 189539.354)	71	1489	0	222	false	1624	None
LINESTRING (3127311.109 189539.354, 3127306.243 189373.372)	71	1489	0	223	false	1624	None
LINESTRING (3127306.243 189373.372, 3127303.432 189294.041)	71	1489	0	224	false	1624	None
LINESTRING (3127303.432 189294.041, 3127323.534 189188.926)	71	1489	0	225	false	1624	None
LINESTRING (3127323.534 189188.926, 3127401.873 188842.826)	71	1489	0	226	false	1624	None
LINESTRING (3127401.873 188842.826, 3127427.908 188624.408)	71	1489	0	227	false	1624	None
LINESTRING (3127427.908 188624.408, 3127458.377 188468.582)	71	1489	0	228	false	1624	None
LINESTRING (3127458.377 188468.582, 3127480.594 188318.856)	71	1489	0	229	false	1624	None
LINESTRING (3127480.594 188318.856, 3127512.376 188226.325)	71	1489	0	230	false	1624	None
LINESTRING (3127512.376 188226.325, 3127567.279 188131.754)	71	1489	0	231	false	1624	None
LINESTRING (3127567.279 188131.754, 3127596.24 187944.312)	71	1489	0	232	false	1624	None
LINESTRING (3127596.24 187944.312, 3127624.069 187557.608)	71	1489	0	233	false	1624	None
LINESTRING (3127624.069 187557.608, 3127638.412 187511.401)	71	1489	0	234	false	1624	None
LINESTRING (3127638.412 187511.401, 3127660.412 187416.413)	71	1489	0	235	false	1624	None
LINESTRING (3127660.412 187416.413, 3127661.233 187329.921)	71	1489	0	236	false	1624	None
LINESTRING (3127661.233 187329.921, 3127651.334 187228.839)	71	1489	0	237	false	1624	None
LINESTRING (3127651.334 187228.839, 3127643.304 187066.403)	71	1489	0	238	false	1624	None
LINESTRING (3127643.304 187066.403, 3127650.921 187002.386)	71	1489	0	239	false	1624	None
LINESTRING (3127650.921 187002.386, 3127686.129 186718.654)	71	1489	0	240	false	1624	None
LINESTRING (3127686.129 186718.654, 3127685.904 186430.323)	71	1489	0	241	false	1624	None
LINESTRING (3127685.904 186430.323, 3127693.759 186243.205)	71	1489	0	242	false	1624	None
LINESTRING (3127693.759 186243.205, 3127710.658 186085.255)	71	1489	0	243	false	1624	None
LINESTRING (3127710.658 186085.255, 3127713.073 185904.844)	71	1489	0	244	false	1624	None
LINESTRING (3127713.073 185904.844, 3127710.952 185665.375)	71	1489	0	245	false	1624	S:3127712.3025920475 185817.862
LINESTRING (3135220.768 185771.139, 3135142.179 185828.841)	71	1489	0	1412	false	1624	S:3135157.1321841357 185817.862
LINESTRING (3135142.179 185828.841, 3135122.623 185854.006)	71	1489	0	1413	false	1624	None
LINESTRING (3135122.623 185854.006, 3135115.552 185891.482)	71	1489	0	1414	false	1624	None
LINESTRING (3135115.552 185891.482, 3135071.845 185937.899)	71	1489	0	1415	false	1624	None
LINESTRING (3135071.845 185937.899, 3135059.196 185950.266)	71	1489	0	1416	false	1624	None
LINESTRING (3135059.196 185950.266, 3134997.471 185999.487)	71	1489	0	1417	false	1624	None
LINESTRING (3134997.471 185999.487, 3134897.419 186021.195)	71	1489	0	1418	false	1624	None
LINESTRING (3134897.419 186021.195, 3134822.738 186049.123)	71	1489	0	1419	false	1624	None
LINESTRING (3134822.738 186049.123, 3134797.746 186067.196)	71	1489	0	1420	false	1624	None
LINESTRING (3134797.746 186067.196, 3134787.377 186079.016)	71	1489	0	1421	false	1624	None
LINESTRING (3134787.377 186079.016, 3134782.978 186090.165)	71	1489	0	1422	false	1624	None
LINESTRING (3134782.978 186090.165, 3134780.637 186114.359)	71	1489	0	1423	false	1624	None
LINESTRING (3134780.637 186114.359, 3134782.997 186148.574)	71	1489	0	1424	false	1624	None
LINESTRING (3134782.997 186148.574, 3134785.643 186171.837)	71	1489	0	1425	false	1624	None
LINESTRING (3134785.643 186171.837, 3134794.4 186203.762)	71	1489	0	1426	false	1624	None
LINESTRING (3134794.4 186203.762, 3134812.539 186225.151)	71	1489	0	1427	false	1624	None
LINESTRING (3134812.539 186225.151, 3134826.142 186248.597)	71	1489	0	1428	false	1624	None
LINESTRING (3134826.142 186248.597, 3134834.095 186270.101)	71	1489	0	1429	false	1624	None
LINESTRING (3134834.095 186270.101, 3134832.549 186297.337)	71	1489	0	1430	false	1624	None
LINESTRING (3134832.549 186297.337, 3134824.9 186323.29)	71	1489	0	1431	false	1624	None
LINESTRING (3134824.9 186323.29, 3134817.693 186328.955)	71	1489	0	1432	false	1624	None
LINESTRING (3134817.693 186328.955, 3134815.39 186339.01)	71	1489	0	1433	false	1624	None
LINESTRING (3134815.39 186339.01, 3134787.142 186357.611)	71	1489	0	1434	false	1624	None
LINESTRING (3134787.142 186357.611, 3134731.677 186386.529)	71	1489	0	1435	false	1624	None
LINESTRING (3134731.677 186386.529, 3134718.184 186400.83)	71	1489	0	1436	false	1624	None
LINESTRING (3134718.184 186400.83, 3134703.075 186416.769)	71	1489	0	1437	false	1624	None
LINESTRING (3134703.075 186416.769, 3134701.214 186418.787)	71	1489	0	1438	false	1624	None
LINESTRING (3134701.214 186418.787, 3134666.158 186429.767)	71	1489	0	1439	false	1624	None
LINESTRING (3134666.158 186429.767, 3134647.554 186413.669)	71	1489	0	1440	false	1624	None
LINESTRING (3134647.554 186413.669, 3134627.097 186394.717)	71	1489	0	1441	false	1624	None
LINESTRING (3134627.097 186394.717, 3134599.278 186390.766)	71	1489	0	1442	false	1624	None
LINESTRING (3134599.278 186390.766, 3134580.409 186414.412)	71	1489	0	1443	false	1624	None
LINESTRING (3134580.409 186414.412, 3134541.362 186451.567)	71	1489	0	1444	false	1624	None
LINESTRING (3134541.362 186451.567, 3134516.717 186464.66)	71	1489	0	1445	false	1624	None
LINESTRING (3134516.717 186464.66, 3134476.64 186475.131)	71	1489	0	1446	false	1624	None
LINESTRING (3134476.64 186475.131, 3134447.696 186470.271)	71	1489	0	1447	false	1624	None
LINESTRING (3134447.696 186470.271, 3134425.069 186486.045)	71	1489	0	1448	false	1624	None
LINESTRING (3134425.069 186486.045, 3134401.106 186480.014)	71	1489	0	1449	false	1624	None
LINESTRING (3134401.106 186480.014, 3134374.158 186457.725)	71	1489	0	1450	false	1624	None
LINESTRING (3134374.158 186457.725, 3134347.143 186429.226)	71	1489	0	1451	false	1624	None
LINESTRING (3134347.143 186429.226, 3134336.753 186422.721)	71	1489	0	1452	false	1624	None
LINESTRING (3134336.753 186422.721, 3134328.508 186420.611)	71	1489	0	1453	false	1624	None
LINESTRING (3134328.508 186420.611, 3134319.808 186422.489)	71	1489	0	1454	false	1624	None
LINESTRING (3134319.808 186422.489, 3134302.222 186429.027)	71	1489	0	1455	false	1624	None
LINESTRING (3134302.222 186429.027, 3134299.805 186429.166)	71	1489	0	1456	false	1624	None
LINESTRING (3134299.805 186429.166, 3134252.828 186461.359)	71	1489	0	1457	false	1624	None
LINESTRING (3134252.828 186461.359, 3134237.305 186470.716)	71	1489	0	1458	false	1624	None
LINESTRING (3134237.305 186470.716, 3134221.571 186480.11)	71	1489	0	1459	false	1624	None
LINESTRING (3134221.571 186480.11, 3134187.202 186491.356)	71	1489	0	1460	false	1624	None
LINESTRING (3134187.202 186491.356, 3134151.168 186496.965)	71	1489	0	1461	false	1624	None
LINESTRING (3134151.168 186496.965, 3134063.316 186508.518)	71	1489	0	1462	false	1624	None
LINESTRING (3134063.316 186508.518, 3134058.719 186511.502)	71	1489	0	1463	false	1624	None
LINESTRING (3134058.719 186511.502, 3134052.72 186510.973)	71	1489	0	1464	false	1624	None
LINESTRING (3134052.72 186510.973, 3134030.49 186518.575)	71	1489	0	1465	false	1624	None
LINESTRING (3134030.49 186518.575, 3134001.598 186536.811)	71	1489	0	1466	false	1624	None
LINESTRING (3134001.598 186536.811, 3133987.197 186559.09)	71	1489	0	1467	false	1624	None
LINESTRING (3133987.197 186559.09, 3133976.637 186564.77)	71	1489	0	1468	false	1624	None
LINESTRING (3133976.637 186564.77, 3133976.906 186565.35)	71	1489	0	1469	false	1624	None
LINESTRING (3133976.906 186565.35, 3133968.257 186576.287)	71	1489	0	1470	false	1624	None
LINESTRING (3133968.257 186576.287, 3133966.86 186579.911)	71	1489	0	1471	false	1624	None
LINESTRING (3133966.86 186579.911, 3133963.131 186594.173)	71	1489	0	1472	false	1624	None
LINESTRING (3133963.131 186594.173, 3133952.319 186608.677)	71	1489	0	1473	false	1624	None
LINESTRING (3133952.319 186608.677, 3133944.639 186624.508)	71	1489	0	1474	false	1624	None
LINESTRING (3133944.639 186624.508, 3133955.703 186683.131)	71	1489	0	1475	false	1624	None
LINESTRING (3133955.703 186683.131, 3133954.606 186693.889)	71	1489	0	1476	false	1624	None
LINESTRING (3133954.606 186693.889, 3133921.681 186720.798)	71	1489	0	1477	false	1624	None
LINESTRING (3133921.681 186720.798, 3133919.245 186737.581)	71	1489	0	1478	false	1624	None
LINESTRING (3133919.245 186737.581, 3133921.864 186773.679)	71	1489	0	1479	false	1624	None
LINESTRING (3133921.864 186773.679, 3133933.054 186844.483)	71	1489	0	1480	false	1624	None
LINESTRING (3133933.054 186844.483, 3133941.264 186867.869)	71	1489	0	1481	false	1624	None
LINESTRING (3133941.264 186867.869, 3133965.154 186898.849)	71	1489	0	1482	false	1624	None
LINESTRING (3133965.154 186898.849, 3133997.779 186931.177)	71	1489	0	1483	false	1624	None
LINESTRING (3133997.779 186931.177, 3134016.614 186976.027)	71	1489	0	1484	false	1624	None
LINESTRING (3134016.614 186976.027, 3134010.626 186995.127)	71	1489	0	1485	false	1624	None
LINESTRING (3134010.626 186995.127, 3134007.578 187033.916)	71	1489	0	1486	false	1624	None
LINESTRING (3134007.578 187033.916, 3134000.922 187053.472)	71	1489	0	1487	false	1624	None
LINESTRING (3134000.922 187053.472, 3133993.013 187070.404)	71	1489	0	1488	false	1624	None
LINESTRING (3133993.013 187070.404, 3133993.239 187077.985)	71	1489	0	1489	false	1624	None
LINESTRING (3133993.239 187077.985, 3133990.739 187081.66)	71	1489	0	1490	false	1624	None
LINESTRING (3133990.739 187081.66, 3133985.365 187096.358)	71	1489	0	1491	false	1624	None
LINESTRING (3133985.365 187096.358, 3133976.142 187111.593)	71	1489	0	1492	false	1624	None
LINESTRING (3133976.142 187111.593, 3133947.727 187133.7)	71	1489	0	1493	false	1624	None
LINESTRING (3133947.727 187133.7, 3133917.498 187157.962)	71	1489	0	1494	false	1624	None
LINESTRING (3133917.498 187157.962, 3133895.93 187173.551)	71	1489	0	1495	false	1624	None
LINESTRING (3133895.93 187173.551, 3133877.495 187173.102)	71	1489	0	1496	false	1624	None
LINESTRING (3133877.495 187173.102, 3133862.585 187172.704)	71	1489	0	1497	false	1624	None
LINESTRING (3133862.585 187172.704, 3133850.888 187164.743)	71	1489	0	1498	false	1624	None
LINESTRING (3133850.888 187164.743, 3133831.902 187169.553)	71	1489	0	1499	false	1624	None
LINESTRING (3133831.902 187169.553, 3133813.073 187179.061)	71	1489	0	1500	false	1624	None
LINESTRING (3133813.073 187179.061, 3133787.78 187216.051)	71	1489	0	1501	false	1624	None
LINESTRING (3133787.78 187216.051, 3133755.945 187238.861)	71	1489	0	1502	false	1624	None
LINESTRING (3133755.945 187238.861, 3133739.617 187246.48)	71	1489	0	1503	false	1624	None
LINESTRING (3133739.617 187246.48, 3133718.393 187284.92)	71	1489	0	1504	false	1624	None
LINESTRING (3133718.393 187284.92, 3133688.139 187325.586)	71	1489	0	1505	false	1624	None
LINESTRING (3133688.139 187325.586, 3133674.716 187339.202)	71	1489	0	1506	false	1624	None
LINESTRING (3133674.716 187339.202, 3133672.021 187341.85)	71	1489	0	1507	false	1624	None
LINESTRING (3133672.021 187341.85, 3133645.536 187359.469)	71	1489	0	1508	false	1624	None
LINESTRING (3133645.536 187359.469, 3133645.755 187384.174)	71	1489	0	1509	false	1624	None
LINESTRING (3133645.755 187384.174, 3133644.282 187396.927)	71	1489	0	1510	false	1624	None
LINESTRING (3133644.282 187396.927, 3133623.048 187426.205)	71	1489	0	1511	false	1624	None
LINESTRING (3133623.048 187426.205, 3133607.868 187433.91)	71	1489	0	1512	false	1624	None
LINESTRING (3133607.868 187433.91, 3133588.412 187443.772)	71	1489	0	1513	false	1624	None
LINESTRING (3133588.412 187443.772, 3133554.515 187455.083)	71	1489	0	1514	false	1624	None
LINESTRING (3133554.515 187455.083, 3133486.198 187457.876)	71	1489	0	1515	false	1624	None
LINESTRING (3133486.198 187457.876, 3133483.895 187455.68)	71	1489	0	1516	false	1624	None
LINESTRING (3133483.895 187455.68, 3133478.928 187460.901)	71	1489	0	1517	false	1624	None
LINESTRING (3133478.928 187460.901, 3133467.285 187469.138)	71	1489	0	1518	false	1624	None
LINESTRING (3133467.285 187469.138, 3133461.113 187475.44)	71	1489	0	1519	false	1624	None
LINESTRING (3133461.113 187475.44, 3133456.719 187483.261)	71	1489	0	1520	false	1624	None
LINESTRING (3133456.719 187483.261, 3133446.56 187489.691)	71	1489	0	1521	false	1624	None
LINESTRING (3133446.56 187489.691, 3133438.407 187496.538)	71	1489	0	1522	false	1624	None
LINESTRING (3133438.407 187496.538, 3133436.414 187498.386)	71	1489	0	1523	false	1624	None
LINESTRING (3133436.414 187498.386, 3133401.804 187510.017)	71	1489	0	1524	false	1624	None
LINESTRING (3133401.804 187510.017, 3133398.628 187510.338)	71	1489	0	1525	false	1624	None
LINESTRING (3133398.628 187510.338, 3133377.113 187515.839)	71	1489	0	1526	false	1624	None
LINESTRING (3133377.113 187515.839, 3133360.591 187520.647)	71	1489	0	1527	false	1624	None
LINESTRING (3133360.591 187520.647, 3133337.551 187526.273)	71	1489	0	1528	false	1624	None
LINESTRING (3133337.551 187526.273, 3133297.888 187543.092)	71	1489	0	1529	false	1624	None
LINESTRING (3133297.888 187543.092, 3133269.784 187563.893)	71	1489	0	1530	false	1624	None
LINESTRING (3133269.784 187563.893, 3133243.513 187583.259)	71	1489	0	1531	false	1624	None
LINESTRING (3133243.513 187583.259, 3133210.621 187600.905)	71	1489	0	1532	false	1624	None
LINESTRING (3133210.621 187600.905, 3133205.172 187602.015)	71	1489	0	1533	false	1624	None
LINESTRING (3133205.172 187602.015, 3133189.195 187611.792)	71	1489	0	1534	false	1624	None
LINESTRING (3133189.195 187611.792, 3133180.268 187614.773)	71	1489	0	1535	false	1624	None
LINESTRING (3133180.268 187614.773, 3133160.304 187624.678)	71	1489	0	1536	false	1624	None
LINESTRING (3133160.304 187624.678, 3133134.143 187634.571)	71	1489	0	1537	false	1624	None
LINESTRING (3133134.143 187634.571, 3133110.304 187642.269)	71	1489	0	1538	false	1624	None
LINESTRING (3133110.304 187642.269, 3133095.354 187638.406)	71	1489	0	1539	false	1624	None
LINESTRING (3133095.354 187638.406, 3133085.549 187633.198)	71	1489	0	1540	false	1624	None
LINESTRING (3133085.549 187633.198, 3133078.839 187626.091)	71	1489	0	1541	false	1624	None
LINESTRING (3133078.839 187626.091, 3133070.273 187608.991)	71	1489	0	1542	false	1624	None
LINESTRING (3133070.273 187608.991, 3133069.002 187603.862)	71	1489	0	1543	false	1624	None
LINESTRING (3133069.002 187603.862, 3133054.117 187606.211)	71	1489	0	1544	false	1624	None
LINESTRING (3133054.117 187606.211, 3133047.261 187612.249)	71	1489	0	1545	false	1624	None
LINESTRING (3133047.261 187612.249, 3133039.984 187623.716)	71	1489	0	1546	false	1624	None
LINESTRING (3133039.984 187623.716, 3133035.111 187632.78)	71	1489	0	1547	false	1624	None
LINESTRING (3133035.111 187632.78, 3133027.529 187638.657)	71	1489	0	1548	false	1624	None
LINESTRING (3133027.529 187638.657, 3133011.931 187643.11)	71	1489	0	1549	false	1624	None
LINESTRING (3133011.931 187643.11, 3133000.682 187648.287)	71	1489	0	1550	false	1624	None
LINESTRING (3133000.682 187648.287, 3132988.606 187657.904)	71	1489	0	1551	false	1624	None
LINESTRING (3132988.606 187657.904, 3132983.693 187667.071)	71	1489	0	1552	false	1624	None
LINESTRING (3132983.693 187667.071, 3132976.177 187679.159)	71	1489	0	1553	false	1624	None
LINESTRING (3132976.177 187679.159, 3132970.126 187695.618)	71	1489	0	1554	false	1624	None
LINESTRING (3132970.126 187695.618, 3132967.449 187709.453)	71	1489	0	1555	false	1624	None
LINESTRING (3132967.449 187709.453, 3132968.06 187720.632)	71	1489	0	1556	false	1624	None
LINESTRING (3132968.06 187720.632, 3132967.301 187731.281)	71	1489	0	1557	false	1624	None
LINESTRING (3132967.301 187731.281, 3132965.589 187744.656)	71	1489	0	1558	false	1624	None
LINESTRING (3132965.589 187744.656, 3132961.455 187757.93)	71	1489	0	1559	false	1624	None
LINESTRING (3132961.455 187757.93, 3132956.628 187767.13)	71	1489	0	1560	false	1624	None
LINESTRING (3132956.628 187767.13, 3132940.745 187780.749)	71	1489	0	1561	false	1624	None
LINESTRING (3132940.745 187780.749, 3132938.305 187779.928)	71	1489	0	1562	false	1624	None
LINESTRING (3132938.305 187779.928, 3132931.243 187775.777)	71	1489	0	1563	false	1624	None
LINESTRING (3132931.243 187775.777, 3132920.613 187775.008)	71	1489	0	1564	false	1624	None
LINESTRING (3132920.613 187775.008, 3132911.706 187771.812)	71	1489	0	1565	false	1624	None
LINESTRING (3132911.706 187771.812, 3132895.997 187769.917)	71	1489	0	1566	false	1624	None
LINESTRING (3132895.997 187769.917, 3132888.008 187774.806)	71	1489	0	1567	false	1624	None
LINESTRING (3132888.008 187774.806, 3132877.404 187780.352)	71	1489	0	1568	false	1624	None
LINESTRING (3132877.404 187780.352, 3132869.443 187782.872)	71	1489	0	1569	false	1624	None
LINESTRING (3132869.443 187782.872, 3132860.63 187783.518)	71	1489	0	1570	false	1624	None
LINESTRING (3132860.63 187783.518, 3132838.657 187784.084)	71	1489	0	1571	false	1624	None
LINESTRING (3132838.657 187784.084, 3132832.446 187790.491)	71	1489	0	1572	false	1624	None
LINESTRING (3132832.446 187790.491, 3132823.838 187801.326)	71	1489	0	1573	false	1624	None
LINESTRING (3132823.838 187801.326, 3132816.376 187817.36)	71	1489	0	1574	false	1624	None
LINESTRING (3132816.376 187817.36, 3132808.9 187829.345)	71	1489	0	1575	false	1624	None
LINESTRING (3132808.9 187829.345, 3132808.493 187837.038)	71	1489	0	1576	false	1624	None
LINESTRING (3132808.493 187837.038, 3132809.551 187849.102)	71	1489	0	1577	false	1624	None
LINESTRING (3132809.551 187849.102, 3132807.826 187860.212)	71	1489	0	1578	false	1624	None
LINESTRING (3132807.826 187860.212, 3132801.555 187871.115)	71	1489	0	1579	false	1624	None
LINESTRING (3132801.555 187871.115, 3132763.169 187898.419)	71	1489	0	1580	false	1624	None
LINESTRING (3132763.169 187898.419, 3132755.002 187899.433)	71	1489	0	1581	false	1624	None
LINESTRING (3132755.002 187899.433, 3132740.777 187895.732)	71	1489	0	1582	false	1624	None
LINESTRING (3132740.777 187895.732, 3132731.898 187890.167)	71	1489	0	1583	false	1624	None
LINESTRING (3132731.898 187890.167, 3132724.908 187883.785)	71	1489	0	1584	false	1624	None
LINESTRING (3132724.908 187883.785, 3132712.129 187869.7)	71	1489	0	1585	false	1624	None
LINESTRING (3132712.129 187869.7, 3132702.997 187862.491)	71	1489	0	1586	false	1624	None
LINESTRING (3132702.997 187862.491, 3132681.922 187856.388)	71	1489	0	1587	false	1624	None
LINESTRING (3132681.922 187856.388, 3132657.12 187864.547)	71	1489	0	1588	false	1624	None
LINESTRING (3132657.12 187864.547, 3132565.853 187899.056)	71	1489	0	1589	false	1624	None
LINESTRING (3132565.853 187899.056, 3132551.961 187907.259)	71	1489	0	1590	false	1624	None
LINESTRING (3132551.961 187907.259, 3132539.007 187917.369)	71	1489	0	1591	false	1624	None
LINESTRING (3132539.007 187917.369, 3132522.206 187922.904)	71	1489	0	1592	false	1624	None
LINESTRING (3132522.206 187922.904, 3132462.394 187947.063)	71	1489	0	1593	false	1624	None
LINESTRING (3132462.394 187947.063, 3132438.511 187963.308)	71	1489	0	1594	false	1624	None
LINESTRING (3132438.511 187963.308, 3132425.444 187975.754)	71	1489	0	1595	false	1624	None
LINESTRING (3132425.444 187975.754, 3132414.574 187984.289)	71	1489	0	1596	false	1624	None
LINESTRING (3132414.574 187984.289, 3132409.561 187998.056)	71	1489	0	1597	false	1624	None
LINESTRING (3132409.561 187998.056, 3132404.856 188008.731)	71	1489	0	1598	false	1624	None
LINESTRING (3132404.856 188008.731, 3132407.005 188022.048)	71	1489	0	1599	false	1624	None
LINESTRING (3132407.005 188022.048, 3132424.735 188101.674)	71	1489	0	1600	false	1624	None
LINESTRING (3132424.735 188101.674, 3132427.876 188120.845)	71	1489	0	1601	false	1624	None
LINESTRING (3132427.876 188120.845, 3132427.382 188165.018)	71	1489	0	1602	false	1624	None
LINESTRING (3132427.382 188165.018, 3132426.909 188176.968)	71	1489	0	1603	false	1624	None
LINESTRING (3132426.909 188176.968, 3132426.482 188189.054)	71	1489	0	1604	false	1624	None
LINESTRING (3132426.482 188189.054, 3133141.194 188471.429)	71	1489	0	1605	false	1624	None
LINESTRING (3133141.194 188471.429, 3133141.708 188471.627)	71	1489	0	1606	false	1624	None
LINESTRING (3133141.708 188471.627, 3133597.815 188651.942)	71	1489	0	1607	false	1624	None
LINESTRING (3133597.815 188651.942, 3134074.396 188840.424)	71	1489	0	1608	false	1624	None
LINESTRING (3134074.396 188840.424, 3134192.587 188887.211)	71	1489	0	1609	false	1624	None
LINESTRING (3134192.587 188887.211, 3134198.631 188889.661)	71	1489	0	1610	false	1624	None
LINESTRING (3134198.631 188889.661, 3134248.683 188909.448)	71	1489	0	1611	false	1624	None
LINESTRING (3134248.683 188909.448, 3134240.82 188930.085)	71	1489	0	1612	false	1624	None
LINESTRING (3134240.82 188930.085, 3134234.035 188947.926)	71	1489	0	1613	false	1624	None
LINESTRING (3134234.035 188947.926, 3134207.562 189017.052)	71	1489	0	1614	false	1624	None
LINESTRING (3134207.562 189017.052, 3134204.406 189025.231)	71	1489	0	1615	false	1624	None
LINESTRING (3134204.406 189025.231, 3134171.89 189107.727)	71	1489	0	1616	false	1624	None
LINESTRING (3134171.89 189107.727, 3134103.924 189283.124)	71	1489	0	1617	false	1624	None
LINESTRING (3134103.924 189283.124, 3133846.241 189947.961)	71	1489	0	1618	false	1624	None
LINESTRING (3133846.241 189947.961, 3133845.323 189950.343)	71	1489	0	1619	false	1624	None
LINESTRING (3133845.323 189950.343, 3132921.613 192333.067)	71	1489	0	1620	false	1624	None
LINESTRING (3132921.613 192333.067, 3132773.884 192689.196)	71	1489	0	1621	false	1624	None
LINESTRING (3132773.884 192689.196, 3132537.102 193328.934)	71	1489	0	1622	false	1624	None
LINESTRING (3132537.102 193328.934, 3132509.043 193404.469)	71	1489	0	1623	false	1624	None
LINESTRING (3132509.043 193404.469, 3132502.411 193421.657)	71	1489	0	1624	false	1624	None
LINESTRING (3131381.926 201645.839, 3131571.416 201141.263)	71	1594	0	102	false	1773	N:3131433.181614932 201509.355
LINESTRING (3131571.416 201141.263, 3132015.975 201295.059)	71	1594	0	103	false	1773	None
LINESTRING (3132015.975 201295.059, 3132133.06 200993.101)	71	1594	0	104	false	1773	None
LINESTRING (3132133.06 200993.101, 3132300.843 200560.099)	71	1594	0	105	false	1773	None
LINESTRING (3132300.843 200560.099, 3132318.998 200513.333)	71	1594	0	106	false	1773	None
LINESTRING (3132318.998 200513.333, 3132507.535 200026.837)	71	1594	0	107	false	1773	None
LINESTRING (3132507.535 200026.837, 3132998.966 198872.796)	71	1594	0	108	false	1773	None
LINESTRING (3132998.966 198872.796, 3133346.335 198012.917)	71	1594	0	109	false	1773	None
LINESTRING (3133346.335 198012.917, 3133365.403 197968.884)	71	1594	0	110	false	1773	None
LINESTRING (3133365.403 197968.884, 3132222.348 197491.559)	71	1594	0	111	false	1773	None
LINESTRING (3132222.348 197491.559, 3132207.956 197485.529)	71	1594	0	112	false	1773	None
LINESTRING (3132207.956 197485.529, 3131825.227 197324.137)	71	1594	0	113	false	1773	None
LINESTRING (3131825.227 197324.137, 3131123.27 197028.178)	71	1594	0	114	false	1773	None
LINESTRING (3131123.27 197028.178, 3131311.43 196529.774)	71	1594	0	115	false	1773	None
LINESTRING (3131311.43 196529.774, 3131346.385 196437.387)	71	1594	0	116	false	1773	None
LINESTRING (3131346.385 196437.387, 3131354.284 196416.405)	71	1594	0	117	false	1773	None
LINESTRING (3131354.284 196416.405, 3131659.366 195620.042)	71	1594	0	118	false	1773	None
LINESTRING (3131659.366 195620.042, 3132351.535 193812.976)	71	1594	0	119	false	1773	None
LINESTRING (3132351.535 193812.976, 3132502.411 193421.657)	71	1594	0	120	false	1773	None
LINESTRING (3132502.411 193421.657, 3132509.043 193404.469)	71	1594	0	121	false	1773	None
LINESTRING (3132509.043 193404.469, 3132537.102 193328.934)	71	1594	0	122	false	1773	None
LINESTRING (3132537.102 193328.934, 3132773.884 192689.196)	71	1594	0	123	false	1773	None
LINESTRING (3132773.884 192689.196, 3132921.613 192333.067)	71	1594	0	124	false	1773	None
LINESTRING (3132921.613 192333.067, 3133845.323 189950.343)	71	1594	0	125	false	1773	None
LINESTRING (3133845.323 189950.343, 3133846.241 189947.961)	71	1594	0	126	false	1773	None
LINESTRING (3133846.241 189947.961, 3134103.924 189283.124)	71	1594	0	127	false	1773	None
LINESTRING (3134103.924 189283.124, 3134171.89 189107.727)	71	1594	0	128	false	1773	None
LINESTRING (3134171.89 189107.727, 3134204.406 189025.231)	71	1594	0	129	false	1773	None
LINESTRING (3134204.406 189025.231, 3134207.562 189017.052)	71	1594	0	130	false	1773	None
LINESTRING (3134207.562 189017.052, 3134234.035 188947.926)	71	1594	0	131	false	1773	None
LINESTRING (3134234.035 188947.926, 3134240.82 188930.085)	71	1594	0	132	false	1773	None
LINESTRING (3134240.82 188930.085, 3134248.683 188909.448)	71	1594	0	133	false	1773	None
LINESTRING (3134248.683 188909.448, 3134198.631 188889.661)	71	1594	0	134	false	1773	None
LINESTRING (3134198.631 188889.661, 3134192.587 188887.211)	71	1594	0	135	false	1773	None
LINESTRING (3134192.587 188887.211, 3134074.396 188840.424)	71	1594	0	136	false	1773	None
LINESTRING (3134074.396 188840.424, 3133597.815 188651.942)	71	1594	0	137	false	1773	None
LINESTRING (3133597.815 188651.942, 3133141.708 188471.627)	71	1594	0	138	false	1773	None
LINESTRING (3133141.708 188471.627, 3133141.194 188471.429)	71	1594	0	139	false	1773	None
LINESTRING (3133141.194 188471.429, 3132426.482 188189.054)	71	1594	0	140	false	1773	None
LINESTRING (3132426.482 188189.054, 3132426.909 188176.968)	71	1594	0	141	false	1773	None
LINESTRING (3132426.909 188176.968, 3132427.382 188165.018)	71	1594	0	142	false	1773	None
LINESTRING (3132427.382 188165.018, 3132427.876 188120.845)	71	1594	0	143	false	1773	None
LINESTRING (3132427.876 188120.845, 3132424.735 188101.674)	71	1594	0	144	false	1773	None
LINESTRING (3132424.735 188101.674, 3132407.005 188022.048)	71	1594	0	145	false	1773	None
LINESTRING (3132407.005 188022.048, 3132404.856 188008.731)	71	1594	0	146	false	1773	None
LINESTRING (3132404.856 188008.731, 3132409.561 187998.056)	71	1594	0	147	false	1773	None
LINESTRING (3132409.561 187998.056, 3132414.574 187984.289)	71	1594	0	148	false	1773	None
LINESTRING (3132414.574 187984.289, 3132425.444 187975.754)	71	1594	0	149	false	1773	None
LINESTRING (3132425.444 187975.754, 3132438.511 187963.308)	71	1594	0	150	false	1773	None
LINESTRING (3132438.511 187963.308, 3132462.394 187947.063)	71	1594	0	151	false	1773	None
LINESTRING (3132462.394 187947.063, 3132522.206 187922.904)	71	1594	0	152	false	1773	None
LINESTRING (3132522.206 187922.904, 3132539.007 187917.369)	71	1594	0	153	false	1773	None
LINESTRING (3132539.007 187917.369, 3132551.961 187907.259)	71	1594	0	154	false	1773	None
LINESTRING (3132551.961 187907.259, 3132565.853 187899.056)	71	1594	0	155	false	1773	None
LINESTRING (3132565.853 187899.056, 3132657.12 187864.547)	71	1594	0	156	false	1773	None
LINESTRING (3132657.12 187864.547, 3132681.922 187856.388)	71	1594	0	157	false	1773	None
LINESTRING (3132681.922 187856.388, 3132702.997 187862.491)	71	1594	0	158	false	1773	None
LINESTRING (3132702.997 187862.491, 3132712.129 187869.7)	71	1594	0	159	false	1773	None
LINESTRING (3132712.129 187869.7, 3132724.908 187883.785)	71	1594	0	160	false	1773	None
LINESTRING (3132724.908 187883.785, 3132731.898 187890.167)	71	1594	0	161	false	1773	None
LINESTRING (3132731.898 187890.167, 3132740.777 187895.732)	71	1594	0	162	false	1773	None
LINESTRING (3132740.777 187895.732, 3132755.002 187899.433)	71	1594	0	163	false	1773	None
LINESTRING (3132755.002 187899.433, 3132763.169 187898.419)	71	1594	0	164	false	1773	None
LINESTRING (3132763.169 187898.419, 3132801.555 187871.115)	71	1594	0	165	false	1773	None
LINESTRING (3132801.555 187871.115, 3132807.826 187860.212)	71	1594	0	166	false	1773	None
LINESTRING (3132807.826 187860.212, 3132809.551 187849.102)	71	1594	0	167	false	1773	None
LINESTRING (3132809.551 187849.102, 3132808.493 187837.038)	71	1594	0	168	false	1773	None
LINESTRING (3132808.493 187837.038, 3132808.9 187829.345)	71	1594	0	169	false	1773	None
LINESTRING (3132808.9 187829.345, 3132816.376 187817.36)	71	1594	0	170	false	1773	None
LINESTRING (3132816.376 187817.36, 3132823.838 187801.326)	71	1594	0	171	false	1773	None
LINESTRING (3132823.838 187801.326, 3132832.446 187790.491)	71	1594	0	172	false	1773	None
LINESTRING (3132832.446 187790.491, 3132838.657 187784.084)	71	1594	0	173	false	1773	None
LINESTRING (3132838.657 187784.084, 3132860.63 187783.518)	71	1594	0	174	false	1773	None
LINESTRING (3132860.63 187783.518, 3132869.443 187782.872)	71	1594	0	175	false	1773	None
LINESTRING (3132869.443 187782.872, 3132877.404 187780.352)	71	1594	0	176	false	1773	None
LINESTRING (3132877.404 187780.352, 3132888.008 187774.806)	71	1594	0	177	false	1773	None
LINESTRING (3132888.008 187774.806, 3132895.997 187769.917)	71	1594	0	178	false	1773	None
LINESTRING (3132895.997 187769.917, 3132911.706 187771.812)	71	1594	0	179	false	1773	None
LINESTRING (3132911.706 187771.812, 3132920.613 187775.008)	71	1594	0	180	false	1773	None
LINESTRING (3132920.613 187775.008, 3132931.243 187775.777)	71	1594	0	181	false	1773	None
LINESTRING (3132931.243 187775.777, 3132938.305 187779.928)	71	1594	0	182	false	1773	None
LINESTRING (3132938.305 187779.928, 3132940.745 187780.749)	71	1594	0	183	false	1773	None
LINESTRING (3132940.745 187780.749, 3132956.628 187767.13)	71	1594	0	184	false	1773	None
LINESTRING (3132956.628 187767.13, 3132961.455 187757.93)	71	1594	0	185	false	1773	None
LINESTRING (3132961.455 187757.93, 3132965.589 187744.656)	71	1594	0	186	false	1773	None
LINESTRING (3132965.589 187744.656, 3132967.301 187731.281)	71	1594	0	187	false	1773	None
LINESTRING (3132967.301 187731.281, 3132968.06 187720.632)	71	1594	0	188	false	1773	None
LINESTRING (3132968.06 187720.632, 3132967.449 187709.453)	71	1594	0	189	false	1773	None
LINESTRING (3132967.449 187709.453, 3132970.126 187695.618)	71	1594	0	190	false	1773	None
LINESTRING (3132970.126 187695.618, 3132976.177 187679.159)	71	1594	0	191	false	1773	None
LINESTRING (3132976.177 187679.159, 3132983.693 187667.071)	71	1594	0	192	false	1773	None
LINESTRING (3132983.693 187667.071, 3132988.606 187657.904)	71	1594	0	193	false	1773	None
LINESTRING (3132988.606 187657.904, 3133000.682 187648.287)	71	1594	0	194	false	1773	None
LINESTRING (3133000.682 187648.287, 3133011.931 187643.11)	71	1594	0	195	false	1773	None
LINESTRING (3133011.931 187643.11, 3133027.529 187638.657)	71	1594	0	196	false	1773	None
LINESTRING (3133027.529 187638.657, 3133035.111 187632.78)	71	1594	0	197	false	1773	None
LINESTRING (3133035.111 187632.78, 3133039.984 187623.716)	71	1594	0	198	false	1773	None
LINESTRING (3133039.984 187623.716, 3133047.261 187612.249)	71	1594	0	199	false	1773	None
LINESTRING (3133047.261 187612.249, 3133054.117 187606.211)	71	1594	0	200	false	1773	None
LINESTRING (3133054.117 187606.211, 3133069.002 187603.862)	71	1594	0	201	false	1773	None
LINESTRING (3133069.002 187603.862, 3133070.273 187608.991)	71	1594	0	202	false	1773	None
LINESTRING (3133070.273 187608.991, 3133078.839 187626.091)	71	1594	0	203	false	1773	None
LINESTRING (3133078.839 187626.091, 3133085.549 187633.198)	71	1594	0	204	false	1773	None
LINESTRING (3133085.549 187633.198, 3133095.354 187638.406)	71	1594	0	205	false	1773	None
LINESTRING (3133095.354 187638.406, 3133110.304 187642.269)	71	1594	0	206	false	1773	None
LINESTRING (3133110.304 187642.269, 3133134.143 187634.571)	71	1594	0	207	false	1773	None
LINESTRING (3133134.143 187634.571, 3133160.304 187624.678)	71	1594	0	208	false	1773	None
LINESTRING (3133160.304 187624.678, 3133180.268 187614.773)	71	1594	0	209	false	1773	None
LINESTRING (3133180.268 187614.773, 3133189.195 187611.792)	71	1594	0	210	false	1773	None
LINESTRING (3133189.195 187611.792, 3133205.172 187602.015)	71	1594	0	211	false	1773	None
LINESTRING (3133205.172 187602.015, 3133210.621 187600.905)	71	1594	0	212	false	1773	None
LINESTRING (3133210.621 187600.905, 3133243.513 187583.259)	71	1594	0	213	false	1773	None
LINESTRING (3133243.513 187583.259, 3133269.784 187563.893)	71	1594	0	214	false	1773	None
LINESTRING (3133269.784 187563.893, 3133297.888 187543.092)	71	1594	0	215	false	1773	None
LINESTRING (3133297.888 187543.092, 3133337.551 187526.273)	71	1594	0	216	false	1773	None
LINESTRING (3133337.551 187526.273, 3133360.591 187520.647)	71	1594	0	217	false	1773	None
LINESTRING (3133360.591 187520.647, 3133377.113 187515.839)	71	1594	0	218	false	1773	None
LINESTRING (3133377.113 187515.839, 3133398.628 187510.338)	71	1594	0	219	false	1773	None
LINESTRING (3133398.628 187510.338, 3133401.804 187510.017)	71	1594	0	220	false	1773	None
LINESTRING (3133401.804 187510.017, 3133436.414 187498.386)	71	1594	0	221	false	1773	None
LINESTRING (3133436.414 187498.386, 3133438.407 187496.538)	71	1594	0	222	false	1773	None
LINESTRING (3133438.407 187496.538, 3133446.56 187489.691)	71	1594	0	223	false	1773	None
LINESTRING (3133446.56 187489.691, 3133456.719 187483.261)	71	1594	0	224	false	1773	None
LINESTRING (3133456.719 187483.261, 3133461.113 187475.44)	71	1594	0	225	false	1773	None
LINESTRING (3133461.113 187475.44, 3133467.285 187469.138)	71	1594	0	226	false	1773	None
LINESTRING (3133467.285 187469.138, 3133478.928 187460.901)	71	1594	0	227	false	1773	None
LINESTRING (3133478.928 187460.901, 3133483.895 187455.68)	71	1594	0	228	false	1773	None
LINESTRING (3133483.895 187455.68, 3133486.198 187457.876)	71	1594	0	229	false	1773	None
LINESTRING (3133486.198 187457.876, 3133554.515 187455.083)	71	1594	0	230	false	1773	None
LINESTRING (3133554.515 187455.083, 3133588.412 187443.772)	71	1594	0	231	false	1773	None
LINESTRING (3133588.412 187443.772, 3133607.868 187433.91)	71	1594	0	232	false	1773	None
LINESTRING (3133607.868 187433.91, 3133623.048 187426.205)	71	1594	0	233	false	1773	None
LINESTRING (3133623.048 187426.205, 3133644.282 187396.927)	71	1594	0	234	false	1773	None
LINESTRING (3133644.282 187396.927, 3133645.755 187384.174)	71	1594	0	235	false	1773	None
LINESTRING (3133645.755 187384.174, 3133645.536 187359.469)	71	1594	0	236	false	1773	None
LINESTRING (3133645.536 187359.469, 3133672.021 187341.85)	71	1594	0	237	false	1773	None
LINESTRING (3133672.021 187341.85, 3133674.716 187339.202)	71	1594	0	238	false	1773	None
LINESTRING (3133674.716 187339.202, 3133688.139 187325.586)	71	1594	0	239	false	1773	None
LINESTRING (3133688.139 187325.586, 3133718.393 187284.92)	71	1594	0	240	false	1773	None
LINESTRING (3133718.393 187284.92, 3133739.617 187246.48)	71	1594	0	241	false	1773	None
LINESTRING (3133739.617 187246.48, 3133755.945 187238.861)	71	1594	0	242	false	1773	None
LINESTRING (3133755.945 187238.861, 3133787.78 187216.051)	71	1594	0	243	false	1773	None
LINESTRING (3133787.78 187216.051, 3133813.073 187179.061)	71	1594	0	244	false	1773	None
LINESTRING (3133813.073 187179.061, 3133831.902 187169.553)	71	1594	0	245	false	1773	None
LINESTRING (3133831.902 187169.553, 3133850.888 187164.743)	71	1594	0	246	false	1773	None
LINESTRING (3133850.888 187164.743, 3133862.585 187172.704)	71	1594	0	247	false	1773	None
LINESTRING (3133862.585 187172.704, 3133877.495 187173.102)	71	1594	0	248	false	1773	None
LINESTRING (3133877.495 187173.102, 3133895.93 187173.551)	71	1594	0	249	false	1773	None
LINESTRING (3133895.93 187173.551, 3133917.498 187157.962)	71	1594	0	250	false	1773	None
LINESTRING (3133917.498 187157.962, 3133947.727 187133.7)	71	1594	0	251	false	1773	None
LINESTRING (3133947.727 187133.7, 3133976.142 187111.593)	71	1594	0	252	false	1773	None
LINESTRING (3133976.142 187111.593, 3133985.365 187096.358)	71	1594	0	253	false	1773	None
LINESTRING (3133985.365 187096.358, 3133990.739 187081.66)	71	1594	0	254	false	1773	None
LINESTRING (3133990.739 187081.66, 3133993.239 187077.985)	71	1594	0	255	false	1773	None
LINESTRING (3133993.239 187077.985, 3133993.013 187070.404)	71	1594	0	256	false	1773	None
LINESTRING (3133993.013 187070.404, 3134000.922 187053.472)	71	1594	0	257	false	1773	None
LINESTRING (3134000.922 187053.472, 3134007.578 187033.916)	71	1594	0	258	false	1773	None
LINESTRING (3134007.578 187033.916, 3134010.626 186995.127)	71	1594	0	259	false	1773	None
LINESTRING (3134010.626 186995.127, 3134016.614 186976.027)	71	1594	0	260	false	1773	None
LINESTRING (3134016.614 186976.027, 3133997.779 186931.177)	71	1594	0	261	false	1773	None
LINESTRING (3133997.779 186931.177, 3133965.154 186898.849)	71	1594	0	262	false	1773	None
LINESTRING (3133965.154 186898.849, 3133941.264 186867.869)	71	1594	0	263	false	1773	None
LINESTRING (3133941.264 186867.869, 3133933.054 186844.483)	71	1594	0	264	false	1773	None
LINESTRING (3133933.054 186844.483, 3133921.864 186773.679)	71	1594	0	265	false	1773	None
LINESTRING (3133921.864 186773.679, 3133919.245 186737.581)	71	1594	0	266	false	1773	None
LINESTRING (3133919.245 186737.581, 3133921.681 186720.798)	71	1594	0	267	false	1773	None
LINESTRING (3133921.681 186720.798, 3133954.606 186693.889)	71	1594	0	268	false	1773	None
LINESTRING (3133954.606 186693.889, 3133955.703 186683.131)	71	1594	0	269	false	1773	None
LINESTRING (3133955.703 186683.131, 3133944.639 186624.508)	71	1594	0	270	false	1773	None
LINESTRING (3133944.639 186624.508, 3133952.319 186608.677)	71	1594	0	271	false	1773	None
LINESTRING (3133952.319 186608.677, 3133963.131 186594.173)	71	1594	0	272	false	1773	None
LINESTRING (3133963.131 186594.173, 3133966.86 186579.911)	71	1594	0	273	false	1773	None
LINESTRING (3133966.86 186579.911, 3133968.257 186576.287)	71	1594	0	274	false	1773	None
LINESTRING (3133968.257 186576.287, 3133976.906 186565.35)	71	1594	0	275	false	1773	None
LINESTRING (3133976.906 186565.35, 3133976.637 186564.77)	71	1594	0	276	false	1773	None
LINESTRING (3133976.637 186564.77, 3133987.197 186559.09)	71	1594	0	277	false	1773	None
LINESTRING (3133987.197 186559.09, 3134001.598 186536.811)	71	1594	0	278	false	1773	None
LINESTRING (3134001.598 186536.811, 3134030.49 186518.575)	71	1594	0	279	false	1773	None
LINESTRING (3134030.49 186518.575, 3134052.72 186510.973)	71	1594	0	280	false	1773	None
LINESTRING (3134052.72 186510.973, 3134058.719 186511.502)	71	1594	0	281	false	1773	None
LINESTRING (3134058.719 186511.502, 3134063.316 186508.518)	71	1594	0	282	false	1773	None
LINESTRING (3134063.316 186508.518, 3134151.168 186496.965)	71	1594	0	283	false	1773	None
LINESTRING (3134151.168 186496.965, 3134187.202 186491.356)	71	1594	0	284	false	1773	None
LINESTRING (3134187.202 186491.356, 3134221.571 186480.11)	71	1594	0	285	false	1773	None
LINESTRING (3134221.571 186480.11, 3134237.305 186470.716)	71	1594	0	286	false	1773	None
LINESTRING (3134237.305 186470.716, 3134252.828 186461.359)	71	1594	0	287	false	1773	None
LINESTRING (3134252.828 186461.359, 3134299.805 186429.166)	71	1594	0	288	false	1773	None
LINESTRING (3134299.805 186429.166, 3134302.222 186429.027)	71	1594	0	289	false	1773	None
LINESTRING (3134302.222 186429.027, 3134319.808 186422.489)	71	1594	0	290	false	1773	None
LINESTRING (3134319.808 186422.489, 3134328.508 186420.611)	71	1594	0	291	false	1773	None
LINESTRING (3134328.508 186420.611, 3134336.753 186422.721)	71	1594	0	292	false	1773	None
LINESTRING (3134336.753 186422.721, 3134347.143 186429.226)	71	1594	0	293	false	1773	None
LINESTRING (3134347.143 186429.226, 3134374.158 186457.725)	71	1594	0	294	false	1773	None
LINESTRING (3134374.158 186457.725, 3134401.106 186480.014)	71	1594	0	295	false	1773	None
LINESTRING (3134401.106 186480.014, 3134425.069 186486.045)	71	1594	0	296	false	1773	None
LINESTRING (3134425.069 186486.045, 3134447.696 186470.271)	71	1594	0	297	false	1773	None
LINESTRING (3134447.696 186470.271, 3134476.64 186475.131)	71	1594	0	298	false	1773	None
LINESTRING (3134476.64 186475.131, 3134516.717 186464.66)	71	1594	0	299	false	1773	None
LINESTRING (3134516.717 186464.66, 3134541.362 186451.567)	71	1594	0	300	false	1773	None
LINESTRING (3134541.362 186451.567, 3134580.409 186414.412)	71	1594	0	301	false	1773	None
LINESTRING (3134580.409 186414.412, 3134599.278 186390.766)	71	1594	0	302	false	1773	None
LINESTRING (3134599.278 186390.766, 3134627.097 186394.717)	71	1594	0	303	false	1773	None
LINESTRING (3134627.097 186394.717, 3134647.554 186413.669)	71	1594	0	304	false	1773	None
LINESTRING (3134647.554 186413.669, 3134666.158 186429.767)	71	1594	0	305	false	1773	None
LINESTRING (3134666.158 186429.767, 3134701.214 186418.787)	71	1594	0	306	false	1773	None
LINESTRING (3134701.214 186418.787, 3134703.075 186416.769)	71	1594	0	307	false	1773	None
LINESTRING (3134703.075 186416.769, 3134718.184 186400.83)	71	1594	0	308	false	1773	None
LINESTRING (3134718.184 186400.83, 3134731.677 186386.529)	71	1594	0	309	false	1773	None
LINESTRING (3134731.677 186386.529, 3134787.142 186357.611)	71	1594	0	310	false	1773	None
LINESTRING (3134787.142 186357.611, 3134815.39 186339.01)	71	1594	0	311	false	1773	None
LINESTRING (3134815.39 186339.01, 3134817.693 186328.955)	71	1594	0	312	false	1773	None
LINESTRING (3134817.693 186328.955, 3134824.9 186323.29)	71	1594	0	313	false	1773	None
LINESTRING (3134824.9 186323.29, 3134832.549 186297.337)	71	1594	0	314	false	1773	None
LINESTRING (3134832.549 186297.337, 3134834.095 186270.101)	71	1594	0	315	false	1773	None
LINESTRING (3134834.095 186270.101, 3134826.142 186248.597)	71	1594	0	316	false	1773	None
LINESTRING (3134826.142 186248.597, 3134812.539 186225.151)	71	1594	0	317	false	1773	None
LINESTRING (3134812.539 186225.151, 3134794.4 186203.762)	71	1594	0	318	false	1773	None
LINESTRING (3134794.4 186203.762, 3134785.643 186171.837)	71	1594	0	319	false	1773	None
LINESTRING (3134785.643 186171.837, 3134782.997 186148.574)	71	1594	0	320	false	1773	None
LINESTRING (3134782.997 186148.574, 3134780.637 186114.359)	71	1594	0	321	false	1773	None
LINESTRING (3134780.637 186114.359, 3134782.978 186090.165)	71	1594	0	322	false	1773	None
LINESTRING (3134782.978 186090.165, 3134787.377 186079.016)	71	1594	0	323	false	1773	None
LINESTRING (3134787.377 186079.016, 3134797.746 186067.196)	71	1594	0	324	false	1773	None
LINESTRING (3134797.746 186067.196, 3134822.738 186049.123)	71	1594	0	325	false	1773	None
LINESTRING (3134822.738 186049.123, 3134897.419 186021.195)	71	1594	0	326	false	1773	None
LINESTRING (3134897.419 186021.195, 3134997.471 185999.487)	71	1594	0	327	false	1773	None
LINESTRING (3134997.471 185999.487, 3135059.196 185950.266)	71	1594	0	328	false	1773	None
LINESTRING (3135059.196 185950.266, 3135071.845 185937.899)	71	1594	0	329	false	1773	None
LINESTRING (3135071.845 185937.899, 3135115.552 185891.482)	71	1594	0	330	false	1773	None
LINESTRING (3135115.552 185891.482, 3135122.623 185854.006)	71	1594	0	331	false	1773	None
LINESTRING (3135122.623 185854.006, 3135142.179 185828.841)	71	1594	0	332	false	1773	None
LINESTRING (3135142.179 185828.841, 3135220.768 185771.139)	71	1594	0	333	false	1773	S:3135157.1321841357 185817.862
LINESTRING (3137132.723 185759.464, 3137418.594 185864.468)	71	1594	0	448	false	1773	S:3137291.710225801 185817.862
LINESTRING (3137418.594 185864.468, 3137569.805 185919.515)	71	1594	0	449	false	1773	None
LINESTRING (3137569.805 185919.515, 3137580.572 185924.029)	71	1594	0	450	false	1773	None
LINESTRING (3137580.572 185924.029, 3137607.83 185936.337)	71	1594	0	451	false	1773	None
LINESTRING (3137607.83 185936.337, 3137634.609 185949.888)	71	1594	0	452	false	1773	None
LINESTRING (3137634.609 185949.888, 3137660.697 185964.718)	71	1594	0	453	false	1773	None
LINESTRING (3137660.697 185964.718, 3137690.152 185983.585)	71	1594	0	454	false	1773	None
LINESTRING (3137690.152 185983.585, 3137714.6 186000.875)	71	1594	0	455	false	1773	None
LINESTRING (3137714.6 186000.875, 3137742.084 186022.55)	71	1594	0	456	false	1773	None
LINESTRING (3137742.084 186022.55, 3137764.682 186042.338)	71	1594	0	457	false	1773	None
LINESTRING (3137764.682 186042.338, 3137789.766 186066.655)	71	1594	0	458	false	1773	None
LINESTRING (3137789.766 186066.655, 3137810.25 186088.601)	71	1594	0	459	false	1773	None
LINESTRING (3137810.25 186088.601, 3137832.843 186115.287)	71	1594	0	460	false	1773	None
LINESTRING (3137832.843 186115.287, 3137853.854 186143.266)	71	1594	0	461	false	1773	None
LINESTRING (3137853.854 186143.266, 3137868.063 186163.86)	71	1594	0	462	false	1773	None
LINESTRING (3137868.063 186163.86, 3137886.4 186193.661)	71	1594	0	463	false	1773	None
LINESTRING (3137886.4 186193.661, 3137932.044 186280.282)	71	1594	0	464	false	1773	None
LINESTRING (3137932.044 186280.282, 3137972.14 186348.106)	71	1594	0	465	false	1773	None
LINESTRING (3137972.14 186348.106, 3137989.662 186365.222)	71	1594	0	466	false	1773	E:3137981.717 186357.46109256946
