LINESTRING (3164550.401 201514.672, 3164533.009 201506.696)	120	1595	0	840	false	1963	N:3164538.8070601807 201509.355
LINESTRING (3164533.009 201506.696, 3164520.161 201500.969)	120	1595	0	841	false	1963	None
LINESTRING (3164520.161 201500.969, 3164474.193 201483.869)	120	1595	0	842	false	1963	None
LINESTRING (3164474.193 201483.869, 3164395.561 201459.029)	120	1595	0	843	false	1963	None
LINESTRING (3164395.561 201459.029, 3164366.636 201451.556)	120	1595	0	844	false	1963	None
LINESTRING (3164366.636 201451.556, 3164277.053 201428.76)	120	1595	0	845	false	1963	None
LINESTRING (3164277.053 201428.76, 3164246.023 201424.159)	120	1595	0	846	false	1963	None
LINESTRING (3164246.023 201424.159, 3164228.385 201422.877)	120	1595	0	847	false	1963	None
LINESTRING (3164228.385 201422.877, 3164192.239 201421.284)	120	1595	0	848	false	1963	None
LINESTRING (3164192.239 201421.284, 3164155.749 201421.583)	120	1595	0	849	false	1963	None
LINESTRING (3164155.749 201421.583, 3164138.959 201424.444)	120	1595	0	850	false	1963	None
LINESTRING (3164138.959 201424.444, 3164113.617 201436.596)	120	1595	0	851	false	1963	None
LINESTRING (3164113.617 201436.596, 3164099.638 201446.152)	120	1595	0	852	false	1963	None
LINESTRING (3164099.638 201446.152, 3164092.063 201453.441)	120	1595	0	853	false	1963	None
LINESTRING (3164092.063 201453.441, 3164079.872 201469.532)	120	1595	0	854	false	1963	None
LINESTRING (3164079.872 201469.532, 3164062.15 201491.209)	120	1595	0	855	false	1963	None
LINESTRING (3164062.15 201491.209, 3164048.052 201507.389)	120	1595	0	856	false	1963	None
LINESTRING (3164048.052 201507.389, 3164023.254 201535.835)	120	1595	0	857	false	1963	N:3164046.3381257122 201509.355
LINESTRING (3166137.882 193321.921, 3167107.084 193683.37)	120	1595	0	1860	false	1963	S:3167054.0934814923 193663.608
LINESTRING (3167107.084 193683.37, 3167430.071 193803.891)	120	1595	0	1861	false	1963	None
LINESTRING (3167430.071 193803.891, 3167388.442 193916.413)	120	1595	0	1862	false	1963	None
LINESTRING (3167388.442 193916.413, 3167263.348 194254.257)	120	1595	0	1863	false	1963	None
LINESTRING (3167263.348 194254.257, 3167221.592 194366.85)	120	1595	0	1864	false	1963	None
LINESTRING (3167221.592 194366.85, 3167220.952 194368.744)	120	1595	0	1865	false	1963	None
LINESTRING (3167220.952 194368.744, 3167218.653 194374.637)	120	1595	0	1866	false	1963	None
LINESTRING (3167218.653 194374.637, 3167217.887 194376.601)	120	1595	0	1867	false	1963	None
LINESTRING (3167217.887 194376.601, 3167162.424 194520.534)	120	1595	0	1868	false	1963	None
LINESTRING (3167162.424 194520.534, 3166995.614 194952.407)	120	1595	0	1869	false	1963	None
LINESTRING (3166995.614 194952.407, 3166939.94 195096.377)	120	1595	0	1870	false	1963	None
LINESTRING (3166939.94 195096.377, 3166931.535 195119.185)	120	1595	0	1871	false	1963	None
LINESTRING (3166931.535 195119.185, 3166862.986 195306.017)	120	1595	0	1872	false	1963	None
LINESTRING (3166862.986 195306.017, 3166786.229 195514.9)	120	1595	0	1873	false	1963	None
LINESTRING (3166786.229 195514.9, 3167129.269 195655.887)	120	1595	0	1874	false	1963	None
LINESTRING (3167129.269 195655.887, 3167300.361 195726.339)	120	1595	0	1875	false	1963	None
LINESTRING (3167300.361 195726.339, 3167303.574 195727.712)	120	1595	0	1876	false	1963	None
LINESTRING (3167303.574 195727.712, 3167311.239 195730.822)	120	1595	0	1877	false	1963	None
LINESTRING (3167311.239 195730.822, 3167329.898 195737.865)	120	1595	0	1878	false	1963	None
LINESTRING (3167329.898 195737.865, 3167418.413 195771.928)	120	1595	0	1879	false	1963	None
LINESTRING (3167418.413 195771.928, 3167447.904 195783.318)	120	1595	0	1880	false	1963	None
LINESTRING (3167447.904 195783.318, 3167477.607 195794.67)	120	1595	0	1881	false	1963	None
LINESTRING (3167477.607 195794.67, 3167478.761 195795.001)	120	1595	0	1882	false	1963	None
LINESTRING (3167478.761 195795.001, 3167571.168 195830.467)	120	1595	0	1883	false	1963	None
LINESTRING (3167571.168 195830.467, 3167595.523 195839.852)	120	1595	0	1884	false	1963	None
LINESTRING (3167595.523 195839.852, 3167601.944 195842.358)	120	1595	0	1885	false	1963	None
LINESTRING (3167601.944 195842.358, 3167690.412 195876.288)	120	1595	0	1886	false	1963	None
LINESTRING (3167690.412 195876.288, 3167955.559 195977.983)	120	1595	0	1887	false	1963	None
LINESTRING (3167955.559 195977.983, 3168029.09 196006.205)	120	1595	0	1888	false	1963	None
LINESTRING (3168029.09 196006.205, 3168043.855 196011.849)	120	1595	0	1889	false	1963	None
LINESTRING (3168043.855 196011.849, 3168167.932 196059.445)	120	1595	0	1890	false	1963	None
LINESTRING (3168167.932 196059.445, 3168314.946 196115.759)	120	1595	0	1891	false	1963	None
LINESTRING (3168314.946 196115.759, 3168569.771 196213.567)	120	1595	0	1892	false	1963	None
LINESTRING (3168569.771 196213.567, 3168750.025 196282.032)	120	1595	0	1893	false	1963	None
LINESTRING (3168750.025 196282.032, 3169128.63 196425.923)	120	1595	0	1894	false	1963	None
LINESTRING (3169128.63 196425.923, 3169399.903 196529.111)	120	1595	0	1895	false	1963	None
LINESTRING (3169399.903 196529.111, 3169400.629 196529.275)	120	1595	0	1896	false	1963	None
LINESTRING (3169400.629 196529.275, 3169402.683 196530.077)	120	1595	0	1897	false	1963	None
LINESTRING (3169402.683 196530.077, 3169403.368 196530.345)	120	1595	0	1898	false	1963	None
LINESTRING (3169403.368 196530.345, 3169411.883 196533.551)	120	1595	0	1899	false	1963	None
LINESTRING (3169411.883 196533.551, 3169474.749 196557.505)	120	1595	0	1900	false	1963	None
LINESTRING (3169474.749 196557.505, 3169688.632 196638.888)	120	1595	0	1901	false	1963	None
LINESTRING (3169688.632 196638.888, 3169759.926 196666.017)	120	1595	0	1902	false	1963	None
LINESTRING (3169759.926 196666.017, 3169760.868 196666.385)	120	1595	0	1903	false	1963	None
LINESTRING (3169760.868 196666.385, 3169791.676 196677.941)	120	1595	0	1904	false	1963	None
LINESTRING (3169791.676 196677.941, 3169844.781 196698.086)	120	1595	0	1905	false	1963	None
LINESTRING (3169844.781 196698.086, 3169942.053 196735.244)	120	1595	0	1906	false	1963	None
LINESTRING (3169942.053 196735.244, 3170095.208 196793.517)	120	1595	0	1907	false	1963	None
LINESTRING (3170095.208 196793.517, 3170099.101 196794.918)	120	1595	0	1908	false	1963	None
LINESTRING (3170099.101 196794.918, 3170183.874 196827.197)	120	1595	0	1909	false	1963	None
LINESTRING (3170183.874 196827.197, 3170284.991 196865.624)	120	1595	0	1910	false	1963	None
LINESTRING (3170284.991 196865.624, 3170406.608 196911.94)	120	1595	0	1911	false	1963	None
LINESTRING (3170406.608 196911.94, 3170476.273 196938.44)	120	1595	0	1912	false	1963	None
LINESTRING (3170476.273 196938.44, 3170588.044 196980.914)	120	1595	0	1913	false	1963	None
LINESTRING (3170588.044 196980.914, 3170592.495 196982.653)	120	1595	0	1914	false	1963	None
LINESTRING (3170592.495 196982.653, 3170689.074 197019.312)	120	1595	0	1915	false	1963	None
LINESTRING (3170689.074 197019.312, 3170691.3 197020.182)	120	1595	0	1916	false	1963	None
LINESTRING (3170691.3 197020.182, 3170697.72 197022.69)	120	1595	0	1917	false	1963	None
LINESTRING (3170697.72 197022.69, 3170699.86 197023.526)	120	1595	0	1918	false	1963	None
LINESTRING (3170699.86 197023.526, 3170704.392 197025.058)	120	1595	0	1919	false	1963	None
LINESTRING (3170704.392 197025.058, 3170715.218 197029.169)	120	1595	0	1920	false	1963	None
LINESTRING (3170715.218 197029.169, 3170717.741 197030.035)	120	1595	0	1921	false	1963	None
LINESTRING (3170717.741 197030.035, 3170722.106 197031.741)	120	1595	0	1922	false	1963	None
LINESTRING (3170722.106 197031.741, 3170733.315 197035.882)	120	1595	0	1923	false	1963	None
LINESTRING (3170733.315 197035.882, 3170809.057 197064.759)	120	1595	0	1924	false	1963	None
LINESTRING (3170809.057 197064.759, 3170856.772 197083.044)	120	1595	0	1925	false	1963	None
LINESTRING (3170856.772 197083.044, 3170880.735 197092.169)	120	1595	0	1926	false	1963	None
LINESTRING (3170880.735 197092.169, 3171069.705 197164.337)	120	1595	0	1927	false	1963	None
LINESTRING (3171069.705 197164.337, 3171156.407 197197.739)	120	1595	0	1928	false	1963	None
LINESTRING (3171156.407 197197.739, 3171182.168 197207.566)	120	1595	0	1929	false	1963	None
LINESTRING (3171182.168 197207.566, 3171259.192 197236.95)	120	1595	0	1930	false	1963	None
LINESTRING (3171259.192 197236.95, 3171284.826 197246.848)	120	1595	0	1931	false	1963	None
LINESTRING (3171284.826 197246.848, 3171329.499 197263.828)	120	1595	0	1932	false	1963	None
LINESTRING (3171329.499 197263.828, 3171463.35 197314.944)	120	1595	0	1933	false	1963	None
LINESTRING (3171463.35 197314.944, 3171490.439 197325.411)	120	1595	0	1934	false	1963	None
LINESTRING (3171490.439 197325.411, 3171507.856 197332.098)	120	1595	0	1935	false	1963	None
LINESTRING (3171507.856 197332.098, 3171627.456 197377.767)	120	1595	0	1936	false	1963	None
LINESTRING (3171627.456 197377.767, 3171985.997 197514.684)	120	1595	0	1937	false	1963	None
LINESTRING (3171985.997 197514.684, 3172105.383 197560.397)	120	1595	0	1938	false	1963	None
LINESTRING (3172105.383 197560.397, 3172109.577 197562.036)	120	1595	0	1939	false	1963	None
LINESTRING (3172109.577 197562.036, 3172122.115 197566.818)	120	1595	0	1940	false	1963	None
LINESTRING (3172122.115 197566.818, 3172172.052 197585.98)	120	1595	0	1941	false	1963	None
LINESTRING (3172172.052 197585.98, 3172188.527 197592.301)	120	1595	0	1942	false	1963	None
LINESTRING (3172188.527 197592.301, 3172231.999 197608.818)	120	1595	0	1943	false	1963	E:3172204.385 197598.32617910378
LINESTRING (3164023.254 201535.835, 3164048.052 201507.389)	120	180	0	490	false	2099	N:3164046.3381257122 201509.355
LINESTRING (3164048.052 201507.389, 3164062.15 201491.209)	120	180	0	491	false	2099	None
LINESTRING (3164062.15 201491.209, 3164079.872 201469.532)	120	180	0	492	false	2099	None
LINESTRING (3164079.872 201469.532, 3164092.063 201453.441)	120	180	0	493	false	2099	None
LINESTRING (3164092.063 201453.441, 3164099.638 201446.152)	120	180	0	494	false	2099	None
LINESTRING (3164099.638 201446.152, 3164113.617 201436.596)	120	180	0	495	false	2099	None
LINESTRING (3164113.617 201436.596, 3164138.959 201424.444)	120	180	0	496	false	2099	None
LINESTRING (3164138.959 201424.444, 3164155.749 201421.583)	120	180	0	497	false	2099	None
LINESTRING (3164155.749 201421.583, 3164192.239 201421.284)	120	180	0	498	false	2099	None
LINESTRING (3164192.239 201421.284, 3164228.385 201422.877)	120	180	0	499	false	2099	None
LINESTRING (3164228.385 201422.877, 3164246.023 201424.159)	120	180	0	500	false	2099	None
LINESTRING (3164246.023 201424.159, 3164277.053 201428.76)	120	180	0	501	false	2099	None
LINESTRING (3164277.053 201428.76, 3164366.636 201451.556)	120	180	0	502	false	2099	None
LINESTRING (3164366.636 201451.556, 3164395.561 201459.029)	120	180	0	503	false	2099	None
LINESTRING (3164395.561 201459.029, 3164474.193 201483.869)	120	180	0	504	false	2099	None
LINESTRING (3164474.193 201483.869, 3164520.161 201500.969)	120	180	0	505	false	2099	None
LINESTRING (3164520.161 201500.969, 3164533.009 201506.696)	120	180	0	506	false	2099	None
LINESTRING (3164533.009 201506.696, 3164550.401 201514.672)	120	180	0	507	false	2099	N:3164538.8070601807 201509.355
LINESTRING (3172231.999 197608.818, 3172188.527 197592.301)	120	622	0	1231	false	1841	E:3172204.385 197598.32617910378
LINESTRING (3172188.527 197592.301, 3172172.052 197585.98)	120	622	0	1232	false	1841	None
LINESTRING (3172172.052 197585.98, 3172122.115 197566.818)	120	622	0	1233	false	1841	None
LINESTRING (3172122.115 197566.818, 3172109.577 197562.036)	120	622	0	1234	false	1841	None
LINESTRING (3172109.577 197562.036, 3172105.383 197560.397)	120	622	0	1235	false	1841	None
LINESTRING (3172105.383 197560.397, 3171985.997 197514.684)	120	622	0	1236	false	1841	None
LINESTRING (3171985.997 197514.684, 3171627.456 197377.767)	120	622	0	1237	false	1841	None
LINESTRING (3171627.456 197377.767, 3171507.856 197332.098)	120	622	0	1238	false	1841	None
LINESTRING (3171507.856 197332.098, 3171490.439 197325.411)	120	622	0	1239	false	1841	None
LINESTRING (3171490.439 197325.411, 3171463.35 197314.944)	120	622	0	1240	false	1841	None
LINESTRING (3171463.35 197314.944, 3171329.499 197263.828)	120	622	0	1241	false	1841	None
LINESTRING (3171329.499 197263.828, 3171284.826 197246.848)	120	622	0	1242	false	1841	None
LINESTRING (3171284.826 197246.848, 3171259.192 197236.95)	120	622	0	1243	false	1841	None
LINESTRING (3171259.192 197236.95, 3171182.168 197207.566)	120	622	0	1244	false	1841	None
LINESTRING (3171182.168 197207.566, 3171156.407 197197.739)	120	622	0	1245	false	1841	None
LINESTRING (3171156.407 197197.739, 3171069.705 197164.337)	120	622	0	1246	false	1841	None
LINESTRING (3171069.705 197164.337, 3170880.735 197092.169)	120	622	0	1247	false	1841	None
LINESTRING (3170880.735 197092.169, 3170856.772 197083.044)	120	622	0	1248	false	1841	None
LINESTRING (3170856.772 197083.044, 3170809.057 197064.759)	120	622	0	1249	false	1841	None
LINESTRING (3170809.057 197064.759, 3170733.315 197035.882)	120	622	0	1250	false	1841	None
LINESTRING (3170733.315 197035.882, 3170722.106 197031.741)	120	622	0	1251	false	1841	None
LINESTRING (3170722.106 197031.741, 3170717.741 197030.035)	120	622	0	1252	false	1841	None
LINESTRING (3170717.741 197030.035, 3170715.218 197029.169)	120	622	0	1253	false	1841	None
LINESTRING (3170715.218 197029.169, 3170704.392 197025.058)	120	622	0	1254	false	1841	None
LINESTRING (3170704.392 197025.058, 3170699.86 197023.526)	120	622	0	1255	false	1841	None
LINESTRING (3170699.86 197023.526, 3170697.72 197022.69)	120	622	0	1256	false	1841	None
LINESTRING (3170697.72 197022.69, 3170691.3 197020.182)	120	622	0	1257	false	1841	None
LINESTRING (3170691.3 197020.182, 3170689.074 197019.312)	120	622	0	1258	false	1841	None
LINESTRING (3170689.074 197019.312, 3170592.495 196982.653)	120	622	0	1259	false	1841	None
LINESTRING (3170592.495 196982.653, 3170588.044 196980.914)	120	622	0	1260	false	1841	None
LINESTRING (3170588.044 196980.914, 3170476.273 196938.44)	120	622	0	1261	false	1841	None
LINESTRING (3170476.273 196938.44, 3170406.608 196911.94)	120	622	0	1262	false	1841	None
LINESTRING (3170406.608 196911.94, 3170284.991 196865.624)	120	622	0	1263	false	1841	None
LINESTRING (3170284.991 196865.624, 3170183.874 196827.197)	120	622	0	1264	false	1841	None
LINESTRING (3170183.874 196827.197, 3170099.101 196794.918)	120	622	0	1265	false	1841	None
LINESTRING (3170099.101 196794.918, 3170095.208 196793.517)	120	622	0	1266	false	1841	None
LINESTRING (3170095.208 196793.517, 3169942.053 196735.244)	120	622	0	1267	false	1841	None
LINESTRING (3169942.053 196735.244, 3169844.781 196698.086)	120	622	0	1268	false	1841	None
LINESTRING (3169844.781 196698.086, 3169791.676 196677.941)	120	622	0	1269	false	1841	None
LINESTRING (3169791.676 196677.941, 3169760.868 196666.385)	120	622	0	1270	false	1841	None
LINESTRING (3169760.868 196666.385, 3169759.926 196666.017)	120	622	0	1271	false	1841	None
LINESTRING (3169759.926 196666.017, 3169688.632 196638.888)	120	622	0	1272	false	1841	None
LINESTRING (3169688.632 196638.888, 3169474.749 196557.505)	120	622	0	1273	false	1841	None
LINESTRING (3169474.749 196557.505, 3169411.883 196533.551)	120	622	0	1274	false	1841	None
LINESTRING (3169411.883 196533.551, 3169403.368 196530.345)	120	622	0	1275	false	1841	None
LINESTRING (3169403.368 196530.345, 3169402.683 196530.077)	120	622	0	1276	false	1841	None
LINESTRING (3169402.683 196530.077, 3169400.629 196529.275)	120	622	0	1277	false	1841	None
LINESTRING (3169400.629 196529.275, 3169399.903 196529.111)	120	622	0	1278	false	1841	None
LINESTRING (3169399.903 196529.111, 3169128.63 196425.923)	120	622	0	1279	false	1841	None
LINESTRING (3169128.63 196425.923, 3168750.025 196282.032)	120	622	0	1280	false	1841	None
LINESTRING (3168750.025 196282.032, 3168569.771 196213.567)	120	622	0	1281	false	1841	None
LINESTRING (3168569.771 196213.567, 3168314.946 196115.759)	120	622	0	1282	false	1841	None
LINESTRING (3168314.946 196115.759, 3168167.932 196059.445)	120	622	0	1283	false	1841	None
LINESTRING (3168167.932 196059.445, 3168043.855 196011.849)	120	622	0	1284	false	1841	None
LINESTRING (3168043.855 196011.849, 3168029.09 196006.205)	120	622	0	1285	false	1841	None
LINESTRING (3168029.09 196006.205, 3167955.559 195977.983)	120	622	0	1286	false	1841	None
LINESTRING (3167955.559 195977.983, 3167690.412 195876.288)	120	622	0	1287	false	1841	None
LINESTRING (3167690.412 195876.288, 3167601.944 195842.358)	120	622	0	1288	false	1841	None
LINESTRING (3167601.944 195842.358, 3167595.523 195839.852)	120	622	0	1289	false	1841	None
LINESTRING (3167595.523 195839.852, 3167571.168 195830.467)	120	622	0	1290	false	1841	None
LINESTRING (3167571.168 195830.467, 3167478.761 195795.001)	120	622	0	1291	false	1841	None
LINESTRING (3167478.761 195795.001, 3167477.607 195794.67)	120	622	0	1292	false	1841	None
LINESTRING (3167477.607 195794.67, 3167447.904 195783.318)	120	622	0	1293	false	1841	None
LINESTRING (3167447.904 195783.318, 3167418.413 195771.928)	120	622	0	1294	false	1841	None
LINESTRING (3167418.413 195771.928, 3167329.898 195737.865)	120	622	0	1295	false	1841	None
LINESTRING (3167329.898 195737.865, 3167311.239 195730.822)	120	622	0	1296	false	1841	None
LINESTRING (3167311.239 195730.822, 3167303.574 195727.712)	120	622	0	1297	false	1841	None
LINESTRING (3167303.574 195727.712, 3167300.361 195726.339)	120	622	0	1298	false	1841	None
LINESTRING (3167300.361 195726.339, 3167129.269 195655.887)	120	622	0	1299	false	1841	None
LINESTRING (3167129.269 195655.887, 3166786.229 195514.9)	120	622	0	1300	false	1841	None
LINESTRING (3166786.229 195514.9, 3166862.986 195306.017)	120	622	0	1301	false	1841	None
LINESTRING (3166862.986 195306.017, 3166931.535 195119.185)	120	622	0	1302	false	1841	None
LINESTRING (3166931.535 195119.185, 3166939.94 195096.377)	120	622	0	1303	false	1841	None
LINESTRING (3166939.94 195096.377, 3166995.614 194952.407)	120	622	0	1304	false	1841	None
LINESTRING (3166995.614 194952.407, 3167162.424 194520.534)	120	622	0	1305	false	1841	None
LINESTRING (3167162.424 194520.534, 3167217.887 194376.601)	120	622	0	1306	false	1841	None
LINESTRING (3167217.887 194376.601, 3167218.653 194374.637)	120	622	0	1307	false	1841	None
LINESTRING (3167218.653 194374.637, 3167220.952 194368.744)	120	622	0	1308	false	1841	None
LINESTRING (3167220.952 194368.744, 3167221.592 194366.85)	120	622	0	1309	false	1841	None
LINESTRING (3167221.592 194366.85, 3167263.348 194254.257)	120	622	0	1310	false	1841	None
LINESTRING (3167263.348 194254.257, 3167388.442 193916.413)	120	622	0	1311	false	1841	None
LINESTRING (3167388.442 193916.413, 3167430.071 193803.891)	120	622	0	1312	false	1841	None
LINESTRING (3167430.071 193803.891, 3167107.084 193683.37)	120	622	0	1313	false	1841	None
LINESTRING (3167107.084 193683.37, 3166137.882 193321.921)	120	622	0	1314	false	1841	S:3167054.0934814923 193663.608
