LINESTRING (3092602.384 221850.039, 3092547.066 222347.093)	28	320	0	0	false	495	None
LINESTRING (3092547.066 222347.093, 3092452.371 222586.636)	28	320	0	1	false	495	None
LINESTRING (3092452.371 222586.636, 3092234.15 223558.647)	28	320	0	2	false	495	None
LINESTRING (3092234.15 223558.647, 3092138.536 223546.819)	28	320	0	3	false	495	None
LINESTRING (3092138.536 223546.819, 3092009.169 223590.55)	28	320	0	4	false	495	None
LINESTRING (3092009.169 223590.55, 3091907.756 223749.441)	28	320	0	5	false	495	None
LINESTRING (3091907.756 223749.441, 3091890.401 223946.286)	28	320	0	6	false	495	None
LINESTRING (3091890.401 223946.286, 3091895.997 224041.132)	28	320	0	7	false	495	None
LINESTRING (3091895.997 224041.132, 3091942.467 224162.062)	28	320	0	8	false	495	None
LINESTRING (3091942.467 224162.062, 3091985.388 224283.063)	28	320	0	9	false	495	None
LINESTRING (3091985.388 224283.063, 3091980.147 224370.439)	28	320	0	10	false	495	None
LINESTRING (3091980.147 224370.439, 3091994 224518.363)	28	320	0	11	false	495	None
LINESTRING (3091994 224518.363, 3092012.635 224641.492)	28	320	0	12	false	495	None
LINESTRING (3092012.635 224641.492, 3092027.984 224822.318)	28	320	0	13	false	495	None
LINESTRING (3092027.984 224822.318, 3091991.753 224994.836)	28	320	0	14	false	495	None
LINESTRING (3091991.753 224994.836, 3091971.518 225048.787)	28	320	0	15	false	495	N:3091972.339762062 225046.596
LINESTRING (3089375.328 226557.62, 3089112.897 224907.954)	28	320	0	241	false	495	N:3089134.9523485987 225046.596
LINESTRING (3089112.897 224907.954, 3089100.367 224836.853)	28	320	0	242	false	495	None
LINESTRING (3089100.367 224836.853, 3089099.432 224831.623)	28	320	0	243	false	495	None
LINESTRING (3089099.432 224831.623, 3089097.802 224822.325)	28	320	0	244	false	495	None
LINESTRING (3089097.802 224822.325, 3089095.478 224808.959)	28	320	0	245	false	495	None
LINESTRING (3089095.478 224808.959, 3089064.603 224634.112)	28	320	0	246	false	495	None
LINESTRING (3089064.603 224634.112, 3089016.093 224358.765)	28	320	0	247	false	495	None
LINESTRING (3089016.093 224358.765, 3088922.004 223736.587)	28	320	0	248	false	495	None
LINESTRING (3088922.004 223736.587, 3088921.187 223731.046)	28	320	0	249	false	495	None
LINESTRING (3088921.187 223731.046, 3088913.423 223679.951)	28	320	0	250	false	495	None
LINESTRING (3088913.423 223679.951, 3088878.115 223514.352)	28	320	0	251	false	495	None
LINESTRING (3088878.115 223514.352, 3088860.023 223467.514)	28	320	0	252	false	495	None
LINESTRING (3088860.023 223467.514, 3088857.719 223459.979)	28	320	0	253	false	495	None
LINESTRING (3088857.719 223459.979, 3088822.423 223344.775)	28	320	0	254	false	495	None
LINESTRING (3088822.423 223344.775, 3088494.286 220280.977)	28	320	0	255	false	495	None
LINESTRING (3088494.286 220280.977, 3088498.057 220207.554)	28	320	0	256	false	495	None
LINESTRING (3088498.057 220207.554, 3088510.534 219963.725)	28	320	0	257	false	495	None
LINESTRING (3088510.534 219963.725, 3088512.065 219934.603)	28	320	0	258	false	495	None
LINESTRING (3088512.065 219934.603, 3088515.15 219873.989)	28	320	0	259	false	495	None
LINESTRING (3088515.15 219873.989, 3088518.444 219810.009)	28	320	0	260	false	495	None
LINESTRING (3088518.444 219810.009, 3088519.148 219796.376)	28	320	0	261	false	495	None
LINESTRING (3088519.148 219796.376, 3088519.684 219786.004)	28	320	0	262	false	495	None
LINESTRING (3088519.684 219786.004, 3088519.962 219780.407)	28	320	0	263	false	495	None
LINESTRING (3088519.962 219780.407, 3088520.043 219778.655)	28	320	0	264	false	495	None
LINESTRING (3088520.043 219778.655, 3088520.179 219775.736)	28	320	0	265	false	495	None
LINESTRING (3088520.179 219775.736, 3088526.584 219650.559)	28	320	0	266	false	495	None
LINESTRING (3088526.584 219650.559, 3088529.444 219594.376)	28	320	0	267	false	495	None
LINESTRING (3088529.444 219594.376, 3088566.644 218868.757)	28	320	0	268	false	495	None
LINESTRING (3088566.644 218868.757, 3088566.774 218865.598)	28	320	0	269	false	495	None
LINESTRING (3088566.774 218865.598, 3088573.192 218739.597)	28	320	0	270	false	495	None
LINESTRING (3088573.192 218739.597, 3088637.373 217483.759)	28	320	0	271	false	495	None
LINESTRING (3088637.373 217483.759, 3088708.832 216282.652)	28	320	0	272	false	495	S:3088654.2045276575 217200.849
LINESTRING (3093406.897 217179.445, 3093365.231 217277.732)	28	320	0	471	false	495	S:3093397.823378219 217200.849
LINESTRING (3093365.231 217277.732, 3093451.36 217385.753)	28	320	0	472	false	495	None
LINESTRING (3093451.36 217385.753, 3093392.377 217499.647)	28	320	0	473	false	495	None
LINESTRING (3093392.377 217499.647, 3093416.979 217598.894)	28	320	0	474	false	495	None
LINESTRING (3093416.979 217598.894, 3093239.416 217949.612)	28	320	0	475	false	495	None
LINESTRING (3093239.416 217949.612, 3093168.383 218089.92)	28	320	0	476	false	495	None
LINESTRING (3093168.383 218089.92, 3092933.487 218630.632)	28	320	0	477	false	495	None
LINESTRING (3092933.487 218630.632, 3092783.671 218849.105)	28	320	0	478	false	495	None
LINESTRING (3092783.671 218849.105, 3092637.938 218967.289)	28	320	0	479	false	495	None
LINESTRING (3092637.938 218967.289, 3092591.722 219004.774)	28	320	0	480	false	495	None
LINESTRING (3092591.722 219004.774, 3092488.768 219073.227)	28	320	0	481	false	495	None
LINESTRING (3092488.768 219073.227, 3092602.225 219339.057)	28	320	0	482	false	495	None
LINESTRING (3092602.225 219339.057, 3092726.975 219577.357)	28	320	0	483	false	495	None
LINESTRING (3092726.975 219577.357, 3092867.796 219831.431)	28	320	0	484	false	495	None
LINESTRING (3092867.796 219831.431, 3092935.518 220003.377)	28	320	0	485	false	495	None
LINESTRING (3092935.518 220003.377, 3092978.564 220157.456)	28	320	0	486	false	495	None
LINESTRING (3092978.564 220157.456, 3093007.061 220339.611)	28	320	0	487	false	495	None
LINESTRING (3093007.061 220339.611, 3093013.787 220383.185)	28	320	0	488	false	495	None
LINESTRING (3093013.787 220383.185, 3093009.446 220670.689)	28	320	0	489	false	495	None
LINESTRING (3093009.446 220670.689, 3092958.253 221052.601)	28	320	0	490	false	495	None
LINESTRING (3092958.253 221052.601, 3092845.26 221380.704)	28	320	0	491	false	495	None
LINESTRING (3092845.26 221380.704, 3092653.472 221687.723)	28	320	0	492	false	495	None
LINESTRING (3092653.472 221687.723, 3092623.846 221772.907)	28	320	0	493	false	495	None
LINESTRING (3092623.846 221772.907, 3092619.007 221790.43)	28	320	0	494	false	495	None
LINESTRING (3092619.007 221790.43, 3092602.384 221850.039)	28	320	0	495	false	495	None
LINESTRING (3091971.518 225048.787, 3091991.753 224994.836)	28	323	0	98	false	977	N:3091972.339762062 225046.596
LINESTRING (3091991.753 224994.836, 3092027.984 224822.318)	28	323	0	99	false	977	None
LINESTRING (3092027.984 224822.318, 3092012.635 224641.492)	28	323	0	100	false	977	None
LINESTRING (3092012.635 224641.492, 3091994 224518.363)	28	323	0	101	false	977	None
LINESTRING (3091994 224518.363, 3091980.147 224370.439)	28	323	0	102	false	977	None
LINESTRING (3091980.147 224370.439, 3091985.388 224283.063)	28	323	0	103	false	977	None
LINESTRING (3091985.388 224283.063, 3091942.467 224162.062)	28	323	0	104	false	977	None
LINESTRING (3091942.467 224162.062, 3091895.997 224041.132)	28	323	0	105	false	977	None
LINESTRING (3091895.997 224041.132, 3091890.401 223946.286)	28	323	0	106	false	977	None
LINESTRING (3091890.401 223946.286, 3091907.756 223749.441)	28	323	0	107	false	977	None
LINESTRING (3091907.756 223749.441, 3092009.169 223590.55)	28	323	0	108	false	977	None
LINESTRING (3092009.169 223590.55, 3092138.536 223546.819)	28	323	0	109	false	977	None
LINESTRING (3092138.536 223546.819, 3092234.15 223558.647)	28	323	0	110	false	977	None
LINESTRING (3092234.15 223558.647, 3092452.371 222586.636)	28	323	0	111	false	977	None
LINESTRING (3092452.371 222586.636, 3092547.066 222347.093)	28	323	0	112	false	977	None
LINESTRING (3092547.066 222347.093, 3092602.384 221850.039)	28	323	0	113	false	977	None
LINESTRING (3092602.384 221850.039, 3092619.007 221790.43)	28	323	0	114	false	977	None
LINESTRING (3092619.007 221790.43, 3092623.846 221772.907)	28	323	0	115	false	977	None
LINESTRING (3092623.846 221772.907, 3092653.472 221687.723)	28	323	0	116	false	977	None
LINESTRING (3092653.472 221687.723, 3092845.26 221380.704)	28	323	0	117	false	977	None
LINESTRING (3092845.26 221380.704, 3092958.253 221052.601)	28	323	0	118	false	977	None
LINESTRING (3092958.253 221052.601, 3093009.446 220670.689)	28	323	0	119	false	977	None
LINESTRING (3093009.446 220670.689, 3093013.787 220383.185)	28	323	0	120	false	977	None
LINESTRING (3093013.787 220383.185, 3093007.061 220339.611)	28	323	0	121	false	977	None
LINESTRING (3093007.061 220339.611, 3092978.564 220157.456)	28	323	0	122	false	977	None
LINESTRING (3092978.564 220157.456, 3092935.518 220003.377)	28	323	0	123	false	977	None
LINESTRING (3092935.518 220003.377, 3092867.796 219831.431)	28	323	0	124	false	977	None
LINESTRING (3092867.796 219831.431, 3092726.975 219577.357)	28	323	0	125	false	977	None
LINESTRING (3092726.975 219577.357, 3092602.225 219339.057)	28	323	0	126	false	977	None
LINESTRING (3092602.225 219339.057, 3092488.768 219073.227)	28	323	0	127	false	977	None
LINESTRING (3092488.768 219073.227, 3092591.722 219004.774)	28	323	0	128	false	977	None
LINESTRING (3092591.722 219004.774, 3092637.938 218967.289)	28	323	0	129	false	977	None
LINESTRING (3092637.938 218967.289, 3092783.671 218849.105)	28	323	0	130	false	977	None
LINESTRING (3092783.671 218849.105, 3092933.487 218630.632)	28	323	0	131	false	977	None
LINESTRING (3092933.487 218630.632, 3093168.383 218089.92)	28	323	0	132	false	977	None
LINESTRING (3093168.383 218089.92, 3093239.416 217949.612)	28	323	0	133	false	977	None
LINESTRING (3093239.416 217949.612, 3093416.979 217598.894)	28	323	0	134	false	977	None
LINESTRING (3093416.979 217598.894, 3093392.377 217499.647)	28	323	0	135	false	977	None
LINESTRING (3093392.377 217499.647, 3093451.36 217385.753)	28	323	0	136	false	977	None
LINESTRING (3093451.36 217385.753, 3093365.231 217277.732)	28	323	0	137	false	977	None
LINESTRING (3093365.231 217277.732, 3093406.897 217179.445)	28	323	0	138	false	977	S:3093397.823378219 217200.849
LINESTRING (3088708.832 216282.652, 3088637.373 217483.759)	28	0	0	57	false	745	S:3088654.2045276575 217200.849
LINESTRING (3088637.373 217483.759, 3088573.192 218739.597)	28	0	0	58	false	745	None
LINESTRING (3088573.192 218739.597, 3088566.774 218865.598)	28	0	0	59	false	745	None
LINESTRING (3088566.774 218865.598, 3088566.644 218868.757)	28	0	0	60	false	745	None
LINESTRING (3088566.644 218868.757, 3088529.444 219594.376)	28	0	0	61	false	745	None
LINESTRING (3088529.444 219594.376, 3088526.584 219650.559)	28	0	0	62	false	745	None
LINESTRING (3088526.584 219650.559, 3088520.179 219775.736)	28	0	0	63	false	745	None
LINESTRING (3088520.179 219775.736, 3088520.043 219778.655)	28	0	0	64	false	745	None
LINESTRING (3088520.043 219778.655, 3088519.962 219780.407)	28	0	0	65	false	745	None
LINESTRING (3088519.962 219780.407, 3088519.684 219786.004)	28	0	0	66	false	745	None
LINESTRING (3088519.684 219786.004, 3088519.148 219796.376)	28	0	0	67	false	745	None
LINESTRING (3088519.148 219796.376, 3088518.444 219810.009)	28	0	0	68	false	745	None
LINESTRING (3088518.444 219810.009, 3088515.15 219873.989)	28	0	0	69	false	745	None
LINESTRING (3088515.15 219873.989, 3088512.065 219934.603)	28	0	0	70	false	745	None
LINESTRING (3088512.065 219934.603, 3088510.534 219963.725)	28	0	0	71	false	745	None
LINESTRING (3088510.534 219963.725, 3088498.057 220207.554)	28	0	0	72	false	745	None
LINESTRING (3088498.057 220207.554, 3088494.286 220280.977)	28	0	0	73	false	745	None
LINESTRING (3088494.286 220280.977, 3088822.423 223344.775)	28	0	0	74	false	745	None
LINESTRING (3088822.423 223344.775, 3088857.719 223459.979)	28	0	0	75	false	745	None
LINESTRING (3088857.719 223459.979, 3088860.023 223467.514)	28	0	0	76	false	745	None
LINESTRING (3088860.023 223467.514, 3088878.115 223514.352)	28	0	0	77	false	745	None
LINESTRING (3088878.115 223514.352, 3088913.423 223679.951)	28	0	0	78	false	745	None
LINESTRING (3088913.423 223679.951, 3088921.187 223731.046)	28	0	0	79	false	745	None
LINESTRING (3088921.187 223731.046, 3088922.004 223736.587)	28	0	0	80	false	745	None
LINESTRING (3088922.004 223736.587, 3089016.093 224358.765)	28	0	0	81	false	745	None
LINESTRING (3089016.093 224358.765, 3089064.603 224634.112)	28	0	0	82	false	745	None
LINESTRING (3089064.603 224634.112, 3089095.478 224808.959)	28	0	0	83	false	745	None
LINESTRING (3089095.478 224808.959, 3089097.802 224822.325)	28	0	0	84	false	745	None
LINESTRING (3089097.802 224822.325, 3089099.432 224831.623)	28	0	0	85	false	745	None
LINESTRING (3089099.432 224831.623, 3089100.367 224836.853)	28	0	0	86	false	745	None
LINESTRING (3089100.367 224836.853, 3089112.897 224907.954)	28	0	0	87	false	745	None
LINESTRING (3089112.897 224907.954, 3089375.328 226557.62)	28	0	0	88	false	745	N:3089134.9523485987 225046.596
LINESTRING (3087706.025 225755.334, 3086537.466 222632.958)	28	0	0	244	false	745	N:3087440.7775831153 225046.596|W:3086647.716 222927.5447123526
LINESTRING (3086537.466 222632.958, 3087706.025 225755.334)	28	1	0	972	false	1095	W:3086647.716 222927.5447123526|N:3087440.7775831153 225046.596
