LINESTRING (3086281.468 217222.817, 3086372.355 217120.121)	55	0	0	279	false	745	N:3086300.9099024693 217200.849
LINESTRING (3086372.355 217120.121, 3086512.369 216967.839)	55	0	0	280	false	745	None
LINESTRING (3086512.369 216967.839, 3086667.107 216911.112)	55	0	0	281	false	745	E:3086647.716 216918.22074676544
LINESTRING (3086766.231 216651.638, 3086642.272 216552.458)	55	0	0	295	false	745	E:3086647.716 216556.81376214727
LINESTRING (3086642.272 216552.458, 3086613.745 216412.554)	55	0	0	296	false	745	None
LINESTRING (3086613.745 216412.554, 3086724.001 216136.177)	55	0	0	297	false	745	E:3086647.716 216327.39942277092
LINESTRING (3086719.835 216022.67, 3086632.558 216148.721)	55	0	0	299	false	745	E:3086647.716 216126.82885134706
LINESTRING (3086632.558 216148.721, 3086494.384 216298.734)	55	0	0	300	false	745	None
LINESTRING (3086494.384 216298.734, 3086402.533 216319.797)	55	0	0	301	false	745	None
LINESTRING (3086402.533 216319.797, 3086385.541 216233.005)	55	0	0	302	false	745	None
LINESTRING (3086385.541 216233.005, 3086413.031 216172.437)	55	0	0	303	false	745	None
LINESTRING (3086413.031 216172.437, 3086339.114 216145.686)	55	0	0	304	false	745	None
LINESTRING (3086339.114 216145.686, 3086215.936 216227.639)	55	0	0	305	false	745	None
LINESTRING (3086215.936 216227.639, 3086140.721 216191.721)	55	0	0	306	false	745	None
LINESTRING (3086140.721 216191.721, 3086138.289 216117.015)	55	0	0	307	false	745	None
LINESTRING (3086138.289 216117.015, 3086167.819 216015.166)	55	0	0	308	false	745	None
LINESTRING (3086167.819 216015.166, 3086112.21 215924.469)	55	0	0	309	false	745	None
LINESTRING (3086112.21 215924.469, 3086201.343 215602.854)	55	0	0	310	false	745	None
LINESTRING (3086201.343 215602.854, 3086251.34 215438.831)	55	0	0	311	false	745	None
LINESTRING (3086251.34 215438.831, 3086236.4 215394.881)	55	0	0	312	false	745	None
LINESTRING (3086236.4 215394.881, 3086224.55 215296.627)	55	0	0	313	false	745	None
LINESTRING (3086224.55 215296.627, 3086436.096 214928.172)	55	0	0	314	false	745	None
LINESTRING (3086436.096 214928.172, 3086528.439 214885.313)	55	0	0	315	false	745	None
LINESTRING (3086528.439 214885.313, 3086678.613 214680.469)	55	0	0	316	false	745	E:3086647.716 214722.6138790601
LINESTRING (3086678.613 214680.469, 3086633.3 214666.405)	55	0	0	317	false	745	E:3086647.716 214670.87935888162
LINESTRING (3086633.3 214666.405, 3086562.833 214633.131)	55	0	0	318	false	745	None
LINESTRING (3086562.833 214633.131, 3086550.474 214621.411)	55	0	0	319	false	745	None
LINESTRING (3086550.474 214621.411, 3086485.974 214561.186)	55	0	0	320	false	745	None
LINESTRING (3086485.974 214561.186, 3086447.99 214512.493)	55	0	0	321	false	745	None
LINESTRING (3086447.99 214512.493, 3086407.281 214557.449)	55	0	0	322	false	745	None
LINESTRING (3086407.281 214557.449, 3086311.215 214699.399)	55	0	0	323	false	745	None
LINESTRING (3086311.215 214699.399, 3086202.18 214809.675)	55	0	0	324	false	745	None
LINESTRING (3086202.18 214809.675, 3086146.938 214850.162)	55	0	0	325	false	745	None
LINESTRING (3086146.938 214850.162, 3086006.088 214602.955)	55	0	0	326	false	745	None
LINESTRING (3086006.088 214602.955, 3085916.741 214426.702)	55	0	0	327	false	745	None
LINESTRING (3085916.741 214426.702, 3085877.491 214343.078)	55	0	0	328	false	745	None
LINESTRING (3085877.491 214343.078, 3085885.6 214301.261)	55	0	0	329	false	745	None
LINESTRING (3085885.6 214301.261, 3085946.758 214244.732)	55	0	0	330	false	745	None
LINESTRING (3085946.758 214244.732, 3085994.22 214194.625)	55	0	0	331	false	745	None
LINESTRING (3085994.22 214194.625, 3086042.862 214141.167)	55	0	0	332	false	745	None
LINESTRING (3086042.862 214141.167, 3086080.69 214096.063)	55	0	0	333	false	745	None
LINESTRING (3086080.69 214096.063, 3086103.51 213979.186)	55	0	0	334	false	745	None
LINESTRING (3086103.51 213979.186, 3086150.119 213809.122)	55	0	0	335	false	745	None
LINESTRING (3086150.119 213809.122, 3086244.272 213517.11)	55	0	0	336	false	745	None
LINESTRING (3086244.272 213517.11, 3086269.55 213483.38)	55	0	0	337	false	745	None
LINESTRING (3086269.55 213483.38, 3086320.076 213411.632)	55	0	0	338	false	745	None
LINESTRING (3086320.076 213411.632, 3086382.25 213318.306)	55	0	0	339	false	745	None
LINESTRING (3086382.25 213318.306, 3086435.756 213237.714)	55	0	0	340	false	745	None
LINESTRING (3086435.756 213237.714, 3086357.137 213157.503)	55	0	0	341	false	745	None
LINESTRING (3086357.137 213157.503, 3086411.243 213082.011)	55	0	0	342	false	745	None
LINESTRING (3086411.243 213082.011, 3086360.086 213012.146)	55	0	0	343	false	745	None
LINESTRING (3086360.086 213012.146, 3086424.956 212940.756)	55	0	0	344	false	745	None
LINESTRING (3086424.956 212940.756, 3086408.093 212878.97)	55	0	0	345	false	745	None
LINESTRING (3086408.093 212878.97, 3086368.075 212817.865)	55	0	0	346	false	745	None
LINESTRING (3086368.075 212817.865, 3086303.85 212872.157)	55	0	0	347	false	745	None
LINESTRING (3086303.85 212872.157, 3086184.572 212948.715)	55	0	0	348	false	745	None
LINESTRING (3086184.572 212948.715, 3086122.631 212936.162)	55	0	0	349	false	745	None
LINESTRING (3086122.631 212936.162, 3086046.049 212883.462)	55	0	0	350	false	745	None
LINESTRING (3086046.049 212883.462, 3086018.336 212855.797)	55	0	0	351	false	745	None
LINESTRING (3086018.336 212855.797, 3085971.575 212924.347)	55	0	0	352	false	745	None
LINESTRING (3085971.575 212924.347, 3085973.041 213073.284)	55	0	0	353	false	745	None
LINESTRING (3085973.041 213073.284, 3085961.156 213244.933)	55	0	0	354	false	745	None
LINESTRING (3085961.156 213244.933, 3085950.504 213337.339)	55	0	0	355	false	745	None
LINESTRING (3085950.504 213337.339, 3085931.63 213499.08)	55	0	0	356	false	745	None
LINESTRING (3085931.63 213499.08, 3085884.512 213601.946)	55	0	0	357	false	745	None
LINESTRING (3085884.512 213601.946, 3085918.57 213709.487)	55	0	0	358	false	745	None
LINESTRING (3085918.57 213709.487, 3085875.605 213806.332)	55	0	0	359	false	745	None
LINESTRING (3085875.605 213806.332, 3085716.06 213568.296)	55	0	0	360	false	745	None
LINESTRING (3085716.06 213568.296, 3085682.599 213184.424)	55	0	0	361	false	745	None
LINESTRING (3085682.599 213184.424, 3085696.915 213151.982)	55	0	0	362	false	745	None
LINESTRING (3085696.915 213151.982, 3085710.197 213121.997)	55	0	0	363	false	745	None
LINESTRING (3085710.197 213121.997, 3085720.158 213043.466)	55	0	0	364	false	745	None
LINESTRING (3085720.158 213043.466, 3085744.113 212999.846)	55	0	0	365	false	745	None
LINESTRING (3085744.113 212999.846, 3085566.956 212785.882)	55	0	0	366	false	745	None
LINESTRING (3085566.956 212785.882, 3085479.586 212756.876)	55	0	0	367	false	745	None
LINESTRING (3085479.586 212756.876, 3085443.422 212713.64)	55	0	0	368	false	745	None
LINESTRING (3085443.422 212713.64, 3085466.607 212623.753)	55	0	0	369	false	745	None
LINESTRING (3085466.607 212623.753, 3085530.784 212518.713)	55	0	0	370	false	745	None
LINESTRING (3085530.784 212518.713, 3085486.937 212488.706)	55	0	0	371	false	745	None
LINESTRING (3085486.937 212488.706, 3085432.933 212469.442)	55	0	0	372	false	745	None
LINESTRING (3085432.933 212469.442, 3085343.014 212566.815)	55	0	0	373	false	745	None
LINESTRING (3085343.014 212566.815, 3085335.713 212721.08)	55	0	0	374	false	745	None
LINESTRING (3085335.713 212721.08, 3085313.215 212743.159)	55	0	0	375	false	745	None
LINESTRING (3085313.215 212743.159, 3085257.874 212748.214)	55	0	0	376	false	745	None
LINESTRING (3085257.874 212748.214, 3085281.016 212800.983)	55	0	0	377	false	745	None
LINESTRING (3085281.016 212800.983, 3085395.971 212852.849)	55	0	0	378	false	745	None
LINESTRING (3085395.971 212852.849, 3085489.442 212906.155)	55	0	0	379	false	745	None
LINESTRING (3085489.442 212906.155, 3085567.426 212957.483)	55	0	0	380	false	745	None
LINESTRING (3085567.426 212957.483, 3085549.514 213086.681)	55	0	0	381	false	745	None
LINESTRING (3085549.514 213086.681, 3085507.865 213172.385)	55	0	0	382	false	745	None
LINESTRING (3085507.865 213172.385, 3085536.185 213221.308)	55	0	0	383	false	745	None
LINESTRING (3085536.185 213221.308, 3085514.642 213334.867)	55	0	0	384	false	745	None
LINESTRING (3085514.642 213334.867, 3085549.266 213449.154)	55	0	0	385	false	745	None
LINESTRING (3085549.266 213449.154, 3085563.597 213496.787)	55	0	0	386	false	745	None
LINESTRING (3085563.597 213496.787, 3085572.421 213803.32)	55	0	0	387	false	745	None
LINESTRING (3085572.421 213803.32, 3085576.583 213945.682)	55	0	0	388	false	745	None
LINESTRING (3085576.583 213945.682, 3085577.629 213983.502)	55	0	0	389	false	745	None
LINESTRING (3085577.629 213983.502, 3085540.175 213993.23)	55	0	0	390	false	745	None
LINESTRING (3085540.175 213993.23, 3085475.174 214010.045)	55	0	0	391	false	745	None
LINESTRING (3085475.174 214010.045, 3085431.373 214048.242)	55	0	0	392	false	745	None
LINESTRING (3085431.373 214048.242, 3085457.476 214061.632)	55	0	0	393	false	745	None
LINESTRING (3085457.476 214061.632, 3085480.15 214073.24)	55	0	0	394	false	745	None
LINESTRING (3085480.15 214073.24, 3085532.166 214145.449)	55	0	0	395	false	745	None
LINESTRING (3085532.166 214145.449, 3085565.748 214190.557)	55	0	0	396	false	745	None
LINESTRING (3085565.748 214190.557, 3085630.855 214187.326)	55	0	0	397	false	745	None
LINESTRING (3085630.855 214187.326, 3085629.942 214240.557)	55	0	0	398	false	745	None
LINESTRING (3085629.942 214240.557, 3085552.924 214268.117)	55	0	0	399	false	745	None
LINESTRING (3085552.924 214268.117, 3085515.294 214299.874)	55	0	0	400	false	745	None
LINESTRING (3085515.294 214299.874, 3085582.858 214351.04)	55	0	0	401	false	745	None
LINESTRING (3085582.858 214351.04, 3085527.045 214416.142)	55	0	0	402	false	745	None
LINESTRING (3085527.045 214416.142, 3085541.906 214431.308)	55	0	0	403	false	745	None
LINESTRING (3085541.906 214431.308, 3085553.897 214443.48)	55	0	0	404	false	745	None
LINESTRING (3085553.897 214443.48, 3085580.78 214465.603)	55	0	0	405	false	745	None
LINESTRING (3085580.78 214465.603, 3085611.426 214490.942)	55	0	0	406	false	745	None
LINESTRING (3085611.426 214490.942, 3085622.084 214538.959)	55	0	0	407	false	745	None
LINESTRING (3085622.084 214538.959, 3085531.147 214700.093)	55	0	0	408	false	745	None
LINESTRING (3085531.147 214700.093, 3085457.403 214701.101)	55	0	0	409	false	745	None
LINESTRING (3085457.403 214701.101, 3085433.267 214828.882)	55	0	0	410	false	745	None
LINESTRING (3085433.267 214828.882, 3085310.188 214908.034)	55	0	0	411	false	745	None
LINESTRING (3085310.188 214908.034, 3085280.519 214946.626)	55	0	0	412	false	745	None
LINESTRING (3085280.519 214946.626, 3085211.859 214916.071)	55	0	0	413	false	745	None
LINESTRING (3085211.859 214916.071, 3085182.949 214921.094)	55	0	0	414	false	745	None
LINESTRING (3085182.949 214921.094, 3085159.85 214925.243)	55	0	0	415	false	745	None
LINESTRING (3085159.85 214925.243, 3085178.228 215117.81)	55	0	0	416	false	745	None
LINESTRING (3085178.228 215117.81, 3085203.171 215152.974)	55	0	0	417	false	745	None
LINESTRING (3085203.171 215152.974, 3085285.666 215174.426)	55	0	0	418	false	745	None
LINESTRING (3085285.666 215174.426, 3085327.73 215316.62)	55	0	0	419	false	745	None
LINESTRING (3085327.73 215316.62, 3085355.741 215308.048)	55	0	0	420	false	745	None
LINESTRING (3085355.741 215308.048, 3085431.934 215206.398)	55	0	0	421	false	745	None
LINESTRING (3085431.934 215206.398, 3085595.267 215086.037)	55	0	0	422	false	745	None
LINESTRING (3085595.267 215086.037, 3085603.089 215092.463)	55	0	0	423	false	745	None
LINESTRING (3085603.089 215092.463, 3085636.103 215119.537)	55	0	0	424	false	745	None
LINESTRING (3085636.103 215119.537, 3085604.057 215189.774)	55	0	0	425	false	745	None
LINESTRING (3085604.057 215189.774, 3085481.977 215568.924)	55	0	0	426	false	745	None
LINESTRING (3085481.977 215568.924, 3085337.366 215583.438)	55	0	0	427	false	745	None
LINESTRING (3085337.366 215583.438, 3085217.63 215656.141)	55	0	0	428	false	745	None
LINESTRING (3085217.63 215656.141, 3084864.474 215827.854)	55	0	0	429	false	745	None
LINESTRING (3084864.474 215827.854, 3084773.744 215894.267)	55	0	0	430	false	745	None
LINESTRING (3084773.744 215894.267, 3084737.232 215778.069)	55	0	0	431	false	745	None
LINESTRING (3084737.232 215778.069, 3084687.401 215537.406)	55	0	0	432	false	745	None
LINESTRING (3084687.401 215537.406, 3084640.79 215313.177)	55	0	0	433	false	745	None
LINESTRING (3084640.79 215313.177, 3084610.404 215106.417)	55	0	0	434	false	745	None
LINESTRING (3084610.404 215106.417, 3084499.674 213763.432)	55	0	0	435	false	745	None
LINESTRING (3084499.674 213763.432, 3084476.735 213064.156)	55	0	0	436	false	745	None
LINESTRING (3084476.735 213064.156, 3084436.969 212519.684)	55	0	0	437	false	745	None
LINESTRING (3084436.969 212519.684, 3084379.341 212461.39)	55	0	0	438	false	745	None
LINESTRING (3084379.341 212461.39, 3084358.621 212406.104)	55	0	0	439	false	745	None
LINESTRING (3084358.621 212406.104, 3084349.61 212303.365)	55	0	0	440	false	745	None
LINESTRING (3084349.61 212303.365, 3084349.317 212150.492)	55	0	0	441	false	745	None
LINESTRING (3084349.317 212150.492, 3084365.725 211751.792)	55	0	0	442	false	745	None
LINESTRING (3084365.725 211751.792, 3084370.044 211643.321)	55	0	0	443	false	745	None
LINESTRING (3084370.044 211643.321, 3084265.031 210652.466)	55	0	0	444	false	745	None
LINESTRING (3084265.031 210652.466, 3084351.345 210106.493)	55	0	0	445	false	745	None
LINESTRING (3084351.345 210106.493, 3084323.547 209805.252)	55	0	0	446	false	745	None
LINESTRING (3084323.547 209805.252, 3084322.404 209576.637)	55	0	0	447	false	745	None
LINESTRING (3084322.404 209576.637, 3084376.482 208986.453)	55	0	0	448	false	745	None
LINESTRING (3084376.482 208986.453, 3084428.355 208732.409)	55	0	0	449	false	745	None
LINESTRING (3084428.355 208732.409, 3084424.474 208714.066)	55	0	0	450	false	745	None
LINESTRING (3084424.474 208714.066, 3084380.273 208504.94)	55	0	0	451	false	745	None
LINESTRING (3084380.273 208504.94, 3084375.064 208222.405)	55	0	0	452	false	745	None
LINESTRING (3084375.064 208222.405, 3084461.55 207967.64)	55	0	0	453	false	745	None
LINESTRING (3084461.55 207967.64, 3084600.231 207801.513)	55	0	0	454	false	745	None
LINESTRING (3084600.231 207801.513, 3084798.954 207804.217)	55	0	0	455	false	745	None
LINESTRING (3084798.954 207804.217, 3084920.071 207821.572)	55	0	0	456	false	745	None
LINESTRING (3084920.071 207821.572, 3084941.232 207784.49)	55	0	0	457	false	745	None
LINESTRING (3084941.232 207784.49, 3084824.497 207658.933)	55	0	0	458	false	745	None
LINESTRING (3084824.497 207658.933, 3084721.689 207560.297)	55	0	0	459	false	745	None
LINESTRING (3084721.689 207560.297, 3084775.416 207418.614)	55	0	0	460	false	745	None
LINESTRING (3084775.416 207418.614, 3084885.368 207390.739)	55	0	0	461	false	745	None
LINESTRING (3084885.368 207390.739, 3085085.694 207339.893)	55	0	0	462	false	745	None
LINESTRING (3085085.694 207339.893, 3085551.873 207357.944)	55	0	0	463	false	745	None
LINESTRING (3085551.873 207357.944, 3085616.232 207370.922)	55	0	0	464	false	745	None
LINESTRING (3085616.232 207370.922, 3085806.357 207369.54)	55	0	0	465	false	745	None
LINESTRING (3085806.357 207369.54, 3085987.968 207635.27)	55	0	0	466	false	745	None
LINESTRING (3085987.968 207635.27, 3086210.513 207994.994)	55	0	0	467	false	745	None
LINESTRING (3086210.513 207994.994, 3086498.114 208389.962)	55	0	0	468	false	745	None
LINESTRING (3086498.114 208389.962, 3086482.787 208439.717)	55	0	0	469	false	745	None
LINESTRING (3086482.787 208439.717, 3086454.186 208478.834)	55	0	0	470	false	745	None
LINESTRING (3086454.186 208478.834, 3086454.665 208630.233)	55	0	0	471	false	745	None
LINESTRING (3086454.665 208630.233, 3086459.729 208722.56)	55	0	0	472	false	745	None
LINESTRING (3086459.729 208722.56, 3086513.652 208997.543)	55	0	0	473	false	745	None
LINESTRING (3086513.652 208997.543, 3086630.39 209151.531)	55	0	0	474	false	745	None
LINESTRING (3086630.39 209151.531, 3086671.695 209292.588)	55	0	0	475	false	745	E:3086647.716 209210.69946827262
LINESTRING (3080069.275 217430.125, 3079833.422 217183.719)	55	1	0	450	false	1095	N:3079849.818361655 217200.849
LINESTRING (3079833.422 217183.719, 3079834.924 217175.145)	55	1	0	451	false	1095	None
LINESTRING (3079834.924 217175.145, 3079833 217138.065)	55	1	0	452	false	1095	None
LINESTRING (3079833 217138.065, 3079827.477 217025.141)	55	1	0	453	false	1095	None
LINESTRING (3079827.477 217025.141, 3079818.747 216975.377)	55	1	0	454	false	1095	None
LINESTRING (3079818.747 216975.377, 3079749.722 216608.22)	55	1	0	455	false	1095	None
LINESTRING (3079749.722 216608.22, 3079728.278 216580.82)	55	1	0	456	false	1095	None
LINESTRING (3079728.278 216580.82, 3079689.49 216510.358)	55	1	0	457	false	1095	None
LINESTRING (3079689.49 216510.358, 3079595.006 216096.23)	55	1	0	458	false	1095	None
LINESTRING (3079595.006 216096.23, 3079496.942 216010.945)	55	1	0	459	false	1095	None
LINESTRING (3079496.942 216010.945, 3079477.033 215951.23)	55	1	0	460	false	1095	None
LINESTRING (3079477.033 215951.23, 3079448.05 215874.761)	55	1	0	461	false	1095	None
LINESTRING (3079448.05 215874.761, 3079328.862 215556.606)	55	1	0	462	false	1095	None
LINESTRING (3079328.862 215556.606, 3079326.847 215445.973)	55	1	0	463	false	1095	None
LINESTRING (3079326.847 215445.973, 3079326.403 215290.329)	55	1	0	464	false	1095	None
LINESTRING (3079326.403 215290.329, 3079388.758 215051.551)	55	1	0	465	false	1095	None
LINESTRING (3079388.758 215051.551, 3079373.309 214856.945)	55	1	0	466	false	1095	None
LINESTRING (3079373.309 214856.945, 3079279.76 214570.763)	55	1	0	467	false	1095	None
LINESTRING (3079279.76 214570.763, 3079187.305 214300.441)	55	1	0	468	false	1095	None
LINESTRING (3079187.305 214300.441, 3079214.227 214099.266)	55	1	0	469	false	1095	None
LINESTRING (3079214.227 214099.266, 3079302.881 213671.434)	55	1	0	470	false	1095	None
LINESTRING (3079302.881 213671.434, 3079151.627 213442.545)	55	1	0	471	false	1095	None
LINESTRING (3079151.627 213442.545, 3079032.353 213185.32)	55	1	0	472	false	1095	None
LINESTRING (3079032.353 213185.32, 3079021.791 213058.263)	55	1	0	473	false	1095	None
LINESTRING (3079021.791 213058.263, 3079140.215 212827.506)	55	1	0	474	false	1095	None
LINESTRING (3079140.215 212827.506, 3079151.209 212649.141)	55	1	0	475	false	1095	None
LINESTRING (3079151.209 212649.141, 3079236.461 212308.862)	55	1	0	476	false	1095	None
LINESTRING (3079236.461 212308.862, 3079168.727 212150.573)	55	1	0	477	false	1095	None
LINESTRING (3079168.727 212150.573, 3079027.013 211983.406)	55	1	0	478	false	1095	None
LINESTRING (3079027.013 211983.406, 3078946.795 211835.815)	55	1	0	479	false	1095	None
LINESTRING (3078946.795 211835.815, 3078921.334 211585.051)	55	1	0	480	false	1095	None
LINESTRING (3078921.334 211585.051, 3078916.085 211430.328)	55	1	0	481	false	1095	None
LINESTRING (3078916.085 211430.328, 3078782.231 210856.676)	55	1	0	482	false	1095	None
LINESTRING (3078782.231 210856.676, 3078656.993 210704.221)	55	1	0	483	false	1095	None
LINESTRING (3078656.993 210704.221, 3078509.395 210433.781)	55	1	0	484	false	1095	None
LINESTRING (3078509.395 210433.781, 3078519.833 210365.899)	55	1	0	485	false	1095	None
LINESTRING (3078519.833 210365.899, 3078616.847 210191.135)	55	1	0	486	false	1095	None
LINESTRING (3078616.847 210191.135, 3078633.928 210160.336)	55	1	0	487	false	1095	None
LINESTRING (3078633.928 210160.336, 3078690.116 210118.506)	55	1	0	488	false	1095	None
LINESTRING (3078690.116 210118.506, 3078726.827 210091.128)	55	1	0	489	false	1095	None
LINESTRING (3078726.827 210091.128, 3078850.741 209947.25)	55	1	0	490	false	1095	None
LINESTRING (3078850.741 209947.25, 3078823.744 209520.988)	55	1	0	491	false	1095	None
LINESTRING (3078823.744 209520.988, 3079231.806 208818.5)	55	1	0	492	false	1095	None
LINESTRING (3079231.806 208818.5, 3079315.268 208675.048)	55	1	0	493	false	1095	None
LINESTRING (3079315.268 208675.048, 3079366.779 208586.078)	55	1	0	494	false	1095	None
LINESTRING (3079366.779 208586.078, 3080839.826 206050.836)	55	1	0	495	false	1095	None
LINESTRING (3080839.826 206050.836, 3081160.996 205498.008)	55	1	0	496	false	1095	None
LINESTRING (3081160.996 205498.008, 3081522.408 204876.163)	55	1	0	497	false	1095	None
LINESTRING (3081522.408 204876.163, 3081749.867 204484.742)	55	1	0	498	false	1095	None
LINESTRING (3081749.867 204484.742, 3081808.915 204383.205)	55	1	0	499	false	1095	None
LINESTRING (3081808.915 204383.205, 3082521.469 203157.252)	55	1	0	500	false	1095	None
LINESTRING (3082521.469 203157.252, 3082549.816 203109.719)	55	1	0	501	false	1095	None
LINESTRING (3082549.816 203109.719, 3083213.584 201996.351)	55	1	0	502	false	1095	None
LINESTRING (3083213.584 201996.351, 3083258.841 201920.57)	55	1	0	503	false	1095	None
LINESTRING (3083258.841 201920.57, 3083425.054 201641.74)	55	1	0	504	false	1095	None
LINESTRING (3083425.054 201641.74, 3083644.98 201272.89)	55	1	0	505	false	1095	S:3083503.9882646333 201509.355
LINESTRING (3086671.695 209292.588, 3086630.39 209151.531)	55	1	0	741	false	1095	E:3086647.716 209210.69946827262
LINESTRING (3086630.39 209151.531, 3086513.652 208997.543)	55	1	0	742	false	1095	None
LINESTRING (3086513.652 208997.543, 3086459.729 208722.56)	55	1	0	743	false	1095	None
LINESTRING (3086459.729 208722.56, 3086454.665 208630.233)	55	1	0	744	false	1095	None
LINESTRING (3086454.665 208630.233, 3086454.186 208478.834)	55	1	0	745	false	1095	None
LINESTRING (3086454.186 208478.834, 3086482.787 208439.717)	55	1	0	746	false	1095	None
LINESTRING (3086482.787 208439.717, 3086498.114 208389.962)	55	1	0	747	false	1095	None
LINESTRING (3086498.114 208389.962, 3086210.513 207994.994)	55	1	0	748	false	1095	None
LINESTRING (3086210.513 207994.994, 3085987.968 207635.27)	55	1	0	749	false	1095	None
LINESTRING (3085987.968 207635.27, 3085806.357 207369.54)	55	1	0	750	false	1095	None
LINESTRING (3085806.357 207369.54, 3085616.232 207370.922)	55	1	0	751	false	1095	None
LINESTRING (3085616.232 207370.922, 3085551.873 207357.944)	55	1	0	752	false	1095	None
LINESTRING (3085551.873 207357.944, 3085085.694 207339.893)	55	1	0	753	false	1095	None
LINESTRING (3085085.694 207339.893, 3084885.368 207390.739)	55	1	0	754	false	1095	None
LINESTRING (3084885.368 207390.739, 3084775.416 207418.614)	55	1	0	755	false	1095	None
LINESTRING (3084775.416 207418.614, 3084721.689 207560.297)	55	1	0	756	false	1095	None
LINESTRING (3084721.689 207560.297, 3084824.497 207658.933)	55	1	0	757	false	1095	None
LINESTRING (3084824.497 207658.933, 3084941.232 207784.49)	55	1	0	758	false	1095	None
LINESTRING (3084941.232 207784.49, 3084920.071 207821.572)	55	1	0	759	false	1095	None
LINESTRING (3084920.071 207821.572, 3084798.954 207804.217)	55	1	0	760	false	1095	None
LINESTRING (3084798.954 207804.217, 3084600.231 207801.513)	55	1	0	761	false	1095	None
LINESTRING (3084600.231 207801.513, 3084461.55 207967.64)	55	1	0	762	false	1095	None
LINESTRING (3084461.55 207967.64, 3084375.064 208222.405)	55	1	0	763	false	1095	None
LINESTRING (3084375.064 208222.405, 3084380.273 208504.94)	55	1	0	764	false	1095	None
LINESTRING (3084380.273 208504.94, 3084424.474 208714.066)	55	1	0	765	false	1095	None
LINESTRING (3084424.474 208714.066, 3084428.355 208732.409)	55	1	0	766	false	1095	None
LINESTRING (3084428.355 208732.409, 3084376.482 208986.453)	55	1	0	767	false	1095	None
LINESTRING (3084376.482 208986.453, 3084322.404 209576.637)	55	1	0	768	false	1095	None
LINESTRING (3084322.404 209576.637, 3084323.547 209805.252)	55	1	0	769	false	1095	None
LINESTRING (3084323.547 209805.252, 3084351.345 210106.493)	55	1	0	770	false	1095	None
LINESTRING (3084351.345 210106.493, 3084265.031 210652.466)	55	1	0	771	false	1095	None
LINESTRING (3084265.031 210652.466, 3084370.044 211643.321)	55	1	0	772	false	1095	None
LINESTRING (3084370.044 211643.321, 3084365.725 211751.792)	55	1	0	773	false	1095	None
LINESTRING (3084365.725 211751.792, 3084349.317 212150.492)	55	1	0	774	false	1095	None
LINESTRING (3084349.317 212150.492, 3084349.61 212303.365)	55	1	0	775	false	1095	None
LINESTRING (3084349.61 212303.365, 3084358.621 212406.104)	55	1	0	776	false	1095	None
LINESTRING (3084358.621 212406.104, 3084379.341 212461.39)	55	1	0	777	false	1095	None
LINESTRING (3084379.341 212461.39, 3084436.969 212519.684)	55	1	0	778	false	1095	None
LINESTRING (3084436.969 212519.684, 3084476.735 213064.156)	55	1	0	779	false	1095	None
LINESTRING (3084476.735 213064.156, 3084499.674 213763.432)	55	1	0	780	false	1095	None
LINESTRING (3084499.674 213763.432, 3084610.404 215106.417)	55	1	0	781	false	1095	None
LINESTRING (3084610.404 215106.417, 3084640.79 215313.177)	55	1	0	782	false	1095	None
LINESTRING (3084640.79 215313.177, 3084687.401 215537.406)	55	1	0	783	false	1095	None
LINESTRING (3084687.401 215537.406, 3084737.232 215778.069)	55	1	0	784	false	1095	None
LINESTRING (3084737.232 215778.069, 3084773.744 215894.267)	55	1	0	785	false	1095	None
LINESTRING (3084773.744 215894.267, 3084864.474 215827.854)	55	1	0	786	false	1095	None
LINESTRING (3084864.474 215827.854, 3085217.63 215656.141)	55	1	0	787	false	1095	None
LINESTRING (3085217.63 215656.141, 3085337.366 215583.438)	55	1	0	788	false	1095	None
LINESTRING (3085337.366 215583.438, 3085481.977 215568.924)	55	1	0	789	false	1095	None
LINESTRING (3085481.977 215568.924, 3085604.057 215189.774)	55	1	0	790	false	1095	None
LINESTRING (3085604.057 215189.774, 3085636.103 215119.537)	55	1	0	791	false	1095	None
LINESTRING (3085636.103 215119.537, 3085603.089 215092.463)	55	1	0	792	false	1095	None
LINESTRING (3085603.089 215092.463, 3085595.267 215086.037)	55	1	0	793	false	1095	None
LINESTRING (3085595.267 215086.037, 3085431.934 215206.398)	55	1	0	794	false	1095	None
LINESTRING (3085431.934 215206.398, 3085355.741 215308.048)	55	1	0	795	false	1095	None
LINESTRING (3085355.741 215308.048, 3085327.73 215316.62)	55	1	0	796	false	1095	None
LINESTRING (3085327.73 215316.62, 3085285.666 215174.426)	55	1	0	797	false	1095	None
LINESTRING (3085285.666 215174.426, 3085203.171 215152.974)	55	1	0	798	false	1095	None
LINESTRING (3085203.171 215152.974, 3085178.228 215117.81)	55	1	0	799	false	1095	None
LINESTRING (3085178.228 215117.81, 3085159.85 214925.243)	55	1	0	800	false	1095	None
LINESTRING (3085159.85 214925.243, 3085182.949 214921.094)	55	1	0	801	false	1095	None
LINESTRING (3085182.949 214921.094, 3085211.859 214916.071)	55	1	0	802	false	1095	None
LINESTRING (3085211.859 214916.071, 3085280.519 214946.626)	55	1	0	803	false	1095	None
LINESTRING (3085280.519 214946.626, 3085310.188 214908.034)	55	1	0	804	false	1095	None
LINESTRING (3085310.188 214908.034, 3085433.267 214828.882)	55	1	0	805	false	1095	None
LINESTRING (3085433.267 214828.882, 3085457.403 214701.101)	55	1	0	806	false	1095	None
LINESTRING (3085457.403 214701.101, 3085531.147 214700.093)	55	1	0	807	false	1095	None
LINESTRING (3085531.147 214700.093, 3085622.084 214538.959)	55	1	0	808	false	1095	None
LINESTRING (3085622.084 214538.959, 3085611.426 214490.942)	55	1	0	809	false	1095	None
LINESTRING (3085611.426 214490.942, 3085580.78 214465.603)	55	1	0	810	false	1095	None
LINESTRING (3085580.78 214465.603, 3085553.897 214443.48)	55	1	0	811	false	1095	None
LINESTRING (3085553.897 214443.48, 3085541.906 214431.308)	55	1	0	812	false	1095	None
LINESTRING (3085541.906 214431.308, 3085527.045 214416.142)	55	1	0	813	false	1095	None
LINESTRING (3085527.045 214416.142, 3085582.858 214351.04)	55	1	0	814	false	1095	None
LINESTRING (3085582.858 214351.04, 3085515.294 214299.874)	55	1	0	815	false	1095	None
LINESTRING (3085515.294 214299.874, 3085552.924 214268.117)	55	1	0	816	false	1095	None
LINESTRING (3085552.924 214268.117, 3085629.942 214240.557)	55	1	0	817	false	1095	None
LINESTRING (3085629.942 214240.557, 3085630.855 214187.326)	55	1	0	818	false	1095	None
LINESTRING (3085630.855 214187.326, 3085565.748 214190.557)	55	1	0	819	false	1095	None
LINESTRING (3085565.748 214190.557, 3085532.166 214145.449)	55	1	0	820	false	1095	None
LINESTRING (3085532.166 214145.449, 3085480.15 214073.24)	55	1	0	821	false	1095	None
LINESTRING (3085480.15 214073.24, 3085457.476 214061.632)	55	1	0	822	false	1095	None
LINESTRING (3085457.476 214061.632, 3085431.373 214048.242)	55	1	0	823	false	1095	None
LINESTRING (3085431.373 214048.242, 3085475.174 214010.045)	55	1	0	824	false	1095	None
LINESTRING (3085475.174 214010.045, 3085540.175 213993.23)	55	1	0	825	false	1095	None
LINESTRING (3085540.175 213993.23, 3085577.629 213983.502)	55	1	0	826	false	1095	None
LINESTRING (3085577.629 213983.502, 3085576.583 213945.682)	55	1	0	827	false	1095	None
LINESTRING (3085576.583 213945.682, 3085572.421 213803.32)	55	1	0	828	false	1095	None
LINESTRING (3085572.421 213803.32, 3085563.597 213496.787)	55	1	0	829	false	1095	None
LINESTRING (3085563.597 213496.787, 3085549.266 213449.154)	55	1	0	830	false	1095	None
LINESTRING (3085549.266 213449.154, 3085514.642 213334.867)	55	1	0	831	false	1095	None
LINESTRING (3085514.642 213334.867, 3085536.185 213221.308)	55	1	0	832	false	1095	None
LINESTRING (3085536.185 213221.308, 3085507.865 213172.385)	55	1	0	833	false	1095	None
LINESTRING (3085507.865 213172.385, 3085549.514 213086.681)	55	1	0	834	false	1095	None
LINESTRING (3085549.514 213086.681, 3085567.426 212957.483)	55	1	0	835	false	1095	None
LINESTRING (3085567.426 212957.483, 3085489.442 212906.155)	55	1	0	836	false	1095	None
LINESTRING (3085489.442 212906.155, 3085395.971 212852.849)	55	1	0	837	false	1095	None
LINESTRING (3085395.971 212852.849, 3085281.016 212800.983)	55	1	0	838	false	1095	None
LINESTRING (3085281.016 212800.983, 3085257.874 212748.214)	55	1	0	839	false	1095	None
LINESTRING (3085257.874 212748.214, 3085313.215 212743.159)	55	1	0	840	false	1095	None
LINESTRING (3085313.215 212743.159, 3085335.713 212721.08)	55	1	0	841	false	1095	None
LINESTRING (3085335.713 212721.08, 3085343.014 212566.815)	55	1	0	842	false	1095	None
LINESTRING (3085343.014 212566.815, 3085432.933 212469.442)	55	1	0	843	false	1095	None
LINESTRING (3085432.933 212469.442, 3085486.937 212488.706)	55	1	0	844	false	1095	None
LINESTRING (3085486.937 212488.706, 3085530.784 212518.713)	55	1	0	845	false	1095	None
LINESTRING (3085530.784 212518.713, 3085466.607 212623.753)	55	1	0	846	false	1095	None
LINESTRING (3085466.607 212623.753, 3085443.422 212713.64)	55	1	0	847	false	1095	None
LINESTRING (3085443.422 212713.64, 3085479.586 212756.876)	55	1	0	848	false	1095	None
LINESTRING (3085479.586 212756.876, 3085566.956 212785.882)	55	1	0	849	false	1095	None
LINESTRING (3085566.956 212785.882, 3085744.113 212999.846)	55	1	0	850	false	1095	None
LINESTRING (3085744.113 212999.846, 3085720.158 213043.466)	55	1	0	851	false	1095	None
LINESTRING (3085720.158 213043.466, 3085710.197 213121.997)	55	1	0	852	false	1095	None
LINESTRING (3085710.197 213121.997, 3085696.915 213151.982)	55	1	0	853	false	1095	None
LINESTRING (3085696.915 213151.982, 3085682.599 213184.424)	55	1	0	854	false	1095	None
LINESTRING (3085682.599 213184.424, 3085716.06 213568.296)	55	1	0	855	false	1095	None
LINESTRING (3085716.06 213568.296, 3085875.605 213806.332)	55	1	0	856	false	1095	None
LINESTRING (3085875.605 213806.332, 3085918.57 213709.487)	55	1	0	857	false	1095	None
LINESTRING (3085918.57 213709.487, 3085884.512 213601.946)	55	1	0	858	false	1095	None
LINESTRING (3085884.512 213601.946, 3085931.63 213499.08)	55	1	0	859	false	1095	None
LINESTRING (3085931.63 213499.08, 3085950.504 213337.339)	55	1	0	860	false	1095	None
LINESTRING (3085950.504 213337.339, 3085961.156 213244.933)	55	1	0	861	false	1095	None
LINESTRING (3085961.156 213244.933, 3085973.041 213073.284)	55	1	0	862	false	1095	None
LINESTRING (3085973.041 213073.284, 3085971.575 212924.347)	55	1	0	863	false	1095	None
LINESTRING (3085971.575 212924.347, 3086018.336 212855.797)	55	1	0	864	false	1095	None
LINESTRING (3086018.336 212855.797, 3086046.049 212883.462)	55	1	0	865	false	1095	None
LINESTRING (3086046.049 212883.462, 3086122.631 212936.162)	55	1	0	866	false	1095	None
LINESTRING (3086122.631 212936.162, 3086184.572 212948.715)	55	1	0	867	false	1095	None
LINESTRING (3086184.572 212948.715, 3086303.85 212872.157)	55	1	0	868	false	1095	None
LINESTRING (3086303.85 212872.157, 3086368.075 212817.865)	55	1	0	869	false	1095	None
LINESTRING (3086368.075 212817.865, 3086408.093 212878.97)	55	1	0	870	false	1095	None
LINESTRING (3086408.093 212878.97, 3086424.956 212940.756)	55	1	0	871	false	1095	None
LINESTRING (3086424.956 212940.756, 3086360.086 213012.146)	55	1	0	872	false	1095	None
LINESTRING (3086360.086 213012.146, 3086411.243 213082.011)	55	1	0	873	false	1095	None
LINESTRING (3086411.243 213082.011, 3086357.137 213157.503)	55	1	0	874	false	1095	None
LINESTRING (3086357.137 213157.503, 3086435.756 213237.714)	55	1	0	875	false	1095	None
LINESTRING (3086435.756 213237.714, 3086382.25 213318.306)	55	1	0	876	false	1095	None
LINESTRING (3086382.25 213318.306, 3086320.076 213411.632)	55	1	0	877	false	1095	None
LINESTRING (3086320.076 213411.632, 3086269.55 213483.38)	55	1	0	878	false	1095	None
LINESTRING (3086269.55 213483.38, 3086244.272 213517.11)	55	1	0	879	false	1095	None
LINESTRING (3086244.272 213517.11, 3086150.119 213809.122)	55	1	0	880	false	1095	None
LINESTRING (3086150.119 213809.122, 3086103.51 213979.186)	55	1	0	881	false	1095	None
LINESTRING (3086103.51 213979.186, 3086080.69 214096.063)	55	1	0	882	false	1095	None
LINESTRING (3086080.69 214096.063, 3086042.862 214141.167)	55	1	0	883	false	1095	None
LINESTRING (3086042.862 214141.167, 3085994.22 214194.625)	55	1	0	884	false	1095	None
LINESTRING (3085994.22 214194.625, 3085946.758 214244.732)	55	1	0	885	false	1095	None
LINESTRING (3085946.758 214244.732, 3085885.6 214301.261)	55	1	0	886	false	1095	None
LINESTRING (3085885.6 214301.261, 3085877.491 214343.078)	55	1	0	887	false	1095	None
LINESTRING (3085877.491 214343.078, 3085916.741 214426.702)	55	1	0	888	false	1095	None
LINESTRING (3085916.741 214426.702, 3086006.088 214602.955)	55	1	0	889	false	1095	None
LINESTRING (3086006.088 214602.955, 3086146.938 214850.162)	55	1	0	890	false	1095	None
LINESTRING (3086146.938 214850.162, 3086202.18 214809.675)	55	1	0	891	false	1095	None
LINESTRING (3086202.18 214809.675, 3086311.215 214699.399)	55	1	0	892	false	1095	None
LINESTRING (3086311.215 214699.399, 3086407.281 214557.449)	55	1	0	893	false	1095	None
LINESTRING (3086407.281 214557.449, 3086447.99 214512.493)	55	1	0	894	false	1095	None
LINESTRING (3086447.99 214512.493, 3086485.974 214561.186)	55	1	0	895	false	1095	None
LINESTRING (3086485.974 214561.186, 3086550.474 214621.411)	55	1	0	896	false	1095	None
LINESTRING (3086550.474 214621.411, 3086562.833 214633.131)	55	1	0	897	false	1095	None
LINESTRING (3086562.833 214633.131, 3086633.3 214666.405)	55	1	0	898	false	1095	None
LINESTRING (3086633.3 214666.405, 3086678.613 214680.469)	55	1	0	899	false	1095	E:3086647.716 214670.87935888162
LINESTRING (3086678.613 214680.469, 3086528.439 214885.313)	55	1	0	900	false	1095	E:3086647.716 214722.6138790601
LINESTRING (3086528.439 214885.313, 3086436.096 214928.172)	55	1	0	901	false	1095	None
LINESTRING (3086436.096 214928.172, 3086224.55 215296.627)	55	1	0	902	false	1095	None
LINESTRING (3086224.55 215296.627, 3086236.4 215394.881)	55	1	0	903	false	1095	None
LINESTRING (3086236.4 215394.881, 3086251.34 215438.831)	55	1	0	904	false	1095	None
LINESTRING (3086251.34 215438.831, 3086201.343 215602.854)	55	1	0	905	false	1095	None
LINESTRING (3086201.343 215602.854, 3086112.21 215924.469)	55	1	0	906	false	1095	None
LINESTRING (3086112.21 215924.469, 3086167.819 216015.166)	55	1	0	907	false	1095	None
LINESTRING (3086167.819 216015.166, 3086138.289 216117.015)	55	1	0	908	false	1095	None
LINESTRING (3086138.289 216117.015, 3086140.721 216191.721)	55	1	0	909	false	1095	None
LINESTRING (3086140.721 216191.721, 3086215.936 216227.639)	55	1	0	910	false	1095	None
LINESTRING (3086215.936 216227.639, 3086339.114 216145.686)	55	1	0	911	false	1095	None
LINESTRING (3086339.114 216145.686, 3086413.031 216172.437)	55	1	0	912	false	1095	None
LINESTRING (3086413.031 216172.437, 3086385.541 216233.005)	55	1	0	913	false	1095	None
LINESTRING (3086385.541 216233.005, 3086402.533 216319.797)	55	1	0	914	false	1095	None
LINESTRING (3086402.533 216319.797, 3086494.384 216298.734)	55	1	0	915	false	1095	None
LINESTRING (3086494.384 216298.734, 3086632.558 216148.721)	55	1	0	916	false	1095	None
LINESTRING (3086632.558 216148.721, 3086719.835 216022.67)	55	1	0	917	false	1095	E:3086647.716 216126.82885134706
LINESTRING (3086724.001 216136.177, 3086613.745 216412.554)	55	1	0	919	false	1095	E:3086647.716 216327.39942277092
LINESTRING (3086613.745 216412.554, 3086642.272 216552.458)	55	1	0	920	false	1095	None
LINESTRING (3086642.272 216552.458, 3086766.231 216651.638)	55	1	0	921	false	1095	E:3086647.716 216556.81376214727
LINESTRING (3086667.107 216911.112, 3086512.369 216967.839)	55	1	0	935	false	1095	E:3086647.716 216918.22074676544
LINESTRING (3086512.369 216967.839, 3086372.355 217120.121)	55	1	0	936	false	1095	None
LINESTRING (3086372.355 217120.121, 3086281.468 217222.817)	55	1	0	937	false	1095	N:3086300.9099024693 217200.849
LINESTRING (3075494.205 215341.39, 3075498.672 215333.23)	55	2	0	0	false	518	None
LINESTRING (3075498.672 215333.23, 3075730.505 214925.357)	55	2	0	1	false	518	None
LINESTRING (3075730.505 214925.357, 3075818.281 214770.942)	55	2	0	2	false	518	None
LINESTRING (3075818.281 214770.942, 3075849.646 214717.183)	55	2	0	3	false	518	None
LINESTRING (3075849.646 214717.183, 3075921.937 214588.358)	55	2	0	4	false	518	None
LINESTRING (3075921.937 214588.358, 3076030.983 214397.252)	55	2	0	5	false	518	None
LINESTRING (3076030.983 214397.252, 3076065.332 214336.67)	55	2	0	6	false	518	None
LINESTRING (3076065.332 214336.67, 3076309.06 213907.313)	55	2	0	7	false	518	None
LINESTRING (3076309.06 213907.313, 3076315.111 213896.786)	55	2	0	8	false	518	None
LINESTRING (3076315.111 213896.786, 3076362.261 213814.346)	55	2	0	9	false	518	None
LINESTRING (3076362.261 213814.346, 3076626.156 213352.514)	55	2	0	10	false	518	None
LINESTRING (3076626.156 213352.514, 3076760.587 213117.258)	55	2	0	11	false	518	None
LINESTRING (3076760.587 213117.258, 3077091.573 212538.053)	55	2	0	12	false	518	None
LINESTRING (3077091.573 212538.053, 3077519.019 211790.168)	55	2	0	13	false	518	None
LINESTRING (3077519.019 211790.168, 3077752.294 211382.033)	55	2	0	14	false	518	None
LINESTRING (3077752.294 211382.033, 3078170.665 210650.427)	55	2	0	15	false	518	None
LINESTRING (3078170.665 210650.427, 3078183.612 210627.676)	55	2	0	16	false	518	None
LINESTRING (3078183.612 210627.676, 3078220.323 210563.482)	55	2	0	17	false	518	None
LINESTRING (3078220.323 210563.482, 3078262.521 210489.735)	55	2	0	18	false	518	None
LINESTRING (3078262.521 210489.735, 3078350.797 210338.727)	55	2	0	19	false	518	None
LINESTRING (3078350.797 210338.727, 3078363.482 210320.27)	55	2	0	20	false	518	None
LINESTRING (3078363.482 210320.27, 3078504.316 210070.831)	55	2	0	21	false	518	None
LINESTRING (3078504.316 210070.831, 3078528.416 210029.279)	55	2	0	22	false	518	None
LINESTRING (3078528.416 210029.279, 3078823.744 209520.988)	55	2	0	23	false	518	None
LINESTRING (3078823.744 209520.988, 3078850.741 209947.25)	55	2	0	24	false	518	None
LINESTRING (3078850.741 209947.25, 3078726.827 210091.128)	55	2	0	25	false	518	None
LINESTRING (3078726.827 210091.128, 3078690.116 210118.506)	55	2	0	26	false	518	None
LINESTRING (3078690.116 210118.506, 3078633.928 210160.336)	55	2	0	27	false	518	None
LINESTRING (3078633.928 210160.336, 3078616.847 210191.135)	55	2	0	28	false	518	None
LINESTRING (3078616.847 210191.135, 3078519.833 210365.899)	55	2	0	29	false	518	None
LINESTRING (3078519.833 210365.899, 3078509.395 210433.781)	55	2	0	30	false	518	None
LINESTRING (3078509.395 210433.781, 3078656.993 210704.221)	55	2	0	31	false	518	None
LINESTRING (3078656.993 210704.221, 3078782.231 210856.676)	55	2	0	32	false	518	None
LINESTRING (3078782.231 210856.676, 3078916.085 211430.328)	55	2	0	33	false	518	None
LINESTRING (3078916.085 211430.328, 3078921.334 211585.051)	55	2	0	34	false	518	None
LINESTRING (3078921.334 211585.051, 3078946.795 211835.815)	55	2	0	35	false	518	None
LINESTRING (3078946.795 211835.815, 3079027.013 211983.406)	55	2	0	36	false	518	None
LINESTRING (3079027.013 211983.406, 3079168.727 212150.573)	55	2	0	37	false	518	None
LINESTRING (3079168.727 212150.573, 3079236.461 212308.862)	55	2	0	38	false	518	None
LINESTRING (3079236.461 212308.862, 3079151.209 212649.141)	55	2	0	39	false	518	None
LINESTRING (3079151.209 212649.141, 3079140.215 212827.506)	55	2	0	40	false	518	None
LINESTRING (3079140.215 212827.506, 3079021.791 213058.263)	55	2	0	41	false	518	None
LINESTRING (3079021.791 213058.263, 3079032.353 213185.32)	55	2	0	42	false	518	None
LINESTRING (3079032.353 213185.32, 3079151.627 213442.545)	55	2	0	43	false	518	None
LINESTRING (3079151.627 213442.545, 3079302.881 213671.434)	55	2	0	44	false	518	None
LINESTRING (3079302.881 213671.434, 3079214.227 214099.266)	55	2	0	45	false	518	None
LINESTRING (3079214.227 214099.266, 3079187.305 214300.441)	55	2	0	46	false	518	None
LINESTRING (3079187.305 214300.441, 3079279.76 214570.763)	55	2	0	47	false	518	None
LINESTRING (3079279.76 214570.763, 3079373.309 214856.945)	55	2	0	48	false	518	None
LINESTRING (3079373.309 214856.945, 3079388.758 215051.551)	55	2	0	49	false	518	None
LINESTRING (3079388.758 215051.551, 3079326.403 215290.329)	55	2	0	50	false	518	None
LINESTRING (3079326.403 215290.329, 3079326.847 215445.973)	55	2	0	51	false	518	None
LINESTRING (3079326.847 215445.973, 3079328.862 215556.606)	55	2	0	52	false	518	None
LINESTRING (3079328.862 215556.606, 3079448.05 215874.761)	55	2	0	53	false	518	None
LINESTRING (3079448.05 215874.761, 3079477.033 215951.23)	55	2	0	54	false	518	None
LINESTRING (3079477.033 215951.23, 3079496.942 216010.945)	55	2	0	55	false	518	None
LINESTRING (3079496.942 216010.945, 3079595.006 216096.23)	55	2	0	56	false	518	None
LINESTRING (3079595.006 216096.23, 3079689.49 216510.358)	55	2	0	57	false	518	None
LINESTRING (3079689.49 216510.358, 3079728.278 216580.82)	55	2	0	58	false	518	None
LINESTRING (3079728.278 216580.82, 3079749.722 216608.22)	55	2	0	59	false	518	None
LINESTRING (3079749.722 216608.22, 3079818.747 216975.377)	55	2	0	60	false	518	None
LINESTRING (3079818.747 216975.377, 3079827.477 217025.141)	55	2	0	61	false	518	None
LINESTRING (3079827.477 217025.141, 3079833 217138.065)	55	2	0	62	false	518	None
LINESTRING (3079833 217138.065, 3079834.924 217175.145)	55	2	0	63	false	518	None
LINESTRING (3079834.924 217175.145, 3079833.422 217183.719)	55	2	0	64	false	518	None
LINESTRING (3079833.422 217183.719, 3080069.275 217430.125)	55	2	0	65	false	518	N:3079849.818361655 217200.849
LINESTRING (3074218.423 217571.882, 3074564.331 216973.367)	55	2	0	512	false	518	N:3074432.8592012045 217200.849
LINESTRING (3074564.331 216973.367, 3075063.951 216114.255)	55	2	0	513	false	518	None
LINESTRING (3075063.951 216114.255, 3075154.046 215952.168)	55	2	0	514	false	518	None
LINESTRING (3075154.046 215952.168, 3075157.186 215946.473)	55	2	0	515	false	518	None
LINESTRING (3075157.186 215946.473, 3075358.94 215584.056)	55	2	0	516	false	518	None
LINESTRING (3075358.94 215584.056, 3075472.695 215380.01)	55	2	0	517	false	518	None
LINESTRING (3075472.695 215380.01, 3075494.205 215341.39)	55	2	0	518	false	518	None
