LINESTRING (3114923.678 240616.538, 3114786.745 240823.608)	31	1203	0	617	false	707	S:3114843.2970659393 240738.09
LINESTRING (3114786.745 240823.608, 3114721.31 241123.722)	31	1203	0	618	false	707	None
LINESTRING (3114721.31 241123.722, 3114714.463 241228.662)	31	1203	0	619	false	707	None
LINESTRING (3114714.463 241228.662, 3114693.516 241314.119)	31	1203	0	620	false	707	None
LINESTRING (3114693.516 241314.119, 3114689.732 241353.835)	31	1203	0	621	false	707	None
LINESTRING (3114689.732 241353.835, 3114678.007 241473.436)	31	1203	0	622	false	707	None
LINESTRING (3114678.007 241473.436, 3114622.423 241721.896)	31	1203	0	623	false	707	None
LINESTRING (3114622.423 241721.896, 3114614.229 241866.304)	31	1203	0	624	false	707	None
LINESTRING (3114614.229 241866.304, 3114622.17 241972.192)	31	1203	0	625	false	707	None
LINESTRING (3114622.17 241972.192, 3114629.08 242065.544)	31	1203	0	626	false	707	None
LINESTRING (3114629.08 242065.544, 3114603.441 242152.761)	31	1203	0	627	false	707	None
LINESTRING (3114603.441 242152.761, 3114564.348 242228.716)	31	1203	0	628	false	707	None
LINESTRING (3114564.348 242228.716, 3114556.587 242297.483)	31	1203	0	629	false	707	None
LINESTRING (3114556.587 242297.483, 3114556.223 242300.199)	31	1203	0	630	false	707	None
LINESTRING (3114556.223 242300.199, 3114553.069 242502.489)	31	1203	0	631	false	707	None
LINESTRING (3114553.069 242502.489, 3114551.924 242570.835)	31	1203	0	632	false	707	None
LINESTRING (3114551.924 242570.835, 3114411.564 242704.94)	31	1203	0	633	false	707	None
LINESTRING (3114411.564 242704.94, 3114379.679 242735.359)	31	1203	0	634	false	707	None
LINESTRING (3114379.679 242735.359, 3114291.387 242819.7)	31	1203	0	635	false	707	None
LINESTRING (3114291.387 242819.7, 3114103.371 243043.358)	31	1203	0	636	false	707	None
LINESTRING (3114103.371 243043.358, 3114022.354 243147.883)	31	1203	0	637	false	707	None
LINESTRING (3114022.354 243147.883, 3114002.89 243172.981)	31	1203	0	638	false	707	None
LINESTRING (3114002.89 243172.981, 3113895.461 243299.328)	31	1203	0	639	false	707	None
LINESTRING (3113895.461 243299.328, 3113684.143 243214.691)	31	1203	0	640	false	707	None
LINESTRING (3113684.143 243214.691, 3113055.839 242963.119)	31	1203	0	641	false	707	None
LINESTRING (3113055.839 242963.119, 3113050.006 242960.75)	31	1203	0	642	false	707	None
LINESTRING (3113050.006 242960.75, 3112849.239 242880.447)	31	1203	0	643	false	707	None
LINESTRING (3112849.239 242880.447, 3112838.554 242876.207)	31	1203	0	644	false	707	None
LINESTRING (3112838.554 242876.207, 3112750.854 242842.973)	31	1203	0	645	false	707	None
LINESTRING (3112750.854 242842.973, 3112487.5 242743.419)	31	1203	0	646	false	707	None
LINESTRING (3112487.5 242743.419, 3112422.696 242719.02)	31	1203	0	647	false	707	None
LINESTRING (3112422.696 242719.02, 3112408.781 242713.772)	31	1203	0	648	false	707	None
LINESTRING (3112408.781 242713.772, 3112399.634 242710.363)	31	1203	0	649	false	707	None
LINESTRING (3112399.634 242710.363, 3112385.249 242704.815)	31	1203	0	650	false	707	None
LINESTRING (3112385.249 242704.815, 3112341.888 242688.449)	31	1203	0	651	false	707	None
LINESTRING (3112341.888 242688.449, 3112334.188 242685.598)	31	1203	0	652	false	707	None
LINESTRING (3112334.188 242685.598, 3112327.378 242682.972)	31	1203	0	653	false	707	None
LINESTRING (3112327.378 242682.972, 3112327.038 242682.841)	31	1203	0	654	false	707	None
LINESTRING (3112327.038 242682.841, 3112325.846 242682.381)	31	1203	0	655	false	707	None
LINESTRING (3112325.846 242682.381, 3112325.42 242682.217)	31	1203	0	656	false	707	None
LINESTRING (3112325.42 242682.217, 3112276.993 242663.778)	31	1203	0	657	false	707	W:3112314.717 242678.14173997988
LINESTRING (3120875.787 246092.623, 3120446.91 245915.994)	31	1627	0	316	false	712	E:3120870.383 246090.39741290623
LINESTRING (3120446.91 245915.994, 3120303.892 245857.101)	31	1627	0	317	false	712	None
LINESTRING (3120303.892 245857.101, 3120274.062 245845.206)	31	1627	0	318	false	712	None
LINESTRING (3120274.062 245845.206, 3120184.151 245809.595)	31	1627	0	319	false	712	None
LINESTRING (3120184.151 245809.595, 3120154.196 245797.771)	31	1627	0	320	false	712	None
LINESTRING (3120154.196 245797.771, 3120109.005 245779.816)	31	1627	0	321	false	712	None
LINESTRING (3120109.005 245779.816, 3119928.792 245706.068)	31	1627	0	322	false	712	None
LINESTRING (3119928.792 245706.068, 3119886.013 245688.452)	31	1627	0	323	false	712	None
LINESTRING (3119886.013 245688.452, 3119371.994 245477.534)	31	1627	0	324	false	712	None
LINESTRING (3119371.994 245477.534, 3119211.989 245411.976)	31	1627	0	325	false	712	None
LINESTRING (3119211.989 245411.976, 3119171.892 245395.52)	31	1627	0	326	false	712	None
LINESTRING (3119171.892 245395.52, 3119131.794 245379.064)	31	1627	0	327	false	712	None
LINESTRING (3119131.794 245379.064, 3119082.076 245358.651)	31	1627	0	328	false	712	None
LINESTRING (3119082.076 245358.651, 3118813.993 245248.817)	31	1627	0	329	false	712	None
LINESTRING (3118813.993 245248.817, 3118804.032 245244.728)	31	1627	0	330	false	712	None
LINESTRING (3118804.032 245244.728, 3118612.654 245168.484)	31	1627	0	331	false	712	None
LINESTRING (3118612.654 245168.484, 3118399.445 245083.688)	31	1627	0	332	false	712	None
LINESTRING (3118399.445 245083.688, 3118008.299 244928.104)	31	1627	0	333	false	712	None
LINESTRING (3118008.299 244928.104, 3117867.521 244872.269)	31	1627	0	334	false	712	None
LINESTRING (3117867.521 244872.269, 3117806.827 244847.862)	31	1627	0	335	false	712	None
LINESTRING (3117806.827 244847.862, 3117790.829 244841.679)	31	1627	0	336	false	712	None
LINESTRING (3117790.829 244841.679, 3117679.337 244795.857)	31	1627	0	337	false	712	None
LINESTRING (3117679.337 244795.857, 3117353.371 244661.927)	31	1627	0	338	false	712	None
LINESTRING (3117353.371 244661.927, 3117297.091 244638.753)	31	1627	0	339	false	712	None
LINESTRING (3117297.091 244638.753, 3117169.632 244586.412)	31	1627	0	340	false	712	None
LINESTRING (3117169.632 244586.412, 3117157.524 244584.591)	31	1627	0	341	false	712	None
LINESTRING (3117157.524 244584.591, 3117046.263 244537.916)	31	1627	0	342	false	712	None
LINESTRING (3117046.263 244537.916, 3116939.232 244493.709)	31	1627	0	343	false	712	None
LINESTRING (3116939.232 244493.709, 3116761.656 244420.468)	31	1627	0	344	false	712	None
LINESTRING (3116761.656 244420.468, 3116618.134 244361.099)	31	1627	0	345	false	712	None
LINESTRING (3116618.134 244361.099, 3116511.06 244317.002)	31	1627	0	346	false	712	None
LINESTRING (3116511.06 244317.002, 3116502.034 244313.278)	31	1627	0	347	false	712	None
LINESTRING (3116502.034 244313.278, 3116450.578 244292.807)	31	1627	0	348	false	712	None
LINESTRING (3116450.578 244292.807, 3116411.891 244277.507)	31	1627	0	349	false	712	None
LINESTRING (3116411.891 244277.507, 3116268.888 244220.846)	31	1627	0	350	false	712	None
LINESTRING (3116268.888 244220.846, 3116208.239 244196.827)	31	1627	0	351	false	712	None
LINESTRING (3116208.239 244196.827, 3116187.85 244188.595)	31	1627	0	352	false	712	None
LINESTRING (3116187.85 244188.595, 3116128.522 244165.206)	31	1627	0	353	false	712	None
LINESTRING (3116128.522 244165.206, 3116126.52 244164.314)	31	1627	0	354	false	712	None
LINESTRING (3116126.52 244164.314, 3116105.965 244156.256)	31	1627	0	355	false	712	None
LINESTRING (3116105.965 244156.256, 3116072.679 244142.925)	31	1627	0	356	false	712	None
LINESTRING (3116072.679 244142.925, 3115972.662 244103.347)	31	1627	0	357	false	712	None
LINESTRING (3115972.662 244103.347, 3115939.211 244090.191)	31	1627	0	358	false	712	None
LINESTRING (3115939.211 244090.191, 3115938.87 244090.059)	31	1627	0	359	false	712	None
LINESTRING (3115938.87 244090.059, 3115878.021 244066.561)	31	1627	0	360	false	712	None
LINESTRING (3115878.021 244066.561, 3115694.364 243995.64)	31	1627	0	361	false	712	None
LINESTRING (3115694.364 243995.64, 3115633.088 243971.979)	31	1627	0	362	false	712	None
LINESTRING (3115633.088 243971.979, 3115605.494 243960.372)	31	1627	0	363	false	712	None
LINESTRING (3115605.494 243960.372, 3115558.485 243940.792)	31	1627	0	364	false	712	None
LINESTRING (3115558.485 243940.792, 3115522.419 243925.795)	31	1627	0	365	false	712	None
LINESTRING (3115522.419 243925.795, 3115494.659 243914.362)	31	1627	0	366	false	712	None
LINESTRING (3115494.659 243914.362, 3115483.349 243908.448)	31	1627	0	367	false	712	None
LINESTRING (3115483.349 243908.448, 3115480.03 243907.166)	31	1627	0	368	false	712	None
LINESTRING (3115480.03 243907.166, 3115402.674 243877.536)	31	1627	0	369	false	712	None
LINESTRING (3115402.674 243877.536, 3115175.318 243790.114)	31	1627	0	370	false	712	None
LINESTRING (3115175.318 243790.114, 3115116.174 243767.518)	31	1627	0	371	false	712	None
LINESTRING (3115116.174 243767.518, 3114235.337 243429.658)	31	1627	0	372	false	712	None
LINESTRING (3114235.337 243429.658, 3114215.506 243422.004)	31	1627	0	373	false	712	None
LINESTRING (3114215.506 243422.004, 3113895.461 243299.328)	31	1627	0	374	false	712	None
LINESTRING (3113895.461 243299.328, 3114002.89 243172.981)	31	1627	0	375	false	712	None
LINESTRING (3114002.89 243172.981, 3114022.354 243147.883)	31	1627	0	376	false	712	None
LINESTRING (3114022.354 243147.883, 3114103.371 243043.358)	31	1627	0	377	false	712	None
LINESTRING (3114103.371 243043.358, 3114291.387 242819.7)	31	1627	0	378	false	712	None
LINESTRING (3114291.387 242819.7, 3114379.679 242735.359)	31	1627	0	379	false	712	None
LINESTRING (3114379.679 242735.359, 3114411.564 242704.94)	31	1627	0	380	false	712	None
LINESTRING (3114411.564 242704.94, 3114551.924 242570.835)	31	1627	0	381	false	712	None
LINESTRING (3114551.924 242570.835, 3114553.069 242502.489)	31	1627	0	382	false	712	None
LINESTRING (3114553.069 242502.489, 3114556.223 242300.199)	31	1627	0	383	false	712	None
LINESTRING (3114556.223 242300.199, 3114556.587 242297.483)	31	1627	0	384	false	712	None
LINESTRING (3114556.587 242297.483, 3114564.348 242228.716)	31	1627	0	385	false	712	None
LINESTRING (3114564.348 242228.716, 3114603.441 242152.761)	31	1627	0	386	false	712	None
LINESTRING (3114603.441 242152.761, 3114629.08 242065.544)	31	1627	0	387	false	712	None
LINESTRING (3114629.08 242065.544, 3114622.17 241972.192)	31	1627	0	388	false	712	None
LINESTRING (3114622.17 241972.192, 3114614.229 241866.304)	31	1627	0	389	false	712	None
LINESTRING (3114614.229 241866.304, 3114622.423 241721.896)	31	1627	0	390	false	712	None
LINESTRING (3114622.423 241721.896, 3114678.007 241473.436)	31	1627	0	391	false	712	None
LINESTRING (3114678.007 241473.436, 3114689.732 241353.835)	31	1627	0	392	false	712	None
LINESTRING (3114689.732 241353.835, 3114693.516 241314.119)	31	1627	0	393	false	712	None
LINESTRING (3114693.516 241314.119, 3114714.463 241228.662)	31	1627	0	394	false	712	None
LINESTRING (3114714.463 241228.662, 3114721.31 241123.722)	31	1627	0	395	false	712	None
LINESTRING (3114721.31 241123.722, 3114786.745 240823.608)	31	1627	0	396	false	712	None
LINESTRING (3114786.745 240823.608, 3114923.678 240616.538)	31	1627	0	397	false	712	S:3114843.2970659393 240738.09
