LINESTRING (3090110.898 232677.458, 3090186.608 232899.935)	20	0	0	123	false	745	S:3090184.024405651 232892.343
LINESTRING (3090186.608 232899.935, 3090188.533 232906.139)	20	0	0	124	false	745	None
LINESTRING (3090188.533 232906.139, 3090206.686 232969.784)	20	0	0	125	false	745	None
LINESTRING (3090206.686 232969.784, 3090294.966 233237.014)	20	0	0	126	false	745	None
LINESTRING (3090294.966 233237.014, 3090286.42 233270.596)	20	0	0	127	false	745	None
LINESTRING (3090286.42 233270.596, 3090286.154 233271.802)	20	0	0	128	false	745	None
LINESTRING (3090286.154 233271.802, 3090284.575 233277.974)	20	0	0	129	false	745	None
LINESTRING (3090284.575 233277.974, 3090283.878 233280.56)	20	0	0	130	false	745	None
LINESTRING (3090283.878 233280.56, 3090283.029 233283.802)	20	0	0	131	false	745	None
LINESTRING (3090283.029 233283.802, 3090280.335 233294.421)	20	0	0	132	false	745	None
LINESTRING (3090280.335 233294.421, 3090277.488 233305.695)	20	0	0	133	false	745	None
LINESTRING (3090277.488 233305.695, 3090271.291 233330.071)	20	0	0	134	false	745	None
LINESTRING (3090271.291 233330.071, 3090268.245 233341.863)	20	0	0	135	false	745	None
LINESTRING (3090268.245 233341.863, 3090259.778 233375.237)	20	0	0	136	false	745	None
LINESTRING (3090259.778 233375.237, 3090259.506 233376.203)	20	0	0	137	false	745	None
LINESTRING (3090259.506 233376.203, 3090259.393 233376.754)	20	0	0	138	false	745	None
LINESTRING (3090259.393 233376.754, 3090259.241 233377.409)	20	0	0	139	false	745	None
LINESTRING (3090259.241 233377.409, 3090259.088 233378.064)	20	0	0	140	false	745	None
LINESTRING (3090259.088 233378.064, 3090257.894 233382.719)	20	0	0	141	false	745	None
LINESTRING (3090257.894 233382.719, 3090228.207 233499.152)	20	0	0	142	false	745	None
LINESTRING (3090228.207 233499.152, 3090225.778 233508.566)	20	0	0	143	false	745	None
LINESTRING (3090225.778 233508.566, 3090154.981 233786.872)	20	0	0	144	false	745	None
LINESTRING (3090154.981 233786.872, 3090140.751 233781.429)	20	0	0	145	false	745	None
LINESTRING (3090140.751 233781.429, 3090097.803 233765.002)	20	0	0	146	false	745	None
LINESTRING (3090097.803 233765.002, 3090083.488 233759.527)	20	0	0	147	false	745	None
LINESTRING (3090083.488 233759.527, 3090075.981 233754.635)	20	0	0	148	false	745	None
LINESTRING (3090075.981 233754.635, 3090053.548 233739.992)	20	0	0	149	false	745	None
LINESTRING (3090053.548 233739.992, 3090045.917 233735.171)	20	0	0	150	false	745	None
LINESTRING (3090045.917 233735.171, 3090047.911 233623.718)	20	0	0	151	false	745	None
LINESTRING (3090047.911 233623.718, 3090048.942 233555.641)	20	0	0	152	false	745	None
LINESTRING (3090048.942 233555.641, 3090056.953 233469.313)	20	0	0	153	false	745	None
LINESTRING (3090056.953 233469.313, 3090043.457 233414.7)	20	0	0	154	false	745	None
LINESTRING (3090043.457 233414.7, 3090041.502 233362.6)	20	0	0	155	false	745	None
LINESTRING (3090041.502 233362.6, 3090043.381 233329.083)	20	0	0	156	false	745	None
LINESTRING (3090043.381 233329.083, 3090042.815 233306.044)	20	0	0	157	false	745	None
LINESTRING (3090042.815 233306.044, 3090036.889 233284.758)	20	0	0	158	false	745	None
LINESTRING (3090036.889 233284.758, 3090027.251 233277.267)	20	0	0	159	false	745	None
LINESTRING (3090027.251 233277.267, 3090018.598 233254.939)	20	0	0	160	false	745	None
LINESTRING (3090018.598 233254.939, 3090021.934 233225.783)	20	0	0	161	false	745	None
LINESTRING (3090021.934 233225.783, 3090025.459 233204.308)	20	0	0	162	false	745	None
LINESTRING (3090025.459 233204.308, 3090022.165 233180.225)	20	0	0	163	false	745	None
LINESTRING (3090022.165 233180.225, 3090005.332 233154.768)	20	0	0	164	false	745	None
LINESTRING (3090005.332 233154.768, 3089984.313 233123.906)	20	0	0	165	false	745	None
LINESTRING (3089984.313 233123.906, 3089973.567 233098.875)	20	0	0	166	false	745	None
LINESTRING (3089973.567 233098.875, 3089972.366 233077.494)	20	0	0	167	false	745	None
LINESTRING (3089972.366 233077.494, 3089968.344 233051.231)	20	0	0	168	false	745	None
LINESTRING (3089968.344 233051.231, 3089952.333 233031.794)	20	0	0	169	false	745	None
LINESTRING (3089952.333 233031.794, 3089935.97 233025.537)	20	0	0	170	false	745	None
LINESTRING (3089935.97 233025.537, 3089931.502 233008.612)	20	0	0	171	false	745	None
LINESTRING (3089931.502 233008.612, 3089928.465 232967.51)	20	0	0	172	false	745	None
LINESTRING (3089928.465 232967.51, 3089927.615 232932.951)	20	0	0	173	false	745	None
LINESTRING (3089927.615 232932.951, 3089916.329 232913.419)	20	0	0	174	false	745	None
LINESTRING (3089916.329 232913.419, 3089906.406 232894.409)	20	0	0	175	false	745	None
LINESTRING (3089906.406 232894.409, 3089902.666 232879.665)	20	0	0	176	false	745	S:3089905.881933261 232892.343
LINESTRING (3089902.666 232879.665, 3089906.406 232894.409)	20	1	0	1040	false	1095	S:3089905.881933261 232892.343
LINESTRING (3089906.406 232894.409, 3089916.329 232913.419)	20	1	0	1041	false	1095	None
LINESTRING (3089916.329 232913.419, 3089927.615 232932.951)	20	1	0	1042	false	1095	None
LINESTRING (3089927.615 232932.951, 3089928.465 232967.51)	20	1	0	1043	false	1095	None
LINESTRING (3089928.465 232967.51, 3089931.502 233008.612)	20	1	0	1044	false	1095	None
LINESTRING (3089931.502 233008.612, 3089935.97 233025.537)	20	1	0	1045	false	1095	None
LINESTRING (3089935.97 233025.537, 3089952.333 233031.794)	20	1	0	1046	false	1095	None
LINESTRING (3089952.333 233031.794, 3089968.344 233051.231)	20	1	0	1047	false	1095	None
LINESTRING (3089968.344 233051.231, 3089972.366 233077.494)	20	1	0	1048	false	1095	None
LINESTRING (3089972.366 233077.494, 3089973.567 233098.875)	20	1	0	1049	false	1095	None
LINESTRING (3089973.567 233098.875, 3089984.313 233123.906)	20	1	0	1050	false	1095	None
LINESTRING (3089984.313 233123.906, 3090005.332 233154.768)	20	1	0	1051	false	1095	None
LINESTRING (3090005.332 233154.768, 3090022.165 233180.225)	20	1	0	1052	false	1095	None
LINESTRING (3090022.165 233180.225, 3090025.459 233204.308)	20	1	0	1053	false	1095	None
LINESTRING (3090025.459 233204.308, 3090021.934 233225.783)	20	1	0	1054	false	1095	None
LINESTRING (3090021.934 233225.783, 3090018.598 233254.939)	20	1	0	1055	false	1095	None
LINESTRING (3090018.598 233254.939, 3090027.251 233277.267)	20	1	0	1056	false	1095	None
LINESTRING (3090027.251 233277.267, 3090036.889 233284.758)	20	1	0	1057	false	1095	None
LINESTRING (3090036.889 233284.758, 3090042.815 233306.044)	20	1	0	1058	false	1095	None
LINESTRING (3090042.815 233306.044, 3090043.381 233329.083)	20	1	0	1059	false	1095	None
LINESTRING (3090043.381 233329.083, 3090041.502 233362.6)	20	1	0	1060	false	1095	None
LINESTRING (3090041.502 233362.6, 3090043.457 233414.7)	20	1	0	1061	false	1095	None
LINESTRING (3090043.457 233414.7, 3090056.953 233469.313)	20	1	0	1062	false	1095	None
LINESTRING (3090056.953 233469.313, 3090048.942 233555.641)	20	1	0	1063	false	1095	None
LINESTRING (3090048.942 233555.641, 3090047.911 233623.718)	20	1	0	1064	false	1095	None
LINESTRING (3090047.911 233623.718, 3090045.917 233735.171)	20	1	0	1065	false	1095	None
LINESTRING (3090045.917 233735.171, 3089717.777 233600.162)	20	1	0	1066	false	1095	None
LINESTRING (3089717.777 233600.162, 3088839.695 233243.488)	20	1	0	1067	false	1095	None
LINESTRING (3088839.695 233243.488, 3088830.747 233240.067)	20	1	0	1068	false	1095	None
LINESTRING (3088830.747 233240.067, 3088822.14 233236.777)	20	1	0	1069	false	1095	None
LINESTRING (3088822.14 233236.777, 3088383.759 233063.608)	20	1	0	1070	false	1095	None
LINESTRING (3088383.759 233063.608, 3088376.725 233060.801)	20	1	0	1071	false	1095	None
LINESTRING (3088376.725 233060.801, 3088282.885 233024.456)	20	1	0	1072	false	1095	None
LINESTRING (3088282.885 233024.456, 3087980.057 232907.287)	20	1	0	1073	false	1095	None
LINESTRING (3087980.057 232907.287, 3087879.017 232868.315)	20	1	0	1074	false	1095	S:3087941.312728215 232892.343
LINESTRING (3092041.584 232878.156, 3092032.81 232933.763)	20	320	0	99	false	495	S:3092039.3454915746 232892.343
LINESTRING (3092032.81 232933.763, 3092018.207 232971.922)	20	320	0	100	false	495	None
LINESTRING (3092018.207 232971.922, 3091997.962 233000.314)	20	320	0	101	false	495	None
LINESTRING (3091997.962 233000.314, 3091980.07 233014.39)	20	320	0	102	false	495	None
LINESTRING (3091980.07 233014.39, 3091969.464 233050.275)	20	320	0	103	false	495	None
LINESTRING (3091969.464 233050.275, 3091962.854 233083.885)	20	320	0	104	false	495	None
LINESTRING (3091962.854 233083.885, 3091962.969 233116.264)	20	320	0	105	false	495	None
LINESTRING (3091962.969 233116.264, 3091964.093 233162.344)	20	320	0	106	false	495	None
LINESTRING (3091964.093 233162.344, 3091952.404 233209.227)	20	320	0	107	false	495	None
LINESTRING (3091952.404 233209.227, 3091952.705 233249.287)	20	320	0	108	false	495	None
LINESTRING (3091952.705 233249.287, 3091967.183 233289.065)	20	320	0	109	false	495	None
LINESTRING (3091967.183 233289.065, 3091992.1 233313.817)	20	320	0	110	false	495	None
LINESTRING (3091992.1 233313.817, 3092017.392 233353.93)	20	320	0	111	false	495	None
LINESTRING (3092017.392 233353.93, 3092030.412 233389.346)	20	320	0	112	false	495	None
LINESTRING (3092030.412 233389.346, 3092035.063 233413.952)	20	320	0	113	false	495	None
LINESTRING (3092035.063 233413.952, 3092026.548 233452.539)	20	320	0	114	false	495	None
LINESTRING (3092026.548 233452.539, 3092018.127 233494.967)	20	320	0	115	false	495	None
LINESTRING (3092018.127 233494.967, 3091996.164 233536.016)	20	320	0	116	false	495	None
LINESTRING (3091996.164 233536.016, 3091968.841 233578.818)	20	320	0	117	false	495	None
LINESTRING (3091968.841 233578.818, 3091947.961 233608.869)	20	320	0	118	false	495	None
LINESTRING (3091947.961 233608.869, 3091925.57 233687.797)	20	320	0	119	false	495	None
LINESTRING (3091925.57 233687.797, 3091930.409 233720.082)	20	320	0	120	false	495	None
LINESTRING (3091930.409 233720.082, 3091946.061 233752.702)	20	320	0	121	false	495	None
LINESTRING (3091946.061 233752.702, 3091959.266 233795.798)	20	320	0	122	false	495	None
LINESTRING (3091959.266 233795.798, 3091952.301 233842.588)	20	320	0	123	false	495	None
LINESTRING (3091952.301 233842.588, 3091951.237 233882.125)	20	320	0	124	false	495	None
LINESTRING (3091951.237 233882.125, 3091955.626 233923.749)	20	320	0	125	false	495	None
LINESTRING (3091955.626 233923.749, 3091967.561 233970.164)	20	320	0	126	false	495	None
LINESTRING (3091967.561 233970.164, 3091980.672 234009.42)	20	320	0	127	false	495	None
LINESTRING (3091980.672 234009.42, 3091985.061 234051.044)	20	320	0	128	false	495	None
LINESTRING (3091985.061 234051.044, 3091983.268 234088.401)	20	320	0	129	false	495	None
LINESTRING (3091983.268 234088.401, 3091976.47 234114.331)	20	320	0	130	false	495	None
LINESTRING (3091976.47 234114.331, 3091955.776 234152.062)	20	320	0	131	false	495	None
LINESTRING (3091955.776 234152.062, 3091950.79 234169.174)	20	320	0	132	false	495	None
LINESTRING (3091950.79 234169.174, 3091946.718 234196.148)	20	320	0	133	false	495	None
LINESTRING (3091946.718 234196.148, 3091945.373 234224.165)	20	320	0	134	false	495	None
LINESTRING (3091945.373 234224.165, 3091949.126 234267.448)	20	320	0	135	false	495	None
LINESTRING (3091949.126 234267.448, 3091963.506 234303.386)	20	320	0	136	false	495	None
LINESTRING (3091963.506 234303.386, 3091990.155 234344.021)	20	320	0	137	false	495	None
LINESTRING (3091990.155 234344.021, 3091977.1 234390.381)	20	320	0	138	false	495	None
LINESTRING (3091977.1 234390.381, 3091958.946 234421.476)	20	320	0	139	false	495	None
LINESTRING (3091958.946 234421.476, 3091944.341 234459.635)	20	320	0	140	false	495	None
LINESTRING (3091944.341 234459.635, 3091951.717 234485.284)	20	320	0	141	false	495	None
LINESTRING (3091951.717 234485.284, 3091967.781 234528.049)	20	320	0	142	false	495	None
LINESTRING (3091967.781 234528.049, 3091935.805 234513.075)	20	320	0	143	false	495	None
LINESTRING (3091935.805 234513.075, 3091839.586 234468.402)	20	320	0	144	false	495	None
LINESTRING (3091839.586 234468.402, 3091811.029 234455.213)	20	320	0	145	false	495	None
LINESTRING (3091811.029 234455.213, 3091807.444 234453.603)	20	320	0	146	false	495	None
LINESTRING (3091807.444 234453.603, 3091787.512 234446.213)	20	320	0	147	false	495	None
LINESTRING (3091787.512 234446.213, 3091727.63 234424.007)	20	320	0	148	false	495	None
LINESTRING (3091727.63 234424.007, 3091707.612 234416.584)	20	320	0	149	false	495	None
LINESTRING (3091707.612 234416.584, 3091648.506 234391.585)	20	320	0	150	false	495	None
LINESTRING (3091648.506 234391.585, 3091525.521 234339.764)	20	320	0	151	false	495	None
LINESTRING (3091525.521 234339.764, 3091471.106 234316.8)	20	320	0	152	false	495	None
LINESTRING (3091471.106 234316.8, 3091412.556 234292.135)	20	320	0	153	false	495	None
LINESTRING (3091412.556 234292.135, 3091411.874 234291.874)	20	320	0	154	false	495	None
LINESTRING (3091411.874 234291.874, 3091324.235 234258.218)	20	320	0	155	false	495	None
LINESTRING (3091324.235 234258.218, 3091061.27 234157.121)	20	320	0	156	false	495	None
LINESTRING (3091061.27 234157.121, 3090973.504 234123.54)	20	320	0	157	false	495	None
LINESTRING (3090973.504 234123.54, 3090945.982 234113.009)	20	320	0	158	false	495	None
LINESTRING (3090945.982 234113.009, 3090863.328 234081.386)	20	320	0	159	false	495	None
LINESTRING (3090863.328 234081.386, 3090851.444 234076.958)	20	320	0	160	false	495	None
LINESTRING (3090851.444 234076.958, 3090840.56 234071.961)	20	320	0	161	false	495	None
LINESTRING (3090840.56 234071.961, 3090836.077 234069.89)	20	320	0	162	false	495	None
LINESTRING (3090836.077 234069.89, 3090800.821 234053.786)	20	320	0	163	false	495	None
LINESTRING (3090800.821 234053.786, 3090694.967 234005.442)	20	320	0	164	false	495	None
LINESTRING (3090694.967 234005.442, 3090693.217 234004.654)	20	320	0	165	false	495	None
LINESTRING (3090693.217 234004.654, 3090658.316 233992.728)	20	320	0	166	false	495	None
LINESTRING (3090658.316 233992.728, 3090657.208 233992.304)	20	320	0	167	false	495	None
LINESTRING (3090657.208 233992.304, 3090607.066 233975.024)	20	320	0	168	false	495	None
LINESTRING (3090607.066 233975.024, 3090453.157 233922.327)	20	320	0	169	false	495	None
LINESTRING (3090453.157 233922.327, 3090428.173 233913.84)	20	320	0	170	false	495	None
LINESTRING (3090428.173 233913.84, 3090401.742 233904.799)	20	320	0	171	false	495	None
LINESTRING (3090401.742 233904.799, 3090400.083 233904.283)	20	320	0	172	false	495	None
LINESTRING (3090400.083 233904.283, 3090377.123 233890.508)	20	320	0	173	false	495	None
LINESTRING (3090377.123 233890.508, 3090303.328 233846.707)	20	320	0	174	false	495	None
LINESTRING (3090303.328 233846.707, 3090288.083 233837.785)	20	320	0	175	false	495	None
LINESTRING (3090288.083 233837.785, 3090277.943 233833.906)	20	320	0	176	false	495	None
LINESTRING (3090277.943 233833.906, 3090270.484 233830.934)	20	320	0	177	false	495	None
LINESTRING (3090270.484 233830.934, 3090247.818 233822.264)	20	320	0	178	false	495	None
LINESTRING (3090247.818 233822.264, 3090240.234 233819.363)	20	320	0	179	false	495	None
LINESTRING (3090240.234 233819.363, 3090236.524 233817.825)	20	320	0	180	false	495	None
LINESTRING (3090236.524 233817.825, 3090223.316 233812.773)	20	320	0	181	false	495	None
LINESTRING (3090223.316 233812.773, 3090185.743 233798.639)	20	320	0	182	false	495	None
LINESTRING (3090185.743 233798.639, 3090172.109 233793.424)	20	320	0	183	false	495	None
LINESTRING (3090172.109 233793.424, 3090154.981 233786.872)	20	320	0	184	false	495	None
LINESTRING (3090154.981 233786.872, 3090225.778 233508.566)	20	320	0	185	false	495	None
LINESTRING (3090225.778 233508.566, 3090228.207 233499.152)	20	320	0	186	false	495	None
LINESTRING (3090228.207 233499.152, 3090257.894 233382.719)	20	320	0	187	false	495	None
LINESTRING (3090257.894 233382.719, 3090259.088 233378.064)	20	320	0	188	false	495	None
LINESTRING (3090259.088 233378.064, 3090259.241 233377.409)	20	320	0	189	false	495	None
LINESTRING (3090259.241 233377.409, 3090259.393 233376.754)	20	320	0	190	false	495	None
LINESTRING (3090259.393 233376.754, 3090259.506 233376.203)	20	320	0	191	false	495	None
LINESTRING (3090259.506 233376.203, 3090259.778 233375.237)	20	320	0	192	false	495	None
LINESTRING (3090259.778 233375.237, 3090268.245 233341.863)	20	320	0	193	false	495	None
LINESTRING (3090268.245 233341.863, 3090271.291 233330.071)	20	320	0	194	false	495	None
LINESTRING (3090271.291 233330.071, 3090277.488 233305.695)	20	320	0	195	false	495	None
LINESTRING (3090277.488 233305.695, 3090280.335 233294.421)	20	320	0	196	false	495	None
LINESTRING (3090280.335 233294.421, 3090283.029 233283.802)	20	320	0	197	false	495	None
LINESTRING (3090283.029 233283.802, 3090283.878 233280.56)	20	320	0	198	false	495	None
LINESTRING (3090283.878 233280.56, 3090284.575 233277.974)	20	320	0	199	false	495	None
LINESTRING (3090284.575 233277.974, 3090286.154 233271.802)	20	320	0	200	false	495	None
LINESTRING (3090286.154 233271.802, 3090286.42 233270.596)	20	320	0	201	false	495	None
LINESTRING (3090286.42 233270.596, 3090294.966 233237.014)	20	320	0	202	false	495	None
LINESTRING (3090294.966 233237.014, 3090206.686 232969.784)	20	320	0	203	false	495	None
LINESTRING (3090206.686 232969.784, 3090188.533 232906.139)	20	320	0	204	false	495	None
LINESTRING (3090188.533 232906.139, 3090186.608 232899.935)	20	320	0	205	false	495	None
LINESTRING (3090186.608 232899.935, 3090110.898 232677.458)	20	320	0	206	false	495	S:3090184.024405651 232892.343
LINESTRING (3095436.478 235939.086, 3095091.983 235807.779)	20	321	0	241	false	528	E:3095203.383 235850.23999304775
LINESTRING (3095091.983 235807.779, 3095055.929 235791.467)	20	321	0	242	false	528	None
LINESTRING (3095055.929 235791.467, 3094947.353 235742.846)	20	321	0	243	false	528	None
LINESTRING (3094947.353 235742.846, 3094941.935 235740.413)	20	321	0	244	false	528	None
LINESTRING (3094941.935 235740.413, 3094921.074 235731.112)	20	321	0	245	false	528	None
LINESTRING (3094921.074 235731.112, 3094911.135 235726.709)	20	321	0	246	false	528	None
LINESTRING (3094911.135 235726.709, 3094910.408 235726.311)	20	321	0	247	false	528	None
LINESTRING (3094910.408 235726.311, 3094907.852 235725.332)	20	321	0	248	false	528	None
LINESTRING (3094907.852 235725.332, 3094907 235725.006)	20	321	0	249	false	528	None
LINESTRING (3094907 235725.006, 3094900.866 235722.655)	20	321	0	250	false	528	None
LINESTRING (3094900.866 235722.655, 3094894.732 235720.305)	20	321	0	251	false	528	None
LINESTRING (3094894.732 235720.305, 3094878.886 235714.233)	20	321	0	252	false	528	None
LINESTRING (3094878.886 235714.233, 3094868.834 235710.381)	20	321	0	253	false	528	None
LINESTRING (3094868.834 235710.381, 3094861.081 235707.411)	20	321	0	254	false	528	None
LINESTRING (3094861.081 235707.411, 3094859.633 235706.856)	20	321	0	255	false	528	None
LINESTRING (3094859.633 235706.856, 3094723.154 235654.562)	20	321	0	256	false	528	None
LINESTRING (3094723.154 235654.562, 3094679.836 235638.084)	20	321	0	257	false	528	None
LINESTRING (3094679.836 235638.084, 3094677.149 235636.936)	20	321	0	258	false	528	None
LINESTRING (3094677.149 235636.936, 3094639.368 235620.796)	20	321	0	259	false	528	None
LINESTRING (3094639.368 235620.796, 3094613.191 235609.815)	20	321	0	260	false	528	None
LINESTRING (3094613.191 235609.815, 3094525.735 235572.623)	20	321	0	261	false	528	None
LINESTRING (3094525.735 235572.623, 3094487.79 235556.658)	20	321	0	262	false	528	None
LINESTRING (3094487.79 235556.658, 3094428.175 235531.203)	20	321	0	263	false	528	None
LINESTRING (3094428.175 235531.203, 3094355.174 235500.145)	20	321	0	264	false	528	None
LINESTRING (3094355.174 235500.145, 3094269.296 235463.679)	20	321	0	265	false	528	None
LINESTRING (3094269.296 235463.679, 3094249.167 235455.017)	20	321	0	266	false	528	None
LINESTRING (3094249.167 235455.017, 3094201.412 235434.82)	20	321	0	267	false	528	None
LINESTRING (3094201.412 235434.82, 3094195.357 235432.263)	20	321	0	268	false	528	None
LINESTRING (3094195.357 235432.263, 3094189.387 235429.739)	20	321	0	269	false	528	None
LINESTRING (3094189.387 235429.739, 3094181.373 235426.431)	20	321	0	270	false	528	None
LINESTRING (3094181.373 235426.431, 3094173.399 235423.019)	20	321	0	271	false	528	None
LINESTRING (3094173.399 235423.019, 3094107.945 235395.211)	20	321	0	272	false	528	None
LINESTRING (3094107.945 235395.211, 3094103.18 235393.624)	20	321	0	273	false	528	None
LINESTRING (3094103.18 235393.624, 3094094.83 235390.426)	20	321	0	274	false	528	None
LINESTRING (3094094.83 235390.426, 3094086.441 235387.331)	20	321	0	275	false	528	None
LINESTRING (3094086.441 235387.331, 3094077.377 235384.215)	20	321	0	276	false	528	None
LINESTRING (3094077.377 235384.215, 3094068.437 235381.029)	20	321	0	277	false	528	None
LINESTRING (3094068.437 235381.029, 3093983.259 235350.898)	20	321	0	278	false	528	None
LINESTRING (3093983.259 235350.898, 3093873.345 235311.888)	20	321	0	279	false	528	None
LINESTRING (3093873.345 235311.888, 3093867.216 235309.779)	20	321	0	280	false	528	None
LINESTRING (3093867.216 235309.779, 3093861.128 235307.565)	20	321	0	281	false	528	None
LINESTRING (3093861.128 235307.565, 3093857.084 235306.135)	20	321	0	282	false	528	None
LINESTRING (3093857.084 235306.135, 3093848.683 235302.561)	20	321	0	283	false	528	None
LINESTRING (3093848.683 235302.561, 3093648.131 235217.068)	20	321	0	284	false	528	None
LINESTRING (3093648.131 235217.068, 3093638.066 235212.738)	20	321	0	285	false	528	None
LINESTRING (3093638.066 235212.738, 3093625.968 235208.104)	20	321	0	286	false	528	None
LINESTRING (3093625.968 235208.104, 3093613.727 235202.822)	20	321	0	287	false	528	None
LINESTRING (3093613.727 235202.822, 3093602.464 235197.794)	20	321	0	288	false	528	None
LINESTRING (3093602.464 235197.794, 3093601.527 235197.436)	20	321	0	289	false	528	None
LINESTRING (3093601.527 235197.436, 3093531.697 235166.768)	20	321	0	290	false	528	None
LINESTRING (3093531.697 235166.768, 3093508.108 235156.426)	20	321	0	291	false	528	None
LINESTRING (3093508.108 235156.426, 3093486.949 235147.134)	20	321	0	292	false	528	None
LINESTRING (3093486.949 235147.134, 3093423.475 235119.259)	20	321	0	293	false	528	None
LINESTRING (3093423.475 235119.259, 3093402.192 235110.038)	20	321	0	294	false	528	None
LINESTRING (3093402.192 235110.038, 3093369.94 235095.785)	20	321	0	295	false	528	None
LINESTRING (3093369.94 235095.785, 3093272.81 235053.239)	20	321	0	296	false	528	None
LINESTRING (3093272.81 235053.239, 3093246.534 235041.75)	20	321	0	297	false	528	None
LINESTRING (3093246.534 235041.75, 3093240.394 235039.161)	20	321	0	298	false	528	None
LINESTRING (3093240.394 235039.161, 3093233.959 235036.578)	20	321	0	299	false	528	None
LINESTRING (3093233.959 235036.578, 3093215.3 235029.432)	20	321	0	300	false	528	None
LINESTRING (3093215.3 235029.432, 3093214.533 235029.139)	20	321	0	301	false	528	None
LINESTRING (3093214.533 235029.139, 3093212.403 235028.323)	20	321	0	302	false	528	None
LINESTRING (3093212.403 235028.323, 3093207.973 235026.627)	20	321	0	303	false	528	None
LINESTRING (3093207.973 235026.627, 3093200.39 235023.723)	20	321	0	304	false	528	None
LINESTRING (3093200.39 235023.723, 3093147.231 235003.605)	20	321	0	305	false	528	None
LINESTRING (3093147.231 235003.605, 3092848.131 234888.959)	20	321	0	306	false	528	None
LINESTRING (3092848.131 234888.959, 3092802.503 234871.37)	20	321	0	307	false	528	None
LINESTRING (3092802.503 234871.37, 3092794.92 234868.467)	20	321	0	308	false	528	None
LINESTRING (3092794.92 234868.467, 3092743.333 234848.835)	20	321	0	309	false	528	None
LINESTRING (3092743.333 234848.835, 3092742.907 234848.672)	20	321	0	310	false	528	None
LINESTRING (3092742.907 234848.672, 3092603.27 234790.336)	20	321	0	311	false	528	None
LINESTRING (3092603.27 234790.336, 3092184.272 234615.552)	20	321	0	312	false	528	None
LINESTRING (3092184.272 234615.552, 3092044.466 234557.4)	20	321	0	313	false	528	None
LINESTRING (3092044.466 234557.4, 3092029.129 234551.53)	20	321	0	314	false	528	None
LINESTRING (3092029.129 234551.53, 3091983.118 234533.919)	20	321	0	315	false	528	None
LINESTRING (3091983.118 234533.919, 3091967.781 234528.049)	20	321	0	316	false	528	None
LINESTRING (3091967.781 234528.049, 3091951.717 234485.284)	20	321	0	317	false	528	None
LINESTRING (3091951.717 234485.284, 3091944.341 234459.635)	20	321	0	318	false	528	None
LINESTRING (3091944.341 234459.635, 3091958.946 234421.476)	20	321	0	319	false	528	None
LINESTRING (3091958.946 234421.476, 3091977.1 234390.381)	20	321	0	320	false	528	None
LINESTRING (3091977.1 234390.381, 3091990.155 234344.021)	20	321	0	321	false	528	None
LINESTRING (3091990.155 234344.021, 3091963.506 234303.386)	20	321	0	322	false	528	None
LINESTRING (3091963.506 234303.386, 3091949.126 234267.448)	20	321	0	323	false	528	None
LINESTRING (3091949.126 234267.448, 3091945.373 234224.165)	20	321	0	324	false	528	None
LINESTRING (3091945.373 234224.165, 3091946.718 234196.148)	20	321	0	325	false	528	None
LINESTRING (3091946.718 234196.148, 3091950.79 234169.174)	20	321	0	326	false	528	None
LINESTRING (3091950.79 234169.174, 3091955.776 234152.062)	20	321	0	327	false	528	None
LINESTRING (3091955.776 234152.062, 3091976.47 234114.331)	20	321	0	328	false	528	None
LINESTRING (3091976.47 234114.331, 3091983.268 234088.401)	20	321	0	329	false	528	None
LINESTRING (3091983.268 234088.401, 3091985.061 234051.044)	20	321	0	330	false	528	None
LINESTRING (3091985.061 234051.044, 3091980.672 234009.42)	20	321	0	331	false	528	None
LINESTRING (3091980.672 234009.42, 3091967.561 233970.164)	20	321	0	332	false	528	None
LINESTRING (3091967.561 233970.164, 3091955.626 233923.749)	20	321	0	333	false	528	None
LINESTRING (3091955.626 233923.749, 3091951.237 233882.125)	20	321	0	334	false	528	None
LINESTRING (3091951.237 233882.125, 3091952.301 233842.588)	20	321	0	335	false	528	None
LINESTRING (3091952.301 233842.588, 3091959.266 233795.798)	20	321	0	336	false	528	None
LINESTRING (3091959.266 233795.798, 3091946.061 233752.702)	20	321	0	337	false	528	None
LINESTRING (3091946.061 233752.702, 3091930.409 233720.082)	20	321	0	338	false	528	None
LINESTRING (3091930.409 233720.082, 3091925.57 233687.797)	20	321	0	339	false	528	None
LINESTRING (3091925.57 233687.797, 3091947.961 233608.869)	20	321	0	340	false	528	None
LINESTRING (3091947.961 233608.869, 3091968.841 233578.818)	20	321	0	341	false	528	None
LINESTRING (3091968.841 233578.818, 3091996.164 233536.016)	20	321	0	342	false	528	None
LINESTRING (3091996.164 233536.016, 3092018.127 233494.967)	20	321	0	343	false	528	None
LINESTRING (3092018.127 233494.967, 3092026.548 233452.539)	20	321	0	344	false	528	None
LINESTRING (3092026.548 233452.539, 3092035.063 233413.952)	20	321	0	345	false	528	None
LINESTRING (3092035.063 233413.952, 3092030.412 233389.346)	20	321	0	346	false	528	None
LINESTRING (3092030.412 233389.346, 3092017.392 233353.93)	20	321	0	347	false	528	None
LINESTRING (3092017.392 233353.93, 3091992.1 233313.817)	20	321	0	348	false	528	None
LINESTRING (3091992.1 233313.817, 3091967.183 233289.065)	20	321	0	349	false	528	None
LINESTRING (3091967.183 233289.065, 3091952.705 233249.287)	20	321	0	350	false	528	None
LINESTRING (3091952.705 233249.287, 3091952.404 233209.227)	20	321	0	351	false	528	None
LINESTRING (3091952.404 233209.227, 3091964.093 233162.344)	20	321	0	352	false	528	None
LINESTRING (3091964.093 233162.344, 3091962.969 233116.264)	20	321	0	353	false	528	None
LINESTRING (3091962.969 233116.264, 3091962.854 233083.885)	20	321	0	354	false	528	None
LINESTRING (3091962.854 233083.885, 3091969.464 233050.275)	20	321	0	355	false	528	None
LINESTRING (3091969.464 233050.275, 3091980.07 233014.39)	20	321	0	356	false	528	None
LINESTRING (3091980.07 233014.39, 3091997.962 233000.314)	20	321	0	357	false	528	None
LINESTRING (3091997.962 233000.314, 3092018.207 232971.922)	20	321	0	358	false	528	None
LINESTRING (3092018.207 232971.922, 3092032.81 232933.763)	20	321	0	359	false	528	None
LINESTRING (3092032.81 232933.763, 3092041.584 232878.156)	20	321	0	360	false	528	S:3092039.3454915746 232892.343
