LINESTRING (3168961.682 230299.641, 3168970.555 230313.135)	91	335	0	0	false	2348	None
LINESTRING (3168970.555 230313.135, 3168979.127 230326.392)	91	335	0	1	false	2348	None
LINESTRING (3168979.127 230326.392, 3168982.519 230331.537)	91	335	0	2	false	2348	None
LINESTRING (3168982.519 230331.537, 3168992.565 230346.803)	91	335	0	3	false	2348	None
LINESTRING (3168992.565 230346.803, 3168995.831 230352.018)	91	335	0	4	false	2348	None
LINESTRING (3168995.831 230352.018, 3169005.049 230365.886)	91	335	0	5	false	2348	None
LINESTRING (3169005.049 230365.886, 3169032.786 230407.522)	91	335	0	6	false	2348	None
LINESTRING (3169032.786 230407.522, 3169041.878 230421.46)	91	335	0	7	false	2348	None
LINESTRING (3169041.878 230421.46, 3169067.572 230460.03)	91	335	0	8	false	2348	None
LINESTRING (3169067.572 230460.03, 3169075.005 230471.172)	91	335	0	9	false	2348	None
LINESTRING (3169075.005 230471.172, 3169155.08 230593.542)	91	335	0	10	false	2348	None
LINESTRING (3169155.08 230593.542, 3169167.473 230612.352)	91	335	0	11	false	2348	None
LINESTRING (3169167.473 230612.352, 3169173.55 230620.935)	91	335	0	12	false	2348	None
LINESTRING (3169173.55 230620.935, 3169198.644 230656.767)	91	335	0	13	false	2348	None
LINESTRING (3169198.644 230656.767, 3169208.338 230668.914)	91	335	0	14	false	2348	None
LINESTRING (3169208.338 230668.914, 3169215.6 230677.485)	91	335	0	15	false	2348	None
LINESTRING (3169215.6 230677.485, 3169224.636 230688.301)	91	335	0	16	false	2348	None
LINESTRING (3169224.636 230688.301, 3169238.382 230702.157)	91	335	0	17	false	2348	None
LINESTRING (3169238.382 230702.157, 3169246.057 230710.174)	91	335	0	18	false	2348	None
LINESTRING (3169246.057 230710.174, 3169247.393 230711.533)	91	335	0	19	false	2348	None
LINESTRING (3169247.393 230711.533, 3169253.967 230717.091)	91	335	0	20	false	2348	None
LINESTRING (3169253.967 230717.091, 3169266.732 230728.178)	91	335	0	21	false	2348	None
LINESTRING (3169266.732 230728.178, 3169278.77 230736.356)	91	335	0	22	false	2348	None
LINESTRING (3169278.77 230736.356, 3169287.256 230742.307)	91	335	0	23	false	2348	None
LINESTRING (3169287.256 230742.307, 3169293.764 230746.528)	91	335	0	24	false	2348	None
LINESTRING (3169293.764 230746.528, 3169313.328 230759.089)	91	335	0	25	false	2348	None
LINESTRING (3169313.328 230759.089, 3169319.71 230763.38)	91	335	0	26	false	2348	None
LINESTRING (3169319.71 230763.38, 3169323.563 230765.845)	91	335	0	27	false	2348	None
LINESTRING (3169323.563 230765.845, 3169327.026 230767.799)	91	335	0	28	false	2348	None
LINESTRING (3169327.026 230767.799, 3169349.054 230780.849)	91	335	0	29	false	2348	None
LINESTRING (3169349.054 230780.849, 3169356.285 230785.234)	91	335	0	30	false	2348	None
LINESTRING (3169356.285 230785.234, 3169386.396 230803.004)	91	335	0	31	false	2348	None
LINESTRING (3169386.396 230803.004, 3169436.57 230832.815)	91	335	0	32	false	2348	None
LINESTRING (3169436.57 230832.815, 3169477.178 230855.417)	91	335	0	33	false	2348	None
LINESTRING (3169477.178 230855.417, 3169482.951 230858.754)	91	335	0	34	false	2348	None
LINESTRING (3169482.951 230858.754, 3169507.203 230873.154)	91	335	0	35	false	2348	None
LINESTRING (3169507.203 230873.154, 3169524.89 230882.475)	91	335	0	36	false	2348	None
LINESTRING (3169524.89 230882.475, 3169569.923 230906.336)	91	335	0	37	false	2348	None
LINESTRING (3169569.923 230906.336, 3169577.539 230910.992)	91	335	0	38	false	2348	None
LINESTRING (3169577.539 230910.992, 3169594.488 230921.694)	91	335	0	39	false	2348	None
LINESTRING (3169594.488 230921.694, 3169612.761 230933.033)	91	335	0	40	false	2348	None
LINESTRING (3169612.761 230933.033, 3169637.444 230957.618)	91	335	0	41	false	2348	None
LINESTRING (3169637.444 230957.618, 3169657.178 230977.52)	91	335	0	42	false	2348	None
LINESTRING (3169657.178 230977.52, 3169677.829 231003.861)	91	335	0	43	false	2348	None
LINESTRING (3169677.829 231003.861, 3169692.323 231024.331)	91	335	0	44	false	2348	None
LINESTRING (3169692.323 231024.331, 3169715.584 231069.344)	91	335	0	45	false	2348	None
LINESTRING (3169715.584 231069.344, 3169727.402 231101.403)	91	335	0	46	false	2348	None
LINESTRING (3169727.402 231101.403, 3169729.227 231106.53)	91	335	0	47	false	2348	None
LINESTRING (3169729.227 231106.53, 3169743.664 231150.467)	91	335	0	48	false	2348	None
LINESTRING (3169743.664 231150.467, 3169749.032 231164.615)	91	335	0	49	false	2348	None
LINESTRING (3169749.032 231164.615, 3169777.269 231228.034)	91	335	0	50	false	2348	None
LINESTRING (3169777.269 231228.034, 3169787.58 231251.394)	91	335	0	51	false	2348	None
LINESTRING (3169787.58 231251.394, 3169812.561 231315.087)	91	335	0	52	false	2348	None
LINESTRING (3169812.561 231315.087, 3169826.3 231343.25)	91	335	0	53	false	2348	None
LINESTRING (3169826.3 231343.25, 3169853.789 231400.295)	91	335	0	54	false	2348	None
LINESTRING (3169853.789 231400.295, 3169863.561 231417.006)	91	335	0	55	false	2348	None
LINESTRING (3169863.561 231417.006, 3169897.685 231475.939)	91	335	0	56	false	2348	None
LINESTRING (3169897.685 231475.939, 3169898.818 231477.814)	91	335	0	57	false	2348	None
LINESTRING (3169898.818 231477.814, 3169902.258 231483.337)	91	335	0	58	false	2348	None
LINESTRING (3169902.258 231483.337, 3169903.351 231485.316)	91	335	0	59	false	2348	None
LINESTRING (3169903.351 231485.316, 3169907.619 231492.236)	91	335	0	60	false	2348	None
LINESTRING (3169907.619 231492.236, 3169909.93 231496.124)	91	335	0	61	false	2348	None
LINESTRING (3169909.93 231496.124, 3169920.464 231512.895)	91	335	0	62	false	2348	None
LINESTRING (3169920.464 231512.895, 3169924.648 231519.782)	91	335	0	63	false	2348	None
LINESTRING (3169924.648 231519.782, 3169940.275 231544.632)	91	335	0	64	false	2348	None
LINESTRING (3169940.275 231544.632, 3169941.672 231547.088)	91	335	0	65	false	2348	None
LINESTRING (3169941.672 231547.088, 3169988.737 231617.657)	91	335	0	66	false	2348	None
LINESTRING (3169988.737 231617.657, 3170004.863 231641.987)	91	335	0	67	false	2348	None
LINESTRING (3170004.863 231641.987, 3170030.893 231680.934)	91	335	0	68	false	2348	None
LINESTRING (3170030.893 231680.934, 3170046.405 231704.07)	91	335	0	69	false	2348	None
LINESTRING (3170046.405 231704.07, 3170103.632 231789.596)	91	335	0	70	false	2348	None
LINESTRING (3170103.632 231789.596, 3170111.367 231801.216)	91	335	0	71	false	2348	None
LINESTRING (3170111.367 231801.216, 3170150.839 231856.288)	91	335	0	72	false	2348	None
LINESTRING (3170150.839 231856.288, 3170207.124 231926.66)	91	335	0	73	false	2348	None
LINESTRING (3170207.124 231926.66, 3170342.485 232098.051)	91	335	0	74	false	2348	None
LINESTRING (3170342.485 232098.051, 3170364.312 232119.374)	91	335	0	75	false	2348	None
LINESTRING (3170364.312 232119.374, 3170377.295 232143.188)	91	335	0	76	false	2348	None
LINESTRING (3170377.295 232143.188, 3170420.809 232199.729)	91	335	0	77	false	2348	None
LINESTRING (3170420.809 232199.729, 3170474.507 232267.66)	91	335	0	78	false	2348	None
LINESTRING (3170474.507 232267.66, 3170495.01 232285.84)	91	335	0	79	false	2348	None
LINESTRING (3170495.01 232285.84, 3170505.479 232294.002)	91	335	0	80	false	2348	None
LINESTRING (3170505.479 232294.002, 3170513.617 232299.58)	91	335	0	81	false	2348	None
LINESTRING (3170513.617 232299.58, 3170522.083 232304.571)	91	335	0	82	false	2348	None
LINESTRING (3170522.083 232304.571, 3170530.838 232309.079)	91	335	0	83	false	2348	None
LINESTRING (3170530.838 232309.079, 3170549.17 232316.75)	91	335	0	84	false	2348	None
LINESTRING (3170549.17 232316.75, 3170555.087 232318.714)	91	335	0	85	false	2348	None
LINESTRING (3170555.087 232318.714, 3170577.478 232326.068)	91	335	0	86	false	2348	None
LINESTRING (3170577.478 232326.068, 3170596.86 232330.812)	91	335	0	87	false	2348	None
LINESTRING (3170596.86 232330.812, 3170616.376 232333.461)	91	335	0	88	false	2348	None
LINESTRING (3170616.376 232333.461, 3170636.078 232334.634)	91	335	0	89	false	2348	None
LINESTRING (3170636.078 232334.634, 3170655.921 232334.192)	91	335	0	90	false	2348	None
LINESTRING (3170655.921 232334.192, 3170664.459 232333.488)	91	335	0	91	false	2348	None
LINESTRING (3170664.459 232333.488, 3170680.41 232330.685)	91	335	0	92	false	2348	None
LINESTRING (3170680.41 232330.685, 3170690.274 232328.355)	91	335	0	93	false	2348	None
LINESTRING (3170690.274 232328.355, 3170709.596 232322.224)	91	335	0	94	false	2348	None
LINESTRING (3170709.596 232322.224, 3170728.557 232314.759)	91	335	0	95	false	2348	None
LINESTRING (3170728.557 232314.759, 3170747.115 232306.063)	91	335	0	96	false	2348	None
LINESTRING (3170747.115 232306.063, 3170756.171 232301.031)	91	335	0	97	false	2348	None
LINESTRING (3170756.171 232301.031, 3170789.436 232278.669)	91	335	0	98	false	2348	None
LINESTRING (3170789.436 232278.669, 3170826.867 232252.457)	91	335	0	99	false	2348	None
LINESTRING (3170826.867 232252.457, 3170892.735 232208.667)	91	335	0	100	false	2348	None
LINESTRING (3170892.735 232208.667, 3170937.852 232181.417)	91	335	0	101	false	2348	None
LINESTRING (3170937.852 232181.417, 3170954.211 232170.308)	91	335	0	102	false	2348	None
LINESTRING (3170954.211 232170.308, 3171003.162 232137.05)	91	335	0	103	false	2348	None
LINESTRING (3171003.162 232137.05, 3171015.378 232128.728)	91	335	0	104	false	2348	None
LINESTRING (3171015.378 232128.728, 3171019.48 232126.045)	91	335	0	105	false	2348	None
LINESTRING (3171019.48 232126.045, 3171051.253 232105.483)	91	335	0	106	false	2348	None
LINESTRING (3171051.253 232105.483, 3171111.196 232066.523)	91	335	0	107	false	2348	None
LINESTRING (3171111.196 232066.523, 3171146.316 232043.698)	91	335	0	108	false	2348	None
LINESTRING (3171146.316 232043.698, 3171178.004 232023.103)	91	335	0	109	false	2348	None
LINESTRING (3171178.004 232023.103, 3171199.103 232009.442)	91	335	0	110	false	2348	None
LINESTRING (3171199.103 232009.442, 3171246.363 231978.741)	91	335	0	111	false	2348	None
LINESTRING (3171246.363 231978.741, 3171262.325 231969.146)	91	335	0	112	false	2348	None
LINESTRING (3171262.325 231969.146, 3171272.339 231963.179)	91	335	0	113	false	2348	None
LINESTRING (3171272.339 231963.179, 3171283.786 231956.82)	91	335	0	114	false	2348	None
LINESTRING (3171283.786 231956.82, 3171290.546 231953.63)	91	335	0	115	false	2348	None
LINESTRING (3171290.546 231953.63, 3171299.197 231949.632)	91	335	0	116	false	2348	None
LINESTRING (3171299.197 231949.632, 3171310.842 231945.021)	91	335	0	117	false	2348	None
LINESTRING (3171310.842 231945.021, 3171315.131 231943.365)	91	335	0	118	false	2348	None
LINESTRING (3171315.131 231943.365, 3171317.615 231942.551)	91	335	0	119	false	2348	None
LINESTRING (3171317.615 231942.551, 3171326.035 231939.893)	91	335	0	120	false	2348	None
LINESTRING (3171326.035 231939.893, 3171331.509 231938.226)	91	335	0	121	false	2348	None
LINESTRING (3171331.509 231938.226, 3171345.655 231936.265)	91	335	0	122	false	2348	None
LINESTRING (3171345.655 231936.265, 3171351.487 231935.692)	91	335	0	123	false	2348	None
LINESTRING (3171351.487 231935.692, 3171359.854 231934.922)	91	335	0	124	false	2348	None
LINESTRING (3171359.854 231934.922, 3171370.633 231934.024)	91	335	0	125	false	2348	None
LINESTRING (3171370.633 231934.024, 3171378.412 231933.5)	91	335	0	126	false	2348	None
LINESTRING (3171378.412 231933.5, 3171397.255 231933.86)	91	335	0	127	false	2348	None
LINESTRING (3171397.255 231933.86, 3171402.429 231934.459)	91	335	0	128	false	2348	None
LINESTRING (3171402.429 231934.459, 3171412.782 231935.899)	91	335	0	129	false	2348	None
LINESTRING (3171412.782 231935.899, 3171425.595 231937.589)	91	335	0	130	false	2348	None
LINESTRING (3171425.595 231937.589, 3171428.866 231938.276)	91	335	0	131	false	2348	None
LINESTRING (3171428.866 231938.276, 3171434.856 231939.554)	91	335	0	132	false	2348	None
LINESTRING (3171434.856 231939.554, 3171456.545 231945.443)	91	335	0	133	false	2348	None
LINESTRING (3171456.545 231945.443, 3171469.354 231949.397)	91	335	0	134	false	2348	None
LINESTRING (3171469.354 231949.397, 3171475.15 231951.672)	91	335	0	135	false	2348	None
LINESTRING (3171475.15 231951.672, 3171490.065 231957.526)	91	335	0	136	false	2348	None
LINESTRING (3171490.065 231957.526, 3171501.868 231962.039)	91	335	0	137	false	2348	None
LINESTRING (3171501.868 231962.039, 3171536.898 231975.787)	91	335	0	138	false	2348	None
LINESTRING (3171536.898 231975.787, 3171548.575 231980.37)	91	335	0	139	false	2348	None
LINESTRING (3171548.575 231980.37, 3171568.004 231987.757)	91	335	0	140	false	2348	None
LINESTRING (3171568.004 231987.757, 3171601.536 232000.561)	91	335	0	141	false	2348	None
LINESTRING (3171601.536 232000.561, 3171626.047 232010.538)	91	335	0	142	false	2348	None
LINESTRING (3171626.047 232010.538, 3171635.938 232014.659)	91	335	0	143	false	2348	None
LINESTRING (3171635.938 232014.659, 3171645.187 232018.409)	91	335	0	144	false	2348	None
LINESTRING (3171645.187 232018.409, 3171650.642 232020.55)	91	335	0	145	false	2348	None
LINESTRING (3171650.642 232020.55, 3171653.67 232021.857)	91	335	0	146	false	2348	None
LINESTRING (3171653.67 232021.857, 3171666.629 232027.183)	91	335	0	147	false	2348	None
LINESTRING (3171666.629 232027.183, 3171671.958 232029.393)	91	335	0	148	false	2348	None
LINESTRING (3171671.958 232029.393, 3171680.27 232032.775)	91	335	0	149	false	2348	None
LINESTRING (3171680.27 232032.775, 3171708.453 232042.168)	91	335	0	150	false	2348	None
LINESTRING (3171708.453 232042.168, 3171727.504 232047.26)	91	335	0	151	false	2348	None
LINESTRING (3171727.504 232047.26, 3171746.562 232050.329)	91	335	0	152	false	2348	None
LINESTRING (3171746.562 232050.329, 3171751.099 232050.798)	91	335	0	153	false	2348	None
LINESTRING (3171751.099 232050.798, 3171765.9 232052.434)	91	335	0	154	false	2348	None
LINESTRING (3171765.9 232052.434, 3171775.473 232052.853)	91	335	0	155	false	2348	None
LINESTRING (3171775.473 232052.853, 3171785.246 232052.515)	91	335	0	156	false	2348	None
LINESTRING (3171785.246 232052.515, 3171805.053 232049.915)	91	335	0	157	false	2348	None
LINESTRING (3171805.053 232049.915, 3171815.174 232047.687)	91	335	0	158	false	2348	None
LINESTRING (3171815.174 232047.687, 3171825.197 232044.705)	91	335	0	159	false	2348	None
LINESTRING (3171825.197 232044.705, 3171834.997 232041.039)	91	335	0	160	false	2348	None
LINESTRING (3171834.997 232041.039, 3171844.699 232036.619)	91	335	0	161	false	2348	None
LINESTRING (3171844.699 232036.619, 3171854.138 232031.619)	91	335	0	162	false	2348	None
LINESTRING (3171854.138 232031.619, 3171863.353 232025.935)	91	335	0	163	false	2348	None
LINESTRING (3171863.353 232025.935, 3171895.436 232003.589)	91	335	0	164	false	2348	None
LINESTRING (3171895.436 232003.589, 3171960.098 231940.848)	91	335	0	165	false	2348	None
LINESTRING (3171960.098 231940.848, 3171979.988 231923.256)	91	335	0	166	false	2348	None
LINESTRING (3171979.988 231923.256, 3172025.728 231882.66)	91	335	0	167	false	2348	None
LINESTRING (3172025.728 231882.66, 3172052.529 231863.249)	91	335	0	168	false	2348	None
LINESTRING (3172052.529 231863.249, 3172070.505 231852.538)	91	335	0	169	false	2348	None
LINESTRING (3172070.505 231852.538, 3172088.79 231845.048)	91	335	0	170	false	2348	None
LINESTRING (3172088.79 231845.048, 3172091.822 231844.092)	91	335	0	171	false	2348	None
LINESTRING (3172091.822 231844.092, 3172108.159 231839.057)	91	335	0	172	false	2348	None
LINESTRING (3172108.159 231839.057, 3172137.813 231832.93)	91	335	0	173	false	2348	None
LINESTRING (3172137.813 231832.93, 3172156.034 231831.616)	91	335	0	174	false	2348	None
LINESTRING (3172156.034 231831.616, 3172174.577 231831.74)	91	335	0	175	false	2348	None
LINESTRING (3172174.577 231831.74, 3172193.356 231833.269)	91	335	0	176	false	2348	None
LINESTRING (3172193.356 231833.269, 3172212.074 231836.205)	91	335	0	177	false	2348	E:3172204.385 231834.99894678913
LINESTRING (3164358.623 225043.612, 3164363.474 225051.827)	91	335	0	2046	false	2348	S:3164360.385067438 225046.596
LINESTRING (3164363.474 225051.827, 3164377.435 225064.917)	91	335	0	2047	false	2348	None
LINESTRING (3164377.435 225064.917, 3164384.366 225073.35)	91	335	0	2048	false	2348	None
LINESTRING (3164384.366 225073.35, 3164409.882 225095.372)	91	335	0	2049	false	2348	None
LINESTRING (3164409.882 225095.372, 3164410.223 225095.506)	91	335	0	2050	false	2348	None
LINESTRING (3164410.223 225095.506, 3164424.561 225106.122)	91	335	0	2051	false	2348	None
LINESTRING (3164424.561 225106.122, 3164432.53 225111.147)	91	335	0	2052	false	2348	None
LINESTRING (3164432.53 225111.147, 3164439.448 225116.595)	91	335	0	2053	false	2348	None
LINESTRING (3164439.448 225116.595, 3164462.59 225131.61)	91	335	0	2054	false	2348	None
LINESTRING (3164462.59 225131.61, 3164471.147 225136.388)	91	335	0	2055	false	2348	None
LINESTRING (3164471.147 225136.388, 3164479.592 225141.957)	91	335	0	2056	false	2348	None
LINESTRING (3164479.592 225141.957, 3164488.323 225147.042)	91	335	0	2057	false	2348	None
LINESTRING (3164488.323 225147.042, 3164506.353 225155.766)	91	335	0	2058	false	2348	None
LINESTRING (3164506.353 225155.766, 3164524.011 225162.675)	91	335	0	2059	false	2348	None
LINESTRING (3164524.011 225162.675, 3164564.751 225178.973)	91	335	0	2060	false	2348	None
LINESTRING (3164564.751 225178.973, 3164571.66 225181.677)	91	335	0	2061	false	2348	None
LINESTRING (3164571.66 225181.677, 3164584.64 225187.471)	91	335	0	2062	false	2348	None
LINESTRING (3164584.64 225187.471, 3164628.283 225207.409)	91	335	0	2063	false	2348	None
LINESTRING (3164628.283 225207.409, 3164643.322 225214.724)	91	335	0	2064	false	2348	None
LINESTRING (3164643.322 225214.724, 3164656.355 225221.135)	91	335	0	2065	false	2348	None
LINESTRING (3164656.355 225221.135, 3164662.596 225224.292)	91	335	0	2066	false	2348	None
LINESTRING (3164662.596 225224.292, 3164665.631 225225.837)	91	335	0	2067	false	2348	None
LINESTRING (3164665.631 225225.837, 3164680.217 225233.81)	91	335	0	2068	false	2348	None
LINESTRING (3164680.217 225233.81, 3164718.888 225255.14)	91	335	0	2069	false	2348	None
LINESTRING (3164718.888 225255.14, 3164731.439 225265.296)	91	335	0	2070	false	2348	None
LINESTRING (3164731.439 225265.296, 3164733.72 225267.261)	91	335	0	2071	false	2348	None
LINESTRING (3164733.72 225267.261, 3164746.76 225278.681)	91	335	0	2072	false	2348	None
LINESTRING (3164746.76 225278.681, 3164755.325 225286.205)	91	335	0	2073	false	2348	None
LINESTRING (3164755.325 225286.205, 3164760.455 225291.192)	91	335	0	2074	false	2348	None
LINESTRING (3164760.455 225291.192, 3164769.298 225300.016)	91	335	0	2075	false	2348	None
LINESTRING (3164769.298 225300.016, 3164775.532 225307.462)	91	335	0	2076	false	2348	None
LINESTRING (3164775.532 225307.462, 3164784.747 225315.836)	91	335	0	2077	false	2348	None
LINESTRING (3164784.747 225315.836, 3164793.81 225325.104)	91	335	0	2078	false	2348	None
LINESTRING (3164793.81 225325.104, 3164798.801 225331.705)	91	335	0	2079	false	2348	None
LINESTRING (3164798.801 225331.705, 3164810.173 225346.883)	91	335	0	2080	false	2348	None
LINESTRING (3164810.173 225346.883, 3164826.581 225368.799)	91	335	0	2081	false	2348	None
LINESTRING (3164826.581 225368.799, 3164844.626 225396.839)	91	335	0	2082	false	2348	None
LINESTRING (3164844.626 225396.839, 3164847.973 225403.87)	91	335	0	2083	false	2348	None
LINESTRING (3164847.973 225403.87, 3164868.863 225448.519)	91	335	0	2084	false	2348	None
LINESTRING (3164868.863 225448.519, 3164872.465 225457.915)	91	335	0	2085	false	2348	None
LINESTRING (3164872.465 225457.915, 3164881.204 225477.307)	91	335	0	2086	false	2348	None
LINESTRING (3164881.204 225477.307, 3164885.242 225487.35)	91	335	0	2087	false	2348	None
LINESTRING (3164885.242 225487.35, 3164887.133 225495.838)	91	335	0	2088	false	2348	None
LINESTRING (3164887.133 225495.838, 3164889.927 225505.036)	91	335	0	2089	false	2348	None
LINESTRING (3164889.927 225505.036, 3164895.387 225516.47)	91	335	0	2090	false	2348	None
LINESTRING (3164895.387 225516.47, 3164925.586 225602.428)	91	335	0	2091	false	2348	None
LINESTRING (3164925.586 225602.428, 3164949.266 225670.102)	91	335	0	2092	false	2348	None
LINESTRING (3164949.266 225670.102, 3164965.793 225717.097)	91	335	0	2093	false	2348	None
LINESTRING (3164965.793 225717.097, 3164968.358 225725.371)	91	335	0	2094	false	2348	None
LINESTRING (3164968.358 225725.371, 3164978.505 225759.261)	91	335	0	2095	false	2348	None
LINESTRING (3164978.505 225759.261, 3165020.968 225865.396)	91	335	0	2096	false	2348	None
LINESTRING (3165020.968 225865.396, 3165029.731 225888.494)	91	335	0	2097	false	2348	None
LINESTRING (3165029.731 225888.494, 3165050.245 225942.89)	91	335	0	2098	false	2348	None
LINESTRING (3165050.245 225942.89, 3165060.3 225969.473)	91	335	0	2099	false	2348	None
LINESTRING (3165060.3 225969.473, 3165061.412 225972.412)	91	335	0	2100	false	2348	None
LINESTRING (3165061.412 225972.412, 3165063.812 225978.595)	91	335	0	2101	false	2348	None
LINESTRING (3165063.812 225978.595, 3165104.138 226086.161)	91	335	0	2102	false	2348	None
LINESTRING (3165104.138 226086.161, 3165117.452 226122.006)	91	335	0	2103	false	2348	None
LINESTRING (3165117.452 226122.006, 3165119.896 226128.327)	91	335	0	2104	false	2348	None
LINESTRING (3165119.896 226128.327, 3165122.304 226134.991)	91	335	0	2105	false	2348	None
LINESTRING (3165122.304 226134.991, 3165124.872 226145.77)	91	335	0	2106	false	2348	None
LINESTRING (3165124.872 226145.77, 3165125.805 226148.162)	91	335	0	2107	false	2348	None
LINESTRING (3165125.805 226148.162, 3165127.997 226154.622)	91	335	0	2108	false	2348	None
LINESTRING (3165127.997 226154.622, 3165139.688 226187.329)	91	335	0	2109	false	2348	None
LINESTRING (3165139.688 226187.329, 3165174.42 226285.555)	91	335	0	2110	false	2348	None
LINESTRING (3165174.42 226285.555, 3165185.858 226318.401)	91	335	0	2111	false	2348	None
LINESTRING (3165185.858 226318.401, 3165189 226330.478)	91	335	0	2112	false	2348	None
LINESTRING (3165189 226330.478, 3165193.825 226360.617)	91	335	0	2113	false	2348	None
LINESTRING (3165193.825 226360.617, 3165196.532 226372.047)	91	335	0	2114	false	2348	None
LINESTRING (3165196.532 226372.047, 3165205.125 226409.144)	91	335	0	2115	false	2348	None
LINESTRING (3165205.125 226409.144, 3165208.739 226428.557)	91	335	0	2116	false	2348	None
LINESTRING (3165208.739 226428.557, 3165212.556 226454.487)	91	335	0	2117	false	2348	None
LINESTRING (3165212.556 226454.487, 3165212.954 226457.742)	91	335	0	2118	false	2348	None
LINESTRING (3165212.954 226457.742, 3165218.105 226482.526)	91	335	0	2119	false	2348	None
LINESTRING (3165218.105 226482.526, 3165220.001 226488.989)	91	335	0	2120	false	2348	None
LINESTRING (3165220.001 226488.989, 3165220.411 226495.229)	91	335	0	2121	false	2348	None
LINESTRING (3165220.411 226495.229, 3165221.711 226499.195)	91	335	0	2122	false	2348	None
LINESTRING (3165221.711 226499.195, 3165221.676 226506.571)	91	335	0	2123	false	2348	None
LINESTRING (3165221.676 226506.571, 3165223.85 226514.336)	91	335	0	2124	false	2348	None
LINESTRING (3165223.85 226514.336, 3165225 226521.7)	91	335	0	2125	false	2348	None
LINESTRING (3165225 226521.7, 3165226.775 226528.474)	91	335	0	2126	false	2348	None
LINESTRING (3165226.775 226528.474, 3165227.576 226532.959)	91	335	0	2127	false	2348	None
LINESTRING (3165227.576 226532.959, 3165228.485 226538.679)	91	335	0	2128	false	2348	None
LINESTRING (3165228.485 226538.679, 3165230.224 226543.532)	91	335	0	2129	false	2348	None
LINESTRING (3165230.224 226543.532, 3165236.804 226574.715)	91	335	0	2130	false	2348	None
LINESTRING (3165236.804 226574.715, 3165241.437 226584.992)	91	335	0	2131	false	2348	None
LINESTRING (3165241.437 226584.992, 3165262.621 226643.945)	91	335	0	2132	false	2348	None
LINESTRING (3165262.621 226643.945, 3165266.689 226651.14)	91	335	0	2133	false	2348	None
LINESTRING (3165266.689 226651.14, 3165272.382 226661.473)	91	335	0	2134	false	2348	None
LINESTRING (3165272.382 226661.473, 3165283.679 226677.339)	91	335	0	2135	false	2348	None
LINESTRING (3165283.679 226677.339, 3165289.907 226684.545)	91	335	0	2136	false	2348	None
LINESTRING (3165289.907 226684.545, 3165303.993 226697.807)	91	335	0	2137	false	2348	None
LINESTRING (3165303.993 226697.807, 3165319.565 226711.293)	91	335	0	2138	false	2348	None
LINESTRING (3165319.565 226711.293, 3165326.233 226719.387)	91	335	0	2139	false	2348	None
LINESTRING (3165326.233 226719.387, 3165333.198 226725.212)	91	335	0	2140	false	2348	None
LINESTRING (3165333.198 226725.212, 3165354.598 226747.179)	91	335	0	2141	false	2348	None
LINESTRING (3165354.598 226747.179, 3165390.919 226781.781)	91	335	0	2142	false	2348	None
LINESTRING (3165390.919 226781.781, 3165397.744 226789.22)	91	335	0	2143	false	2348	None
LINESTRING (3165397.744 226789.22, 3165402.733 226795.822)	91	335	0	2144	false	2348	None
LINESTRING (3165402.733 226795.822, 3165403.778 226797.424)	91	335	0	2145	false	2348	None
LINESTRING (3165403.778 226797.424, 3165409.354 226806.043)	91	335	0	2146	false	2348	None
LINESTRING (3165409.354 226806.043, 3165414.176 226815.083)	91	335	0	2147	false	2348	None
LINESTRING (3165414.176 226815.083, 3165425.664 226841.513)	91	335	0	2148	false	2348	None
LINESTRING (3165425.664 226841.513, 3165431.159 226859.637)	91	335	0	2149	false	2348	None
LINESTRING (3165431.159 226859.637, 3165443.582 226900.261)	91	335	0	2150	false	2348	None
LINESTRING (3165443.582 226900.261, 3165444.487 226903.477)	91	335	0	2151	false	2348	None
LINESTRING (3165444.487 226903.477, 3165451.221 226929.238)	91	335	0	2152	false	2348	None
LINESTRING (3165451.221 226929.238, 3165457.472 226958.744)	91	335	0	2153	false	2348	None
LINESTRING (3165457.472 226958.744, 3165464.252 226998.708)	91	335	0	2154	false	2348	None
LINESTRING (3165464.252 226998.708, 3165460.864 227043.037)	91	335	0	2155	false	2348	None
LINESTRING (3165460.864 227043.037, 3165457.758 227081.873)	91	335	0	2156	false	2348	None
LINESTRING (3165457.758 227081.873, 3165456.962 227091.693)	91	335	0	2157	false	2348	None
LINESTRING (3165456.962 227091.693, 3165456.763 227094.715)	91	335	0	2158	false	2348	None
LINESTRING (3165456.763 227094.715, 3165456.891 227106.447)	91	335	0	2159	false	2348	None
LINESTRING (3165456.891 227106.447, 3165456.973 227150.703)	91	335	0	2160	false	2348	None
LINESTRING (3165456.973 227150.703, 3165456.902 227165.456)	91	335	0	2161	false	2348	None
LINESTRING (3165456.902 227165.456, 3165457.01 227197.087)	91	335	0	2162	false	2348	None
LINESTRING (3165457.01 227197.087, 3165456.967 227215.786)	91	335	0	2163	false	2348	None
LINESTRING (3165456.967 227215.786, 3165458.048 227256.738)	91	335	0	2164	false	2348	None
LINESTRING (3165458.048 227256.738, 3165456.829 227292.26)	91	335	0	2165	false	2348	None
LINESTRING (3165456.829 227292.26, 3165455.629 227324.213)	91	335	0	2166	false	2348	None
LINESTRING (3165455.629 227324.213, 3165452.261 227402.403)	91	335	0	2167	false	2348	None
LINESTRING (3165452.261 227402.403, 3165452.003 227406.832)	91	335	0	2168	false	2348	None
LINESTRING (3165452.003 227406.832, 3165446.319 227511.532)	91	335	0	2169	false	2348	None
LINESTRING (3165446.319 227511.532, 3165443.667 227577.844)	91	335	0	2170	false	2348	None
LINESTRING (3165443.667 227577.844, 3165449.158 227635.662)	91	335	0	2171	false	2348	None
LINESTRING (3165449.158 227635.662, 3165454.893 227697.629)	91	335	0	2172	false	2348	None
LINESTRING (3165454.893 227697.629, 3165456.28 227706.397)	91	335	0	2173	false	2348	None
LINESTRING (3165456.28 227706.397, 3165457.726 227711.493)	91	335	0	2174	false	2348	None
LINESTRING (3165457.726 227711.493, 3165462.537 227729.35)	91	335	0	2175	false	2348	None
LINESTRING (3165462.537 227729.35, 3165464.831 227736.804)	91	335	0	2176	false	2348	None
LINESTRING (3165464.831 227736.804, 3165468.442 227749.185)	91	335	0	2177	false	2348	None
LINESTRING (3165468.442 227749.185, 3165471.296 227757.216)	91	335	0	2178	false	2348	None
LINESTRING (3165471.296 227757.216, 3165471.778 227762.769)	91	335	0	2179	false	2348	None
LINESTRING (3165471.778 227762.769, 3165475.491 227769.11)	91	335	0	2180	false	2348	None
LINESTRING (3165475.491 227769.11, 3165477.137 227778.218)	91	335	0	2181	false	2348	None
LINESTRING (3165477.137 227778.218, 3165482.85 227789.753)	91	335	0	2182	false	2348	None
LINESTRING (3165482.85 227789.753, 3165487.926 227798.893)	91	335	0	2183	false	2348	None
LINESTRING (3165487.926 227798.893, 3165490.938 227806.271)	91	335	0	2184	false	2348	None
LINESTRING (3165490.938 227806.271, 3165492.458 227808.416)	91	335	0	2185	false	2348	None
LINESTRING (3165492.458 227808.416, 3165494.982 227814.529)	91	335	0	2186	false	2348	None
LINESTRING (3165494.982 227814.529, 3165496.38 227819.249)	91	335	0	2187	false	2348	None
LINESTRING (3165496.38 227819.249, 3165502.868 227831.564)	91	335	0	2188	false	2348	None
LINESTRING (3165502.868 227831.564, 3165536.78 227887.875)	91	335	0	2189	false	2348	None
LINESTRING (3165536.78 227887.875, 3165558.651 227924.452)	91	335	0	2190	false	2348	None
LINESTRING (3165558.651 227924.452, 3165584.139 227969.12)	91	335	0	2191	false	2348	None
LINESTRING (3165584.139 227969.12, 3165603.959 227997.622)	91	335	0	2192	false	2348	None
LINESTRING (3165603.959 227997.622, 3165614.544 228011.78)	91	335	0	2193	false	2348	None
LINESTRING (3165614.544 228011.78, 3165625.095 228024.018)	91	335	0	2194	false	2348	None
LINESTRING (3165625.095 228024.018, 3165640.483 228039.222)	91	335	0	2195	false	2348	None
LINESTRING (3165640.483 228039.222, 3165648.572 228046.442)	91	335	0	2196	false	2348	None
LINESTRING (3165648.572 228046.442, 3165649.218 228047.053)	91	335	0	2197	false	2348	None
LINESTRING (3165649.218 228047.053, 3165658.663 228054.327)	91	335	0	2198	false	2348	None
LINESTRING (3165658.663 228054.327, 3165678.892 228067.97)	91	335	0	2199	false	2348	None
LINESTRING (3165678.892 228067.97, 3165693.079 228072.929)	91	335	0	2200	false	2348	None
LINESTRING (3165693.079 228072.929, 3165701.102 228078.813)	91	335	0	2201	false	2348	None
LINESTRING (3165701.102 228078.813, 3165707.475 228080.116)	91	335	0	2202	false	2348	None
LINESTRING (3165707.475 228080.116, 3165726.346 228084.168)	91	335	0	2203	false	2348	None
LINESTRING (3165726.346 228084.168, 3165732.594 228085.541)	91	335	0	2204	false	2348	None
LINESTRING (3165732.594 228085.541, 3165754.508 228089.354)	91	335	0	2205	false	2348	None
LINESTRING (3165754.508 228089.354, 3165778.822 228094.822)	91	335	0	2206	false	2348	None
LINESTRING (3165778.822 228094.822, 3165812.115 228100.468)	91	335	0	2207	false	2348	None
LINESTRING (3165812.115 228100.468, 3165906.136 228116.544)	91	335	0	2208	false	2348	None
LINESTRING (3165906.136 228116.544, 3165969.895 228126.015)	91	335	0	2209	false	2348	None
LINESTRING (3165969.895 228126.015, 3166051.809 228139.855)	91	335	0	2210	false	2348	None
LINESTRING (3166051.809 228139.855, 3166076.695 228144.117)	91	335	0	2211	false	2348	None
LINESTRING (3166076.695 228144.117, 3166086.49 228144.973)	91	335	0	2212	false	2348	None
LINESTRING (3166086.49 228144.973, 3166106.224 228145.31)	91	335	0	2213	false	2348	None
LINESTRING (3166106.224 228145.31, 3166125.726 228144.484)	91	335	0	2214	false	2348	None
LINESTRING (3166125.726 228144.484, 3166133.121 228143.684)	91	335	0	2215	false	2348	None
LINESTRING (3166133.121 228143.684, 3166144.951 228142.357)	91	335	0	2216	false	2348	None
LINESTRING (3166144.951 228142.357, 3166186.079 228134.026)	91	335	0	2217	false	2348	None
LINESTRING (3166186.079 228134.026, 3166235.055 228124.239)	91	335	0	2218	false	2348	None
LINESTRING (3166235.055 228124.239, 3166257.461 228117.756)	91	335	0	2219	false	2348	None
LINESTRING (3166257.461 228117.756, 3166279.171 228112.549)	91	335	0	2220	false	2348	None
LINESTRING (3166279.171 228112.549, 3166302.157 228105.339)	91	335	0	2221	false	2348	None
LINESTRING (3166302.157 228105.339, 3166310.594 228103.636)	91	335	0	2222	false	2348	None
LINESTRING (3166310.594 228103.636, 3166316.571 228101.685)	91	335	0	2223	false	2348	None
LINESTRING (3166316.571 228101.685, 3166329.682 228098.595)	91	335	0	2224	false	2348	None
LINESTRING (3166329.682 228098.595, 3166335.699 228096.541)	91	335	0	2225	false	2348	None
LINESTRING (3166335.699 228096.541, 3166344.225 228095.112)	91	335	0	2226	false	2348	None
LINESTRING (3166344.225 228095.112, 3166352.415 228093.789)	91	335	0	2227	false	2348	None
LINESTRING (3166352.415 228093.789, 3166396.934 228083.33)	91	335	0	2228	false	2348	None
LINESTRING (3166396.934 228083.33, 3166445.308 228075.335)	91	335	0	2229	false	2348	None
LINESTRING (3166445.308 228075.335, 3166455.945 228073.541)	91	335	0	2230	false	2348	None
LINESTRING (3166455.945 228073.541, 3166558.469 228049.084)	91	335	0	2231	false	2348	None
LINESTRING (3166558.469 228049.084, 3166567.944 228046.239)	91	335	0	2232	false	2348	None
LINESTRING (3166567.944 228046.239, 3166589.792 228041.683)	91	335	0	2233	false	2348	None
LINESTRING (3166589.792 228041.683, 3166607.34 228038.066)	91	335	0	2234	false	2348	None
LINESTRING (3166607.34 228038.066, 3166638.024 228032.799)	91	335	0	2235	false	2348	None
LINESTRING (3166638.024 228032.799, 3166659.944 228029.821)	91	335	0	2236	false	2348	None
LINESTRING (3166659.944 228029.821, 3166677.809 228027.401)	91	335	0	2237	false	2348	None
LINESTRING (3166677.809 228027.401, 3166698.349 228025.432)	91	335	0	2238	false	2348	None
LINESTRING (3166698.349 228025.432, 3166718.443 228026.866)	91	335	0	2239	false	2348	None
LINESTRING (3166718.443 228026.866, 3166724.768 228027.793)	91	335	0	2240	false	2348	None
LINESTRING (3166724.768 228027.793, 3166738.607 228029.876)	91	335	0	2241	false	2348	None
LINESTRING (3166738.607 228029.876, 3166745.749 228031.481)	91	335	0	2242	false	2348	None
LINESTRING (3166745.749 228031.481, 3166770.957 228037.183)	91	335	0	2243	false	2348	None
LINESTRING (3166770.957 228037.183, 3166790.522 228042.224)	91	335	0	2244	false	2348	None
LINESTRING (3166790.522 228042.224, 3166809.097 228051.05)	91	335	0	2245	false	2348	None
LINESTRING (3166809.097 228051.05, 3166814.353 228053.704)	91	335	0	2246	false	2348	None
LINESTRING (3166814.353 228053.704, 3166835.081 228064.566)	91	335	0	2247	false	2348	None
LINESTRING (3166835.081 228064.566, 3166846.373 228068.631)	91	335	0	2248	false	2348	None
LINESTRING (3166846.373 228068.631, 3166864.458 228078.457)	91	335	0	2249	false	2348	None
LINESTRING (3166864.458 228078.457, 3166872.212 228083.521)	91	335	0	2250	false	2348	None
LINESTRING (3166872.212 228083.521, 3166880.609 228086.691)	91	335	0	2251	false	2348	None
LINESTRING (3166880.609 228086.691, 3166922.457 228106.66)	91	335	0	2252	false	2348	None
LINESTRING (3166922.457 228106.66, 3166935.04 228114.212)	91	335	0	2253	false	2348	None
LINESTRING (3166935.04 228114.212, 3167009.083 228149.416)	91	335	0	2254	false	2348	None
LINESTRING (3167009.083 228149.416, 3167058.488 228172.942)	91	335	0	2255	false	2348	None
LINESTRING (3167058.488 228172.942, 3167074.087 228181.08)	91	335	0	2256	false	2348	None
LINESTRING (3167074.087 228181.08, 3167084.556 228186.492)	91	335	0	2257	false	2348	None
LINESTRING (3167084.556 228186.492, 3167087.415 228187.732)	91	335	0	2258	false	2348	None
LINESTRING (3167087.415 228187.732, 3167108.243 228197.083)	91	335	0	2259	false	2348	None
LINESTRING (3167108.243 228197.083, 3167124.515 228205.007)	91	335	0	2260	false	2348	None
LINESTRING (3167124.515 228205.007, 3167127.715 228206.38)	91	335	0	2261	false	2348	None
LINESTRING (3167127.715 228206.38, 3167141.241 228212.275)	91	335	0	2262	false	2348	None
LINESTRING (3167141.241 228212.275, 3167147.044 228214.787)	91	335	0	2263	false	2348	None
LINESTRING (3167147.044 228214.787, 3167150.885 228216.53)	91	335	0	2264	false	2348	None
LINESTRING (3167150.885 228216.53, 3167159.088 228220.698)	91	335	0	2265	false	2348	None
LINESTRING (3167159.088 228220.698, 3167164.25 228222.839)	91	335	0	2266	false	2348	None
LINESTRING (3167164.25 228222.839, 3167169.967 228225.317)	91	335	0	2267	false	2348	None
LINESTRING (3167169.967 228225.317, 3167176.748 228228.093)	91	335	0	2268	false	2348	None
LINESTRING (3167176.748 228228.093, 3167196.796 228236.424)	91	335	0	2269	false	2348	None
LINESTRING (3167196.796 228236.424, 3167202.257 228238.802)	91	335	0	2270	false	2348	None
LINESTRING (3167202.257 228238.802, 3167203.411 228239.373)	91	335	0	2271	false	2348	None
LINESTRING (3167203.411 228239.373, 3167307.438 228289.427)	91	335	0	2272	false	2348	None
LINESTRING (3167307.438 228289.427, 3167324.36 228298.202)	91	335	0	2273	false	2348	None
LINESTRING (3167324.36 228298.202, 3167341.679 228305.464)	91	335	0	2274	false	2348	None
LINESTRING (3167341.679 228305.464, 3167360.198 228311.17)	91	335	0	2275	false	2348	None
LINESTRING (3167360.198 228311.17, 3167379.283 228315.428)	91	335	0	2276	false	2348	None
LINESTRING (3167379.283 228315.428, 3167388.946 228318.38)	91	335	0	2277	false	2348	None
LINESTRING (3167388.946 228318.38, 3167399.108 228320.811)	91	335	0	2278	false	2348	None
LINESTRING (3167399.108 228320.811, 3167407.84 228326.14)	91	335	0	2279	false	2348	None
LINESTRING (3167407.84 228326.14, 3167427.42 228329.639)	91	335	0	2280	false	2348	None
LINESTRING (3167427.42 228329.639, 3167438.656 228330.584)	91	335	0	2281	false	2348	None
LINESTRING (3167438.656 228330.584, 3167448.093 228330.347)	91	335	0	2282	false	2348	None
LINESTRING (3167448.093 228330.347, 3167459.803 228334.1)	91	335	0	2283	false	2348	None
LINESTRING (3167459.803 228334.1, 3167465.665 228335.205)	91	335	0	2284	false	2348	None
LINESTRING (3167465.665 228335.205, 3167474.149 228336.145)	91	335	0	2285	false	2348	None
LINESTRING (3167474.149 228336.145, 3167478.018 228337.065)	91	335	0	2286	false	2348	None
LINESTRING (3167478.018 228337.065, 3167487.338 228337.378)	91	335	0	2287	false	2348	None
LINESTRING (3167487.338 228337.378, 3167499.853 228338.825)	91	335	0	2288	false	2348	None
LINESTRING (3167499.853 228338.825, 3167519.838 228341.29)	91	335	0	2289	false	2348	None
LINESTRING (3167519.838 228341.29, 3167529.996 228343.482)	91	335	0	2290	false	2348	None
LINESTRING (3167529.996 228343.482, 3167548.738 228345.103)	91	335	0	2291	false	2348	None
LINESTRING (3167548.738 228345.103, 3167612.256 228352.942)	91	335	0	2292	false	2348	None
LINESTRING (3167612.256 228352.942, 3167672.988 228375.427)	91	335	0	2293	false	2348	None
LINESTRING (3167672.988 228375.427, 3167700.816 228388)	91	335	0	2294	false	2348	None
LINESTRING (3167700.816 228388, 3167728.749 228413.609)	91	335	0	2295	false	2348	None
LINESTRING (3167728.749 228413.609, 3167752.845 228437.714)	91	335	0	2296	false	2348	None
LINESTRING (3167752.845 228437.714, 3167772.837 228462)	91	335	0	2297	false	2348	None
LINESTRING (3167772.837 228462, 3167789.913 228484.189)	91	335	0	2298	false	2348	None
LINESTRING (3167789.913 228484.189, 3167878.985 228614.825)	91	335	0	2299	false	2348	None
LINESTRING (3167878.985 228614.825, 3167939.965 228696.662)	91	335	0	2300	false	2348	None
LINESTRING (3167939.965 228696.662, 3167950.178 228711.513)	91	335	0	2301	false	2348	None
LINESTRING (3167950.178 228711.513, 3168062.966 228876.244)	91	335	0	2302	false	2348	None
LINESTRING (3168062.966 228876.244, 3168080.2 228905.053)	91	335	0	2303	false	2348	None
LINESTRING (3168080.2 228905.053, 3168099.961 228937.954)	91	335	0	2304	false	2348	None
LINESTRING (3168099.961 228937.954, 3168110.391 228955.513)	91	335	0	2305	false	2348	None
LINESTRING (3168110.391 228955.513, 3168155.319 229039.646)	91	335	0	2306	false	2348	None
LINESTRING (3168155.319 229039.646, 3168173.409 229073.799)	91	335	0	2307	false	2348	None
LINESTRING (3168173.409 229073.799, 3168211.245 229163.976)	91	335	0	2308	false	2348	None
LINESTRING (3168211.245 229163.976, 3168215.64 229173.09)	91	335	0	2309	false	2348	None
LINESTRING (3168215.64 229173.09, 3168328.555 229410.486)	91	335	0	2310	false	2348	None
LINESTRING (3168328.555 229410.486, 3168344.801 229441.057)	91	335	0	2311	false	2348	None
LINESTRING (3168344.801 229441.057, 3168356.498 229460.902)	91	335	0	2312	false	2348	None
LINESTRING (3168356.498 229460.902, 3168377.545 229497.288)	91	335	0	2313	false	2348	None
LINESTRING (3168377.545 229497.288, 3168410.251 229551.359)	91	335	0	2314	false	2348	None
LINESTRING (3168410.251 229551.359, 3168436.731 229590.949)	91	335	0	2315	false	2348	None
LINESTRING (3168436.731 229590.949, 3168446.059 229603.785)	91	335	0	2316	false	2348	None
LINESTRING (3168446.059 229603.785, 3168475.877 229645.399)	91	335	0	2317	false	2348	None
LINESTRING (3168475.877 229645.399, 3168514.931 229697.071)	91	335	0	2318	false	2348	None
LINESTRING (3168514.931 229697.071, 3168547.868 229738)	91	335	0	2319	false	2348	None
LINESTRING (3168547.868 229738, 3168561.175 229753.231)	91	335	0	2320	false	2348	None
LINESTRING (3168561.175 229753.231, 3168588.618 229785.092)	91	335	0	2321	false	2348	None
LINESTRING (3168588.618 229785.092, 3168602.343 229800.01)	91	335	0	2322	false	2348	None
LINESTRING (3168602.343 229800.01, 3168625.076 229824.064)	91	335	0	2323	false	2348	None
LINESTRING (3168625.076 229824.064, 3168647.94 229848.287)	91	335	0	2324	false	2348	None
LINESTRING (3168647.94 229848.287, 3168669.247 229870.709)	91	335	0	2325	false	2348	None
LINESTRING (3168669.247 229870.709, 3168703.198 229906.791)	91	335	0	2326	false	2348	None
LINESTRING (3168703.198 229906.791, 3168725.204 229930.44)	91	335	0	2327	false	2348	None
LINESTRING (3168725.204 229930.44, 3168732.166 229938.773)	91	335	0	2328	false	2348	None
LINESTRING (3168732.166 229938.773, 3168738.743 229946.836)	91	335	0	2329	false	2348	None
LINESTRING (3168738.743 229946.836, 3168751.064 229963.828)	91	335	0	2330	false	2348	None
LINESTRING (3168751.064 229963.828, 3168760.417 229978.105)	91	335	0	2331	false	2348	None
LINESTRING (3168760.417 229978.105, 3168788.182 230021.182)	91	335	0	2332	false	2348	None
LINESTRING (3168788.182 230021.182, 3168791.754 230026.874)	91	335	0	2333	false	2348	None
LINESTRING (3168791.754 230026.874, 3168797.369 230035.633)	91	335	0	2334	false	2348	None
LINESTRING (3168797.369 230035.633, 3168806.259 230050.087)	91	335	0	2335	false	2348	None
LINESTRING (3168806.259 230050.087, 3168810.927 230057.998)	91	335	0	2336	false	2348	None
LINESTRING (3168810.927 230057.998, 3168832.47 230093.866)	91	335	0	2337	false	2348	None
LINESTRING (3168832.47 230093.866, 3168841.193 230108.493)	91	335	0	2338	false	2348	None
LINESTRING (3168841.193 230108.493, 3168858.773 230135.654)	91	335	0	2339	false	2348	None
LINESTRING (3168858.773 230135.654, 3168902.812 230203.95)	91	335	0	2340	false	2348	None
LINESTRING (3168902.812 230203.95, 3168911.174 230217.243)	91	335	0	2341	false	2348	None
LINESTRING (3168911.174 230217.243, 3168928.249 230244.684)	91	335	0	2342	false	2348	None
LINESTRING (3168928.249 230244.684, 3168930.163 230247.58)	91	335	0	2343	false	2348	None
LINESTRING (3168930.163 230247.58, 3168935.607 230256.272)	91	335	0	2344	false	2348	None
LINESTRING (3168935.607 230256.272, 3168937.309 230259.205)	91	335	0	2345	false	2348	None
LINESTRING (3168937.309 230259.205, 3168945.423 230272.878)	91	335	0	2346	false	2348	None
LINESTRING (3168945.423 230272.878, 3168956.901 230292.52)	91	335	0	2347	false	2348	None
LINESTRING (3168956.901 230292.52, 3168961.682 230299.641)	91	335	0	2348	false	2348	None
LINESTRING (3168937.309 230259.205, 3168935.607 230256.272)	91	337	0	0	false	1368	None
LINESTRING (3168935.607 230256.272, 3168930.163 230247.58)	91	337	0	1	false	1368	None
LINESTRING (3168930.163 230247.58, 3168928.249 230244.684)	91	337	0	2	false	1368	None
LINESTRING (3168928.249 230244.684, 3168911.174 230217.243)	91	337	0	3	false	1368	None
LINESTRING (3168911.174 230217.243, 3168902.812 230203.95)	91	337	0	4	false	1368	None
LINESTRING (3168902.812 230203.95, 3168858.773 230135.654)	91	337	0	5	false	1368	None
LINESTRING (3168858.773 230135.654, 3168841.193 230108.493)	91	337	0	6	false	1368	None
LINESTRING (3168841.193 230108.493, 3168832.47 230093.866)	91	337	0	7	false	1368	None
LINESTRING (3168832.47 230093.866, 3168810.927 230057.998)	91	337	0	8	false	1368	None
LINESTRING (3168810.927 230057.998, 3168806.259 230050.087)	91	337	0	9	false	1368	None
LINESTRING (3168806.259 230050.087, 3168797.369 230035.633)	91	337	0	10	false	1368	None
LINESTRING (3168797.369 230035.633, 3168791.754 230026.874)	91	337	0	11	false	1368	None
LINESTRING (3168791.754 230026.874, 3168788.182 230021.182)	91	337	0	12	false	1368	None
LINESTRING (3168788.182 230021.182, 3168760.417 229978.105)	91	337	0	13	false	1368	None
LINESTRING (3168760.417 229978.105, 3168751.064 229963.828)	91	337	0	14	false	1368	None
LINESTRING (3168751.064 229963.828, 3168738.743 229946.836)	91	337	0	15	false	1368	None
LINESTRING (3168738.743 229946.836, 3168732.166 229938.773)	91	337	0	16	false	1368	None
LINESTRING (3168732.166 229938.773, 3168725.204 229930.44)	91	337	0	17	false	1368	None
LINESTRING (3168725.204 229930.44, 3168703.198 229906.791)	91	337	0	18	false	1368	None
LINESTRING (3168703.198 229906.791, 3168669.247 229870.709)	91	337	0	19	false	1368	None
LINESTRING (3168669.247 229870.709, 3168647.94 229848.287)	91	337	0	20	false	1368	None
LINESTRING (3168647.94 229848.287, 3168625.076 229824.064)	91	337	0	21	false	1368	None
LINESTRING (3168625.076 229824.064, 3168602.343 229800.01)	91	337	0	22	false	1368	None
LINESTRING (3168602.343 229800.01, 3168588.618 229785.092)	91	337	0	23	false	1368	None
LINESTRING (3168588.618 229785.092, 3168561.175 229753.231)	91	337	0	24	false	1368	None
LINESTRING (3168561.175 229753.231, 3168547.868 229738)	91	337	0	25	false	1368	None
LINESTRING (3168547.868 229738, 3168514.931 229697.071)	91	337	0	26	false	1368	None
LINESTRING (3168514.931 229697.071, 3168475.877 229645.399)	91	337	0	27	false	1368	None
LINESTRING (3168475.877 229645.399, 3168446.059 229603.785)	91	337	0	28	false	1368	None
LINESTRING (3168446.059 229603.785, 3168436.731 229590.949)	91	337	0	29	false	1368	None
LINESTRING (3168436.731 229590.949, 3168410.251 229551.359)	91	337	0	30	false	1368	None
LINESTRING (3168410.251 229551.359, 3168377.545 229497.288)	91	337	0	31	false	1368	None
LINESTRING (3168377.545 229497.288, 3168356.498 229460.902)	91	337	0	32	false	1368	None
LINESTRING (3168356.498 229460.902, 3168344.801 229441.057)	91	337	0	33	false	1368	None
LINESTRING (3168344.801 229441.057, 3168328.555 229410.486)	91	337	0	34	false	1368	None
LINESTRING (3168328.555 229410.486, 3168215.64 229173.09)	91	337	0	35	false	1368	None
LINESTRING (3168215.64 229173.09, 3168211.245 229163.976)	91	337	0	36	false	1368	None
LINESTRING (3168211.245 229163.976, 3168173.409 229073.799)	91	337	0	37	false	1368	None
LINESTRING (3168173.409 229073.799, 3168155.319 229039.646)	91	337	0	38	false	1368	None
LINESTRING (3168155.319 229039.646, 3168110.391 228955.513)	91	337	0	39	false	1368	None
LINESTRING (3168110.391 228955.513, 3168099.961 228937.954)	91	337	0	40	false	1368	None
LINESTRING (3168099.961 228937.954, 3168080.2 228905.053)	91	337	0	41	false	1368	None
LINESTRING (3168080.2 228905.053, 3168062.966 228876.244)	91	337	0	42	false	1368	None
LINESTRING (3168062.966 228876.244, 3167950.178 228711.513)	91	337	0	43	false	1368	None
LINESTRING (3167950.178 228711.513, 3167939.965 228696.662)	91	337	0	44	false	1368	None
LINESTRING (3167939.965 228696.662, 3167878.985 228614.825)	91	337	0	45	false	1368	None
LINESTRING (3167878.985 228614.825, 3167789.913 228484.189)	91	337	0	46	false	1368	None
LINESTRING (3167789.913 228484.189, 3167772.837 228462)	91	337	0	47	false	1368	None
LINESTRING (3167772.837 228462, 3167752.845 228437.714)	91	337	0	48	false	1368	None
LINESTRING (3167752.845 228437.714, 3167728.749 228413.609)	91	337	0	49	false	1368	None
LINESTRING (3167728.749 228413.609, 3167700.816 228388)	91	337	0	50	false	1368	None
LINESTRING (3167700.816 228388, 3167672.988 228375.427)	91	337	0	51	false	1368	None
LINESTRING (3167672.988 228375.427, 3167612.256 228352.942)	91	337	0	52	false	1368	None
LINESTRING (3167612.256 228352.942, 3167548.738 228345.103)	91	337	0	53	false	1368	None
LINESTRING (3167548.738 228345.103, 3167529.996 228343.482)	91	337	0	54	false	1368	None
LINESTRING (3167529.996 228343.482, 3167519.838 228341.29)	91	337	0	55	false	1368	None
LINESTRING (3167519.838 228341.29, 3167499.853 228338.825)	91	337	0	56	false	1368	None
LINESTRING (3167499.853 228338.825, 3167487.338 228337.378)	91	337	0	57	false	1368	None
LINESTRING (3167487.338 228337.378, 3167478.018 228337.065)	91	337	0	58	false	1368	None
LINESTRING (3167478.018 228337.065, 3167474.149 228336.145)	91	337	0	59	false	1368	None
LINESTRING (3167474.149 228336.145, 3167465.665 228335.205)	91	337	0	60	false	1368	None
LINESTRING (3167465.665 228335.205, 3167459.803 228334.1)	91	337	0	61	false	1368	None
LINESTRING (3167459.803 228334.1, 3167448.093 228330.347)	91	337	0	62	false	1368	None
LINESTRING (3167448.093 228330.347, 3167438.656 228330.584)	91	337	0	63	false	1368	None
LINESTRING (3167438.656 228330.584, 3167427.42 228329.639)	91	337	0	64	false	1368	None
LINESTRING (3167427.42 228329.639, 3167407.84 228326.14)	91	337	0	65	false	1368	None
LINESTRING (3167407.84 228326.14, 3167399.108 228320.811)	91	337	0	66	false	1368	None
LINESTRING (3167399.108 228320.811, 3167388.946 228318.38)	91	337	0	67	false	1368	None
LINESTRING (3167388.946 228318.38, 3167379.283 228315.428)	91	337	0	68	false	1368	None
LINESTRING (3167379.283 228315.428, 3167360.198 228311.17)	91	337	0	69	false	1368	None
LINESTRING (3167360.198 228311.17, 3167341.679 228305.464)	91	337	0	70	false	1368	None
LINESTRING (3167341.679 228305.464, 3167324.36 228298.202)	91	337	0	71	false	1368	None
LINESTRING (3167324.36 228298.202, 3167307.438 228289.427)	91	337	0	72	false	1368	None
LINESTRING (3167307.438 228289.427, 3167203.411 228239.373)	91	337	0	73	false	1368	None
LINESTRING (3167203.411 228239.373, 3167202.257 228238.802)	91	337	0	74	false	1368	None
LINESTRING (3167202.257 228238.802, 3167196.796 228236.424)	91	337	0	75	false	1368	None
LINESTRING (3167196.796 228236.424, 3167176.748 228228.093)	91	337	0	76	false	1368	None
LINESTRING (3167176.748 228228.093, 3167169.967 228225.317)	91	337	0	77	false	1368	None
LINESTRING (3167169.967 228225.317, 3167164.25 228222.839)	91	337	0	78	false	1368	None
LINESTRING (3167164.25 228222.839, 3167159.088 228220.698)	91	337	0	79	false	1368	None
LINESTRING (3167159.088 228220.698, 3167150.885 228216.53)	91	337	0	80	false	1368	None
LINESTRING (3167150.885 228216.53, 3167147.044 228214.787)	91	337	0	81	false	1368	None
LINESTRING (3167147.044 228214.787, 3167141.241 228212.275)	91	337	0	82	false	1368	None
LINESTRING (3167141.241 228212.275, 3167127.715 228206.38)	91	337	0	83	false	1368	None
LINESTRING (3167127.715 228206.38, 3167124.515 228205.007)	91	337	0	84	false	1368	None
LINESTRING (3167124.515 228205.007, 3167108.243 228197.083)	91	337	0	85	false	1368	None
LINESTRING (3167108.243 228197.083, 3167087.415 228187.732)	91	337	0	86	false	1368	None
LINESTRING (3167087.415 228187.732, 3167084.556 228186.492)	91	337	0	87	false	1368	None
LINESTRING (3167084.556 228186.492, 3167074.087 228181.08)	91	337	0	88	false	1368	None
LINESTRING (3167074.087 228181.08, 3167058.488 228172.942)	91	337	0	89	false	1368	None
LINESTRING (3167058.488 228172.942, 3167009.083 228149.416)	91	337	0	90	false	1368	None
LINESTRING (3167009.083 228149.416, 3166935.04 228114.212)	91	337	0	91	false	1368	None
LINESTRING (3166935.04 228114.212, 3166922.457 228106.66)	91	337	0	92	false	1368	None
LINESTRING (3166922.457 228106.66, 3166880.609 228086.691)	91	337	0	93	false	1368	None
LINESTRING (3166880.609 228086.691, 3166872.212 228083.521)	91	337	0	94	false	1368	None
LINESTRING (3166872.212 228083.521, 3166864.458 228078.457)	91	337	0	95	false	1368	None
LINESTRING (3166864.458 228078.457, 3166846.373 228068.631)	91	337	0	96	false	1368	None
LINESTRING (3166846.373 228068.631, 3166835.081 228064.566)	91	337	0	97	false	1368	None
LINESTRING (3166835.081 228064.566, 3166814.353 228053.704)	91	337	0	98	false	1368	None
LINESTRING (3166814.353 228053.704, 3166809.097 228051.05)	91	337	0	99	false	1368	None
LINESTRING (3166809.097 228051.05, 3166790.522 228042.224)	91	337	0	100	false	1368	None
LINESTRING (3166790.522 228042.224, 3166770.957 228037.183)	91	337	0	101	false	1368	None
LINESTRING (3166770.957 228037.183, 3166745.749 228031.481)	91	337	0	102	false	1368	None
LINESTRING (3166745.749 228031.481, 3166738.607 228029.876)	91	337	0	103	false	1368	None
LINESTRING (3166738.607 228029.876, 3166724.768 228027.793)	91	337	0	104	false	1368	None
LINESTRING (3166724.768 228027.793, 3166718.443 228026.866)	91	337	0	105	false	1368	None
LINESTRING (3166718.443 228026.866, 3166698.349 228025.432)	91	337	0	106	false	1368	None
LINESTRING (3166698.349 228025.432, 3166677.809 228027.401)	91	337	0	107	false	1368	None
LINESTRING (3166677.809 228027.401, 3166659.944 228029.821)	91	337	0	108	false	1368	None
LINESTRING (3166659.944 228029.821, 3166638.024 228032.799)	91	337	0	109	false	1368	None
LINESTRING (3166638.024 228032.799, 3166607.34 228038.066)	91	337	0	110	false	1368	None
LINESTRING (3166607.34 228038.066, 3166589.792 228041.683)	91	337	0	111	false	1368	None
LINESTRING (3166589.792 228041.683, 3166567.944 228046.239)	91	337	0	112	false	1368	None
LINESTRING (3166567.944 228046.239, 3166558.469 228049.084)	91	337	0	113	false	1368	None
LINESTRING (3166558.469 228049.084, 3166455.945 228073.541)	91	337	0	114	false	1368	None
LINESTRING (3166455.945 228073.541, 3166445.308 228075.335)	91	337	0	115	false	1368	None
LINESTRING (3166445.308 228075.335, 3166396.934 228083.33)	91	337	0	116	false	1368	None
LINESTRING (3166396.934 228083.33, 3166352.415 228093.789)	91	337	0	117	false	1368	None
LINESTRING (3166352.415 228093.789, 3166344.225 228095.112)	91	337	0	118	false	1368	None
LINESTRING (3166344.225 228095.112, 3166335.699 228096.541)	91	337	0	119	false	1368	None
LINESTRING (3166335.699 228096.541, 3166329.682 228098.595)	91	337	0	120	false	1368	None
LINESTRING (3166329.682 228098.595, 3166316.571 228101.685)	91	337	0	121	false	1368	None
LINESTRING (3166316.571 228101.685, 3166310.594 228103.636)	91	337	0	122	false	1368	None
LINESTRING (3166310.594 228103.636, 3166302.157 228105.339)	91	337	0	123	false	1368	None
LINESTRING (3166302.157 228105.339, 3166279.171 228112.549)	91	337	0	124	false	1368	None
LINESTRING (3166279.171 228112.549, 3166257.461 228117.756)	91	337	0	125	false	1368	None
LINESTRING (3166257.461 228117.756, 3166235.055 228124.239)	91	337	0	126	false	1368	None
LINESTRING (3166235.055 228124.239, 3166186.079 228134.026)	91	337	0	127	false	1368	None
LINESTRING (3166186.079 228134.026, 3166144.951 228142.357)	91	337	0	128	false	1368	None
LINESTRING (3166144.951 228142.357, 3166133.121 228143.684)	91	337	0	129	false	1368	None
LINESTRING (3166133.121 228143.684, 3166125.726 228144.484)	91	337	0	130	false	1368	None
LINESTRING (3166125.726 228144.484, 3166106.224 228145.31)	91	337	0	131	false	1368	None
LINESTRING (3166106.224 228145.31, 3166086.49 228144.973)	91	337	0	132	false	1368	None
LINESTRING (3166086.49 228144.973, 3166076.695 228144.117)	91	337	0	133	false	1368	None
LINESTRING (3166076.695 228144.117, 3166051.809 228139.855)	91	337	0	134	false	1368	None
LINESTRING (3166051.809 228139.855, 3165969.895 228126.015)	91	337	0	135	false	1368	None
LINESTRING (3165969.895 228126.015, 3165906.136 228116.544)	91	337	0	136	false	1368	None
LINESTRING (3165906.136 228116.544, 3165812.115 228100.468)	91	337	0	137	false	1368	None
LINESTRING (3165812.115 228100.468, 3165778.822 228094.822)	91	337	0	138	false	1368	None
LINESTRING (3165778.822 228094.822, 3165754.508 228089.354)	91	337	0	139	false	1368	None
LINESTRING (3165754.508 228089.354, 3165732.594 228085.541)	91	337	0	140	false	1368	None
LINESTRING (3165732.594 228085.541, 3165726.346 228084.168)	91	337	0	141	false	1368	None
LINESTRING (3165726.346 228084.168, 3165707.475 228080.116)	91	337	0	142	false	1368	None
LINESTRING (3165707.475 228080.116, 3165701.102 228078.813)	91	337	0	143	false	1368	None
LINESTRING (3165701.102 228078.813, 3165693.079 228072.929)	91	337	0	144	false	1368	None
LINESTRING (3165693.079 228072.929, 3165678.892 228067.97)	91	337	0	145	false	1368	None
LINESTRING (3165678.892 228067.97, 3165658.663 228054.327)	91	337	0	146	false	1368	None
LINESTRING (3165658.663 228054.327, 3165649.218 228047.053)	91	337	0	147	false	1368	None
LINESTRING (3165649.218 228047.053, 3165648.572 228046.442)	91	337	0	148	false	1368	None
LINESTRING (3165648.572 228046.442, 3165640.483 228039.222)	91	337	0	149	false	1368	None
LINESTRING (3165640.483 228039.222, 3165625.095 228024.018)	91	337	0	150	false	1368	None
LINESTRING (3165625.095 228024.018, 3165614.544 228011.78)	91	337	0	151	false	1368	None
LINESTRING (3165614.544 228011.78, 3165603.959 227997.622)	91	337	0	152	false	1368	None
LINESTRING (3165603.959 227997.622, 3165584.139 227969.12)	91	337	0	153	false	1368	None
LINESTRING (3165584.139 227969.12, 3165558.651 227924.452)	91	337	0	154	false	1368	None
LINESTRING (3165558.651 227924.452, 3165536.78 227887.875)	91	337	0	155	false	1368	None
LINESTRING (3165536.78 227887.875, 3165502.868 227831.564)	91	337	0	156	false	1368	None
LINESTRING (3165502.868 227831.564, 3165496.38 227819.249)	91	337	0	157	false	1368	None
LINESTRING (3165496.38 227819.249, 3165494.982 227814.529)	91	337	0	158	false	1368	None
LINESTRING (3165494.982 227814.529, 3165492.458 227808.416)	91	337	0	159	false	1368	None
LINESTRING (3165492.458 227808.416, 3165490.938 227806.271)	91	337	0	160	false	1368	None
LINESTRING (3165490.938 227806.271, 3165487.926 227798.893)	91	337	0	161	false	1368	None
LINESTRING (3165487.926 227798.893, 3165482.85 227789.753)	91	337	0	162	false	1368	None
LINESTRING (3165482.85 227789.753, 3165477.137 227778.218)	91	337	0	163	false	1368	None
LINESTRING (3165477.137 227778.218, 3165475.491 227769.11)	91	337	0	164	false	1368	None
LINESTRING (3165475.491 227769.11, 3165471.778 227762.769)	91	337	0	165	false	1368	None
LINESTRING (3165471.778 227762.769, 3165471.296 227757.216)	91	337	0	166	false	1368	None
LINESTRING (3165471.296 227757.216, 3165468.442 227749.185)	91	337	0	167	false	1368	None
LINESTRING (3165468.442 227749.185, 3165464.831 227736.804)	91	337	0	168	false	1368	None
LINESTRING (3165464.831 227736.804, 3165462.537 227729.35)	91	337	0	169	false	1368	None
LINESTRING (3165462.537 227729.35, 3165457.726 227711.493)	91	337	0	170	false	1368	None
LINESTRING (3165457.726 227711.493, 3165456.28 227706.397)	91	337	0	171	false	1368	None
LINESTRING (3165456.28 227706.397, 3165454.893 227697.629)	91	337	0	172	false	1368	None
LINESTRING (3165454.893 227697.629, 3165449.158 227635.662)	91	337	0	173	false	1368	None
LINESTRING (3165449.158 227635.662, 3165443.667 227577.844)	91	337	0	174	false	1368	None
LINESTRING (3165443.667 227577.844, 3165446.319 227511.532)	91	337	0	175	false	1368	None
LINESTRING (3165446.319 227511.532, 3165452.003 227406.832)	91	337	0	176	false	1368	None
LINESTRING (3165452.003 227406.832, 3165452.261 227402.403)	91	337	0	177	false	1368	None
LINESTRING (3165452.261 227402.403, 3165455.629 227324.213)	91	337	0	178	false	1368	None
LINESTRING (3165455.629 227324.213, 3165456.829 227292.26)	91	337	0	179	false	1368	None
LINESTRING (3165456.829 227292.26, 3165458.048 227256.738)	91	337	0	180	false	1368	None
LINESTRING (3165458.048 227256.738, 3165456.967 227215.786)	91	337	0	181	false	1368	None
LINESTRING (3165456.967 227215.786, 3165457.01 227197.087)	91	337	0	182	false	1368	None
LINESTRING (3165457.01 227197.087, 3165456.902 227165.456)	91	337	0	183	false	1368	None
LINESTRING (3165456.902 227165.456, 3165456.973 227150.703)	91	337	0	184	false	1368	None
LINESTRING (3165456.973 227150.703, 3165456.891 227106.447)	91	337	0	185	false	1368	None
LINESTRING (3165456.891 227106.447, 3165456.763 227094.715)	91	337	0	186	false	1368	None
LINESTRING (3165456.763 227094.715, 3165456.962 227091.693)	91	337	0	187	false	1368	None
LINESTRING (3165456.962 227091.693, 3165457.758 227081.873)	91	337	0	188	false	1368	None
LINESTRING (3165457.758 227081.873, 3165460.864 227043.037)	91	337	0	189	false	1368	None
LINESTRING (3165460.864 227043.037, 3165464.252 226998.708)	91	337	0	190	false	1368	None
LINESTRING (3165464.252 226998.708, 3165457.472 226958.744)	91	337	0	191	false	1368	None
LINESTRING (3165457.472 226958.744, 3165451.221 226929.238)	91	337	0	192	false	1368	None
LINESTRING (3165451.221 226929.238, 3165444.487 226903.477)	91	337	0	193	false	1368	None
LINESTRING (3165444.487 226903.477, 3165443.582 226900.261)	91	337	0	194	false	1368	None
LINESTRING (3165443.582 226900.261, 3165431.159 226859.637)	91	337	0	195	false	1368	None
LINESTRING (3165431.159 226859.637, 3165425.664 226841.513)	91	337	0	196	false	1368	None
LINESTRING (3165425.664 226841.513, 3165414.176 226815.083)	91	337	0	197	false	1368	None
LINESTRING (3165414.176 226815.083, 3165409.354 226806.043)	91	337	0	198	false	1368	None
LINESTRING (3165409.354 226806.043, 3165403.778 226797.424)	91	337	0	199	false	1368	None
LINESTRING (3165403.778 226797.424, 3165402.733 226795.822)	91	337	0	200	false	1368	None
LINESTRING (3165402.733 226795.822, 3165397.744 226789.22)	91	337	0	201	false	1368	None
LINESTRING (3165397.744 226789.22, 3165390.919 226781.781)	91	337	0	202	false	1368	None
LINESTRING (3165390.919 226781.781, 3165354.598 226747.179)	91	337	0	203	false	1368	None
LINESTRING (3165354.598 226747.179, 3165333.198 226725.212)	91	337	0	204	false	1368	None
LINESTRING (3165333.198 226725.212, 3165326.233 226719.387)	91	337	0	205	false	1368	None
LINESTRING (3165326.233 226719.387, 3165319.565 226711.293)	91	337	0	206	false	1368	None
LINESTRING (3165319.565 226711.293, 3165303.993 226697.807)	91	337	0	207	false	1368	None
LINESTRING (3165303.993 226697.807, 3165289.907 226684.545)	91	337	0	208	false	1368	None
LINESTRING (3165289.907 226684.545, 3165283.679 226677.339)	91	337	0	209	false	1368	None
LINESTRING (3165283.679 226677.339, 3165272.382 226661.473)	91	337	0	210	false	1368	None
LINESTRING (3165272.382 226661.473, 3165266.689 226651.14)	91	337	0	211	false	1368	None
LINESTRING (3165266.689 226651.14, 3165262.621 226643.945)	91	337	0	212	false	1368	None
LINESTRING (3165262.621 226643.945, 3165241.437 226584.992)	91	337	0	213	false	1368	None
LINESTRING (3165241.437 226584.992, 3165236.804 226574.715)	91	337	0	214	false	1368	None
LINESTRING (3165236.804 226574.715, 3165230.224 226543.532)	91	337	0	215	false	1368	None
LINESTRING (3165230.224 226543.532, 3165228.485 226538.679)	91	337	0	216	false	1368	None
LINESTRING (3165228.485 226538.679, 3165227.576 226532.959)	91	337	0	217	false	1368	None
LINESTRING (3165227.576 226532.959, 3165226.775 226528.474)	91	337	0	218	false	1368	None
LINESTRING (3165226.775 226528.474, 3165225 226521.7)	91	337	0	219	false	1368	None
LINESTRING (3165225 226521.7, 3165223.85 226514.336)	91	337	0	220	false	1368	None
LINESTRING (3165223.85 226514.336, 3165221.676 226506.571)	91	337	0	221	false	1368	None
LINESTRING (3165221.676 226506.571, 3165221.711 226499.195)	91	337	0	222	false	1368	None
LINESTRING (3165221.711 226499.195, 3165220.411 226495.229)	91	337	0	223	false	1368	None
LINESTRING (3165220.411 226495.229, 3165220.001 226488.989)	91	337	0	224	false	1368	None
LINESTRING (3165220.001 226488.989, 3165218.105 226482.526)	91	337	0	225	false	1368	None
LINESTRING (3165218.105 226482.526, 3165212.954 226457.742)	91	337	0	226	false	1368	None
LINESTRING (3165212.954 226457.742, 3165212.556 226454.487)	91	337	0	227	false	1368	None
LINESTRING (3165212.556 226454.487, 3165208.739 226428.557)	91	337	0	228	false	1368	None
LINESTRING (3165208.739 226428.557, 3165205.125 226409.144)	91	337	0	229	false	1368	None
LINESTRING (3165205.125 226409.144, 3165196.532 226372.047)	91	337	0	230	false	1368	None
LINESTRING (3165196.532 226372.047, 3165193.825 226360.617)	91	337	0	231	false	1368	None
LINESTRING (3165193.825 226360.617, 3165189 226330.478)	91	337	0	232	false	1368	None
LINESTRING (3165189 226330.478, 3165185.858 226318.401)	91	337	0	233	false	1368	None
LINESTRING (3165185.858 226318.401, 3165174.42 226285.555)	91	337	0	234	false	1368	None
LINESTRING (3165174.42 226285.555, 3165139.688 226187.329)	91	337	0	235	false	1368	None
LINESTRING (3165139.688 226187.329, 3165127.997 226154.622)	91	337	0	236	false	1368	None
LINESTRING (3165127.997 226154.622, 3165125.805 226148.162)	91	337	0	237	false	1368	None
LINESTRING (3165125.805 226148.162, 3165124.872 226145.77)	91	337	0	238	false	1368	None
LINESTRING (3165124.872 226145.77, 3165122.304 226134.991)	91	337	0	239	false	1368	None
LINESTRING (3165122.304 226134.991, 3165119.896 226128.327)	91	337	0	240	false	1368	None
LINESTRING (3165119.896 226128.327, 3165117.452 226122.006)	91	337	0	241	false	1368	None
LINESTRING (3165117.452 226122.006, 3165104.138 226086.161)	91	337	0	242	false	1368	None
LINESTRING (3165104.138 226086.161, 3165063.812 225978.595)	91	337	0	243	false	1368	None
LINESTRING (3165063.812 225978.595, 3165061.412 225972.412)	91	337	0	244	false	1368	None
LINESTRING (3165061.412 225972.412, 3165060.3 225969.473)	91	337	0	245	false	1368	None
LINESTRING (3165060.3 225969.473, 3165050.245 225942.89)	91	337	0	246	false	1368	None
LINESTRING (3165050.245 225942.89, 3165029.731 225888.494)	91	337	0	247	false	1368	None
LINESTRING (3165029.731 225888.494, 3165020.968 225865.396)	91	337	0	248	false	1368	None
LINESTRING (3165020.968 225865.396, 3164978.505 225759.261)	91	337	0	249	false	1368	None
LINESTRING (3164978.505 225759.261, 3164968.358 225725.371)	91	337	0	250	false	1368	None
LINESTRING (3164968.358 225725.371, 3164965.793 225717.097)	91	337	0	251	false	1368	None
LINESTRING (3164965.793 225717.097, 3164949.266 225670.102)	91	337	0	252	false	1368	None
LINESTRING (3164949.266 225670.102, 3164925.586 225602.428)	91	337	0	253	false	1368	None
LINESTRING (3164925.586 225602.428, 3164895.387 225516.47)	91	337	0	254	false	1368	None
LINESTRING (3164895.387 225516.47, 3164889.927 225505.036)	91	337	0	255	false	1368	None
LINESTRING (3164889.927 225505.036, 3164887.133 225495.838)	91	337	0	256	false	1368	None
LINESTRING (3164887.133 225495.838, 3164885.242 225487.35)	91	337	0	257	false	1368	None
LINESTRING (3164885.242 225487.35, 3164881.204 225477.307)	91	337	0	258	false	1368	None
LINESTRING (3164881.204 225477.307, 3164872.465 225457.915)	91	337	0	259	false	1368	None
LINESTRING (3164872.465 225457.915, 3164868.863 225448.519)	91	337	0	260	false	1368	None
LINESTRING (3164868.863 225448.519, 3164847.973 225403.87)	91	337	0	261	false	1368	None
LINESTRING (3164847.973 225403.87, 3164844.626 225396.839)	91	337	0	262	false	1368	None
LINESTRING (3164844.626 225396.839, 3164826.581 225368.799)	91	337	0	263	false	1368	None
LINESTRING (3164826.581 225368.799, 3164810.173 225346.883)	91	337	0	264	false	1368	None
LINESTRING (3164810.173 225346.883, 3164798.801 225331.705)	91	337	0	265	false	1368	None
LINESTRING (3164798.801 225331.705, 3164793.81 225325.104)	91	337	0	266	false	1368	None
LINESTRING (3164793.81 225325.104, 3164784.747 225315.836)	91	337	0	267	false	1368	None
LINESTRING (3164784.747 225315.836, 3164775.532 225307.462)	91	337	0	268	false	1368	None
LINESTRING (3164775.532 225307.462, 3164769.298 225300.016)	91	337	0	269	false	1368	None
LINESTRING (3164769.298 225300.016, 3164760.455 225291.192)	91	337	0	270	false	1368	None
LINESTRING (3164760.455 225291.192, 3164755.325 225286.205)	91	337	0	271	false	1368	None
LINESTRING (3164755.325 225286.205, 3164746.76 225278.681)	91	337	0	272	false	1368	None
LINESTRING (3164746.76 225278.681, 3164733.72 225267.261)	91	337	0	273	false	1368	None
LINESTRING (3164733.72 225267.261, 3164731.439 225265.296)	91	337	0	274	false	1368	None
LINESTRING (3164731.439 225265.296, 3164718.888 225255.14)	91	337	0	275	false	1368	None
LINESTRING (3164718.888 225255.14, 3164680.217 225233.81)	91	337	0	276	false	1368	None
LINESTRING (3164680.217 225233.81, 3164665.631 225225.837)	91	337	0	277	false	1368	None
LINESTRING (3164665.631 225225.837, 3164662.596 225224.292)	91	337	0	278	false	1368	None
LINESTRING (3164662.596 225224.292, 3164656.355 225221.135)	91	337	0	279	false	1368	None
LINESTRING (3164656.355 225221.135, 3164643.322 225214.724)	91	337	0	280	false	1368	None
LINESTRING (3164643.322 225214.724, 3164628.283 225207.409)	91	337	0	281	false	1368	None
LINESTRING (3164628.283 225207.409, 3164584.64 225187.471)	91	337	0	282	false	1368	None
LINESTRING (3164584.64 225187.471, 3164571.66 225181.677)	91	337	0	283	false	1368	None
LINESTRING (3164571.66 225181.677, 3164564.751 225178.973)	91	337	0	284	false	1368	None
LINESTRING (3164564.751 225178.973, 3164524.011 225162.675)	91	337	0	285	false	1368	None
LINESTRING (3164524.011 225162.675, 3164506.353 225155.766)	91	337	0	286	false	1368	None
LINESTRING (3164506.353 225155.766, 3164488.323 225147.042)	91	337	0	287	false	1368	None
LINESTRING (3164488.323 225147.042, 3164479.592 225141.957)	91	337	0	288	false	1368	None
LINESTRING (3164479.592 225141.957, 3164471.147 225136.388)	91	337	0	289	false	1368	None
LINESTRING (3164471.147 225136.388, 3164462.59 225131.61)	91	337	0	290	false	1368	None
LINESTRING (3164462.59 225131.61, 3164439.448 225116.595)	91	337	0	291	false	1368	None
LINESTRING (3164439.448 225116.595, 3164432.53 225111.147)	91	337	0	292	false	1368	None
LINESTRING (3164432.53 225111.147, 3164424.561 225106.122)	91	337	0	293	false	1368	None
LINESTRING (3164424.561 225106.122, 3164410.223 225095.506)	91	337	0	294	false	1368	None
LINESTRING (3164410.223 225095.506, 3164409.882 225095.372)	91	337	0	295	false	1368	None
LINESTRING (3164409.882 225095.372, 3164384.366 225073.35)	91	337	0	296	false	1368	None
LINESTRING (3164384.366 225073.35, 3164377.435 225064.917)	91	337	0	297	false	1368	None
LINESTRING (3164377.435 225064.917, 3164363.474 225051.827)	91	337	0	298	false	1368	None
LINESTRING (3164363.474 225051.827, 3164358.623 225043.612)	91	337	0	299	false	1368	S:3164360.385067438 225046.596
LINESTRING (3172212.074 231836.205, 3172193.356 231833.269)	91	337	0	1188	false	1368	E:3172204.385 231834.99894678913
LINESTRING (3172193.356 231833.269, 3172174.577 231831.74)	91	337	0	1189	false	1368	None
LINESTRING (3172174.577 231831.74, 3172156.034 231831.616)	91	337	0	1190	false	1368	None
LINESTRING (3172156.034 231831.616, 3172137.813 231832.93)	91	337	0	1191	false	1368	None
LINESTRING (3172137.813 231832.93, 3172108.159 231839.057)	91	337	0	1192	false	1368	None
LINESTRING (3172108.159 231839.057, 3172091.822 231844.092)	91	337	0	1193	false	1368	None
LINESTRING (3172091.822 231844.092, 3172088.79 231845.048)	91	337	0	1194	false	1368	None
LINESTRING (3172088.79 231845.048, 3172070.505 231852.538)	91	337	0	1195	false	1368	None
LINESTRING (3172070.505 231852.538, 3172052.529 231863.249)	91	337	0	1196	false	1368	None
LINESTRING (3172052.529 231863.249, 3172025.728 231882.66)	91	337	0	1197	false	1368	None
LINESTRING (3172025.728 231882.66, 3171979.988 231923.256)	91	337	0	1198	false	1368	None
LINESTRING (3171979.988 231923.256, 3171960.098 231940.848)	91	337	0	1199	false	1368	None
LINESTRING (3171960.098 231940.848, 3171895.436 232003.589)	91	337	0	1200	false	1368	None
LINESTRING (3171895.436 232003.589, 3171863.353 232025.935)	91	337	0	1201	false	1368	None
LINESTRING (3171863.353 232025.935, 3171854.138 232031.619)	91	337	0	1202	false	1368	None
LINESTRING (3171854.138 232031.619, 3171844.699 232036.619)	91	337	0	1203	false	1368	None
LINESTRING (3171844.699 232036.619, 3171834.997 232041.039)	91	337	0	1204	false	1368	None
LINESTRING (3171834.997 232041.039, 3171825.197 232044.705)	91	337	0	1205	false	1368	None
LINESTRING (3171825.197 232044.705, 3171815.174 232047.687)	91	337	0	1206	false	1368	None
LINESTRING (3171815.174 232047.687, 3171805.053 232049.915)	91	337	0	1207	false	1368	None
LINESTRING (3171805.053 232049.915, 3171785.246 232052.515)	91	337	0	1208	false	1368	None
LINESTRING (3171785.246 232052.515, 3171775.473 232052.853)	91	337	0	1209	false	1368	None
LINESTRING (3171775.473 232052.853, 3171765.9 232052.434)	91	337	0	1210	false	1368	None
LINESTRING (3171765.9 232052.434, 3171751.099 232050.798)	91	337	0	1211	false	1368	None
LINESTRING (3171751.099 232050.798, 3171746.562 232050.329)	91	337	0	1212	false	1368	None
LINESTRING (3171746.562 232050.329, 3171727.504 232047.26)	91	337	0	1213	false	1368	None
LINESTRING (3171727.504 232047.26, 3171708.453 232042.168)	91	337	0	1214	false	1368	None
LINESTRING (3171708.453 232042.168, 3171680.27 232032.775)	91	337	0	1215	false	1368	None
LINESTRING (3171680.27 232032.775, 3171671.958 232029.393)	91	337	0	1216	false	1368	None
LINESTRING (3171671.958 232029.393, 3171666.629 232027.183)	91	337	0	1217	false	1368	None
LINESTRING (3171666.629 232027.183, 3171653.67 232021.857)	91	337	0	1218	false	1368	None
LINESTRING (3171653.67 232021.857, 3171650.642 232020.55)	91	337	0	1219	false	1368	None
LINESTRING (3171650.642 232020.55, 3171645.187 232018.409)	91	337	0	1220	false	1368	None
LINESTRING (3171645.187 232018.409, 3171635.938 232014.659)	91	337	0	1221	false	1368	None
LINESTRING (3171635.938 232014.659, 3171626.047 232010.538)	91	337	0	1222	false	1368	None
LINESTRING (3171626.047 232010.538, 3171601.536 232000.561)	91	337	0	1223	false	1368	None
LINESTRING (3171601.536 232000.561, 3171568.004 231987.757)	91	337	0	1224	false	1368	None
LINESTRING (3171568.004 231987.757, 3171548.575 231980.37)	91	337	0	1225	false	1368	None
LINESTRING (3171548.575 231980.37, 3171536.898 231975.787)	91	337	0	1226	false	1368	None
LINESTRING (3171536.898 231975.787, 3171501.868 231962.039)	91	337	0	1227	false	1368	None
LINESTRING (3171501.868 231962.039, 3171490.065 231957.526)	91	337	0	1228	false	1368	None
LINESTRING (3171490.065 231957.526, 3171475.15 231951.672)	91	337	0	1229	false	1368	None
LINESTRING (3171475.15 231951.672, 3171469.354 231949.397)	91	337	0	1230	false	1368	None
LINESTRING (3171469.354 231949.397, 3171456.545 231945.443)	91	337	0	1231	false	1368	None
LINESTRING (3171456.545 231945.443, 3171434.856 231939.554)	91	337	0	1232	false	1368	None
LINESTRING (3171434.856 231939.554, 3171428.866 231938.276)	91	337	0	1233	false	1368	None
LINESTRING (3171428.866 231938.276, 3171425.595 231937.589)	91	337	0	1234	false	1368	None
LINESTRING (3171425.595 231937.589, 3171412.782 231935.899)	91	337	0	1235	false	1368	None
LINESTRING (3171412.782 231935.899, 3171402.429 231934.459)	91	337	0	1236	false	1368	None
LINESTRING (3171402.429 231934.459, 3171397.255 231933.86)	91	337	0	1237	false	1368	None
LINESTRING (3171397.255 231933.86, 3171378.412 231933.5)	91	337	0	1238	false	1368	None
LINESTRING (3171378.412 231933.5, 3171370.633 231934.024)	91	337	0	1239	false	1368	None
LINESTRING (3171370.633 231934.024, 3171359.854 231934.922)	91	337	0	1240	false	1368	None
LINESTRING (3171359.854 231934.922, 3171351.487 231935.692)	91	337	0	1241	false	1368	None
LINESTRING (3171351.487 231935.692, 3171345.655 231936.265)	91	337	0	1242	false	1368	None
LINESTRING (3171345.655 231936.265, 3171331.509 231938.226)	91	337	0	1243	false	1368	None
LINESTRING (3171331.509 231938.226, 3171326.035 231939.893)	91	337	0	1244	false	1368	None
LINESTRING (3171326.035 231939.893, 3171317.615 231942.551)	91	337	0	1245	false	1368	None
LINESTRING (3171317.615 231942.551, 3171315.131 231943.365)	91	337	0	1246	false	1368	None
LINESTRING (3171315.131 231943.365, 3171310.842 231945.021)	91	337	0	1247	false	1368	None
LINESTRING (3171310.842 231945.021, 3171299.197 231949.632)	91	337	0	1248	false	1368	None
LINESTRING (3171299.197 231949.632, 3171290.546 231953.63)	91	337	0	1249	false	1368	None
LINESTRING (3171290.546 231953.63, 3171283.786 231956.82)	91	337	0	1250	false	1368	None
LINESTRING (3171283.786 231956.82, 3171272.339 231963.179)	91	337	0	1251	false	1368	None
LINESTRING (3171272.339 231963.179, 3171262.325 231969.146)	91	337	0	1252	false	1368	None
LINESTRING (3171262.325 231969.146, 3171246.363 231978.741)	91	337	0	1253	false	1368	None
LINESTRING (3171246.363 231978.741, 3171199.103 232009.442)	91	337	0	1254	false	1368	None
LINESTRING (3171199.103 232009.442, 3171178.004 232023.103)	91	337	0	1255	false	1368	None
LINESTRING (3171178.004 232023.103, 3171146.316 232043.698)	91	337	0	1256	false	1368	None
LINESTRING (3171146.316 232043.698, 3171111.196 232066.523)	91	337	0	1257	false	1368	None
LINESTRING (3171111.196 232066.523, 3171051.253 232105.483)	91	337	0	1258	false	1368	None
LINESTRING (3171051.253 232105.483, 3171019.48 232126.045)	91	337	0	1259	false	1368	None
LINESTRING (3171019.48 232126.045, 3171015.378 232128.728)	91	337	0	1260	false	1368	None
LINESTRING (3171015.378 232128.728, 3171003.162 232137.05)	91	337	0	1261	false	1368	None
LINESTRING (3171003.162 232137.05, 3170954.211 232170.308)	91	337	0	1262	false	1368	None
LINESTRING (3170954.211 232170.308, 3170937.852 232181.417)	91	337	0	1263	false	1368	None
LINESTRING (3170937.852 232181.417, 3170892.735 232208.667)	91	337	0	1264	false	1368	None
LINESTRING (3170892.735 232208.667, 3170826.867 232252.457)	91	337	0	1265	false	1368	None
LINESTRING (3170826.867 232252.457, 3170789.436 232278.669)	91	337	0	1266	false	1368	None
LINESTRING (3170789.436 232278.669, 3170756.171 232301.031)	91	337	0	1267	false	1368	None
LINESTRING (3170756.171 232301.031, 3170747.115 232306.063)	91	337	0	1268	false	1368	None
LINESTRING (3170747.115 232306.063, 3170728.557 232314.759)	91	337	0	1269	false	1368	None
LINESTRING (3170728.557 232314.759, 3170709.596 232322.224)	91	337	0	1270	false	1368	None
LINESTRING (3170709.596 232322.224, 3170690.274 232328.355)	91	337	0	1271	false	1368	None
LINESTRING (3170690.274 232328.355, 3170680.41 232330.685)	91	337	0	1272	false	1368	None
LINESTRING (3170680.41 232330.685, 3170664.459 232333.488)	91	337	0	1273	false	1368	None
LINESTRING (3170664.459 232333.488, 3170655.921 232334.192)	91	337	0	1274	false	1368	None
LINESTRING (3170655.921 232334.192, 3170636.078 232334.634)	91	337	0	1275	false	1368	None
LINESTRING (3170636.078 232334.634, 3170616.376 232333.461)	91	337	0	1276	false	1368	None
LINESTRING (3170616.376 232333.461, 3170596.86 232330.812)	91	337	0	1277	false	1368	None
LINESTRING (3170596.86 232330.812, 3170577.478 232326.068)	91	337	0	1278	false	1368	None
LINESTRING (3170577.478 232326.068, 3170555.087 232318.714)	91	337	0	1279	false	1368	None
LINESTRING (3170555.087 232318.714, 3170549.17 232316.75)	91	337	0	1280	false	1368	None
LINESTRING (3170549.17 232316.75, 3170530.838 232309.079)	91	337	0	1281	false	1368	None
LINESTRING (3170530.838 232309.079, 3170522.083 232304.571)	91	337	0	1282	false	1368	None
LINESTRING (3170522.083 232304.571, 3170513.617 232299.58)	91	337	0	1283	false	1368	None
LINESTRING (3170513.617 232299.58, 3170505.479 232294.002)	91	337	0	1284	false	1368	None
LINESTRING (3170505.479 232294.002, 3170495.01 232285.84)	91	337	0	1285	false	1368	None
LINESTRING (3170495.01 232285.84, 3170474.507 232267.66)	91	337	0	1286	false	1368	None
LINESTRING (3170474.507 232267.66, 3170420.809 232199.729)	91	337	0	1287	false	1368	None
LINESTRING (3170420.809 232199.729, 3170377.295 232143.188)	91	337	0	1288	false	1368	None
LINESTRING (3170377.295 232143.188, 3170364.312 232119.374)	91	337	0	1289	false	1368	None
LINESTRING (3170364.312 232119.374, 3170342.485 232098.051)	91	337	0	1290	false	1368	None
LINESTRING (3170342.485 232098.051, 3170207.124 231926.66)	91	337	0	1291	false	1368	None
LINESTRING (3170207.124 231926.66, 3170150.839 231856.288)	91	337	0	1292	false	1368	None
LINESTRING (3170150.839 231856.288, 3170111.367 231801.216)	91	337	0	1293	false	1368	None
LINESTRING (3170111.367 231801.216, 3170103.632 231789.596)	91	337	0	1294	false	1368	None
LINESTRING (3170103.632 231789.596, 3170046.405 231704.07)	91	337	0	1295	false	1368	None
LINESTRING (3170046.405 231704.07, 3170030.893 231680.934)	91	337	0	1296	false	1368	None
LINESTRING (3170030.893 231680.934, 3170004.863 231641.987)	91	337	0	1297	false	1368	None
LINESTRING (3170004.863 231641.987, 3169988.737 231617.657)	91	337	0	1298	false	1368	None
LINESTRING (3169988.737 231617.657, 3169941.672 231547.088)	91	337	0	1299	false	1368	None
LINESTRING (3169941.672 231547.088, 3169940.275 231544.632)	91	337	0	1300	false	1368	None
LINESTRING (3169940.275 231544.632, 3169924.648 231519.782)	91	337	0	1301	false	1368	None
LINESTRING (3169924.648 231519.782, 3169920.464 231512.895)	91	337	0	1302	false	1368	None
LINESTRING (3169920.464 231512.895, 3169909.93 231496.124)	91	337	0	1303	false	1368	None
LINESTRING (3169909.93 231496.124, 3169907.619 231492.236)	91	337	0	1304	false	1368	None
LINESTRING (3169907.619 231492.236, 3169903.351 231485.316)	91	337	0	1305	false	1368	None
LINESTRING (3169903.351 231485.316, 3169902.258 231483.337)	91	337	0	1306	false	1368	None
LINESTRING (3169902.258 231483.337, 3169898.818 231477.814)	91	337	0	1307	false	1368	None
LINESTRING (3169898.818 231477.814, 3169897.685 231475.939)	91	337	0	1308	false	1368	None
LINESTRING (3169897.685 231475.939, 3169863.561 231417.006)	91	337	0	1309	false	1368	None
LINESTRING (3169863.561 231417.006, 3169853.789 231400.295)	91	337	0	1310	false	1368	None
LINESTRING (3169853.789 231400.295, 3169826.3 231343.25)	91	337	0	1311	false	1368	None
LINESTRING (3169826.3 231343.25, 3169812.561 231315.087)	91	337	0	1312	false	1368	None
LINESTRING (3169812.561 231315.087, 3169787.58 231251.394)	91	337	0	1313	false	1368	None
LINESTRING (3169787.58 231251.394, 3169777.269 231228.034)	91	337	0	1314	false	1368	None
LINESTRING (3169777.269 231228.034, 3169749.032 231164.615)	91	337	0	1315	false	1368	None
LINESTRING (3169749.032 231164.615, 3169743.664 231150.467)	91	337	0	1316	false	1368	None
LINESTRING (3169743.664 231150.467, 3169729.227 231106.53)	91	337	0	1317	false	1368	None
LINESTRING (3169729.227 231106.53, 3169727.402 231101.403)	91	337	0	1318	false	1368	None
LINESTRING (3169727.402 231101.403, 3169715.584 231069.344)	91	337	0	1319	false	1368	None
LINESTRING (3169715.584 231069.344, 3169692.323 231024.331)	91	337	0	1320	false	1368	None
LINESTRING (3169692.323 231024.331, 3169677.829 231003.861)	91	337	0	1321	false	1368	None
LINESTRING (3169677.829 231003.861, 3169657.178 230977.52)	91	337	0	1322	false	1368	None
LINESTRING (3169657.178 230977.52, 3169637.444 230957.618)	91	337	0	1323	false	1368	None
LINESTRING (3169637.444 230957.618, 3169612.761 230933.033)	91	337	0	1324	false	1368	None
LINESTRING (3169612.761 230933.033, 3169594.488 230921.694)	91	337	0	1325	false	1368	None
LINESTRING (3169594.488 230921.694, 3169577.539 230910.992)	91	337	0	1326	false	1368	None
LINESTRING (3169577.539 230910.992, 3169569.923 230906.336)	91	337	0	1327	false	1368	None
LINESTRING (3169569.923 230906.336, 3169524.89 230882.475)	91	337	0	1328	false	1368	None
LINESTRING (3169524.89 230882.475, 3169507.203 230873.154)	91	337	0	1329	false	1368	None
LINESTRING (3169507.203 230873.154, 3169482.951 230858.754)	91	337	0	1330	false	1368	None
LINESTRING (3169482.951 230858.754, 3169477.178 230855.417)	91	337	0	1331	false	1368	None
LINESTRING (3169477.178 230855.417, 3169436.57 230832.815)	91	337	0	1332	false	1368	None
LINESTRING (3169436.57 230832.815, 3169386.396 230803.004)	91	337	0	1333	false	1368	None
LINESTRING (3169386.396 230803.004, 3169356.285 230785.234)	91	337	0	1334	false	1368	None
LINESTRING (3169356.285 230785.234, 3169349.054 230780.849)	91	337	0	1335	false	1368	None
LINESTRING (3169349.054 230780.849, 3169327.026 230767.799)	91	337	0	1336	false	1368	None
LINESTRING (3169327.026 230767.799, 3169323.563 230765.845)	91	337	0	1337	false	1368	None
LINESTRING (3169323.563 230765.845, 3169319.71 230763.38)	91	337	0	1338	false	1368	None
LINESTRING (3169319.71 230763.38, 3169313.328 230759.089)	91	337	0	1339	false	1368	None
LINESTRING (3169313.328 230759.089, 3169293.764 230746.528)	91	337	0	1340	false	1368	None
LINESTRING (3169293.764 230746.528, 3169287.256 230742.307)	91	337	0	1341	false	1368	None
LINESTRING (3169287.256 230742.307, 3169278.77 230736.356)	91	337	0	1342	false	1368	None
LINESTRING (3169278.77 230736.356, 3169266.732 230728.178)	91	337	0	1343	false	1368	None
LINESTRING (3169266.732 230728.178, 3169253.967 230717.091)	91	337	0	1344	false	1368	None
LINESTRING (3169253.967 230717.091, 3169247.393 230711.533)	91	337	0	1345	false	1368	None
LINESTRING (3169247.393 230711.533, 3169246.057 230710.174)	91	337	0	1346	false	1368	None
LINESTRING (3169246.057 230710.174, 3169238.382 230702.157)	91	337	0	1347	false	1368	None
LINESTRING (3169238.382 230702.157, 3169224.636 230688.301)	91	337	0	1348	false	1368	None
LINESTRING (3169224.636 230688.301, 3169215.6 230677.485)	91	337	0	1349	false	1368	None
LINESTRING (3169215.6 230677.485, 3169208.338 230668.914)	91	337	0	1350	false	1368	None
LINESTRING (3169208.338 230668.914, 3169198.644 230656.767)	91	337	0	1351	false	1368	None
LINESTRING (3169198.644 230656.767, 3169173.55 230620.935)	91	337	0	1352	false	1368	None
LINESTRING (3169173.55 230620.935, 3169167.473 230612.352)	91	337	0	1353	false	1368	None
LINESTRING (3169167.473 230612.352, 3169155.08 230593.542)	91	337	0	1354	false	1368	None
LINESTRING (3169155.08 230593.542, 3169075.005 230471.172)	91	337	0	1355	false	1368	None
LINESTRING (3169075.005 230471.172, 3169067.572 230460.03)	91	337	0	1356	false	1368	None
LINESTRING (3169067.572 230460.03, 3169041.878 230421.46)	91	337	0	1357	false	1368	None
LINESTRING (3169041.878 230421.46, 3169032.786 230407.522)	91	337	0	1358	false	1368	None
LINESTRING (3169032.786 230407.522, 3169005.049 230365.886)	91	337	0	1359	false	1368	None
LINESTRING (3169005.049 230365.886, 3168995.831 230352.018)	91	337	0	1360	false	1368	None
LINESTRING (3168995.831 230352.018, 3168992.565 230346.803)	91	337	0	1361	false	1368	None
LINESTRING (3168992.565 230346.803, 3168982.519 230331.537)	91	337	0	1362	false	1368	None
LINESTRING (3168982.519 230331.537, 3168979.127 230326.392)	91	337	0	1363	false	1368	None
LINESTRING (3168979.127 230326.392, 3168970.555 230313.135)	91	337	0	1364	false	1368	None
LINESTRING (3168970.555 230313.135, 3168961.682 230299.641)	91	337	0	1365	false	1368	None
LINESTRING (3168961.682 230299.641, 3168956.901 230292.52)	91	337	0	1366	false	1368	None
LINESTRING (3168956.901 230292.52, 3168945.423 230272.878)	91	337	0	1367	false	1368	None
LINESTRING (3168945.423 230272.878, 3168937.309 230259.205)	91	337	0	1368	false	1368	None
