LINESTRING (3180774.827 231046.954, 3180603.013 231143.827)	97	333	0	41	false	1688	E:3180760.052 231055.2845119198
LINESTRING (3180603.013 231143.827, 3180528.856 231184.423)	97	333	0	42	false	1688	None
LINESTRING (3180528.856 231184.423, 3180485.07 231210.133)	97	333	0	43	false	1688	None
LINESTRING (3180485.07 231210.133, 3180351.992 231288.139)	97	333	0	44	false	1688	None
LINESTRING (3180351.992 231288.139, 3180175.17 231422.529)	97	333	0	45	false	1688	None
LINESTRING (3180175.17 231422.529, 3180118.017 231466.956)	97	333	0	46	false	1688	None
LINESTRING (3180118.017 231466.956, 3179947.956 231592.439)	97	333	0	47	false	1688	None
LINESTRING (3179947.956 231592.439, 3179910.793 231621.592)	97	333	0	48	false	1688	None
LINESTRING (3179910.793 231621.592, 3179895.121 231634.153)	97	333	0	49	false	1688	None
LINESTRING (3179895.121 231634.153, 3179879.408 231646.816)	97	333	0	50	false	1688	None
LINESTRING (3179879.408 231646.816, 3179872.455 231653.981)	97	333	0	51	false	1688	None
LINESTRING (3179872.455 231653.981, 3179851.887 231675.231)	97	333	0	52	false	1688	None
LINESTRING (3179851.887 231675.231, 3179833.915 231694.64)	97	333	0	53	false	1688	None
LINESTRING (3179833.915 231694.64, 3179820.265 231714.318)	97	333	0	54	false	1688	None
LINESTRING (3179820.265 231714.318, 3179813.757 231725.355)	97	333	0	55	false	1688	None
LINESTRING (3179813.757 231725.355, 3179797.603 231752.398)	97	333	0	56	false	1688	None
LINESTRING (3179797.603 231752.398, 3179796.051 231755.843)	97	333	0	57	false	1688	None
LINESTRING (3179796.051 231755.843, 3179791.313 231766.384)	97	333	0	58	false	1688	None
LINESTRING (3179791.313 231766.384, 3179789.72 231769.932)	97	333	0	59	false	1688	None
LINESTRING (3179789.72 231769.932, 3179760.753 231834.04)	97	333	0	60	false	1688	None
LINESTRING (3179760.753 231834.04, 3179751.644 231859.441)	97	333	0	61	false	1688	None
LINESTRING (3179751.644 231859.441, 3179653.022 232134.587)	97	333	0	62	false	1688	None
LINESTRING (3179653.022 232134.587, 3179651.034 232139.888)	97	333	0	63	false	1688	None
LINESTRING (3179651.034 232139.888, 3179620.149 232226.382)	97	333	0	64	false	1688	None
LINESTRING (3179620.149 232226.382, 3179600.763 232280.901)	97	333	0	65	false	1688	None
LINESTRING (3179600.763 232280.901, 3179542.313 232444.699)	97	333	0	66	false	1688	None
LINESTRING (3179542.313 232444.699, 3179522.802 232499.287)	97	333	0	67	false	1688	None
LINESTRING (3179522.802 232499.287, 3179518.798 232510.714)	97	333	0	68	false	1688	None
LINESTRING (3179518.798 232510.714, 3179506.619 232545.166)	97	333	0	69	false	1688	None
LINESTRING (3179506.619 232545.166, 3179502.489 232556.662)	97	333	0	70	false	1688	None
LINESTRING (3179502.489 232556.662, 3179496.157 232555.244)	97	333	0	71	false	1688	None
LINESTRING (3179496.157 232555.244, 3179486.959 232554.607)	97	333	0	72	false	1688	None
LINESTRING (3179486.959 232554.607, 3179460.726 232552.992)	97	333	0	73	false	1688	None
LINESTRING (3179460.726 232552.992, 3179439.11 232554.148)	97	333	0	74	false	1688	None
LINESTRING (3179439.11 232554.148, 3179438.477 232554.257)	97	333	0	75	false	1688	None
LINESTRING (3179438.477 232554.257, 3179430.736 232554.67)	97	333	0	76	false	1688	None
LINESTRING (3179430.736 232554.67, 3179422.954 232555.186)	97	333	0	77	false	1688	None
LINESTRING (3179422.954 232555.186, 3179415.927 232539.777)	97	333	0	78	false	1688	None
LINESTRING (3179415.927 232539.777, 3179403.992 232509.078)	97	333	0	79	false	1688	None
LINESTRING (3179403.992 232509.078, 3179397.985 232491.326)	97	333	0	80	false	1688	None
LINESTRING (3179397.985 232491.326, 3179397.888 232490.573)	97	333	0	81	false	1688	None
LINESTRING (3179397.888 232490.573, 3179395.295 232479.652)	97	333	0	82	false	1688	None
LINESTRING (3179395.295 232479.652, 3179393.609 232474.933)	97	333	0	83	false	1688	None
LINESTRING (3179393.609 232474.933, 3179391.544 232465.174)	97	333	0	84	false	1688	None
LINESTRING (3179391.544 232465.174, 3179391.044 232450.186)	97	333	0	85	false	1688	None
LINESTRING (3179391.044 232450.186, 3179391.809 232445.239)	97	333	0	86	false	1688	None
LINESTRING (3179391.809 232445.239, 3179393.723 232440.624)	97	333	0	87	false	1688	None
LINESTRING (3179393.723 232440.624, 3179398.789 232432.001)	97	333	0	88	false	1688	None
LINESTRING (3179398.789 232432.001, 3179401.986 232428.13)	97	333	0	89	false	1688	None
LINESTRING (3179401.986 232428.13, 3179417.15 232413.103)	97	333	0	90	false	1688	None
LINESTRING (3179417.15 232413.103, 3179441.709 232387.459)	97	333	0	91	false	1688	None
LINESTRING (3179441.709 232387.459, 3179459.785 232361.53)	97	333	0	92	false	1688	None
LINESTRING (3179459.785 232361.53, 3179474.18 232327.95)	97	333	0	93	false	1688	None
LINESTRING (3179474.18 232327.95, 3179476.463 232314.892)	97	333	0	94	false	1688	None
LINESTRING (3179476.463 232314.892, 3179479.806 232301.894)	97	333	0	95	false	1688	None
LINESTRING (3179479.806 232301.894, 3179481.949 232295.699)	97	333	0	96	false	1688	None
LINESTRING (3179481.949 232295.699, 3179483.965 232289.574)	97	333	0	97	false	1688	None
LINESTRING (3179483.965 232289.574, 3179486.609 232270.098)	97	333	0	98	false	1688	None
LINESTRING (3179486.609 232270.098, 3179497.665 232221.487)	97	333	0	99	false	1688	None
LINESTRING (3179497.665 232221.487, 3179499.716 232212.274)	97	333	0	100	false	1688	None
LINESTRING (3179499.716 232212.274, 3179501.716 232197.435)	97	333	0	101	false	1688	None
LINESTRING (3179501.716 232197.435, 3179515.054 232166.54)	97	333	0	102	false	1688	None
LINESTRING (3179515.054 232166.54, 3179516.203 232164.368)	97	333	0	103	false	1688	None
LINESTRING (3179516.203 232164.368, 3179522.233 232152.546)	97	333	0	104	false	1688	None
LINESTRING (3179522.233 232152.546, 3179536.039 232119.211)	97	333	0	105	false	1688	None
LINESTRING (3179536.039 232119.211, 3179541.878 232106.122)	97	333	0	106	false	1688	None
LINESTRING (3179541.878 232106.122, 3179552.86 232086.467)	97	333	0	107	false	1688	None
LINESTRING (3179552.86 232086.467, 3179578.479 232042.87)	97	333	0	108	false	1688	None
LINESTRING (3179578.479 232042.87, 3179585.262 232035.639)	97	333	0	109	false	1688	None
LINESTRING (3179585.262 232035.639, 3179596.558 232019.687)	97	333	0	110	false	1688	None
LINESTRING (3179596.558 232019.687, 3179605.031 232009.661)	97	333	0	111	false	1688	None
LINESTRING (3179605.031 232009.661, 3179605.811 232008.178)	97	333	0	112	false	1688	None
LINESTRING (3179605.811 232008.178, 3179611.105 231997.975)	97	333	0	113	false	1688	None
LINESTRING (3179611.105 231997.975, 3179622.046 231978.424)	97	333	0	114	false	1688	None
LINESTRING (3179622.046 231978.424, 3179629.385 231963.777)	97	333	0	115	false	1688	None
LINESTRING (3179629.385 231963.777, 3179633.124 231954.274)	97	333	0	116	false	1688	None
LINESTRING (3179633.124 231954.274, 3179637.436 231943.566)	97	333	0	117	false	1688	None
LINESTRING (3179637.436 231943.566, 3179648.577 231913)	97	333	0	118	false	1688	None
LINESTRING (3179648.577 231913, 3179658.128 231888.727)	97	333	0	119	false	1688	None
LINESTRING (3179658.128 231888.727, 3179673.228 231856.856)	97	333	0	120	false	1688	None
LINESTRING (3179673.228 231856.856, 3179681.692 231830.843)	97	333	0	121	false	1688	None
LINESTRING (3179681.692 231830.843, 3179694.786 231800.568)	97	333	0	122	false	1688	None
LINESTRING (3179694.786 231800.568, 3179705.583 231767.123)	97	333	0	123	false	1688	None
LINESTRING (3179705.583 231767.123, 3179713.989 231745.262)	97	333	0	124	false	1688	None
LINESTRING (3179713.989 231745.262, 3179738.999 231685.203)	97	333	0	125	false	1688	None
LINESTRING (3179738.999 231685.203, 3179749.705 231656.494)	97	333	0	126	false	1688	None
LINESTRING (3179749.705 231656.494, 3179755.069 231642.86)	97	333	0	127	false	1688	None
LINESTRING (3179755.069 231642.86, 3179762.262 231627.082)	97	333	0	128	false	1688	None
LINESTRING (3179762.262 231627.082, 3179780.636 231590.893)	97	333	0	129	false	1688	None
LINESTRING (3179780.636 231590.893, 3179787.009 231574.196)	97	333	0	130	false	1688	None
LINESTRING (3179787.009 231574.196, 3179795.07 231549.456)	97	333	0	131	false	1688	None
LINESTRING (3179795.07 231549.456, 3179799.379 231538.508)	97	333	0	132	false	1688	None
LINESTRING (3179799.379 231538.508, 3179820.446 231480.715)	97	333	0	133	false	1688	None
LINESTRING (3179820.446 231480.715, 3179824.507 231467.641)	97	333	0	134	false	1688	None
LINESTRING (3179824.507 231467.641, 3179832.425 231447.02)	97	333	0	135	false	1688	None
LINESTRING (3179832.425 231447.02, 3179837.451 231435.996)	97	333	0	136	false	1688	None
LINESTRING (3179837.451 231435.996, 3179840.822 231432.432)	97	333	0	137	false	1688	None
LINESTRING (3179840.822 231432.432, 3179848.291 231425.709)	97	333	0	138	false	1688	None
LINESTRING (3179848.291 231425.709, 3179856.494 231419.871)	97	333	0	139	false	1688	None
LINESTRING (3179856.494 231419.871, 3179865.225 231415.195)	97	333	0	140	false	1688	None
LINESTRING (3179865.225 231415.195, 3179874.434 231411.304)	97	333	0	141	false	1688	None
LINESTRING (3179874.434 231411.304, 3179883.91 231408.234)	97	333	0	142	false	1688	None
LINESTRING (3179883.91 231408.234, 3179907.617 231402.771)	97	333	0	143	false	1688	None
LINESTRING (3179907.617 231402.771, 3179926.964 231397.382)	97	333	0	144	false	1688	None
LINESTRING (3179926.964 231397.382, 3179937.239 231396.535)	97	333	0	145	false	1688	None
LINESTRING (3179937.239 231396.535, 3179952.506 231392.761)	97	333	0	146	false	1688	None
LINESTRING (3179952.506 231392.761, 3179979.322 231388.403)	97	333	0	147	false	1688	None
LINESTRING (3179979.322 231388.403, 3180005.654 231385.524)	97	333	0	148	false	1688	None
LINESTRING (3180005.654 231385.524, 3180013.015 231385.081)	97	333	0	149	false	1688	None
LINESTRING (3180013.015 231385.081, 3180032.686 231381.37)	97	333	0	150	false	1688	None
LINESTRING (3180032.686 231381.37, 3180037.578 231380.194)	97	333	0	151	false	1688	None
LINESTRING (3180037.578 231380.194, 3180042.341 231378.847)	97	333	0	152	false	1688	None
LINESTRING (3180042.341 231378.847, 3180047.1 231377.261)	97	333	0	153	false	1688	None
LINESTRING (3180047.1 231377.261, 3180061.023 231371.646)	97	333	0	154	false	1688	None
LINESTRING (3180061.023 231371.646, 3180067.451 231368.569)	97	333	0	155	false	1688	None
LINESTRING (3180067.451 231368.569, 3180076.015 231364.067)	97	333	0	156	false	1688	None
LINESTRING (3180076.015 231364.067, 3180085.198 231355.991)	97	333	0	157	false	1688	None
LINESTRING (3180085.198 231355.991, 3180117.154 231324.312)	97	333	0	158	false	1688	None
LINESTRING (3180117.154 231324.312, 3180140.95 231303.616)	97	333	0	159	false	1688	None
LINESTRING (3180140.95 231303.616, 3180165.455 231284.87)	97	333	0	160	false	1688	None
LINESTRING (3180165.455 231284.87, 3180169.731 231282.259)	97	333	0	161	false	1688	None
LINESTRING (3180169.731 231282.259, 3180177.72 231276.218)	97	333	0	162	false	1688	None
LINESTRING (3180177.72 231276.218, 3180184.974 231269.291)	97	333	0	163	false	1688	None
LINESTRING (3180184.974 231269.291, 3180205.271 231246.98)	97	333	0	164	false	1688	None
LINESTRING (3180205.271 231246.98, 3180212.404 231237.859)	97	333	0	165	false	1688	None
LINESTRING (3180212.404 231237.859, 3180217.471 231229.237)	97	333	0	166	false	1688	None
LINESTRING (3180217.471 231229.237, 3180224.451 231216)	97	333	0	167	false	1688	None
LINESTRING (3180224.451 231216, 3180230.45 231202.257)	97	333	0	168	false	1688	None
LINESTRING (3180230.45 231202.257, 3180238.309 231178.034)	97	333	0	169	false	1688	None
LINESTRING (3180238.309 231178.034, 3180245.165 231136.597)	97	333	0	170	false	1688	None
LINESTRING (3180245.165 231136.597, 3180245.387 231121.774)	97	333	0	171	false	1688	None
LINESTRING (3180245.387 231121.774, 3180241.881 231109.42)	97	333	0	172	false	1688	None
LINESTRING (3180241.881 231109.42, 3180232.851 231093.342)	97	333	0	173	false	1688	None
LINESTRING (3180232.851 231093.342, 3180225.268 231082.843)	97	333	0	174	false	1688	None
LINESTRING (3180225.268 231082.843, 3180218.41 231075.254)	97	333	0	175	false	1688	None
LINESTRING (3180218.41 231075.254, 3180207.546 231066.088)	97	333	0	176	false	1688	None
LINESTRING (3180207.546 231066.088, 3180189.03 231055.104)	97	333	0	177	false	1688	None
LINESTRING (3180189.03 231055.104, 3180162.882 231043.503)	97	333	0	178	false	1688	None
LINESTRING (3180162.882 231043.503, 3180135.783 231033.316)	97	333	0	179	false	1688	None
LINESTRING (3180135.783 231033.316, 3180114.049 231027.508)	97	333	0	180	false	1688	None
LINESTRING (3180114.049 231027.508, 3180098.354 231025.864)	97	333	0	181	false	1688	None
LINESTRING (3180098.354 231025.864, 3180085.484 231026.049)	97	333	0	182	false	1688	None
LINESTRING (3180085.484 231026.049, 3180069.216 231028.116)	97	333	0	183	false	1688	None
LINESTRING (3180069.216 231028.116, 3180055.511 231034.175)	97	333	0	184	false	1688	None
LINESTRING (3180055.511 231034.175, 3180042.2 231040.984)	97	333	0	185	false	1688	None
LINESTRING (3180042.2 231040.984, 3180030.65 231049.322)	97	333	0	186	false	1688	None
LINESTRING (3180030.65 231049.322, 3180006.439 231073.075)	97	333	0	187	false	1688	None
LINESTRING (3180006.439 231073.075, 3180002.423 231076.027)	97	333	0	188	false	1688	None
LINESTRING (3180002.423 231076.027, 3179993.696 231080.943)	97	333	0	189	false	1688	None
LINESTRING (3179993.696 231080.943, 3179988.982 231082.667)	97	333	0	190	false	1688	None
LINESTRING (3179988.982 231082.667, 3179984.037 231083.226)	97	333	0	191	false	1688	None
LINESTRING (3179984.037 231083.226, 3179972.133 231085.46)	97	333	0	192	false	1688	None
LINESTRING (3179972.133 231085.46, 3179954.102 231096.258)	97	333	0	193	false	1688	None
LINESTRING (3179954.102 231096.258, 3179939.674 231114.914)	97	333	0	194	false	1688	None
LINESTRING (3179939.674 231114.914, 3179932.306 231122.631)	97	333	0	195	false	1688	None
LINESTRING (3179932.306 231122.631, 3179914.623 231139.052)	97	333	0	196	false	1688	None
LINESTRING (3179914.623 231139.052, 3179897.844 231156.426)	97	333	0	197	false	1688	None
LINESTRING (3179897.844 231156.426, 3179873.921 231174.447)	97	333	0	198	false	1688	None
LINESTRING (3179873.921 231174.447, 3179865.064 231179.193)	97	333	0	199	false	1688	None
LINESTRING (3179865.064 231179.193, 3179855.766 231182.81)	97	333	0	200	false	1688	None
LINESTRING (3179855.766 231182.81, 3179832.245 231189.3)	97	333	0	201	false	1688	None
LINESTRING (3179832.245 231189.3, 3179815.907 231192.295)	97	333	0	202	false	1688	None
LINESTRING (3179815.907 231192.295, 3179795.165 231195.227)	97	333	0	203	false	1688	None
LINESTRING (3179795.165 231195.227, 3179767.087 231197.539)	97	333	0	204	false	1688	None
LINESTRING (3179767.087 231197.539, 3179757.173 231197.216)	97	333	0	205	false	1688	None
LINESTRING (3179757.173 231197.216, 3179747.28 231195.59)	97	333	0	206	false	1688	None
LINESTRING (3179747.28 231195.59, 3179723.972 231189.282)	97	333	0	207	false	1688	None
LINESTRING (3179723.972 231189.282, 3179709.793 231184.539)	97	333	0	208	false	1688	None
LINESTRING (3179709.793 231184.539, 3179690.249 231175.418)	97	333	0	209	false	1688	None
LINESTRING (3179690.249 231175.418, 3179668.246 231163.54)	97	333	0	210	false	1688	None
LINESTRING (3179668.246 231163.54, 3179658.177 231156.358)	97	333	0	211	false	1688	None
LINESTRING (3179658.177 231156.358, 3179646.716 231146.958)	97	333	0	212	false	1688	None
LINESTRING (3179646.716 231146.958, 3179634.193 231134.755)	97	333	0	213	false	1688	None
LINESTRING (3179634.193 231134.755, 3179627.843 231127.127)	97	333	0	214	false	1688	None
LINESTRING (3179627.843 231127.127, 3179622.999 231118.422)	97	333	0	215	false	1688	None
LINESTRING (3179622.999 231118.422, 3179621.227 231113.67)	97	333	0	216	false	1688	None
LINESTRING (3179621.227 231113.67, 3179618.949 231103.947)	97	333	0	217	false	1688	None
LINESTRING (3179618.949 231103.947, 3179618.951 231098.938)	97	333	0	218	false	1688	None
LINESTRING (3179618.951 231098.938, 3179620.525 231091.685)	97	333	0	219	false	1688	None
LINESTRING (3179620.525 231091.685, 3179623.468 231082.704)	97	333	0	220	false	1688	None
LINESTRING (3179623.468 231082.704, 3179627.139 231079.377)	97	333	0	221	false	1688	None
LINESTRING (3179627.139 231079.377, 3179632.781 231072.293)	97	333	0	222	false	1688	None
LINESTRING (3179632.781 231072.293, 3179640.407 231067.421)	97	333	0	223	false	1688	None
LINESTRING (3179640.407 231067.421, 3179658.3 231053.467)	97	333	0	224	false	1688	None
LINESTRING (3179658.3 231053.467, 3179670.11 231042.965)	97	333	0	225	false	1688	None
LINESTRING (3179670.11 231042.965, 3179687.016 231030.77)	97	333	0	226	false	1688	None
LINESTRING (3179687.016 231030.77, 3179701.388 231019.01)	97	333	0	227	false	1688	None
LINESTRING (3179701.388 231019.01, 3179712.86 231011.119)	97	333	0	228	false	1688	None
LINESTRING (3179712.86 231011.119, 3179721.924 231006.096)	97	333	0	229	false	1688	None
LINESTRING (3179721.924 231006.096, 3179732.047 231001.133)	97	333	0	230	false	1688	None
LINESTRING (3179732.047 231001.133, 3179753.524 230988.829)	97	333	0	231	false	1688	None
LINESTRING (3179753.524 230988.829, 3179765.215 230981.381)	97	333	0	232	false	1688	None
LINESTRING (3179765.215 230981.381, 3179781.366 230969.605)	97	333	0	233	false	1688	None
LINESTRING (3179781.366 230969.605, 3179784.993 230966.142)	97	333	0	234	false	1688	None
LINESTRING (3179784.993 230966.142, 3179789.916 230959.133)	97	333	0	235	false	1688	None
LINESTRING (3179789.916 230959.133, 3179798.486 230949.861)	97	333	0	236	false	1688	None
LINESTRING (3179798.486 230949.861, 3179813.202 230940.98)	97	333	0	237	false	1688	None
LINESTRING (3179813.202 230940.98, 3179822.166 230932.459)	97	333	0	238	false	1688	None
LINESTRING (3179822.166 230932.459, 3179832.689 230923.479)	97	333	0	239	false	1688	None
LINESTRING (3179832.689 230923.479, 3179866.875 230896.136)	97	333	0	240	false	1688	None
LINESTRING (3179866.875 230896.136, 3179906.134 230868.164)	97	333	0	241	false	1688	None
LINESTRING (3179906.134 230868.164, 3179916.982 230858.357)	97	333	0	242	false	1688	None
LINESTRING (3179916.982 230858.357, 3179930.148 230847.912)	97	333	0	243	false	1688	None
LINESTRING (3179930.148 230847.912, 3179941.755 230837.927)	97	333	0	244	false	1688	None
LINESTRING (3179941.755 230837.927, 3179976.883 230813.698)	97	333	0	245	false	1688	None
LINESTRING (3179976.883 230813.698, 3180007.655 230779.525)	97	333	0	246	false	1688	None
LINESTRING (3180007.655 230779.525, 3180010.381 230775.349)	97	333	0	247	false	1688	None
LINESTRING (3180010.381 230775.349, 3180017.532 230762.179)	97	333	0	248	false	1688	None
LINESTRING (3180017.532 230762.179, 3180030.468 230730.053)	97	333	0	249	false	1688	None
LINESTRING (3180030.468 230730.053, 3180037.073 230712.017)	97	333	0	250	false	1688	None
LINESTRING (3180037.073 230712.017, 3180041.177 230691.326)	97	333	0	251	false	1688	None
LINESTRING (3180041.177 230691.326, 3180043.879 230667.698)	97	333	0	252	false	1688	None
LINESTRING (3180043.879 230667.698, 3180042.138 230654.608)	97	333	0	253	false	1688	None
LINESTRING (3180042.138 230654.608, 3180038.522 230640.78)	97	333	0	254	false	1688	None
LINESTRING (3180038.522 230640.78, 3180032.732 230623.472)	97	333	0	255	false	1688	None
LINESTRING (3180032.732 230623.472, 3180028.881 230608.24)	97	333	0	256	false	1688	None
LINESTRING (3180028.881 230608.24, 3180019.671 230581.356)	97	333	0	257	false	1688	None
LINESTRING (3180019.671 230581.356, 3180017.264 230568.958)	97	333	0	258	false	1688	None
LINESTRING (3180017.264 230568.958, 3180009.084 230547.967)	97	333	0	259	false	1688	None
LINESTRING (3180009.084 230547.967, 3180005.006 230542.068)	97	333	0	260	false	1688	None
LINESTRING (3180005.006 230542.068, 3180000.649 230532.124)	97	333	0	261	false	1688	None
LINESTRING (3180000.649 230532.124, 3179991.52 230515.292)	97	333	0	262	false	1688	None
LINESTRING (3179991.52 230515.292, 3179977.983 230487.899)	97	333	0	263	false	1688	None
LINESTRING (3179977.983 230487.899, 3179927.421 230408.484)	97	333	0	264	false	1688	None
LINESTRING (3179927.421 230408.484, 3179905.386 230376.914)	97	333	0	265	false	1688	None
LINESTRING (3179905.386 230376.914, 3179895.155 230365.135)	97	333	0	266	false	1688	None
LINESTRING (3179895.155 230365.135, 3179884.417 230350.891)	97	333	0	267	false	1688	None
LINESTRING (3179884.417 230350.891, 3179871.317 230334.644)	97	333	0	268	false	1688	None
LINESTRING (3179871.317 230334.644, 3179839.379 230293.213)	97	333	0	269	false	1688	None
LINESTRING (3179839.379 230293.213, 3179831.483 230281.757)	97	333	0	270	false	1688	None
LINESTRING (3179831.483 230281.757, 3179823.651 230269.134)	97	333	0	271	false	1688	None
LINESTRING (3179823.651 230269.134, 3179812.316 230254.655)	97	333	0	272	false	1688	None
LINESTRING (3179812.316 230254.655, 3179792.273 230225.777)	97	333	0	273	false	1688	None
LINESTRING (3179792.273 230225.777, 3179782.876 230208.124)	97	333	0	274	false	1688	None
LINESTRING (3179782.876 230208.124, 3179779.713 230198.649)	97	333	0	275	false	1688	None
LINESTRING (3179779.713 230198.649, 3179776.211 230179.022)	97	333	0	276	false	1688	None
LINESTRING (3179776.211 230179.022, 3179775.791 230174.086)	97	333	0	277	false	1688	None
LINESTRING (3179775.791 230174.086, 3179777.207 230164.981)	97	333	0	278	false	1688	None
LINESTRING (3179777.207 230164.981, 3179786.136 230126.27)	97	333	0	279	false	1688	None
LINESTRING (3179786.136 230126.27, 3179789.541 230119.617)	97	333	0	280	false	1688	None
LINESTRING (3179789.541 230119.617, 3179795.967 230108.787)	97	333	0	281	false	1688	None
LINESTRING (3179795.967 230108.787, 3179800.85 230101.881)	97	333	0	282	false	1688	None
LINESTRING (3179800.85 230101.881, 3179803.358 230092.252)	97	333	0	283	false	1688	None
LINESTRING (3179803.358 230092.252, 3179808.42 230060.368)	97	333	0	284	false	1688	None
LINESTRING (3179808.42 230060.368, 3179809.25 230043.996)	97	333	0	285	false	1688	None
LINESTRING (3179809.25 230043.996, 3179810.779 230034.101)	97	333	0	286	false	1688	None
LINESTRING (3179810.779 230034.101, 3179813.34 230025.089)	97	333	0	287	false	1688	None
LINESTRING (3179813.34 230025.089, 3179816.463 230011.647)	97	333	0	288	false	1688	None
LINESTRING (3179816.463 230011.647, 3179821.036 229996.27)	97	333	0	289	false	1688	None
LINESTRING (3179821.036 229996.27, 3179823.205 229991.756)	97	333	0	290	false	1688	None
LINESTRING (3179823.205 229991.756, 3179825.931 229987.58)	97	333	0	291	false	1688	None
LINESTRING (3179825.931 229987.58, 3179841.337 229969.189)	97	333	0	292	false	1688	None
LINESTRING (3179841.337 229969.189, 3179852.97 229958.14)	97	333	0	293	false	1688	None
LINESTRING (3179852.97 229958.14, 3179865.539 229947.459)	97	333	0	294	false	1688	None
LINESTRING (3179865.539 229947.459, 3179874.612 229940.413)	97	333	0	295	false	1688	None
LINESTRING (3179874.612 229940.413, 3179890.632 229933.476)	97	333	0	296	false	1688	None
LINESTRING (3179890.632 229933.476, 3179900.004 229931.676)	97	333	0	297	false	1688	None
LINESTRING (3179900.004 229931.676, 3179912.056 229928.068)	97	333	0	298	false	1688	None
LINESTRING (3179912.056 229928.068, 3179946.625 229903.26)	97	333	0	299	false	1688	None
LINESTRING (3179946.625 229903.26, 3179955.055 229898.347)	97	333	0	300	false	1688	None
LINESTRING (3179955.055 229898.347, 3179962.657 229894.539)	97	333	0	301	false	1688	None
LINESTRING (3179962.657 229894.539, 3179969.403 229890.156)	97	333	0	302	false	1688	None
LINESTRING (3179969.403 229890.156, 3179978.22 229883.009)	97	333	0	303	false	1688	None
LINESTRING (3179978.22 229883.009, 3179991.012 229875.517)	97	333	0	304	false	1688	None
LINESTRING (3179991.012 229875.517, 3180017.161 229848.59)	97	333	0	305	false	1688	None
LINESTRING (3180017.161 229848.59, 3180019.717 229844.347)	97	333	0	306	false	1688	None
LINESTRING (3180019.717 229844.347, 3180023.084 229840.543)	97	333	0	307	false	1688	None
LINESTRING (3180023.084 229840.543, 3180027.145 229837.728)	97	333	0	308	false	1688	None
LINESTRING (3180027.145 229837.728, 3180031.551 229835.286)	97	333	0	309	false	1688	None
LINESTRING (3180031.551 229835.286, 3180036.136 229833.392)	97	333	0	310	false	1688	None
LINESTRING (3180036.136 229833.392, 3180041.07 229832.113)	97	333	0	311	false	1688	None
LINESTRING (3180041.07 229832.113, 3180050.231 229827.845)	97	333	0	312	false	1688	None
LINESTRING (3180050.231 229827.845, 3180058.821 229822.278)	97	333	0	313	false	1688	None
LINESTRING (3180058.821 229822.278, 3180064.714 229817.56)	97	333	0	314	false	1688	None
LINESTRING (3180064.714 229817.56, 3180070.878 229813.902)	97	333	0	315	false	1688	None
LINESTRING (3180070.878 229813.902, 3180086.887 229806.244)	97	333	0	316	false	1688	None
LINESTRING (3180086.887 229806.244, 3180097.732 229803.951)	97	333	0	317	false	1688	None
LINESTRING (3180097.732 229803.951, 3180147.01 229787.555)	97	333	0	318	false	1688	None
LINESTRING (3180147.01 229787.555, 3180146.641 229785.74)	97	333	0	319	false	1688	None
LINESTRING (3180146.641 229785.74, 3180146.985 229778.361)	97	333	0	320	false	1688	None
LINESTRING (3180146.985 229778.361, 3180150.24 229770.338)	97	333	0	321	false	1688	None
LINESTRING (3180150.24 229770.338, 3180152.464 229761.432)	97	333	0	322	false	1688	None
LINESTRING (3180152.464 229761.432, 3180150.141 229749.067)	97	333	0	323	false	1688	None
LINESTRING (3180150.141 229749.067, 3180147.898 229744.01)	97	333	0	324	false	1688	None
LINESTRING (3180147.898 229744.01, 3180146.17 229736.889)	97	333	0	325	false	1688	None
LINESTRING (3180146.17 229736.889, 3180145.57 229723.652)	97	333	0	326	false	1688	None
LINESTRING (3180145.57 229723.652, 3180146.697 229717.535)	97	333	0	327	false	1688	None
LINESTRING (3180146.697 229717.535, 3180146.845 229711.152)	97	333	0	328	false	1688	None
LINESTRING (3180146.845 229711.152, 3180151.248 229693.204)	97	333	0	329	false	1688	None
LINESTRING (3180151.248 229693.204, 3180153.295 229678.741)	97	333	0	330	false	1688	None
LINESTRING (3180153.295 229678.741, 3180151.351 229666.168)	97	333	0	331	false	1688	None
LINESTRING (3180151.351 229666.168, 3180149.332 229656.785)	97	333	0	332	false	1688	None
LINESTRING (3180149.332 229656.785, 3180139.815 229629.424)	97	333	0	333	false	1688	None
LINESTRING (3180139.815 229629.424, 3180139.471 229626.545)	97	333	0	334	false	1688	None
LINESTRING (3180139.471 229626.545, 3180142.186 229619.145)	97	333	0	335	false	1688	None
LINESTRING (3180142.186 229619.145, 3180147.406 229609.629)	97	333	0	336	false	1688	None
LINESTRING (3180147.406 229609.629, 3180151.098 229607.503)	97	333	0	337	false	1688	None
LINESTRING (3180151.098 229607.503, 3180161.637 229599.483)	97	333	0	338	false	1688	None
LINESTRING (3180161.637 229599.483, 3180171.56 229590.027)	97	333	0	339	false	1688	None
LINESTRING (3180171.56 229590.027, 3180183.535 229586.867)	97	333	0	340	false	1688	None
LINESTRING (3180183.535 229586.867, 3180197.718 229586.602)	97	333	0	341	false	1688	None
LINESTRING (3180197.718 229586.602, 3180225.135 229582.479)	97	333	0	342	false	1688	None
LINESTRING (3180225.135 229582.479, 3180237.036 229582.51)	97	333	0	343	false	1688	None
LINESTRING (3180237.036 229582.51, 3180247.427 229580.873)	97	333	0	344	false	1688	None
LINESTRING (3180247.427 229580.873, 3180254.953 229575.007)	97	333	0	345	false	1688	None
LINESTRING (3180254.953 229575.007, 3180255.068 229571.712)	97	333	0	346	false	1688	None
LINESTRING (3180255.068 229571.712, 3180253.341 229564.592)	97	333	0	347	false	1688	None
LINESTRING (3180253.341 229564.592, 3180249.623 229560.028)	97	333	0	348	false	1688	None
LINESTRING (3180249.623 229560.028, 3180245.539 229556.393)	97	333	0	349	false	1688	None
LINESTRING (3180245.539 229556.393, 3180236.932 229553.246)	97	333	0	350	false	1688	None
LINESTRING (3180236.932 229553.246, 3180220.771 229544.024)	97	333	0	351	false	1688	None
LINESTRING (3180220.771 229544.024, 3180168.835 229502.36)	97	333	0	352	false	1688	None
LINESTRING (3180168.835 229502.36, 3180152.324 229482.266)	97	333	0	353	false	1688	None
LINESTRING (3180152.324 229482.266, 3180134.857 229453.089)	97	333	0	354	false	1688	None
LINESTRING (3180134.857 229453.089, 3180115.389 229423.244)	97	333	0	355	false	1688	None
LINESTRING (3180115.389 229423.244, 3180113.725 229419.965)	97	333	0	356	false	1688	None
LINESTRING (3180113.725 229419.965, 3180100.163 229393.876)	97	333	0	357	false	1688	None
LINESTRING (3180100.163 229393.876, 3180098.379 229383.393)	97	333	0	358	false	1688	None
LINESTRING (3180098.379 229383.393, 3180093.224 229353.454)	97	333	0	359	false	1688	None
LINESTRING (3180093.224 229353.454, 3180094.304 229326.684)	97	333	0	360	false	1688	None
LINESTRING (3180094.304 229326.684, 3180106.158 229306.061)	97	333	0	361	false	1688	None
LINESTRING (3180106.158 229306.061, 3180111.452 229295.858)	97	333	0	362	false	1688	None
LINESTRING (3180111.452 229295.858, 3180121.62 229280.774)	97	333	0	363	false	1688	None
LINESTRING (3180121.62 229280.774, 3180132.535 229264.791)	97	333	0	364	false	1688	None
LINESTRING (3180132.535 229264.791, 3180135.964 229259.58)	97	333	0	365	false	1688	None
LINESTRING (3180135.964 229259.58, 3180164.094 229237.129)	97	333	0	366	false	1688	None
LINESTRING (3180164.094 229237.129, 3180182.484 229222.417)	97	333	0	367	false	1688	None
LINESTRING (3180182.484 229222.417, 3180190.534 229217.473)	97	333	0	368	false	1688	None
LINESTRING (3180190.534 229217.473, 3180204.708 229206.47)	97	333	0	369	false	1688	None
LINESTRING (3180204.708 229206.47, 3180212.832 229195.83)	97	333	0	370	false	1688	None
LINESTRING (3180212.832 229195.83, 3180220.687 229176.616)	97	333	0	371	false	1688	None
LINESTRING (3180220.687 229176.616, 3180223.813 229165.918)	97	333	0	372	false	1688	None
LINESTRING (3180223.813 229165.918, 3180223.982 229158.231)	97	333	0	373	false	1688	None
LINESTRING (3180223.982 229158.231, 3180222.222 229149.19)	97	333	0	374	false	1688	None
LINESTRING (3180222.222 229149.19, 3180218.373 229108.671)	97	333	0	375	false	1688	None
LINESTRING (3180218.373 229108.671, 3180217.549 229092.245)	97	333	0	376	false	1688	None
LINESTRING (3180217.549 229092.245, 3180220.147 229080.385)	97	333	0	377	false	1688	None
LINESTRING (3180220.147 229080.385, 3180221.033 229077.633)	97	333	0	378	false	1688	None
LINESTRING (3180221.033 229077.633, 3180225.459 229063.629)	97	333	0	379	false	1688	None
LINESTRING (3180225.459 229063.629, 3180240.615 229042.874)	97	333	0	380	false	1688	None
LINESTRING (3180240.615 229042.874, 3180263.809 229016.454)	97	333	0	381	false	1688	None
LINESTRING (3180263.809 229016.454, 3180276.906 228999.183)	97	333	0	382	false	1688	None
LINESTRING (3180276.906 228999.183, 3180286.977 228980.84)	97	333	0	383	false	1688	None
LINESTRING (3180286.977 228980.84, 3180293.993 228957.001)	97	333	0	384	false	1688	S:3180290.323277948 228969.47
LINESTRING (3176571.692 229259.779, 3176575.184 229253.399)	97	334	0	0	false	2222	None
LINESTRING (3176575.184 229253.399, 3176581.74 229240.472)	97	334	0	1	false	2222	None
LINESTRING (3176581.74 229240.472, 3176585.386 229233.198)	97	334	0	2	false	2222	None
LINESTRING (3176585.386 229233.198, 3176615.786 229172.873)	97	334	0	3	false	2222	None
LINESTRING (3176615.786 229172.873, 3176625.862 229152.742)	97	334	0	4	false	2222	None
LINESTRING (3176625.862 229152.742, 3176638.593 229129.361)	97	334	0	5	false	2222	None
LINESTRING (3176638.593 229129.361, 3176671.401 229068.67)	97	334	0	6	false	2222	None
LINESTRING (3176671.401 229068.67, 3176676.447 229059.085)	97	334	0	7	false	2222	None
LINESTRING (3176676.447 229059.085, 3176688.667 229035.503)	97	334	0	8	false	2222	None
LINESTRING (3176688.667 229035.503, 3176692.483 229028.296)	97	334	0	9	false	2222	None
LINESTRING (3176692.483 229028.296, 3176693.997 229025.194)	97	334	0	10	false	2222	None
LINESTRING (3176693.997 229025.194, 3176702.738 229006.208)	97	334	0	11	false	2222	None
LINESTRING (3176702.738 229006.208, 3176706.087 228998.938)	97	334	0	12	false	2222	None
LINESTRING (3176706.087 228998.938, 3176711.605 228987.152)	97	334	0	13	false	2222	None
LINESTRING (3176711.605 228987.152, 3176727.941 228951.593)	97	334	0	14	false	2222	S:3176719.7282079645 228969.47
LINESTRING (3180293.993 228957.001, 3180286.977 228980.84)	97	334	0	460	false	2222	S:3180290.323277948 228969.47
LINESTRING (3180286.977 228980.84, 3180276.906 228999.183)	97	334	0	461	false	2222	None
LINESTRING (3180276.906 228999.183, 3180263.809 229016.454)	97	334	0	462	false	2222	None
LINESTRING (3180263.809 229016.454, 3180240.615 229042.874)	97	334	0	463	false	2222	None
LINESTRING (3180240.615 229042.874, 3180225.459 229063.629)	97	334	0	464	false	2222	None
LINESTRING (3180225.459 229063.629, 3180221.033 229077.633)	97	334	0	465	false	2222	None
LINESTRING (3180221.033 229077.633, 3180220.147 229080.385)	97	334	0	466	false	2222	None
LINESTRING (3180220.147 229080.385, 3180217.549 229092.245)	97	334	0	467	false	2222	None
LINESTRING (3180217.549 229092.245, 3180218.373 229108.671)	97	334	0	468	false	2222	None
LINESTRING (3180218.373 229108.671, 3180222.222 229149.19)	97	334	0	469	false	2222	None
LINESTRING (3180222.222 229149.19, 3180223.982 229158.231)	97	334	0	470	false	2222	None
LINESTRING (3180223.982 229158.231, 3180223.813 229165.918)	97	334	0	471	false	2222	None
LINESTRING (3180223.813 229165.918, 3180220.687 229176.616)	97	334	0	472	false	2222	None
LINESTRING (3180220.687 229176.616, 3180212.832 229195.83)	97	334	0	473	false	2222	None
LINESTRING (3180212.832 229195.83, 3180204.708 229206.47)	97	334	0	474	false	2222	None
LINESTRING (3180204.708 229206.47, 3180190.534 229217.473)	97	334	0	475	false	2222	None
LINESTRING (3180190.534 229217.473, 3180182.484 229222.417)	97	334	0	476	false	2222	None
LINESTRING (3180182.484 229222.417, 3180164.094 229237.129)	97	334	0	477	false	2222	None
LINESTRING (3180164.094 229237.129, 3180135.964 229259.58)	97	334	0	478	false	2222	None
LINESTRING (3180135.964 229259.58, 3180132.535 229264.791)	97	334	0	479	false	2222	None
LINESTRING (3180132.535 229264.791, 3180121.62 229280.774)	97	334	0	480	false	2222	None
LINESTRING (3180121.62 229280.774, 3180111.452 229295.858)	97	334	0	481	false	2222	None
LINESTRING (3180111.452 229295.858, 3180106.158 229306.061)	97	334	0	482	false	2222	None
LINESTRING (3180106.158 229306.061, 3180094.304 229326.684)	97	334	0	483	false	2222	None
LINESTRING (3180094.304 229326.684, 3180093.224 229353.454)	97	334	0	484	false	2222	None
LINESTRING (3180093.224 229353.454, 3180098.379 229383.393)	97	334	0	485	false	2222	None
LINESTRING (3180098.379 229383.393, 3180100.163 229393.876)	97	334	0	486	false	2222	None
LINESTRING (3180100.163 229393.876, 3180113.725 229419.965)	97	334	0	487	false	2222	None
LINESTRING (3180113.725 229419.965, 3180115.389 229423.244)	97	334	0	488	false	2222	None
LINESTRING (3180115.389 229423.244, 3180134.857 229453.089)	97	334	0	489	false	2222	None
LINESTRING (3180134.857 229453.089, 3180152.324 229482.266)	97	334	0	490	false	2222	None
LINESTRING (3180152.324 229482.266, 3180168.835 229502.36)	97	334	0	491	false	2222	None
LINESTRING (3180168.835 229502.36, 3180220.771 229544.024)	97	334	0	492	false	2222	None
LINESTRING (3180220.771 229544.024, 3180236.932 229553.246)	97	334	0	493	false	2222	None
LINESTRING (3180236.932 229553.246, 3180245.539 229556.393)	97	334	0	494	false	2222	None
LINESTRING (3180245.539 229556.393, 3180249.623 229560.028)	97	334	0	495	false	2222	None
LINESTRING (3180249.623 229560.028, 3180253.341 229564.592)	97	334	0	496	false	2222	None
LINESTRING (3180253.341 229564.592, 3180255.068 229571.712)	97	334	0	497	false	2222	None
LINESTRING (3180255.068 229571.712, 3180254.953 229575.007)	97	334	0	498	false	2222	None
LINESTRING (3180254.953 229575.007, 3180247.427 229580.873)	97	334	0	499	false	2222	None
LINESTRING (3180247.427 229580.873, 3180237.036 229582.51)	97	334	0	500	false	2222	None
LINESTRING (3180237.036 229582.51, 3180225.135 229582.479)	97	334	0	501	false	2222	None
LINESTRING (3180225.135 229582.479, 3180197.718 229586.602)	97	334	0	502	false	2222	None
LINESTRING (3180197.718 229586.602, 3180183.535 229586.867)	97	334	0	503	false	2222	None
LINESTRING (3180183.535 229586.867, 3180171.56 229590.027)	97	334	0	504	false	2222	None
LINESTRING (3180171.56 229590.027, 3180161.637 229599.483)	97	334	0	505	false	2222	None
LINESTRING (3180161.637 229599.483, 3180151.098 229607.503)	97	334	0	506	false	2222	None
LINESTRING (3180151.098 229607.503, 3180147.406 229609.629)	97	334	0	507	false	2222	None
LINESTRING (3180147.406 229609.629, 3180142.186 229619.145)	97	334	0	508	false	2222	None
LINESTRING (3180142.186 229619.145, 3180139.471 229626.545)	97	334	0	509	false	2222	None
LINESTRING (3180139.471 229626.545, 3180139.815 229629.424)	97	334	0	510	false	2222	None
LINESTRING (3180139.815 229629.424, 3180149.332 229656.785)	97	334	0	511	false	2222	None
LINESTRING (3180149.332 229656.785, 3180151.351 229666.168)	97	334	0	512	false	2222	None
LINESTRING (3180151.351 229666.168, 3180153.295 229678.741)	97	334	0	513	false	2222	None
LINESTRING (3180153.295 229678.741, 3180151.248 229693.204)	97	334	0	514	false	2222	None
LINESTRING (3180151.248 229693.204, 3180146.845 229711.152)	97	334	0	515	false	2222	None
LINESTRING (3180146.845 229711.152, 3180146.697 229717.535)	97	334	0	516	false	2222	None
LINESTRING (3180146.697 229717.535, 3180145.57 229723.652)	97	334	0	517	false	2222	None
LINESTRING (3180145.57 229723.652, 3180146.17 229736.889)	97	334	0	518	false	2222	None
LINESTRING (3180146.17 229736.889, 3180147.898 229744.01)	97	334	0	519	false	2222	None
LINESTRING (3180147.898 229744.01, 3180150.141 229749.067)	97	334	0	520	false	2222	None
LINESTRING (3180150.141 229749.067, 3180152.464 229761.432)	97	334	0	521	false	2222	None
LINESTRING (3180152.464 229761.432, 3180150.24 229770.338)	97	334	0	522	false	2222	None
LINESTRING (3180150.24 229770.338, 3180146.985 229778.361)	97	334	0	523	false	2222	None
LINESTRING (3180146.985 229778.361, 3180146.641 229785.74)	97	334	0	524	false	2222	None
LINESTRING (3180146.641 229785.74, 3180147.01 229787.555)	97	334	0	525	false	2222	None
LINESTRING (3180147.01 229787.555, 3180097.732 229803.951)	97	334	0	526	false	2222	None
LINESTRING (3180097.732 229803.951, 3180086.887 229806.244)	97	334	0	527	false	2222	None
LINESTRING (3180086.887 229806.244, 3180070.878 229813.902)	97	334	0	528	false	2222	None
LINESTRING (3180070.878 229813.902, 3180064.714 229817.56)	97	334	0	529	false	2222	None
LINESTRING (3180064.714 229817.56, 3180058.821 229822.278)	97	334	0	530	false	2222	None
LINESTRING (3180058.821 229822.278, 3180050.231 229827.845)	97	334	0	531	false	2222	None
LINESTRING (3180050.231 229827.845, 3180041.07 229832.113)	97	334	0	532	false	2222	None
LINESTRING (3180041.07 229832.113, 3180036.136 229833.392)	97	334	0	533	false	2222	None
LINESTRING (3180036.136 229833.392, 3180031.551 229835.286)	97	334	0	534	false	2222	None
LINESTRING (3180031.551 229835.286, 3180027.145 229837.728)	97	334	0	535	false	2222	None
LINESTRING (3180027.145 229837.728, 3180023.084 229840.543)	97	334	0	536	false	2222	None
LINESTRING (3180023.084 229840.543, 3180019.717 229844.347)	97	334	0	537	false	2222	None
LINESTRING (3180019.717 229844.347, 3180017.161 229848.59)	97	334	0	538	false	2222	None
LINESTRING (3180017.161 229848.59, 3179991.012 229875.517)	97	334	0	539	false	2222	None
LINESTRING (3179991.012 229875.517, 3179978.22 229883.009)	97	334	0	540	false	2222	None
LINESTRING (3179978.22 229883.009, 3179969.403 229890.156)	97	334	0	541	false	2222	None
LINESTRING (3179969.403 229890.156, 3179962.657 229894.539)	97	334	0	542	false	2222	None
LINESTRING (3179962.657 229894.539, 3179955.055 229898.347)	97	334	0	543	false	2222	None
LINESTRING (3179955.055 229898.347, 3179946.625 229903.26)	97	334	0	544	false	2222	None
LINESTRING (3179946.625 229903.26, 3179912.056 229928.068)	97	334	0	545	false	2222	None
LINESTRING (3179912.056 229928.068, 3179900.004 229931.676)	97	334	0	546	false	2222	None
LINESTRING (3179900.004 229931.676, 3179890.632 229933.476)	97	334	0	547	false	2222	None
LINESTRING (3179890.632 229933.476, 3179874.612 229940.413)	97	334	0	548	false	2222	None
LINESTRING (3179874.612 229940.413, 3179865.539 229947.459)	97	334	0	549	false	2222	None
LINESTRING (3179865.539 229947.459, 3179852.97 229958.14)	97	334	0	550	false	2222	None
LINESTRING (3179852.97 229958.14, 3179841.337 229969.189)	97	334	0	551	false	2222	None
LINESTRING (3179841.337 229969.189, 3179825.931 229987.58)	97	334	0	552	false	2222	None
LINESTRING (3179825.931 229987.58, 3179823.205 229991.756)	97	334	0	553	false	2222	None
LINESTRING (3179823.205 229991.756, 3179821.036 229996.27)	97	334	0	554	false	2222	None
LINESTRING (3179821.036 229996.27, 3179816.463 230011.647)	97	334	0	555	false	2222	None
LINESTRING (3179816.463 230011.647, 3179813.34 230025.089)	97	334	0	556	false	2222	None
LINESTRING (3179813.34 230025.089, 3179810.779 230034.101)	97	334	0	557	false	2222	None
LINESTRING (3179810.779 230034.101, 3179809.25 230043.996)	97	334	0	558	false	2222	None
LINESTRING (3179809.25 230043.996, 3179808.42 230060.368)	97	334	0	559	false	2222	None
LINESTRING (3179808.42 230060.368, 3179803.358 230092.252)	97	334	0	560	false	2222	None
LINESTRING (3179803.358 230092.252, 3179800.85 230101.881)	97	334	0	561	false	2222	None
LINESTRING (3179800.85 230101.881, 3179795.967 230108.787)	97	334	0	562	false	2222	None
LINESTRING (3179795.967 230108.787, 3179789.541 230119.617)	97	334	0	563	false	2222	None
LINESTRING (3179789.541 230119.617, 3179786.136 230126.27)	97	334	0	564	false	2222	None
LINESTRING (3179786.136 230126.27, 3179777.207 230164.981)	97	334	0	565	false	2222	None
LINESTRING (3179777.207 230164.981, 3179775.791 230174.086)	97	334	0	566	false	2222	None
LINESTRING (3179775.791 230174.086, 3179776.211 230179.022)	97	334	0	567	false	2222	None
LINESTRING (3179776.211 230179.022, 3179779.713 230198.649)	97	334	0	568	false	2222	None
LINESTRING (3179779.713 230198.649, 3179782.876 230208.124)	97	334	0	569	false	2222	None
LINESTRING (3179782.876 230208.124, 3179792.273 230225.777)	97	334	0	570	false	2222	None
LINESTRING (3179792.273 230225.777, 3179812.316 230254.655)	97	334	0	571	false	2222	None
LINESTRING (3179812.316 230254.655, 3179823.651 230269.134)	97	334	0	572	false	2222	None
LINESTRING (3179823.651 230269.134, 3179831.483 230281.757)	97	334	0	573	false	2222	None
LINESTRING (3179831.483 230281.757, 3179839.379 230293.213)	97	334	0	574	false	2222	None
LINESTRING (3179839.379 230293.213, 3179871.317 230334.644)	97	334	0	575	false	2222	None
LINESTRING (3179871.317 230334.644, 3179884.417 230350.891)	97	334	0	576	false	2222	None
LINESTRING (3179884.417 230350.891, 3179895.155 230365.135)	97	334	0	577	false	2222	None
LINESTRING (3179895.155 230365.135, 3179905.386 230376.914)	97	334	0	578	false	2222	None
LINESTRING (3179905.386 230376.914, 3179927.421 230408.484)	97	334	0	579	false	2222	None
LINESTRING (3179927.421 230408.484, 3179977.983 230487.899)	97	334	0	580	false	2222	None
LINESTRING (3179977.983 230487.899, 3179991.52 230515.292)	97	334	0	581	false	2222	None
LINESTRING (3179991.52 230515.292, 3180000.649 230532.124)	97	334	0	582	false	2222	None
LINESTRING (3180000.649 230532.124, 3180005.006 230542.068)	97	334	0	583	false	2222	None
LINESTRING (3180005.006 230542.068, 3180009.084 230547.967)	97	334	0	584	false	2222	None
LINESTRING (3180009.084 230547.967, 3180017.264 230568.958)	97	334	0	585	false	2222	None
LINESTRING (3180017.264 230568.958, 3180019.671 230581.356)	97	334	0	586	false	2222	None
LINESTRING (3180019.671 230581.356, 3180028.881 230608.24)	97	334	0	587	false	2222	None
LINESTRING (3180028.881 230608.24, 3180032.732 230623.472)	97	334	0	588	false	2222	None
LINESTRING (3180032.732 230623.472, 3180038.522 230640.78)	97	334	0	589	false	2222	None
LINESTRING (3180038.522 230640.78, 3180042.138 230654.608)	97	334	0	590	false	2222	None
LINESTRING (3180042.138 230654.608, 3180043.879 230667.698)	97	334	0	591	false	2222	None
LINESTRING (3180043.879 230667.698, 3180041.177 230691.326)	97	334	0	592	false	2222	None
LINESTRING (3180041.177 230691.326, 3180037.073 230712.017)	97	334	0	593	false	2222	None
LINESTRING (3180037.073 230712.017, 3180030.468 230730.053)	97	334	0	594	false	2222	None
LINESTRING (3180030.468 230730.053, 3180017.532 230762.179)	97	334	0	595	false	2222	None
LINESTRING (3180017.532 230762.179, 3180010.381 230775.349)	97	334	0	596	false	2222	None
LINESTRING (3180010.381 230775.349, 3180007.655 230779.525)	97	334	0	597	false	2222	None
LINESTRING (3180007.655 230779.525, 3179976.883 230813.698)	97	334	0	598	false	2222	None
LINESTRING (3179976.883 230813.698, 3179941.755 230837.927)	97	334	0	599	false	2222	None
LINESTRING (3179941.755 230837.927, 3179930.148 230847.912)	97	334	0	600	false	2222	None
LINESTRING (3179930.148 230847.912, 3179916.982 230858.357)	97	334	0	601	false	2222	None
LINESTRING (3179916.982 230858.357, 3179906.134 230868.164)	97	334	0	602	false	2222	None
LINESTRING (3179906.134 230868.164, 3179866.875 230896.136)	97	334	0	603	false	2222	None
LINESTRING (3179866.875 230896.136, 3179832.689 230923.479)	97	334	0	604	false	2222	None
LINESTRING (3179832.689 230923.479, 3179822.166 230932.459)	97	334	0	605	false	2222	None
LINESTRING (3179822.166 230932.459, 3179813.202 230940.98)	97	334	0	606	false	2222	None
LINESTRING (3179813.202 230940.98, 3179798.486 230949.861)	97	334	0	607	false	2222	None
LINESTRING (3179798.486 230949.861, 3179789.916 230959.133)	97	334	0	608	false	2222	None
LINESTRING (3179789.916 230959.133, 3179784.993 230966.142)	97	334	0	609	false	2222	None
LINESTRING (3179784.993 230966.142, 3179781.366 230969.605)	97	334	0	610	false	2222	None
LINESTRING (3179781.366 230969.605, 3179765.215 230981.381)	97	334	0	611	false	2222	None
LINESTRING (3179765.215 230981.381, 3179753.524 230988.829)	97	334	0	612	false	2222	None
LINESTRING (3179753.524 230988.829, 3179732.047 231001.133)	97	334	0	613	false	2222	None
LINESTRING (3179732.047 231001.133, 3179721.924 231006.096)	97	334	0	614	false	2222	None
LINESTRING (3179721.924 231006.096, 3179712.86 231011.119)	97	334	0	615	false	2222	None
LINESTRING (3179712.86 231011.119, 3179701.388 231019.01)	97	334	0	616	false	2222	None
LINESTRING (3179701.388 231019.01, 3179687.016 231030.77)	97	334	0	617	false	2222	None
LINESTRING (3179687.016 231030.77, 3179670.11 231042.965)	97	334	0	618	false	2222	None
LINESTRING (3179670.11 231042.965, 3179658.3 231053.467)	97	334	0	619	false	2222	None
LINESTRING (3179658.3 231053.467, 3179640.407 231067.421)	97	334	0	620	false	2222	None
LINESTRING (3179640.407 231067.421, 3179632.781 231072.293)	97	334	0	621	false	2222	None
LINESTRING (3179632.781 231072.293, 3179627.139 231079.377)	97	334	0	622	false	2222	None
LINESTRING (3179627.139 231079.377, 3179623.468 231082.704)	97	334	0	623	false	2222	None
LINESTRING (3179623.468 231082.704, 3179620.525 231091.685)	97	334	0	624	false	2222	None
LINESTRING (3179620.525 231091.685, 3179618.951 231098.938)	97	334	0	625	false	2222	None
LINESTRING (3179618.951 231098.938, 3179618.949 231103.947)	97	334	0	626	false	2222	None
LINESTRING (3179618.949 231103.947, 3179621.227 231113.67)	97	334	0	627	false	2222	None
LINESTRING (3179621.227 231113.67, 3179622.999 231118.422)	97	334	0	628	false	2222	None
LINESTRING (3179622.999 231118.422, 3179627.843 231127.127)	97	334	0	629	false	2222	None
LINESTRING (3179627.843 231127.127, 3179634.193 231134.755)	97	334	0	630	false	2222	None
LINESTRING (3179634.193 231134.755, 3179646.716 231146.958)	97	334	0	631	false	2222	None
LINESTRING (3179646.716 231146.958, 3179658.177 231156.358)	97	334	0	632	false	2222	None
LINESTRING (3179658.177 231156.358, 3179668.246 231163.54)	97	334	0	633	false	2222	None
LINESTRING (3179668.246 231163.54, 3179690.249 231175.418)	97	334	0	634	false	2222	None
LINESTRING (3179690.249 231175.418, 3179709.793 231184.539)	97	334	0	635	false	2222	None
LINESTRING (3179709.793 231184.539, 3179723.972 231189.282)	97	334	0	636	false	2222	None
LINESTRING (3179723.972 231189.282, 3179747.28 231195.59)	97	334	0	637	false	2222	None
LINESTRING (3179747.28 231195.59, 3179757.173 231197.216)	97	334	0	638	false	2222	None
LINESTRING (3179757.173 231197.216, 3179767.087 231197.539)	97	334	0	639	false	2222	None
LINESTRING (3179767.087 231197.539, 3179795.165 231195.227)	97	334	0	640	false	2222	None
LINESTRING (3179795.165 231195.227, 3179815.907 231192.295)	97	334	0	641	false	2222	None
LINESTRING (3179815.907 231192.295, 3179832.245 231189.3)	97	334	0	642	false	2222	None
LINESTRING (3179832.245 231189.3, 3179855.766 231182.81)	97	334	0	643	false	2222	None
LINESTRING (3179855.766 231182.81, 3179865.064 231179.193)	97	334	0	644	false	2222	None
LINESTRING (3179865.064 231179.193, 3179873.921 231174.447)	97	334	0	645	false	2222	None
LINESTRING (3179873.921 231174.447, 3179897.844 231156.426)	97	334	0	646	false	2222	None
LINESTRING (3179897.844 231156.426, 3179914.623 231139.052)	97	334	0	647	false	2222	None
LINESTRING (3179914.623 231139.052, 3179932.306 231122.631)	97	334	0	648	false	2222	None
LINESTRING (3179932.306 231122.631, 3179939.674 231114.914)	97	334	0	649	false	2222	None
LINESTRING (3179939.674 231114.914, 3179954.102 231096.258)	97	334	0	650	false	2222	None
LINESTRING (3179954.102 231096.258, 3179972.133 231085.46)	97	334	0	651	false	2222	None
LINESTRING (3179972.133 231085.46, 3179984.037 231083.226)	97	334	0	652	false	2222	None
LINESTRING (3179984.037 231083.226, 3179988.982 231082.667)	97	334	0	653	false	2222	None
LINESTRING (3179988.982 231082.667, 3179993.696 231080.943)	97	334	0	654	false	2222	None
LINESTRING (3179993.696 231080.943, 3180002.423 231076.027)	97	334	0	655	false	2222	None
LINESTRING (3180002.423 231076.027, 3180006.439 231073.075)	97	334	0	656	false	2222	None
LINESTRING (3180006.439 231073.075, 3180030.65 231049.322)	97	334	0	657	false	2222	None
LINESTRING (3180030.65 231049.322, 3180042.2 231040.984)	97	334	0	658	false	2222	None
LINESTRING (3180042.2 231040.984, 3180055.511 231034.175)	97	334	0	659	false	2222	None
LINESTRING (3180055.511 231034.175, 3180069.216 231028.116)	97	334	0	660	false	2222	None
LINESTRING (3180069.216 231028.116, 3180085.484 231026.049)	97	334	0	661	false	2222	None
LINESTRING (3180085.484 231026.049, 3180098.354 231025.864)	97	334	0	662	false	2222	None
LINESTRING (3180098.354 231025.864, 3180114.049 231027.508)	97	334	0	663	false	2222	None
LINESTRING (3180114.049 231027.508, 3180135.783 231033.316)	97	334	0	664	false	2222	None
LINESTRING (3180135.783 231033.316, 3180162.882 231043.503)	97	334	0	665	false	2222	None
LINESTRING (3180162.882 231043.503, 3180189.03 231055.104)	97	334	0	666	false	2222	None
LINESTRING (3180189.03 231055.104, 3180207.546 231066.088)	97	334	0	667	false	2222	None
LINESTRING (3180207.546 231066.088, 3180218.41 231075.254)	97	334	0	668	false	2222	None
LINESTRING (3180218.41 231075.254, 3180225.268 231082.843)	97	334	0	669	false	2222	None
LINESTRING (3180225.268 231082.843, 3180232.851 231093.342)	97	334	0	670	false	2222	None
LINESTRING (3180232.851 231093.342, 3180241.881 231109.42)	97	334	0	671	false	2222	None
LINESTRING (3180241.881 231109.42, 3180245.387 231121.774)	97	334	0	672	false	2222	None
LINESTRING (3180245.387 231121.774, 3180245.165 231136.597)	97	334	0	673	false	2222	None
LINESTRING (3180245.165 231136.597, 3180238.309 231178.034)	97	334	0	674	false	2222	None
LINESTRING (3180238.309 231178.034, 3180230.45 231202.257)	97	334	0	675	false	2222	None
LINESTRING (3180230.45 231202.257, 3180224.451 231216)	97	334	0	676	false	2222	None
LINESTRING (3180224.451 231216, 3180217.471 231229.237)	97	334	0	677	false	2222	None
LINESTRING (3180217.471 231229.237, 3180212.404 231237.859)	97	334	0	678	false	2222	None
LINESTRING (3180212.404 231237.859, 3180205.271 231246.98)	97	334	0	679	false	2222	None
LINESTRING (3180205.271 231246.98, 3180184.974 231269.291)	97	334	0	680	false	2222	None
LINESTRING (3180184.974 231269.291, 3180177.72 231276.218)	97	334	0	681	false	2222	None
LINESTRING (3180177.72 231276.218, 3180169.731 231282.259)	97	334	0	682	false	2222	None
LINESTRING (3180169.731 231282.259, 3180165.455 231284.87)	97	334	0	683	false	2222	None
LINESTRING (3180165.455 231284.87, 3180140.95 231303.616)	97	334	0	684	false	2222	None
LINESTRING (3180140.95 231303.616, 3180117.154 231324.312)	97	334	0	685	false	2222	None
LINESTRING (3180117.154 231324.312, 3180085.198 231355.991)	97	334	0	686	false	2222	None
LINESTRING (3180085.198 231355.991, 3180076.015 231364.067)	97	334	0	687	false	2222	None
LINESTRING (3180076.015 231364.067, 3180067.451 231368.569)	97	334	0	688	false	2222	None
LINESTRING (3180067.451 231368.569, 3180061.023 231371.646)	97	334	0	689	false	2222	None
LINESTRING (3180061.023 231371.646, 3180047.1 231377.261)	97	334	0	690	false	2222	None
LINESTRING (3180047.1 231377.261, 3180042.341 231378.847)	97	334	0	691	false	2222	None
LINESTRING (3180042.341 231378.847, 3180037.578 231380.194)	97	334	0	692	false	2222	None
LINESTRING (3180037.578 231380.194, 3180032.686 231381.37)	97	334	0	693	false	2222	None
LINESTRING (3180032.686 231381.37, 3180013.015 231385.081)	97	334	0	694	false	2222	None
LINESTRING (3180013.015 231385.081, 3180005.654 231385.524)	97	334	0	695	false	2222	None
LINESTRING (3180005.654 231385.524, 3179979.322 231388.403)	97	334	0	696	false	2222	None
LINESTRING (3179979.322 231388.403, 3179952.506 231392.761)	97	334	0	697	false	2222	None
LINESTRING (3179952.506 231392.761, 3179937.239 231396.535)	97	334	0	698	false	2222	None
LINESTRING (3179937.239 231396.535, 3179926.964 231397.382)	97	334	0	699	false	2222	None
LINESTRING (3179926.964 231397.382, 3179907.617 231402.771)	97	334	0	700	false	2222	None
LINESTRING (3179907.617 231402.771, 3179883.91 231408.234)	97	334	0	701	false	2222	None
LINESTRING (3179883.91 231408.234, 3179874.434 231411.304)	97	334	0	702	false	2222	None
LINESTRING (3179874.434 231411.304, 3179865.225 231415.195)	97	334	0	703	false	2222	None
LINESTRING (3179865.225 231415.195, 3179856.494 231419.871)	97	334	0	704	false	2222	None
LINESTRING (3179856.494 231419.871, 3179848.291 231425.709)	97	334	0	705	false	2222	None
LINESTRING (3179848.291 231425.709, 3179840.822 231432.432)	97	334	0	706	false	2222	None
LINESTRING (3179840.822 231432.432, 3179837.451 231435.996)	97	334	0	707	false	2222	None
LINESTRING (3179837.451 231435.996, 3179832.425 231447.02)	97	334	0	708	false	2222	None
LINESTRING (3179832.425 231447.02, 3179824.507 231467.641)	97	334	0	709	false	2222	None
LINESTRING (3179824.507 231467.641, 3179820.446 231480.715)	97	334	0	710	false	2222	None
LINESTRING (3179820.446 231480.715, 3179799.379 231538.508)	97	334	0	711	false	2222	None
LINESTRING (3179799.379 231538.508, 3179795.07 231549.456)	97	334	0	712	false	2222	None
LINESTRING (3179795.07 231549.456, 3179787.009 231574.196)	97	334	0	713	false	2222	None
LINESTRING (3179787.009 231574.196, 3179780.636 231590.893)	97	334	0	714	false	2222	None
LINESTRING (3179780.636 231590.893, 3179762.262 231627.082)	97	334	0	715	false	2222	None
LINESTRING (3179762.262 231627.082, 3179755.069 231642.86)	97	334	0	716	false	2222	None
LINESTRING (3179755.069 231642.86, 3179749.705 231656.494)	97	334	0	717	false	2222	None
LINESTRING (3179749.705 231656.494, 3179738.999 231685.203)	97	334	0	718	false	2222	None
LINESTRING (3179738.999 231685.203, 3179713.989 231745.262)	97	334	0	719	false	2222	None
LINESTRING (3179713.989 231745.262, 3179705.583 231767.123)	97	334	0	720	false	2222	None
LINESTRING (3179705.583 231767.123, 3179694.786 231800.568)	97	334	0	721	false	2222	None
LINESTRING (3179694.786 231800.568, 3179681.692 231830.843)	97	334	0	722	false	2222	None
LINESTRING (3179681.692 231830.843, 3179673.228 231856.856)	97	334	0	723	false	2222	None
LINESTRING (3179673.228 231856.856, 3179658.128 231888.727)	97	334	0	724	false	2222	None
LINESTRING (3179658.128 231888.727, 3179648.577 231913)	97	334	0	725	false	2222	None
LINESTRING (3179648.577 231913, 3179637.436 231943.566)	97	334	0	726	false	2222	None
LINESTRING (3179637.436 231943.566, 3179633.124 231954.274)	97	334	0	727	false	2222	None
LINESTRING (3179633.124 231954.274, 3179629.385 231963.777)	97	334	0	728	false	2222	None
LINESTRING (3179629.385 231963.777, 3179622.046 231978.424)	97	334	0	729	false	2222	None
LINESTRING (3179622.046 231978.424, 3179611.105 231997.975)	97	334	0	730	false	2222	None
LINESTRING (3179611.105 231997.975, 3179605.811 232008.178)	97	334	0	731	false	2222	None
LINESTRING (3179605.811 232008.178, 3179605.031 232009.661)	97	334	0	732	false	2222	None
LINESTRING (3179605.031 232009.661, 3179596.558 232019.687)	97	334	0	733	false	2222	None
LINESTRING (3179596.558 232019.687, 3179585.262 232035.639)	97	334	0	734	false	2222	None
LINESTRING (3179585.262 232035.639, 3179578.479 232042.87)	97	334	0	735	false	2222	None
LINESTRING (3179578.479 232042.87, 3179552.86 232086.467)	97	334	0	736	false	2222	None
LINESTRING (3179552.86 232086.467, 3179541.878 232106.122)	97	334	0	737	false	2222	None
LINESTRING (3179541.878 232106.122, 3179536.039 232119.211)	97	334	0	738	false	2222	None
LINESTRING (3179536.039 232119.211, 3179522.233 232152.546)	97	334	0	739	false	2222	None
LINESTRING (3179522.233 232152.546, 3179516.203 232164.368)	97	334	0	740	false	2222	None
LINESTRING (3179516.203 232164.368, 3179515.054 232166.54)	97	334	0	741	false	2222	None
LINESTRING (3179515.054 232166.54, 3179501.716 232197.435)	97	334	0	742	false	2222	None
LINESTRING (3179501.716 232197.435, 3179499.716 232212.274)	97	334	0	743	false	2222	None
LINESTRING (3179499.716 232212.274, 3179497.665 232221.487)	97	334	0	744	false	2222	None
LINESTRING (3179497.665 232221.487, 3179486.609 232270.098)	97	334	0	745	false	2222	None
LINESTRING (3179486.609 232270.098, 3179483.965 232289.574)	97	334	0	746	false	2222	None
LINESTRING (3179483.965 232289.574, 3179481.949 232295.699)	97	334	0	747	false	2222	None
LINESTRING (3179481.949 232295.699, 3179479.806 232301.894)	97	334	0	748	false	2222	None
LINESTRING (3179479.806 232301.894, 3179476.463 232314.892)	97	334	0	749	false	2222	None
LINESTRING (3179476.463 232314.892, 3179474.18 232327.95)	97	334	0	750	false	2222	None
LINESTRING (3179474.18 232327.95, 3179459.785 232361.53)	97	334	0	751	false	2222	None
LINESTRING (3179459.785 232361.53, 3179441.709 232387.459)	97	334	0	752	false	2222	None
LINESTRING (3179441.709 232387.459, 3179417.15 232413.103)	97	334	0	753	false	2222	None
LINESTRING (3179417.15 232413.103, 3179401.986 232428.13)	97	334	0	754	false	2222	None
LINESTRING (3179401.986 232428.13, 3179398.789 232432.001)	97	334	0	755	false	2222	None
LINESTRING (3179398.789 232432.001, 3179393.723 232440.624)	97	334	0	756	false	2222	None
LINESTRING (3179393.723 232440.624, 3179391.809 232445.239)	97	334	0	757	false	2222	None
LINESTRING (3179391.809 232445.239, 3179391.044 232450.186)	97	334	0	758	false	2222	None
LINESTRING (3179391.044 232450.186, 3179391.544 232465.174)	97	334	0	759	false	2222	None
LINESTRING (3179391.544 232465.174, 3179393.609 232474.933)	97	334	0	760	false	2222	None
LINESTRING (3179393.609 232474.933, 3179395.295 232479.652)	97	334	0	761	false	2222	None
LINESTRING (3179395.295 232479.652, 3179397.888 232490.573)	97	334	0	762	false	2222	None
LINESTRING (3179397.888 232490.573, 3179397.985 232491.326)	97	334	0	763	false	2222	None
LINESTRING (3179397.985 232491.326, 3179403.992 232509.078)	97	334	0	764	false	2222	None
LINESTRING (3179403.992 232509.078, 3179415.927 232539.777)	97	334	0	765	false	2222	None
LINESTRING (3179415.927 232539.777, 3179422.954 232555.186)	97	334	0	766	false	2222	None
LINESTRING (3179422.954 232555.186, 3179430.736 232554.67)	97	334	0	767	false	2222	None
LINESTRING (3179430.736 232554.67, 3179438.477 232554.257)	97	334	0	768	false	2222	None
LINESTRING (3179438.477 232554.257, 3179439.11 232554.148)	97	334	0	769	false	2222	None
LINESTRING (3179439.11 232554.148, 3179460.726 232552.992)	97	334	0	770	false	2222	None
LINESTRING (3179460.726 232552.992, 3179486.959 232554.607)	97	334	0	771	false	2222	None
LINESTRING (3179486.959 232554.607, 3179496.157 232555.244)	97	334	0	772	false	2222	None
LINESTRING (3179496.157 232555.244, 3179502.489 232556.662)	97	334	0	773	false	2222	None
LINESTRING (3179502.489 232556.662, 3179506.619 232545.166)	97	334	0	774	false	2222	None
LINESTRING (3179506.619 232545.166, 3179518.798 232510.714)	97	334	0	775	false	2222	None
LINESTRING (3179518.798 232510.714, 3179522.802 232499.287)	97	334	0	776	false	2222	None
LINESTRING (3179522.802 232499.287, 3179542.788 232517.53)	97	334	0	777	false	2222	None
LINESTRING (3179542.788 232517.53, 3179558.966 232546.202)	97	334	0	778	false	2222	None
LINESTRING (3179558.966 232546.202, 3179575.67 232576.035)	97	334	0	779	false	2222	None
LINESTRING (3179575.67 232576.035, 3179581.819 232584.419)	97	334	0	780	false	2222	None
LINESTRING (3179581.819 232584.419, 3179594.906 232600.185)	97	334	0	781	false	2222	None
LINESTRING (3179594.906 232600.185, 3179607.112 232616.44)	97	334	0	782	false	2222	None
LINESTRING (3179607.112 232616.44, 3179617.937 232633.701)	97	334	0	783	false	2222	None
LINESTRING (3179617.937 232633.701, 3179627.6 232652.415)	97	334	0	784	false	2222	None
LINESTRING (3179627.6 232652.415, 3179638.384 232669.78)	97	334	0	785	false	2222	None
LINESTRING (3179638.384 232669.78, 3179653.596 232696.402)	97	334	0	786	false	2222	None
LINESTRING (3179653.596 232696.402, 3179655.562 232700.158)	97	334	0	787	false	2222	None
LINESTRING (3179655.562 232700.158, 3179666.689 232722.906)	97	334	0	788	false	2222	None
LINESTRING (3179666.689 232722.906, 3179678.689 232749.935)	97	334	0	789	false	2222	None
LINESTRING (3179678.689 232749.935, 3179681.174 232756.877)	97	334	0	790	false	2222	None
LINESTRING (3179681.174 232756.877, 3179685.786 232769.667)	97	334	0	791	false	2222	None
LINESTRING (3179685.786 232769.667, 3179687.61 232775.036)	97	334	0	792	false	2222	None
LINESTRING (3179687.61 232775.036, 3179695.378 232799.565)	97	334	0	793	false	2222	None
LINESTRING (3179695.378 232799.565, 3179704.234 232831.082)	97	334	0	794	false	2222	None
LINESTRING (3179704.234 232831.082, 3179706.535 232839.741)	97	334	0	795	false	2222	None
LINESTRING (3179706.535 232839.741, 3179709.159 232850.078)	97	334	0	796	false	2222	None
LINESTRING (3179709.159 232850.078, 3179712.007 232861.099)	97	334	0	797	false	2222	None
LINESTRING (3179712.007 232861.099, 3179720.512 232894.507)	97	334	0	798	false	2222	N:3179719.9610894397 232892.343
LINESTRING (3176422.367 229526.56, 3176483.222 229416.784)	97	334	0	2213	false	2222	W:3176482.218 229418.5951100817
LINESTRING (3176483.222 229416.784, 3176503.48 229380.26)	97	334	0	2214	false	2222	None
LINESTRING (3176503.48 229380.26, 3176507.219 229373.501)	97	334	0	2215	false	2222	None
LINESTRING (3176507.219 229373.501, 3176518.315 229353.532)	97	334	0	2216	false	2222	None
LINESTRING (3176518.315 229353.532, 3176522.013 229346.875)	97	334	0	2217	false	2222	None
LINESTRING (3176522.013 229346.875, 3176532.707 229328.179)	97	334	0	2218	false	2222	None
LINESTRING (3176532.707 229328.179, 3176541.878 229312.105)	97	334	0	2219	false	2222	None
LINESTRING (3176541.878 229312.105, 3176564.616 229272.025)	97	334	0	2220	false	2222	None
LINESTRING (3176564.616 229272.025, 3176568.566 229265.229)	97	334	0	2221	false	2222	None
LINESTRING (3176568.566 229265.229, 3176571.692 229259.779)	97	334	0	2222	false	2222	None
LINESTRING (3179720.512 232894.507, 3179712.007 232861.099)	97	336	0	1448	false	1543	N:3179719.9610894397 232892.343
LINESTRING (3179712.007 232861.099, 3179709.159 232850.078)	97	336	0	1449	false	1543	None
LINESTRING (3179709.159 232850.078, 3179706.535 232839.741)	97	336	0	1450	false	1543	None
LINESTRING (3179706.535 232839.741, 3179704.234 232831.082)	97	336	0	1451	false	1543	None
LINESTRING (3179704.234 232831.082, 3179695.378 232799.565)	97	336	0	1452	false	1543	None
LINESTRING (3179695.378 232799.565, 3179687.61 232775.036)	97	336	0	1453	false	1543	None
LINESTRING (3179687.61 232775.036, 3179685.786 232769.667)	97	336	0	1454	false	1543	None
LINESTRING (3179685.786 232769.667, 3179681.174 232756.877)	97	336	0	1455	false	1543	None
LINESTRING (3179681.174 232756.877, 3179678.689 232749.935)	97	336	0	1456	false	1543	None
LINESTRING (3179678.689 232749.935, 3179666.689 232722.906)	97	336	0	1457	false	1543	None
LINESTRING (3179666.689 232722.906, 3179655.562 232700.158)	97	336	0	1458	false	1543	None
LINESTRING (3179655.562 232700.158, 3179653.596 232696.402)	97	336	0	1459	false	1543	None
LINESTRING (3179653.596 232696.402, 3179638.384 232669.78)	97	336	0	1460	false	1543	None
LINESTRING (3179638.384 232669.78, 3179627.6 232652.415)	97	336	0	1461	false	1543	None
LINESTRING (3179627.6 232652.415, 3179617.937 232633.701)	97	336	0	1462	false	1543	None
LINESTRING (3179617.937 232633.701, 3179607.112 232616.44)	97	336	0	1463	false	1543	None
LINESTRING (3179607.112 232616.44, 3179594.906 232600.185)	97	336	0	1464	false	1543	None
LINESTRING (3179594.906 232600.185, 3179581.819 232584.419)	97	336	0	1465	false	1543	None
LINESTRING (3179581.819 232584.419, 3179575.67 232576.035)	97	336	0	1466	false	1543	None
LINESTRING (3179575.67 232576.035, 3179558.966 232546.202)	97	336	0	1467	false	1543	None
LINESTRING (3179558.966 232546.202, 3179542.788 232517.53)	97	336	0	1468	false	1543	None
LINESTRING (3179542.788 232517.53, 3179522.802 232499.287)	97	336	0	1469	false	1543	None
LINESTRING (3179522.802 232499.287, 3179542.313 232444.699)	97	336	0	1470	false	1543	None
LINESTRING (3179542.313 232444.699, 3179600.763 232280.901)	97	336	0	1471	false	1543	None
LINESTRING (3179600.763 232280.901, 3179620.149 232226.382)	97	336	0	1472	false	1543	None
LINESTRING (3179620.149 232226.382, 3179651.034 232139.888)	97	336	0	1473	false	1543	None
LINESTRING (3179651.034 232139.888, 3179653.022 232134.587)	97	336	0	1474	false	1543	None
LINESTRING (3179653.022 232134.587, 3179751.644 231859.441)	97	336	0	1475	false	1543	None
LINESTRING (3179751.644 231859.441, 3179760.753 231834.04)	97	336	0	1476	false	1543	None
LINESTRING (3179760.753 231834.04, 3179789.72 231769.932)	97	336	0	1477	false	1543	None
LINESTRING (3179789.72 231769.932, 3179791.313 231766.384)	97	336	0	1478	false	1543	None
LINESTRING (3179791.313 231766.384, 3179796.051 231755.843)	97	336	0	1479	false	1543	None
LINESTRING (3179796.051 231755.843, 3179797.603 231752.398)	97	336	0	1480	false	1543	None
LINESTRING (3179797.603 231752.398, 3179813.757 231725.355)	97	336	0	1481	false	1543	None
LINESTRING (3179813.757 231725.355, 3179820.265 231714.318)	97	336	0	1482	false	1543	None
LINESTRING (3179820.265 231714.318, 3179833.915 231694.64)	97	336	0	1483	false	1543	None
LINESTRING (3179833.915 231694.64, 3179851.887 231675.231)	97	336	0	1484	false	1543	None
LINESTRING (3179851.887 231675.231, 3179872.455 231653.981)	97	336	0	1485	false	1543	None
LINESTRING (3179872.455 231653.981, 3179879.408 231646.816)	97	336	0	1486	false	1543	None
LINESTRING (3179879.408 231646.816, 3179895.121 231634.153)	97	336	0	1487	false	1543	None
LINESTRING (3179895.121 231634.153, 3179910.793 231621.592)	97	336	0	1488	false	1543	None
LINESTRING (3179910.793 231621.592, 3179947.956 231592.439)	97	336	0	1489	false	1543	None
LINESTRING (3179947.956 231592.439, 3180118.017 231466.956)	97	336	0	1490	false	1543	None
LINESTRING (3180118.017 231466.956, 3180175.17 231422.529)	97	336	0	1491	false	1543	None
LINESTRING (3180175.17 231422.529, 3180351.992 231288.139)	97	336	0	1492	false	1543	None
LINESTRING (3180351.992 231288.139, 3180485.07 231210.133)	97	336	0	1493	false	1543	None
LINESTRING (3180485.07 231210.133, 3180528.856 231184.423)	97	336	0	1494	false	1543	None
LINESTRING (3180528.856 231184.423, 3180603.013 231143.827)	97	336	0	1495	false	1543	None
LINESTRING (3180603.013 231143.827, 3180774.827 231046.954)	97	336	0	1496	false	1543	E:3180760.052 231055.2845119198
LINESTRING (3176727.941 228951.593, 3176711.605 228987.152)	97	337	0	889	false	1368	S:3176719.7282079645 228969.47
LINESTRING (3176711.605 228987.152, 3176706.087 228998.938)	97	337	0	890	false	1368	None
LINESTRING (3176706.087 228998.938, 3176702.738 229006.208)	97	337	0	891	false	1368	None
LINESTRING (3176702.738 229006.208, 3176693.997 229025.194)	97	337	0	892	false	1368	None
LINESTRING (3176693.997 229025.194, 3176692.483 229028.296)	97	337	0	893	false	1368	None
LINESTRING (3176692.483 229028.296, 3176688.667 229035.503)	97	337	0	894	false	1368	None
LINESTRING (3176688.667 229035.503, 3176676.447 229059.085)	97	337	0	895	false	1368	None
LINESTRING (3176676.447 229059.085, 3176671.401 229068.67)	97	337	0	896	false	1368	None
LINESTRING (3176671.401 229068.67, 3176638.593 229129.361)	97	337	0	897	false	1368	None
LINESTRING (3176638.593 229129.361, 3176625.862 229152.742)	97	337	0	898	false	1368	None
LINESTRING (3176625.862 229152.742, 3176615.786 229172.873)	97	337	0	899	false	1368	None
LINESTRING (3176615.786 229172.873, 3176585.386 229233.198)	97	337	0	900	false	1368	None
LINESTRING (3176585.386 229233.198, 3176581.74 229240.472)	97	337	0	901	false	1368	None
LINESTRING (3176581.74 229240.472, 3176575.184 229253.399)	97	337	0	902	false	1368	None
LINESTRING (3176575.184 229253.399, 3176571.692 229259.779)	97	337	0	903	false	1368	None
LINESTRING (3176571.692 229259.779, 3176568.566 229265.229)	97	337	0	904	false	1368	None
LINESTRING (3176568.566 229265.229, 3176564.616 229272.025)	97	337	0	905	false	1368	None
LINESTRING (3176564.616 229272.025, 3176541.878 229312.105)	97	337	0	906	false	1368	None
LINESTRING (3176541.878 229312.105, 3176532.707 229328.179)	97	337	0	907	false	1368	None
LINESTRING (3176532.707 229328.179, 3176522.013 229346.875)	97	337	0	908	false	1368	None
LINESTRING (3176522.013 229346.875, 3176518.315 229353.532)	97	337	0	909	false	1368	None
LINESTRING (3176518.315 229353.532, 3176507.219 229373.501)	97	337	0	910	false	1368	None
LINESTRING (3176507.219 229373.501, 3176503.48 229380.26)	97	337	0	911	false	1368	None
LINESTRING (3176503.48 229380.26, 3176483.222 229416.784)	97	337	0	912	false	1368	None
LINESTRING (3176483.222 229416.784, 3176422.367 229526.56)	97	337	0	913	false	1368	W:3176482.218 229418.5951100817
