LINESTRING (3083425.054 201641.74, 3083644.98 201272.89)	57	1	0	505	false	1095	N:3083503.9882646333 201509.355
LINESTRING (3083644.98 201272.89, 3083647.446 201268.721)	57	1	0	506	false	1095	None
LINESTRING (3083647.446 201268.721, 3084585.899 199694.904)	57	1	0	507	false	1095	None
LINESTRING (3084585.899 199694.904, 3084597.35 199675.863)	57	1	0	508	false	1095	None
LINESTRING (3084597.35 199675.863, 3084613.365 199648.938)	57	1	0	509	false	1095	None
LINESTRING (3084613.365 199648.938, 3084672.455 199549.68)	57	1	0	510	false	1095	None
LINESTRING (3084672.455 199549.68, 3084763.163 199398.436)	57	1	0	511	false	1095	None
LINESTRING (3084763.163 199398.436, 3084823.485 199297.747)	57	1	0	512	false	1095	None
LINESTRING (3084823.485 199297.747, 3084885.063 199195.042)	57	1	0	513	false	1095	None
LINESTRING (3084885.063 199195.042, 3084933.006 199115.06)	57	1	0	514	false	1095	None
LINESTRING (3084933.006 199115.06, 3084942.621 199096.984)	57	1	0	515	false	1095	None
LINESTRING (3084942.621 199096.984, 3085039.377 198934.74)	57	1	0	516	false	1095	None
LINESTRING (3085039.377 198934.74, 3085273.055 198542.752)	57	1	0	517	false	1095	None
LINESTRING (3085273.055 198542.752, 3085414.472 198305.575)	57	1	0	518	false	1095	None
LINESTRING (3085414.472 198305.575, 3085534.651 198103.905)	57	1	0	519	false	1095	None
LINESTRING (3085534.651 198103.905, 3085733.487 197773.965)	57	1	0	520	false	1095	None
LINESTRING (3085733.487 197773.965, 3085742.473 197759.094)	57	1	0	521	false	1095	None
LINESTRING (3085742.473 197759.094, 3085755.222 197737.934)	57	1	0	522	false	1095	None
LINESTRING (3085755.222 197737.934, 3086032.248 197277.885)	57	1	0	523	false	1095	None
LINESTRING (3086032.248 197277.885, 3086036.294 197271.111)	57	1	0	524	false	1095	None
LINESTRING (3086036.294 197271.111, 3086261.687 196896.885)	57	1	0	525	false	1095	None
LINESTRING (3086261.687 196896.885, 3086292.206 196846.263)	57	1	0	526	false	1095	None
LINESTRING (3086292.206 196846.263, 3086319.685 196800.542)	57	1	0	527	false	1095	None
LINESTRING (3086319.685 196800.542, 3086337.658 196770.8)	57	1	0	528	false	1095	None
LINESTRING (3086337.658 196770.8, 3086429.332 196618.624)	57	1	0	529	false	1095	None
LINESTRING (3086429.332 196618.624, 3086558.567 196404.016)	57	1	0	530	false	1095	None
LINESTRING (3086558.567 196404.016, 3086713.139 196147.268)	57	1	0	531	false	1095	E:3086647.716 196255.93725707097
