LINESTRING (3167918.609 203234.424, 3167927.968 203237.723)	114	180	0	791	false	2099	W:3167926.551 203237.22351469175
LINESTRING (3167927.968 203237.723, 3167936.761 203242.469)	114	180	0	792	false	2099	None
LINESTRING (3167936.761 203242.469, 3167946.368 203249.677)	114	180	0	793	false	2099	None
LINESTRING (3167946.368 203249.677, 3167959.084 203257.504)	114	180	0	794	false	2099	None
LINESTRING (3167959.084 203257.504, 3167972.784 203263.571)	114	180	0	795	false	2099	None
LINESTRING (3167972.784 203263.571, 3167982.305 203266.456)	114	180	0	796	false	2099	None
LINESTRING (3167982.305 203266.456, 3168004.444 203274.39)	114	180	0	797	false	2099	None
LINESTRING (3168004.444 203274.39, 3168027.308 203282.488)	114	180	0	798	false	2099	None
LINESTRING (3168027.308 203282.488, 3168092.671 203313.027)	114	180	0	799	false	2099	None
LINESTRING (3168092.671 203313.027, 3168131.406 203325.419)	114	180	0	800	false	2099	None
LINESTRING (3168131.406 203325.419, 3168213.038 203350.401)	114	180	0	801	false	2099	None
LINESTRING (3168213.038 203350.401, 3168226.859 203356.158)	114	180	0	802	false	2099	None
LINESTRING (3168226.859 203356.158, 3168233.459 203359.451)	114	180	0	803	false	2099	None
LINESTRING (3168233.459 203359.451, 3168240.15 203363.019)	114	180	0	804	false	2099	None
LINESTRING (3168240.15 203363.019, 3168251.407 203370.038)	114	180	0	805	false	2099	None
LINESTRING (3168251.407 203370.038, 3168264.658 203377.002)	114	180	0	806	false	2099	None
LINESTRING (3168264.658 203377.002, 3168272.957 203382.508)	114	180	0	807	false	2099	None
LINESTRING (3168272.957 203382.508, 3168284.519 203392.03)	114	180	0	808	false	2099	None
LINESTRING (3168284.519 203392.03, 3168294.795 203403.074)	114	180	0	809	false	2099	None
LINESTRING (3168294.795 203403.074, 3168303.565 203415.198)	114	180	0	810	false	2099	None
LINESTRING (3168303.565 203415.198, 3168308.488 203423.794)	114	180	0	811	false	2099	None
LINESTRING (3168308.488 203423.794, 3168314.754 203438.038)	114	180	0	812	false	2099	None
LINESTRING (3168314.754 203438.038, 3168329.354 203461.733)	114	180	0	813	false	2099	None
LINESTRING (3168329.354 203461.733, 3168363.219 203523.934)	114	180	0	814	false	2099	None
LINESTRING (3168363.219 203523.934, 3168391.125 203589.526)	114	180	0	815	false	2099	None
LINESTRING (3168391.125 203589.526, 3168392.494 203594.35)	114	180	0	816	false	2099	None
LINESTRING (3168392.494 203594.35, 3168393.143 203599.251)	114	180	0	817	false	2099	None
LINESTRING (3168393.143 203599.251, 3168393.157 203604.261)	114	180	0	818	false	2099	None
LINESTRING (3168393.157 203604.261, 3168392.492 203609.243)	114	180	0	819	false	2099	None
LINESTRING (3168392.492 203609.243, 3168391.188 203614.095)	114	180	0	820	false	2099	None
LINESTRING (3168391.188 203614.095, 3168387.111 203622.511)	114	180	0	821	false	2099	None
LINESTRING (3168387.111 203622.511, 3168371.635 203646.727)	114	180	0	822	false	2099	None
LINESTRING (3168371.635 203646.727, 3168369.561 203651.279)	114	180	0	823	false	2099	None
LINESTRING (3168369.561 203651.279, 3168366.439 203660.782)	114	180	0	824	false	2099	None
LINESTRING (3168366.439 203660.782, 3168364.47 203670.617)	114	180	0	825	false	2099	None
LINESTRING (3168364.47 203670.617, 3168363.904 203680.643)	114	180	0	826	false	2099	None
LINESTRING (3168363.904 203680.643, 3168364.453 203689.079)	114	180	0	827	false	2099	None
LINESTRING (3168364.453 203689.079, 3168358.695 203736.871)	114	180	0	828	false	2099	None
LINESTRING (3168358.695 203736.871, 3168349.674 203793.516)	114	180	0	829	false	2099	None
LINESTRING (3168349.674 203793.516, 3168348.451 203819.608)	114	180	0	830	false	2099	None
LINESTRING (3168348.451 203819.608, 3168351.123 203823.869)	114	180	0	831	false	2099	None
LINESTRING (3168351.123 203823.869, 3168354.421 203827.541)	114	180	0	832	false	2099	None
LINESTRING (3168354.421 203827.541, 3168358.263 203830.829)	114	180	0	833	false	2099	None
LINESTRING (3168358.263 203830.829, 3168362.432 203833.531)	114	180	0	834	false	2099	None
LINESTRING (3168362.432 203833.531, 3168366.97 203835.542)	114	180	0	835	false	2099	None
LINESTRING (3168366.97 203835.542, 3168371.791 203836.83)	114	180	0	836	false	2099	None
LINESTRING (3168371.791 203836.83, 3168376.768 203837.464)	114	180	0	837	false	2099	None
LINESTRING (3168376.768 203837.464, 3168381.731 203837.378)	114	180	0	838	false	2099	None
LINESTRING (3168381.731 203837.378, 3168405.596 203831.809)	114	180	0	839	false	2099	None
LINESTRING (3168405.596 203831.809, 3168419.891 203827.267)	114	180	0	840	false	2099	None
LINESTRING (3168419.891 203827.267, 3168433.65 203821.324)	114	180	0	841	false	2099	None
LINESTRING (3168433.65 203821.324, 3168446.876 203814.219)	114	180	0	842	false	2099	None
LINESTRING (3168446.876 203814.219, 3168459.358 203805.99)	114	180	0	843	false	2099	None
LINESTRING (3168459.358 203805.99, 3168520.652 203757.617)	114	180	0	844	false	2099	None
LINESTRING (3168520.652 203757.617, 3168562.857 203733.121)	114	180	0	845	false	2099	None
LINESTRING (3168562.857 203733.121, 3168572.213 203729.866)	114	180	0	846	false	2099	None
LINESTRING (3168572.213 203729.866, 3168582.066 203728.116)	114	180	0	847	false	2099	None
LINESTRING (3168582.066 203728.116, 3168592.118 203727.874)	114	180	0	848	false	2099	None
LINESTRING (3168592.118 203727.874, 3168597.478 203728.539)	114	180	0	849	false	2099	None
LINESTRING (3168597.478 203728.539, 3168602.415 203729.276)	114	180	0	850	false	2099	None
LINESTRING (3168602.415 203729.276, 3168607.159 203731.011)	114	180	0	851	false	2099	None
LINESTRING (3168607.159 203731.011, 3168611.536 203733.436)	114	180	0	852	false	2099	None
LINESTRING (3168611.536 203733.436, 3168615.539 203736.311)	114	180	0	853	false	2099	None
LINESTRING (3168615.539 203736.311, 3168619.088 203739.842)	114	180	0	854	false	2099	None
LINESTRING (3168619.088 203739.842, 3168622.22 203743.687)	114	180	0	855	false	2099	None
LINESTRING (3168622.22 203743.687, 3168624.726 203748.122)	114	180	0	856	false	2099	None
LINESTRING (3168624.726 203748.122, 3168626.598 203752.666)	114	180	0	857	false	2099	None
LINESTRING (3168626.598 203752.666, 3168627.841 203757.56)	114	180	0	858	false	2099	None
LINESTRING (3168627.841 203757.56, 3168628.454 203762.804)	114	180	0	859	false	2099	None
LINESTRING (3168628.454 203762.804, 3168629.907 203767.662)	114	180	0	860	false	2099	None
LINESTRING (3168629.907 203767.662, 3168635.317 203781.571)	114	180	0	861	false	2099	None
LINESTRING (3168635.317 203781.571, 3168642.116 203794.952)	114	180	0	862	false	2099	None
LINESTRING (3168642.116 203794.952, 3168650.301 203807.563)	114	180	0	863	false	2099	None
LINESTRING (3168650.301 203807.563, 3168659.654 203819.201)	114	180	0	864	false	2099	None
LINESTRING (3168659.654 203819.201, 3168670.262 203829.899)	114	180	0	865	false	2099	None
LINESTRING (3168670.262 203829.899, 3168680.616 203838.473)	114	180	0	866	false	2099	None
LINESTRING (3168680.616 203838.473, 3168728.405 203862.509)	114	180	0	867	false	2099	None
LINESTRING (3168728.405 203862.509, 3168754.182 203878.539)	114	180	0	868	false	2099	None
LINESTRING (3168754.182 203878.539, 3168774.777 203892.188)	114	180	0	869	false	2099	None
LINESTRING (3168774.777 203892.188, 3168780.757 203892.023)	114	180	0	870	false	2099	None
LINESTRING (3168780.757 203892.023, 3168799.906 203886.161)	114	180	0	871	false	2099	None
LINESTRING (3168799.906 203886.161, 3168823.373 203877.578)	114	180	0	872	false	2099	None
LINESTRING (3168823.373 203877.578, 3168848.408 203866.748)	114	180	0	873	false	2099	None
LINESTRING (3168848.408 203866.748, 3168855.785 203859.98)	114	180	0	874	false	2099	None
LINESTRING (3168855.785 203859.98, 3168858.89 203856.07)	114	180	0	875	false	2099	None
LINESTRING (3168858.89 203856.07, 3168863.652 203847.922)	114	180	0	876	false	2099	None
LINESTRING (3168863.652 203847.922, 3168863.939 203847.439)	114	180	0	877	false	2099	None
LINESTRING (3168863.939 203847.439, 3168867.062 203837.935)	114	180	0	878	false	2099	None
LINESTRING (3168867.062 203837.935, 3168868.017 203830.445)	114	180	0	879	false	2099	None
LINESTRING (3168868.017 203830.445, 3168862.278 203797.7)	114	180	0	880	false	2099	None
LINESTRING (3168862.278 203797.7, 3168860.367 203763.233)	114	180	0	881	false	2099	None
LINESTRING (3168860.367 203763.233, 3168859.085 203758.442)	114	180	0	882	false	2099	None
LINESTRING (3168859.085 203758.442, 3168858.773 203753.436)	114	180	0	883	false	2099	None
LINESTRING (3168858.773 203753.436, 3168859.313 203748.523)	114	180	0	884	false	2099	None
LINESTRING (3168859.313 203748.523, 3168860.789 203743.738)	114	180	0	885	false	2099	None
LINESTRING (3168860.789 203743.738, 3168863.119 203739.287)	114	180	0	886	false	2099	None
LINESTRING (3168863.119 203739.287, 3168866.225 203735.377)	114	180	0	887	false	2099	None
LINESTRING (3168866.225 203735.377, 3168870.064 203732.111)	114	180	0	888	false	2099	None
LINESTRING (3168870.064 203732.111, 3168874.386 203729.63)	114	180	0	889	false	2099	None
LINESTRING (3168874.386 203729.63, 3168879.064 203728.003)	114	180	0	890	false	2099	None
LINESTRING (3168879.064 203728.003, 3168920.851 203720.979)	114	180	0	891	false	2099	None
LINESTRING (3168920.851 203720.979, 3168942.372 203719.143)	114	180	0	892	false	2099	None
LINESTRING (3168942.372 203719.143, 3168947.34 203719.297)	114	180	0	893	false	2099	None
LINESTRING (3168947.34 203719.297, 3168952.379 203718.764)	114	180	0	894	false	2099	None
LINESTRING (3168952.379 203718.764, 3168957.153 203717.65)	114	180	0	895	false	2099	None
LINESTRING (3168957.153 203717.65, 3168961.912 203715.817)	114	180	0	896	false	2099	None
LINESTRING (3168961.912 203715.817, 3168966.278 203713.472)	114	180	0	897	false	2099	None
LINESTRING (3168966.278 203713.472, 3168970.294 203710.513)	114	180	0	898	false	2099	None
LINESTRING (3168970.294 203710.513, 3168973.917 203707.044)	114	180	0	899	false	2099	None
LINESTRING (3168973.917 203707.044, 3168977.108 203703.168)	114	180	0	900	false	2099	None
LINESTRING (3168977.108 203703.168, 3168979.655 203698.921)	114	180	0	901	false	2099	None
LINESTRING (3168979.655 203698.921, 3168981.73 203694.37)	114	180	0	902	false	2099	None
LINESTRING (3168981.73 203694.37, 3168983.12 203689.551)	114	180	0	903	false	2099	None
LINESTRING (3168983.12 203689.551, 3168983.871 203684.602)	114	180	0	904	false	2099	None
LINESTRING (3168983.871 203684.602, 3168983.75 203676.333)	114	180	0	905	false	2099	None
LINESTRING (3168983.75 203676.333, 3168999.694 203637.048)	114	180	0	906	false	2099	None
LINESTRING (3168999.694 203637.048, 3169005.145 203625.119)	114	180	0	907	false	2099	None
LINESTRING (3169005.145 203625.119, 3169015.436 203602.57)	114	180	0	908	false	2099	None
LINESTRING (3169015.436 203602.57, 3169017.168 203597.885)	114	180	0	909	false	2099	None
LINESTRING (3169017.168 203597.885, 3169019.67 203593.501)	114	180	0	910	false	2099	None
LINESTRING (3169019.67 203593.501, 3169022.821 203589.728)	114	180	0	911	false	2099	None
LINESTRING (3169022.821 203589.728, 3169026.53 203586.292)	114	180	0	912	false	2099	None
LINESTRING (3169026.53 203586.292, 3169030.721 203583.641)	114	180	0	913	false	2099	None
LINESTRING (3169030.721 203583.641, 3169035.349 203581.637)	114	180	0	914	false	2099	None
LINESTRING (3169035.349 203581.637, 3169040.163 203580.42)	114	180	0	915	false	2099	None
LINESTRING (3169040.163 203580.42, 3169045.117 203579.854)	114	180	0	916	false	2099	None
LINESTRING (3169045.117 203579.854, 3169052.389 203580.67)	114	180	0	917	false	2099	None
LINESTRING (3169052.389 203580.67, 3169079.681 203593.838)	114	180	0	918	false	2099	None
LINESTRING (3169079.681 203593.838, 3169084.225 203606.933)	114	180	0	919	false	2099	None
LINESTRING (3169084.225 203606.933, 3169085.468 203611.828)	114	180	0	920	false	2099	None
LINESTRING (3169085.468 203611.828, 3169085.99 203616.798)	114	180	0	921	false	2099	None
LINESTRING (3169085.99 203616.798, 3169085.919 203621.774)	114	180	0	922	false	2099	None
LINESTRING (3169085.919 203621.774, 3169085.082 203626.69)	114	180	0	923	false	2099	None
LINESTRING (3169085.082 203626.69, 3169083.692 203631.508)	114	180	0	924	false	2099	None
LINESTRING (3169083.692 203631.508, 3169072.374 203657.946)	114	180	0	925	false	2099	None
LINESTRING (3169072.374 203657.946, 3169047.442 203695.505)	114	180	0	926	false	2099	None
LINESTRING (3169047.442 203695.505, 3169037.139 203723.887)	114	180	0	927	false	2099	None
LINESTRING (3169037.139 203723.887, 3169035.152 203730.737)	114	180	0	928	false	2099	None
LINESTRING (3169035.152 203730.737, 3169035.589 203735.673)	114	180	0	929	false	2099	None
LINESTRING (3169035.589 203735.673, 3169037.145 203739.26)	114	180	0	930	false	2099	None
LINESTRING (3169037.145 203739.26, 3169037.42 203740.321)	114	180	0	931	false	2099	None
LINESTRING (3169037.42 203740.321, 3169040.511 203744.27)	114	180	0	932	false	2099	None
LINESTRING (3169040.511 203744.27, 3169044.555 203747.041)	114	180	0	933	false	2099	None
LINESTRING (3169044.555 203747.041, 3169049.34 203748.673)	114	180	0	934	false	2099	None
LINESTRING (3169049.34 203748.673, 3169054.263 203748.691)	114	180	0	935	false	2099	None
LINESTRING (3169054.263 203748.691, 3169059.117 203747.37)	114	180	0	936	false	2099	None
LINESTRING (3169059.117 203747.37, 3169063.308 203744.719)	114	180	0	937	false	2099	None
LINESTRING (3169063.308 203744.719, 3169096.675 203741.078)	114	180	0	938	false	2099	None
LINESTRING (3169096.675 203741.078, 3169106.723 203740.596)	114	180	0	939	false	2099	None
LINESTRING (3169106.723 203740.596, 3169116.628 203741.488)	114	180	0	940	false	2099	None
LINESTRING (3169116.628 203741.488, 3169126.345 203743.618)	114	180	0	941	false	2099	None
LINESTRING (3169126.345 203743.618, 3169131.949 203745.928)	114	180	0	942	false	2099	None
LINESTRING (3169131.949 203745.928, 3169141.429 203748.917)	114	180	0	943	false	2099	None
LINESTRING (3169141.429 203748.917, 3169151.267 203750.737)	114	180	0	944	false	2099	None
LINESTRING (3169151.267 203750.737, 3169161.248 203751.182)	114	180	0	945	false	2099	None
LINESTRING (3169161.248 203751.182, 3169171.251 203750.564)	114	180	0	946	false	2099	None
LINESTRING (3169171.251 203750.564, 3169181.059 203748.678)	114	180	0	947	false	2099	None
LINESTRING (3169181.059 203748.678, 3169190.546 203745.594)	114	180	0	948	false	2099	None
LINESTRING (3169190.546 203745.594, 3169199.627 203741.279)	114	180	0	949	false	2099	None
LINESTRING (3169199.627 203741.279, 3169208.057 203738.378)	114	180	0	950	false	2099	None
LINESTRING (3169208.057 203738.378, 3169212.554 203736.203)	114	180	0	951	false	2099	None
LINESTRING (3169212.554 203736.203, 3169220.761 203730.594)	114	180	0	952	false	2099	None
LINESTRING (3169220.761 203730.594, 3169224.47 203727.158)	114	180	0	953	false	2099	None
LINESTRING (3169224.47 203727.158, 3169230.898 203719.542)	114	180	0	954	false	2099	None
LINESTRING (3169230.898 203719.542, 3169235.861 203710.877)	114	180	0	955	false	2099	None
LINESTRING (3169235.861 203710.877, 3169237.679 203706.226)	114	180	0	956	false	2099	None
LINESTRING (3169237.679 203706.226, 3169239.992 203696.525)	114	180	0	957	false	2099	None
LINESTRING (3169239.992 203696.525, 3169243.969 203659.355)	114	180	0	958	false	2099	None
LINESTRING (3169243.969 203659.355, 3169243.074 203650.546)	114	180	0	959	false	2099	None
LINESTRING (3169243.074 203650.546, 3169243.146 203645.569)	114	180	0	960	false	2099	None
LINESTRING (3169243.146 203645.569, 3169244.648 203635.671)	114	180	0	961	false	2099	None
LINESTRING (3169244.648 203635.671, 3169247.941 203626.235)	114	180	0	962	false	2099	None
LINESTRING (3169247.941 203626.235, 3169252.734 203617.503)	114	180	0	963	false	2099	None
LINESTRING (3169252.734 203617.503, 3169258.596 203611.335)	114	180	0	964	false	2099	None
LINESTRING (3169258.596 203611.335, 3169264.204 203603.041)	114	180	0	965	false	2099	None
LINESTRING (3169264.204 203603.041, 3169268.096 203593.838)	114	180	0	966	false	2099	None
LINESTRING (3169268.096 203593.838, 3169270.409 203584.138)	114	180	0	967	false	2099	None
LINESTRING (3169270.409 203584.138, 3169270.849 203574.182)	114	180	0	968	false	2099	None
LINESTRING (3169270.849 203574.182, 3169270.326 203569.212)	114	180	0	969	false	2099	None
LINESTRING (3169270.326 203569.212, 3169270.189 203525.667)	114	180	0	970	false	2099	None
LINESTRING (3169270.189 203525.667, 3169269.125 203519.056)	114	180	0	971	false	2099	None
LINESTRING (3169269.125 203519.056, 3169269.282 203514.113)	114	180	0	972	false	2099	None
LINESTRING (3169269.282 203514.113, 3169270.118 203509.197)	114	180	0	973	false	2099	None
LINESTRING (3169270.118 203509.197, 3169271.765 203504.479)	114	180	0	974	false	2099	None
LINESTRING (3169271.765 203504.479, 3169274.182 203500.061)	114	180	0	975	false	2099	None
LINESTRING (3169274.182 203500.061, 3169277.202 203496.118)	114	180	0	976	false	2099	None
LINESTRING (3169277.202 203496.118, 3169280.825 203492.649)	114	180	0	977	false	2099	None
LINESTRING (3169280.825 203492.649, 3169281.621 203492.126)	114	180	0	978	false	2099	None
LINESTRING (3169281.621 203492.126, 3169284.886 203489.828)	114	180	0	979	false	2099	None
LINESTRING (3169284.886 203489.828, 3169289.384 203487.653)	114	180	0	980	false	2099	None
LINESTRING (3169289.384 203487.653, 3169294.193 203486.197)	114	180	0	981	false	2099	None
LINESTRING (3169294.193 203486.197, 3169342.561 203474.955)	114	180	0	982	false	2099	None
LINESTRING (3169342.561 203474.955, 3169347.51 203474.149)	114	180	0	983	false	2099	None
LINESTRING (3169347.51 203474.149, 3169357.468 203473.394)	114	180	0	984	false	2099	None
LINESTRING (3169357.468 203473.394, 3169367.414 203474.183)	114	180	0	985	false	2099	None
LINESTRING (3169367.414 203474.183, 3169377.212 203476.106)	114	180	0	986	false	2099	None
LINESTRING (3169377.212 203476.106, 3169381.911 203477.704)	114	180	0	987	false	2099	None
LINESTRING (3169381.911 203477.704, 3169391.113 203481.658)	114	180	0	988	false	2099	None
LINESTRING (3169391.113 203481.658, 3169399.659 203486.786)	114	180	0	989	false	2099	None
LINESTRING (3169399.659 203486.786, 3169407.464 203493.053)	114	180	0	990	false	2099	None
LINESTRING (3169407.464 203493.053, 3169410.731 203497.309)	114	180	0	991	false	2099	None
LINESTRING (3169410.731 203497.309, 3169419.737 203504.284)	114	180	0	992	false	2099	None
LINESTRING (3169419.737 203504.284, 3169420.94 203504.992)	114	180	0	993	false	2099	None
LINESTRING (3169420.94 203504.992, 3169424.033 203506.916)	114	180	0	994	false	2099	None
LINESTRING (3169424.033 203506.916, 3169428.531 203509.032)	114	180	0	995	false	2099	None
LINESTRING (3169428.531 203509.032, 3169438.091 203511.815)	114	180	0	996	false	2099	None
LINESTRING (3169438.091 203511.815, 3169448.077 203512.501)	114	180	0	997	false	2099	None
LINESTRING (3169448.077 203512.501, 3169453.076 203512.072)	114	180	0	998	false	2099	None
LINESTRING (3169453.076 203512.072, 3169457.679 203510.892)	114	180	0	999	false	2099	None
LINESTRING (3169457.679 203510.892, 3169462.493 203509.675)	114	180	0	1000	false	2099	None
LINESTRING (3169462.493 203509.675, 3169466.598 203506.991)	114	180	0	1001	false	2099	None
LINESTRING (3169466.598 203506.991, 3169470.108 203506.337)	114	180	0	1002	false	2099	None
LINESTRING (3169470.108 203506.337, 3169471.502 203506.048)	114	180	0	1003	false	2099	None
LINESTRING (3169471.502 203506.048, 3169476.323 203507.336)	114	180	0	1004	false	2099	None
LINESTRING (3169476.323 203507.336, 3169481.034 203511.68)	114	180	0	1005	false	2099	None
LINESTRING (3169481.034 203511.68, 3169486.012 203512.315)	114	180	0	1006	false	2099	None
LINESTRING (3169486.012 203512.315, 3169491.021 203512.366)	114	180	0	1007	false	2099	None
LINESTRING (3169491.021 203512.366, 3169500.883 203511.097)	114	180	0	1008	false	2099	None
LINESTRING (3169500.883 203511.097, 3169505.692 203509.64)	114	180	0	1009	false	2099	None
LINESTRING (3169505.692 203509.64, 3169513.681 203505.852)	114	180	0	1010	false	2099	None
LINESTRING (3169513.681 203505.852, 3169517.003 203502.146)	114	180	0	1011	false	2099	None
LINESTRING (3169517.003 203502.146, 3169520.757 203498.847)	114	180	0	1012	false	2099	None
LINESTRING (3169520.757 203498.847, 3169524.858 203495.922)	114	180	0	1013	false	2099	None
LINESTRING (3169524.858 203495.922, 3169529.266 203493.475)	114	180	0	1014	false	2099	None
LINESTRING (3169529.266 203493.475, 3169533.854 203491.574)	114	180	0	1015	false	2099	None
LINESTRING (3169533.854 203491.574, 3169538.622 203490.221)	114	180	0	1016	false	2099	None
LINESTRING (3169538.622 203490.221, 3169543.572 203489.415)	114	180	0	1017	false	2099	None
LINESTRING (3169543.572 203489.415, 3169548.616 203489.123)	114	180	0	1018	false	2099	None
LINESTRING (3169548.616 203489.123, 3169558.486 203490.359)	114	180	0	1019	false	2099	None
LINESTRING (3169558.486 203490.359, 3169607.019 203504.682)	114	180	0	1020	false	2099	None
LINESTRING (3169607.019 203504.682, 3169610.264 203505.712)	114	180	0	1021	false	2099	None
LINESTRING (3169610.264 203505.712, 3169636.55 203521.706)	114	180	0	1022	false	2099	None
LINESTRING (3169636.55 203521.706, 3169672.593 203533.172)	114	180	0	1023	false	2099	None
LINESTRING (3169672.593 203533.172, 3169703.188 203533.097)	114	180	0	1024	false	2099	None
LINESTRING (3169703.188 203533.097, 3169707.888 203534.696)	114	180	0	1025	false	2099	None
LINESTRING (3169707.888 203534.696, 3169717.049 203538.753)	114	180	0	1026	false	2099	None
LINESTRING (3169717.049 203538.753, 3169725.636 203543.778)	114	180	0	1027	false	2099	None
LINESTRING (3169725.636 203543.778, 3169733.606 203549.872)	114	180	0	1028	false	2099	None
LINESTRING (3169733.606 203549.872, 3169740.746 203556.833)	114	180	0	1029	false	2099	None
LINESTRING (3169740.746 203556.833, 3169750.918 203569.15)	114	180	0	1030	false	2099	None
LINESTRING (3169750.918 203569.15, 3169761.4 203579.92)	114	180	0	1031	false	2099	None
LINESTRING (3169761.4 203579.92, 3169772.96 203589.443)	114	180	0	1032	false	2099	None
LINESTRING (3169772.96 203589.443, 3169785.388 203597.757)	114	180	0	1033	false	2099	None
LINESTRING (3169785.388 203597.757, 3169799.111 203605.027)	114	180	0	1034	false	2099	None
LINESTRING (3169799.111 203605.027, 3169804.039 203605.285)	114	180	0	1035	false	2099	None
LINESTRING (3169804.039 203605.285, 3169813.837 203607.209)	114	180	0	1036	false	2099	None
LINESTRING (3169813.837 203607.209, 3169818.541 203609.048)	114	180	0	1037	false	2099	None
LINESTRING (3169818.541 203609.048, 3169827.127 203614.072)	114	180	0	1038	false	2099	None
LINESTRING (3169827.127 203614.072, 3169831.009 203617.258)	114	180	0	1039	false	2099	None
LINESTRING (3169831.009 203617.258, 3169834.433 203620.86)	114	180	0	1040	false	2099	None
LINESTRING (3169834.433 203620.86, 3169838.136 203625.763)	114	180	0	1041	false	2099	None
LINESTRING (3169838.136 203625.763, 3169845.068 203633.001)	114	180	0	1042	false	2099	None
LINESTRING (3169845.068 203633.001, 3169856.13 203643.044)	114	180	0	1043	false	2099	None
LINESTRING (3169856.13 203643.044, 3169864.474 203648.689)	114	180	0	1044	false	2099	None
LINESTRING (3169864.474 203648.689, 3169873.347 203653.23)	114	180	0	1045	false	2099	None
LINESTRING (3169873.347 203653.23, 3169882.67 203656.875)	114	180	0	1046	false	2099	None
LINESTRING (3169882.67 203656.875, 3169892.271 203659.555)	114	180	0	1047	false	2099	None
LINESTRING (3169892.271 203659.555, 3169902.105 203661.135)	114	180	0	1048	false	2099	None
LINESTRING (3169902.105 203661.135, 3169912.086 203661.582)	114	180	0	1049	false	2099	None
LINESTRING (3169912.086 203661.582, 3169925.14 203660.727)	114	180	0	1050	false	2099	None
LINESTRING (3169925.14 203660.727, 3169949.518 203642.255)	114	180	0	1051	false	2099	None
LINESTRING (3169949.518 203642.255, 3169952.493 203638.175)	114	180	0	1052	false	2099	None
LINESTRING (3169952.493 203638.175, 3169955.815 203634.469)	114	180	0	1053	false	2099	None
LINESTRING (3169955.815 203634.469, 3169963.54 203628.076)	114	180	0	1054	false	2099	None
LINESTRING (3169963.54 203628.076, 3169972.315 203623.285)	114	180	0	1055	false	2099	None
LINESTRING (3169972.315 203623.285, 3169980.962 203620.588)	114	180	0	1056	false	2099	None
LINESTRING (3169980.962 203620.588, 3169981.848 203620.338)	114	180	0	1057	false	2099	None
LINESTRING (3169981.848 203620.338, 3169986.797 203619.533)	114	180	0	1058	false	2099	None
LINESTRING (3169986.797 203619.533, 3169991.716 203619.31)	114	180	0	1059	false	2099	None
LINESTRING (3169991.716 203619.31, 3170001.661 203620.1)	114	180	0	1060	false	2099	None
LINESTRING (3170001.661 203620.1, 3170011.308 203622.918)	114	180	0	1061	false	2099	None
LINESTRING (3170011.308 203622.918, 3170020.699 203627.9)	114	180	0	1062	false	2099	None
LINESTRING (3170020.699 203627.9, 3170030.417 203630.031)	114	180	0	1063	false	2099	None
LINESTRING (3170030.417 203630.031, 3170035.035 203631.836)	114	180	0	1064	false	2099	None
LINESTRING (3170035.035 203631.836, 3170043.707 203636.895)	114	180	0	1065	false	2099	None
LINESTRING (3170043.707 203636.895, 3170047.463 203640.15)	114	180	0	1066	false	2099	None
LINESTRING (3170047.463 203640.15, 3170053.977 203647.701)	114	180	0	1067	false	2099	None
LINESTRING (3170053.977 203647.701, 3170057.713 203654.286)	114	180	0	1068	false	2099	None
LINESTRING (3170057.713 203654.286, 3170061.096 203657.991)	114	180	0	1069	false	2099	None
LINESTRING (3170061.096 203657.991, 3170068.734 203664.433)	114	180	0	1070	false	2099	None
LINESTRING (3170068.734 203664.433, 3170077.32 203669.457)	114	180	0	1071	false	2099	None
LINESTRING (3170077.32 203669.457, 3170086.296 203672.728)	114	180	0	1072	false	2099	None
LINESTRING (3170086.296 203672.728, 3170103.19 203683.741)	114	180	0	1073	false	2099	None
LINESTRING (3170103.19 203683.741, 3170127.341 203692.587)	114	180	0	1074	false	2099	None
LINESTRING (3170127.341 203692.587, 3170135.486 203692.435)	114	180	0	1075	false	2099	None
LINESTRING (3170135.486 203692.435, 3170140.119 203690.671)	114	180	0	1076	false	2099	None
LINESTRING (3170140.119 203690.671, 3170144.18 203687.85)	114	180	0	1077	false	2099	None
LINESTRING (3170144.18 203687.85, 3170147.457 203684.007)	114	180	0	1078	false	2099	None
LINESTRING (3170147.457 203684.007, 3170149.618 203679.49)	114	180	0	1079	false	2099	None
LINESTRING (3170149.618 203679.49, 3170150.54 203674.608)	114	180	0	1080	false	2099	None
LINESTRING (3170150.54 203674.608, 3170150.189 203669.704)	114	180	0	1081	false	2099	None
LINESTRING (3170150.189 203669.704, 3170148.695 203664.95)	114	180	0	1082	false	2099	None
LINESTRING (3170148.695 203664.95, 3170147.668 203657.995)	114	180	0	1083	false	2099	None
LINESTRING (3170147.668 203657.995, 3170148.122 203653.049)	114	180	0	1084	false	2099	None
LINESTRING (3170148.122 203653.049, 3170149.427 203648.197)	114	180	0	1085	false	2099	None
LINESTRING (3170149.427 203648.197, 3170151.633 203643.816)	114	180	0	1086	false	2099	None
LINESTRING (3170151.633 203643.816, 3170154.608 203639.737)	114	180	0	1087	false	2099	None
LINESTRING (3170154.608 203639.737, 3170159.195 203631.282)	114	180	0	1088	false	2099	None
LINESTRING (3170159.195 203631.282, 3170159.65 203626.336)	114	180	0	1089	false	2099	None
LINESTRING (3170159.65 203626.336, 3170158.705 203621.439)	114	180	0	1090	false	2099	None
LINESTRING (3170158.705 203621.439, 3170156.37 203617.071)	114	180	0	1091	false	2099	None
LINESTRING (3170156.37 203617.071, 3170152.987 203613.365)	114	180	0	1092	false	2099	None
LINESTRING (3170152.987 203613.365, 3170153.34 203605.4)	114	180	0	1093	false	2099	None
LINESTRING (3170153.34 203605.4, 3170154.091 203600.451)	114	180	0	1094	false	2099	None
LINESTRING (3170154.091 203600.451, 3170157.044 203590.881)	114	180	0	1095	false	2099	None
LINESTRING (3170157.044 203590.881, 3170159.204 203586.364)	114	180	0	1096	false	2099	None
LINESTRING (3170159.204 203586.364, 3170164.556 203577.971)	114	180	0	1097	false	2099	None
LINESTRING (3170164.556 203577.971, 3170171.372 203570.626)	114	180	0	1098	false	2099	None
LINESTRING (3170171.372 203570.626, 3170179.403 203564.71)	114	180	0	1099	false	2099	None
LINESTRING (3170179.403 203564.71, 3170188.4 203560.363)	114	180	0	1100	false	2099	None
LINESTRING (3170188.4 203560.363, 3170246.803 203541.371)	114	180	0	1101	false	2099	None
LINESTRING (3170246.803 203541.371, 3170253.52 203539.827)	114	180	0	1102	false	2099	None
LINESTRING (3170253.52 203539.827, 3170267.727 203535.014)	114	180	0	1103	false	2099	None
LINESTRING (3170267.727 203535.014, 3170281.221 203528.494)	114	180	0	1104	false	2099	None
LINESTRING (3170281.221 203528.494, 3170289.69 203523.225)	114	180	0	1105	false	2099	None
LINESTRING (3170289.69 203523.225, 3170301.608 203514.181)	114	180	0	1106	false	2099	None
LINESTRING (3170301.608 203514.181, 3170308.855 203507.244)	114	180	0	1107	false	2099	None
LINESTRING (3170308.855 203507.244, 3170318.561 203495.786)	114	180	0	1108	false	2099	None
LINESTRING (3170318.561 203495.786, 3170329.985 203478.924)	114	180	0	1109	false	2099	None
LINESTRING (3170329.985 203478.924, 3170330.52 203478.06)	114	180	0	1110	false	2099	None
LINESTRING (3170330.52 203478.06, 3170337.282 203465.809)	114	180	0	1111	false	2099	None
LINESTRING (3170337.282 203465.809, 3170343.507 203452.157)	114	180	0	1112	false	2099	None
LINESTRING (3170343.507 203452.157, 3170348.534 203438.036)	114	180	0	1113	false	2099	None
LINESTRING (3170348.534 203438.036, 3170352.364 203423.448)	114	180	0	1114	false	2099	None
LINESTRING (3170352.364 203423.448, 3170354.961 203408.734)	114	180	0	1115	false	2099	None
LINESTRING (3170354.961 203408.734, 3170357.4 203383.831)	114	180	0	1116	false	2099	None
LINESTRING (3170357.4 203383.831, 3170359.457 203374.03)	114	180	0	1117	false	2099	None
LINESTRING (3170359.457 203374.03, 3170364.57 203359.943)	114	180	0	1118	false	2099	None
LINESTRING (3170364.57 203359.943, 3170369.192 203351.145)	114	180	0	1119	false	2099	None
LINESTRING (3170369.192 203351.145, 3170371.983 203341.989)	114	180	0	1120	false	2099	None
LINESTRING (3170371.983 203341.989, 3170373.973 203337.405)	114	180	0	1121	false	2099	None
LINESTRING (3170373.973 203337.405, 3170378.852 203328.707)	114	180	0	1122	false	2099	None
LINESTRING (3170378.852 203328.707, 3170384.934 203320.718)	114	180	0	1123	false	2099	None
LINESTRING (3170384.934 203320.718, 3170392.096 203313.748)	114	180	0	1124	false	2099	None
LINESTRING (3170392.096 203313.748, 3170400.214 203307.866)	114	180	0	1125	false	2099	None
LINESTRING (3170400.214 203307.866, 3170409.034 203303.211)	114	180	0	1126	false	2099	None
LINESTRING (3170409.034 203303.211, 3170424.803 203297.937)	114	180	0	1127	false	2099	None
LINESTRING (3170424.803 203297.937, 3170429.391 203296.037)	114	180	0	1128	false	2099	None
LINESTRING (3170429.391 203296.037, 3170438.343 203291.553)	114	180	0	1129	false	2099	None
LINESTRING (3170438.343 203291.553, 3170446.636 203285.978)	114	180	0	1130	false	2099	None
LINESTRING (3170446.636 203285.978, 3170454.146 203279.382)	114	180	0	1131	false	2099	None
LINESTRING (3170454.146 203279.382, 3170460.831 203271.867)	114	180	0	1132	false	2099	None
LINESTRING (3170460.831 203271.867, 3170467.822 203264.829)	114	180	0	1133	false	2099	None
LINESTRING (3170467.822 203264.829, 3170475.593 203258.573)	114	180	0	1134	false	2099	None
LINESTRING (3170475.593 203258.573, 3170488.425 203250.721)	114	180	0	1135	false	2099	None
LINESTRING (3170488.425 203250.721, 3170502.146 203244.885)	114	180	0	1136	false	2099	None
LINESTRING (3170502.146 203244.885, 3170511.769 203242.213)	114	180	0	1137	false	2099	None
LINESTRING (3170511.769 203242.213, 3170571.349 203233.335)	114	180	0	1138	false	2099	None
LINESTRING (3170571.349 203233.335, 3170640.029 203203.706)	114	180	0	1139	false	2099	None
LINESTRING (3170640.029 203203.706, 3170654.774 203196.006)	114	180	0	1140	false	2099	None
LINESTRING (3170654.774 203196.006, 3170677.617 203185.753)	114	180	0	1141	false	2099	None
LINESTRING (3170677.617 203185.753, 3170701.088 203177.176)	114	180	0	1142	false	2099	None
LINESTRING (3170701.088 203177.176, 3170720.2 203171.422)	114	180	0	1143	false	2099	None
LINESTRING (3170720.2 203171.422, 3170729.159 203169.443)	114	180	0	1144	false	2099	None
LINESTRING (3170729.159 203169.443, 3170735.152 203167.735)	114	180	0	1145	false	2099	None
LINESTRING (3170735.152 203167.735, 3170745.07 203167.085)	114	180	0	1146	false	2099	None
LINESTRING (3170745.07 203167.085, 3170754.94 203168.323)	114	180	0	1147	false	2099	None
LINESTRING (3170754.94 203168.323, 3170765.003 203168.563)	114	180	0	1148	false	2099	None
LINESTRING (3170765.003 203168.563, 3170804.911 203167.127)	114	180	0	1149	false	2099	None
LINESTRING (3170804.911 203167.127, 3170834.874 203167.166)	114	180	0	1150	false	2099	None
LINESTRING (3170834.874 203167.166, 3170844.825 203168.197)	114	180	0	1151	false	2099	None
LINESTRING (3170844.825 203168.197, 3170854.705 203169.915)	114	180	0	1152	false	2099	None
LINESTRING (3170854.705 203169.915, 3170874.491 203172.528)	114	180	0	1153	false	2099	None
LINESTRING (3170874.491 203172.528, 3170884.016 203175.656)	114	180	0	1154	false	2099	None
LINESTRING (3170884.016 203175.656, 3170910.805 203189.11)	114	180	0	1155	false	2099	None
LINESTRING (3170910.805 203189.11, 3170918.277 203195.725)	114	180	0	1156	false	2099	None
LINESTRING (3170918.277 203195.725, 3170924.247 203203.66)	114	180	0	1157	false	2099	None
LINESTRING (3170924.247 203203.66, 3170927.446 203213.133)	114	180	0	1158	false	2099	None
LINESTRING (3170927.446 203213.133, 3170927.684 203223.116)	114	180	0	1159	false	2099	None
LINESTRING (3170927.684 203223.116, 3170925.924 203232.914)	114	180	0	1160	false	2099	None
LINESTRING (3170925.924 203232.914, 3170922.277 203252.579)	114	180	0	1161	false	2099	None
LINESTRING (3170922.277 203252.579, 3170921.156 203262.507)	114	180	0	1162	false	2099	None
LINESTRING (3170921.156 203262.507, 3170918.729 203292.421)	114	180	0	1163	false	2099	None
LINESTRING (3170918.729 203292.421, 3170917.958 203322.385)	114	180	0	1164	false	2099	None
LINESTRING (3170917.958 203322.385, 3170921.198 203331.755)	114	180	0	1165	false	2099	None
LINESTRING (3170921.198 203331.755, 3170926.709 203340.106)	114	180	0	1166	false	2099	None
LINESTRING (3170926.709 203340.106, 3170933.515 203347.415)	114	180	0	1167	false	2099	None
LINESTRING (3170933.515 203347.415, 3170941.566 203353.304)	114	180	0	1168	false	2099	None
LINESTRING (3170941.566 203353.304, 3170951.127 203356.089)	114	180	0	1169	false	2099	None
LINESTRING (3170951.127 203356.089, 3170961.131 203355.472)	114	180	0	1170	false	2099	None
LINESTRING (3170961.131 203355.472, 3170970.949 203354.069)	114	180	0	1171	false	2099	None
LINESTRING (3170970.949 203354.069, 3170980.86 203355.203)	114	180	0	1172	false	2099	None
LINESTRING (3170980.86 203355.203, 3170990.878 203355.308)	114	180	0	1173	false	2099	None
LINESTRING (3170990.878 203355.308, 3171000.746 203354.281)	114	180	0	1174	false	2099	None
LINESTRING (3171000.746 203354.281, 3171020.817 203354.146)	114	180	0	1175	false	2099	None
LINESTRING (3171020.817 203354.146, 3171030.683 203355.144)	114	180	0	1176	false	2099	None
LINESTRING (3171030.683 203355.144, 3171040.562 203356.862)	114	180	0	1177	false	2099	None
LINESTRING (3171040.562 203356.862, 3171080.174 203361.985)	114	180	0	1178	false	2099	None
LINESTRING (3171080.174 203361.985, 3171080.727 203362.082)	114	180	0	1179	false	2099	None
LINESTRING (3171080.727 203362.082, 3171089.816 203364.563)	114	180	0	1180	false	2099	None
LINESTRING (3171089.816 203364.563, 3171099.139 203368.209)	114	180	0	1181	false	2099	None
LINESTRING (3171099.139 203368.209, 3171107.972 203372.855)	114	180	0	1182	false	2099	None
LINESTRING (3171107.972 203372.855, 3171115.277 203379.644)	114	180	0	1183	false	2099	None
LINESTRING (3171115.277 203379.644, 3171121.333 203387.612)	114	180	0	1184	false	2099	None
LINESTRING (3171121.333 203387.612, 3171125.962 203396.453)	114	180	0	1185	false	2099	None
LINESTRING (3171125.962 203396.453, 3171129.075 203405.892)	114	180	0	1186	false	2099	None
LINESTRING (3171129.075 203405.892, 3171130.627 203415.794)	114	180	0	1187	false	2099	None
LINESTRING (3171130.627 203415.794, 3171130.482 203425.746)	114	180	0	1188	false	2099	None
LINESTRING (3171130.482 203425.746, 3171134.103 203435.146)	114	180	0	1189	false	2099	None
LINESTRING (3171134.103 203435.146, 3171145.341 203462.896)	114	180	0	1190	false	2099	None
LINESTRING (3171145.341 203462.896, 3171150.096 203471.667)	114	180	0	1191	false	2099	None
LINESTRING (3171150.096 203471.667, 3171155.44 203480.192)	114	180	0	1192	false	2099	None
LINESTRING (3171155.44 203480.192, 3171159.102 203489.488)	114	180	0	1193	false	2099	None
LINESTRING (3171159.102 203489.488, 3171159.677 203499.365)	114	180	0	1194	false	2099	None
LINESTRING (3171159.677 203499.365, 3171157.534 203509.132)	114	180	0	1195	false	2099	None
LINESTRING (3171157.534 203509.132, 3171156.201 203519.097)	114	180	0	1196	false	2099	None
LINESTRING (3171156.201 203519.097, 3171154.341 203538.984)	114	180	0	1197	false	2099	None
LINESTRING (3171154.341 203538.984, 3171156.23 203548.779)	114	180	0	1198	false	2099	None
LINESTRING (3171156.23 203548.779, 3171157.147 203558.79)	114	180	0	1199	false	2099	None
LINESTRING (3171157.147 203558.79, 3171157.511 203568.703)	114	180	0	1200	false	2099	None
LINESTRING (3171157.511 203568.703, 3171158.725 203578.711)	114	180	0	1201	false	2099	None
LINESTRING (3171158.725 203578.711, 3171162.639 203587.868)	114	180	0	1202	false	2099	None
LINESTRING (3171162.639 203587.868, 3171165.077 203597.52)	114	180	0	1203	false	2099	None
LINESTRING (3171165.077 203597.52, 3171166.417 203607.458)	114	180	0	1204	false	2099	None
LINESTRING (3171166.417 203607.458, 3171168.432 203617.183)	114	180	0	1205	false	2099	None
LINESTRING (3171168.432 203617.183, 3171171.63 203626.655)	114	180	0	1206	false	2099	None
LINESTRING (3171171.63 203626.655, 3171172.885 203636.56)	114	180	0	1207	false	2099	None
LINESTRING (3171172.885 203636.56, 3171173.122 203646.543)	114	180	0	1208	false	2099	None
LINESTRING (3171173.122 203646.543, 3171176.235 203655.982)	114	180	0	1209	false	2099	None
LINESTRING (3171176.235 203655.982, 3171182.748 203663.534)	114	180	0	1210	false	2099	None
LINESTRING (3171182.748 203663.534, 3171187.251 203672.445)	114	180	0	1211	false	2099	None
LINESTRING (3171187.251 203672.445, 3171190.022 203681.75)	114	180	0	1212	false	2099	None
LINESTRING (3171190.022 203681.75, 3171190.072 203682.127)	114	180	0	1213	false	2099	None
LINESTRING (3171190.072 203682.127, 3171187.541 203691.624)	114	180	0	1214	false	2099	None
LINESTRING (3171187.541 203691.624, 3171184.502 203701.16)	114	180	0	1215	false	2099	None
LINESTRING (3171184.502 203701.16, 3171180.779 203710.428)	114	180	0	1216	false	2099	None
LINESTRING (3171180.779 203710.428, 3171176.326 203719.293)	114	180	0	1217	false	2099	None
LINESTRING (3171176.326 203719.293, 3171172.86 203728.661)	114	180	0	1218	false	2099	None
LINESTRING (3171172.86 203728.661, 3171170.334 203738.398)	114	180	0	1219	false	2099	None
LINESTRING (3171170.334 203738.398, 3171167.411 203758.227)	114	180	0	1220	false	2099	None
LINESTRING (3171167.411 203758.227, 3171166.501 203768.119)	114	180	0	1221	false	2099	None
LINESTRING (3171166.501 203768.119, 3171164.911 203777.984)	114	180	0	1222	false	2099	None
LINESTRING (3171164.911 203777.984, 3171162.768 203787.751)	114	180	0	1223	false	2099	None
LINESTRING (3171162.768 203787.751, 3171161.732 203797.713)	114	180	0	1224	false	2099	None
LINESTRING (3171161.732 203797.713, 3171161.672 203807.699)	114	180	0	1225	false	2099	None
LINESTRING (3171161.672 203807.699, 3171162.504 203817.676)	114	180	0	1226	false	2099	None
LINESTRING (3171162.504 203817.676, 3171164.055 203827.578)	114	180	0	1227	false	2099	None
LINESTRING (3171164.055 203827.578, 3171164.886 203831.001)	114	180	0	1228	false	2099	None
LINESTRING (3171164.886 203831.001, 3171166.155 203837.336)	114	180	0	1229	false	2099	None
LINESTRING (3171166.155 203837.336, 3171169.102 203846.949)	114	180	0	1230	false	2099	None
LINESTRING (3171169.102 203846.949, 3171172.678 203856.212)	114	180	0	1231	false	2099	None
LINESTRING (3171172.678 203856.212, 3171177.266 203865.156)	114	180	0	1232	false	2099	None
LINESTRING (3171177.266 203865.156, 3171182.816 203873.404)	114	180	0	1233	false	2099	None
LINESTRING (3171182.816 203873.404, 3171191.192 203891.574)	114	180	0	1234	false	2099	None
LINESTRING (3171191.192 203891.574, 3171208.532 203927.67)	114	180	0	1235	false	2099	None
LINESTRING (3171208.532 203927.67, 3171213.271 203940.009)	114	180	0	1236	false	2099	None
LINESTRING (3171213.271 203940.009, 3171215.709 203949.661)	114	180	0	1237	false	2099	None
LINESTRING (3171215.709 203949.661, 3171217.26 203959.563)	114	180	0	1238	false	2099	None
LINESTRING (3171217.26 203959.563, 3171217.709 203969.509)	114	180	0	1239	false	2099	None
LINESTRING (3171217.709 203969.509, 3171218.421 203999.459)	114	180	0	1240	false	2099	None
LINESTRING (3171218.421 203999.459, 3171214.048 204018.96)	114	180	0	1241	false	2099	None
LINESTRING (3171214.048 204018.96, 3171211.009 204028.496)	114	180	0	1242	false	2099	None
LINESTRING (3171211.009 204028.496, 3171200.739 204056.772)	114	180	0	1243	false	2099	None
LINESTRING (3171200.739 204056.772, 3171195.944 204065.503)	114	180	0	1244	false	2099	None
LINESTRING (3171195.944 204065.503, 3171173.29 204098.469)	114	180	0	1245	false	2099	None
LINESTRING (3171173.29 204098.469, 3171167.077 204106.287)	114	180	0	1246	false	2099	None
LINESTRING (3171167.077 204106.287, 3171160.391 204113.801)	114	180	0	1247	false	2099	None
LINESTRING (3171160.391 204113.801, 3171155.853 204122.631)	114	180	0	1248	false	2099	None
LINESTRING (3171155.853 204122.631, 3171152.044 204131.866)	114	180	0	1249	false	2099	None
LINESTRING (3171152.044 204131.866, 3171148.919 204141.369)	114	180	0	1250	false	2099	None
LINESTRING (3171148.919 204141.369, 3171147.244 204151.2)	114	180	0	1251	false	2099	None
LINESTRING (3171147.244 204151.2, 3171146.887 204161.189)	114	180	0	1252	false	2099	None
LINESTRING (3171146.887 204161.189, 3171149.536 204170.805)	114	180	0	1253	false	2099	None
LINESTRING (3171149.536 204170.805, 3171153.187 204190.464)	114	180	0	1254	false	2099	None
LINESTRING (3171153.187 204190.464, 3171156.258 204200.007)	114	180	0	1255	false	2099	None
LINESTRING (3171156.258 204200.007, 3171160.509 204209.058)	114	180	0	1256	false	2099	None
LINESTRING (3171160.509 204209.058, 3171163.495 204218.567)	114	180	0	1257	false	2099	None
LINESTRING (3171163.495 204218.567, 3171165.932 204228.219)	114	180	0	1258	false	2099	None
LINESTRING (3171165.932 204228.219, 3171170.183 204237.269)	114	180	0	1259	false	2099	None
LINESTRING (3171170.183 204237.269, 3171172.327 204240.61)	114	180	0	1260	false	2099	None
LINESTRING (3171172.327 204240.61, 3171175.526 204245.794)	114	180	0	1261	false	2099	None
LINESTRING (3171175.526 204245.794, 3171185.297 204259.386)	114	180	0	1262	false	2099	None
LINESTRING (3171185.297 204259.386, 3171196.02 204265.249)	114	180	0	1263	false	2099	None
LINESTRING (3171196.02 204265.249, 3171225.888 204267.039)	114	180	0	1264	false	2099	None
LINESTRING (3171225.888 204267.039, 3171235.286 204263.684)	114	180	0	1265	false	2099	None
LINESTRING (3171235.286 204263.684, 3171244.503 204259.782)	114	180	0	1266	false	2099	None
LINESTRING (3171244.503 204259.782, 3171253.41 204255.162)	114	180	0	1267	false	2099	None
LINESTRING (3171253.41 204255.162, 3171263.218 204253.278)	114	180	0	1268	false	2099	None
LINESTRING (3171263.218 204253.278, 3171273.159 204253.83)	114	180	0	1269	false	2099	None
LINESTRING (3171273.159 204253.83, 3171282.957 204255.755)	114	180	0	1270	false	2099	None
LINESTRING (3171282.957 204255.755, 3171291.414 204258.586)	114	180	0	1271	false	2099	None
LINESTRING (3171291.414 204258.586, 3171287.081 204271.43)	114	180	0	1272	false	2099	None
LINESTRING (3171287.081 204271.43, 3171281.262 204288.577)	114	180	0	1273	false	2099	None
LINESTRING (3171281.262 204288.577, 3171272.337 204309.634)	114	180	0	1274	false	2099	None
LINESTRING (3171272.337 204309.634, 3171266.937 204322.179)	114	180	0	1275	false	2099	None
LINESTRING (3171266.937 204322.179, 3171137.681 204625.184)	114	180	0	1276	false	2099	None
LINESTRING (3171137.681 204625.184, 3170749.75 205534.378)	114	180	0	1277	false	2099	N:3170793.3344976087 205432.229
LINESTRING (3170749.75 205534.378, 3171137.681 204625.184)	114	1076	0	2105	false	2191	N:3170793.3344976087 205432.229
LINESTRING (3171137.681 204625.184, 3171266.937 204322.179)	114	1076	0	2106	false	2191	None
LINESTRING (3171266.937 204322.179, 3171272.337 204309.634)	114	1076	0	2107	false	2191	None
LINESTRING (3171272.337 204309.634, 3171281.262 204288.577)	114	1076	0	2108	false	2191	None
LINESTRING (3171281.262 204288.577, 3171287.081 204271.43)	114	1076	0	2109	false	2191	None
LINESTRING (3171287.081 204271.43, 3171291.414 204258.586)	114	1076	0	2110	false	2191	None
LINESTRING (3171291.414 204258.586, 3171292.461 204255.659)	114	1076	0	2111	false	2191	None
LINESTRING (3171292.461 204255.659, 3171293.462 204252.595)	114	1076	0	2112	false	2191	None
LINESTRING (3171293.462 204252.595, 3171295.257 204246.743)	114	1076	0	2113	false	2191	None
LINESTRING (3171295.257 204246.743, 3171296.092 204243.852)	114	1076	0	2114	false	2191	None
LINESTRING (3171296.092 204243.852, 3171297.089 204240.548)	114	1076	0	2115	false	2191	None
LINESTRING (3171297.089 204240.548, 3171372.363 204063.717)	114	1076	0	2116	false	2191	None
LINESTRING (3171372.363 204063.717, 3171410.343 203974.424)	114	1076	0	2117	false	2191	None
LINESTRING (3171410.343 203974.424, 3171474.576 203823.304)	114	1076	0	2118	false	2191	None
LINESTRING (3171474.576 203823.304, 3171602.116 203523.683)	114	1076	0	2119	false	2191	None
LINESTRING (3171602.116 203523.683, 3171654.336 203400.755)	114	1076	0	2120	false	2191	None
LINESTRING (3171654.336 203400.755, 3171702.473 203418.628)	114	1076	0	2121	false	2191	None
LINESTRING (3171702.473 203418.628, 3171825.772 203462.684)	114	1076	0	2122	false	2191	None
LINESTRING (3171825.772 203462.684, 3172195.581 203594.827)	114	1076	0	2123	false	2191	None
LINESTRING (3172195.581 203594.827, 3172318.752 203638.96)	114	1076	0	2124	false	2191	E:3172204.385 203597.98153257664
LINESTRING (3172357.965 202793.214, 3172147.964 202711.071)	114	1076	0	2132	false	2191	E:3172204.385 202733.14037206478
LINESTRING (3172147.964 202711.071, 3172065.502 202678.817)	114	1076	0	2133	false	2191	None
LINESTRING (3172065.502 202678.817, 3171915.976 202620.335)	114	1076	0	2134	false	2191	None
LINESTRING (3171915.976 202620.335, 3171963.114 202502.331)	114	1076	0	2135	false	2191	None
LINESTRING (3171963.114 202502.331, 3172002.725 202403.071)	114	1076	0	2136	false	2191	None
LINESTRING (3172002.725 202403.071, 3172007.459 202391.219)	114	1076	0	2137	false	2191	None
LINESTRING (3172007.459 202391.219, 3172049.378 202286.308)	114	1076	0	2138	false	2191	None
LINESTRING (3172049.378 202286.308, 3172189.216 201936.331)	114	1076	0	2139	false	2191	None
LINESTRING (3172189.216 201936.331, 3172235.788 201819.775)	114	1076	0	2140	false	2191	E:3172204.385 201898.36746044908
LINESTRING (3172235.788 201819.775, 3172189.216 201936.331)	114	1595	0	46	false	1963	E:3172204.385 201898.36746044908
LINESTRING (3172189.216 201936.331, 3172049.378 202286.308)	114	1595	0	47	false	1963	None
LINESTRING (3172049.378 202286.308, 3172007.459 202391.219)	114	1595	0	48	false	1963	None
LINESTRING (3172007.459 202391.219, 3172002.725 202403.071)	114	1595	0	49	false	1963	None
LINESTRING (3172002.725 202403.071, 3171963.114 202502.331)	114	1595	0	50	false	1963	None
LINESTRING (3171963.114 202502.331, 3171915.976 202620.335)	114	1595	0	51	false	1963	None
LINESTRING (3171915.976 202620.335, 3172065.502 202678.817)	114	1595	0	52	false	1963	None
LINESTRING (3172065.502 202678.817, 3172147.964 202711.071)	114	1595	0	53	false	1963	None
LINESTRING (3172147.964 202711.071, 3172357.965 202793.214)	114	1595	0	54	false	1963	E:3172204.385 202733.14037206478
LINESTRING (3172318.752 203638.96, 3172195.581 203594.827)	114	1595	0	62	false	1963	E:3172204.385 203597.98153257664
LINESTRING (3172195.581 203594.827, 3171825.772 203462.684)	114	1595	0	63	false	1963	None
LINESTRING (3171825.772 203462.684, 3171702.473 203418.628)	114	1595	0	64	false	1963	None
LINESTRING (3171702.473 203418.628, 3171654.336 203400.755)	114	1595	0	65	false	1963	None
LINESTRING (3171654.336 203400.755, 3171602.116 203523.683)	114	1595	0	66	false	1963	None
LINESTRING (3171602.116 203523.683, 3171474.576 203823.304)	114	1595	0	67	false	1963	None
LINESTRING (3171474.576 203823.304, 3171410.343 203974.424)	114	1595	0	68	false	1963	None
LINESTRING (3171410.343 203974.424, 3171372.363 204063.717)	114	1595	0	69	false	1963	None
LINESTRING (3171372.363 204063.717, 3171297.089 204240.548)	114	1595	0	70	false	1963	None
LINESTRING (3171297.089 204240.548, 3171296.092 204243.852)	114	1595	0	71	false	1963	None
LINESTRING (3171296.092 204243.852, 3171295.257 204246.743)	114	1595	0	72	false	1963	None
LINESTRING (3171295.257 204246.743, 3171293.462 204252.595)	114	1595	0	73	false	1963	None
LINESTRING (3171293.462 204252.595, 3171292.461 204255.659)	114	1595	0	74	false	1963	None
LINESTRING (3171292.461 204255.659, 3171291.414 204258.586)	114	1595	0	75	false	1963	None
LINESTRING (3171291.414 204258.586, 3171282.957 204255.755)	114	1595	0	76	false	1963	None
LINESTRING (3171282.957 204255.755, 3171273.159 204253.83)	114	1595	0	77	false	1963	None
LINESTRING (3171273.159 204253.83, 3171263.218 204253.278)	114	1595	0	78	false	1963	None
LINESTRING (3171263.218 204253.278, 3171253.41 204255.162)	114	1595	0	79	false	1963	None
LINESTRING (3171253.41 204255.162, 3171244.503 204259.782)	114	1595	0	80	false	1963	None
LINESTRING (3171244.503 204259.782, 3171235.286 204263.684)	114	1595	0	81	false	1963	None
LINESTRING (3171235.286 204263.684, 3171225.888 204267.039)	114	1595	0	82	false	1963	None
LINESTRING (3171225.888 204267.039, 3171196.02 204265.249)	114	1595	0	83	false	1963	None
LINESTRING (3171196.02 204265.249, 3171185.297 204259.386)	114	1595	0	84	false	1963	None
LINESTRING (3171185.297 204259.386, 3171175.526 204245.794)	114	1595	0	85	false	1963	None
LINESTRING (3171175.526 204245.794, 3171172.327 204240.61)	114	1595	0	86	false	1963	None
LINESTRING (3171172.327 204240.61, 3171170.183 204237.269)	114	1595	0	87	false	1963	None
LINESTRING (3171170.183 204237.269, 3171165.932 204228.219)	114	1595	0	88	false	1963	None
LINESTRING (3171165.932 204228.219, 3171163.495 204218.567)	114	1595	0	89	false	1963	None
LINESTRING (3171163.495 204218.567, 3171160.509 204209.058)	114	1595	0	90	false	1963	None
LINESTRING (3171160.509 204209.058, 3171156.258 204200.007)	114	1595	0	91	false	1963	None
LINESTRING (3171156.258 204200.007, 3171153.187 204190.464)	114	1595	0	92	false	1963	None
LINESTRING (3171153.187 204190.464, 3171149.536 204170.805)	114	1595	0	93	false	1963	None
LINESTRING (3171149.536 204170.805, 3171146.887 204161.189)	114	1595	0	94	false	1963	None
LINESTRING (3171146.887 204161.189, 3171147.244 204151.2)	114	1595	0	95	false	1963	None
LINESTRING (3171147.244 204151.2, 3171148.919 204141.369)	114	1595	0	96	false	1963	None
LINESTRING (3171148.919 204141.369, 3171152.044 204131.866)	114	1595	0	97	false	1963	None
LINESTRING (3171152.044 204131.866, 3171155.853 204122.631)	114	1595	0	98	false	1963	None
LINESTRING (3171155.853 204122.631, 3171160.391 204113.801)	114	1595	0	99	false	1963	None
LINESTRING (3171160.391 204113.801, 3171167.077 204106.287)	114	1595	0	100	false	1963	None
LINESTRING (3171167.077 204106.287, 3171173.29 204098.469)	114	1595	0	101	false	1963	None
LINESTRING (3171173.29 204098.469, 3171195.944 204065.503)	114	1595	0	102	false	1963	None
LINESTRING (3171195.944 204065.503, 3171200.739 204056.772)	114	1595	0	103	false	1963	None
LINESTRING (3171200.739 204056.772, 3171211.009 204028.496)	114	1595	0	104	false	1963	None
LINESTRING (3171211.009 204028.496, 3171214.048 204018.96)	114	1595	0	105	false	1963	None
LINESTRING (3171214.048 204018.96, 3171218.421 203999.459)	114	1595	0	106	false	1963	None
LINESTRING (3171218.421 203999.459, 3171217.709 203969.509)	114	1595	0	107	false	1963	None
LINESTRING (3171217.709 203969.509, 3171217.26 203959.563)	114	1595	0	108	false	1963	None
LINESTRING (3171217.26 203959.563, 3171215.709 203949.661)	114	1595	0	109	false	1963	None
LINESTRING (3171215.709 203949.661, 3171213.271 203940.009)	114	1595	0	110	false	1963	None
LINESTRING (3171213.271 203940.009, 3171208.532 203927.67)	114	1595	0	111	false	1963	None
LINESTRING (3171208.532 203927.67, 3171191.192 203891.574)	114	1595	0	112	false	1963	None
LINESTRING (3171191.192 203891.574, 3171182.816 203873.404)	114	1595	0	113	false	1963	None
LINESTRING (3171182.816 203873.404, 3171177.266 203865.156)	114	1595	0	114	false	1963	None
LINESTRING (3171177.266 203865.156, 3171172.678 203856.212)	114	1595	0	115	false	1963	None
LINESTRING (3171172.678 203856.212, 3171169.102 203846.949)	114	1595	0	116	false	1963	None
LINESTRING (3171169.102 203846.949, 3171166.155 203837.336)	114	1595	0	117	false	1963	None
LINESTRING (3171166.155 203837.336, 3171164.886 203831.001)	114	1595	0	118	false	1963	None
LINESTRING (3171164.886 203831.001, 3171164.055 203827.578)	114	1595	0	119	false	1963	None
LINESTRING (3171164.055 203827.578, 3171162.504 203817.676)	114	1595	0	120	false	1963	None
LINESTRING (3171162.504 203817.676, 3171161.672 203807.699)	114	1595	0	121	false	1963	None
LINESTRING (3171161.672 203807.699, 3171161.732 203797.713)	114	1595	0	122	false	1963	None
LINESTRING (3171161.732 203797.713, 3171162.768 203787.751)	114	1595	0	123	false	1963	None
LINESTRING (3171162.768 203787.751, 3171164.911 203777.984)	114	1595	0	124	false	1963	None
LINESTRING (3171164.911 203777.984, 3171166.501 203768.119)	114	1595	0	125	false	1963	None
LINESTRING (3171166.501 203768.119, 3171167.411 203758.227)	114	1595	0	126	false	1963	None
LINESTRING (3171167.411 203758.227, 3171170.334 203738.398)	114	1595	0	127	false	1963	None
LINESTRING (3171170.334 203738.398, 3171172.86 203728.661)	114	1595	0	128	false	1963	None
LINESTRING (3171172.86 203728.661, 3171176.326 203719.293)	114	1595	0	129	false	1963	None
LINESTRING (3171176.326 203719.293, 3171180.779 203710.428)	114	1595	0	130	false	1963	None
LINESTRING (3171180.779 203710.428, 3171184.502 203701.16)	114	1595	0	131	false	1963	None
LINESTRING (3171184.502 203701.16, 3171187.541 203691.624)	114	1595	0	132	false	1963	None
LINESTRING (3171187.541 203691.624, 3171190.072 203682.127)	114	1595	0	133	false	1963	None
LINESTRING (3171190.072 203682.127, 3171190.022 203681.75)	114	1595	0	134	false	1963	None
LINESTRING (3171190.022 203681.75, 3171187.251 203672.445)	114	1595	0	135	false	1963	None
LINESTRING (3171187.251 203672.445, 3171182.748 203663.534)	114	1595	0	136	false	1963	None
LINESTRING (3171182.748 203663.534, 3171176.235 203655.982)	114	1595	0	137	false	1963	None
LINESTRING (3171176.235 203655.982, 3171173.122 203646.543)	114	1595	0	138	false	1963	None
LINESTRING (3171173.122 203646.543, 3171172.885 203636.56)	114	1595	0	139	false	1963	None
LINESTRING (3171172.885 203636.56, 3171171.63 203626.655)	114	1595	0	140	false	1963	None
LINESTRING (3171171.63 203626.655, 3171168.432 203617.183)	114	1595	0	141	false	1963	None
LINESTRING (3171168.432 203617.183, 3171166.417 203607.458)	114	1595	0	142	false	1963	None
LINESTRING (3171166.417 203607.458, 3171165.077 203597.52)	114	1595	0	143	false	1963	None
LINESTRING (3171165.077 203597.52, 3171162.639 203587.868)	114	1595	0	144	false	1963	None
LINESTRING (3171162.639 203587.868, 3171158.725 203578.711)	114	1595	0	145	false	1963	None
LINESTRING (3171158.725 203578.711, 3171157.511 203568.703)	114	1595	0	146	false	1963	None
LINESTRING (3171157.511 203568.703, 3171157.147 203558.79)	114	1595	0	147	false	1963	None
LINESTRING (3171157.147 203558.79, 3171156.23 203548.779)	114	1595	0	148	false	1963	None
LINESTRING (3171156.23 203548.779, 3171154.341 203538.984)	114	1595	0	149	false	1963	None
LINESTRING (3171154.341 203538.984, 3171156.201 203519.097)	114	1595	0	150	false	1963	None
LINESTRING (3171156.201 203519.097, 3171157.534 203509.132)	114	1595	0	151	false	1963	None
LINESTRING (3171157.534 203509.132, 3171159.677 203499.365)	114	1595	0	152	false	1963	None
LINESTRING (3171159.677 203499.365, 3171159.102 203489.488)	114	1595	0	153	false	1963	None
LINESTRING (3171159.102 203489.488, 3171155.44 203480.192)	114	1595	0	154	false	1963	None
LINESTRING (3171155.44 203480.192, 3171150.096 203471.667)	114	1595	0	155	false	1963	None
LINESTRING (3171150.096 203471.667, 3171145.341 203462.896)	114	1595	0	156	false	1963	None
LINESTRING (3171145.341 203462.896, 3171134.103 203435.146)	114	1595	0	157	false	1963	None
LINESTRING (3171134.103 203435.146, 3171130.482 203425.746)	114	1595	0	158	false	1963	None
LINESTRING (3171130.482 203425.746, 3171130.627 203415.794)	114	1595	0	159	false	1963	None
LINESTRING (3171130.627 203415.794, 3171129.075 203405.892)	114	1595	0	160	false	1963	None
LINESTRING (3171129.075 203405.892, 3171125.962 203396.453)	114	1595	0	161	false	1963	None
LINESTRING (3171125.962 203396.453, 3171121.333 203387.612)	114	1595	0	162	false	1963	None
LINESTRING (3171121.333 203387.612, 3171115.277 203379.644)	114	1595	0	163	false	1963	None
LINESTRING (3171115.277 203379.644, 3171107.972 203372.855)	114	1595	0	164	false	1963	None
LINESTRING (3171107.972 203372.855, 3171099.139 203368.209)	114	1595	0	165	false	1963	None
LINESTRING (3171099.139 203368.209, 3171089.816 203364.563)	114	1595	0	166	false	1963	None
LINESTRING (3171089.816 203364.563, 3171080.727 203362.082)	114	1595	0	167	false	1963	None
LINESTRING (3171080.727 203362.082, 3171080.174 203361.985)	114	1595	0	168	false	1963	None
LINESTRING (3171080.174 203361.985, 3171040.562 203356.862)	114	1595	0	169	false	1963	None
LINESTRING (3171040.562 203356.862, 3171030.683 203355.144)	114	1595	0	170	false	1963	None
LINESTRING (3171030.683 203355.144, 3171020.817 203354.146)	114	1595	0	171	false	1963	None
LINESTRING (3171020.817 203354.146, 3171000.746 203354.281)	114	1595	0	172	false	1963	None
LINESTRING (3171000.746 203354.281, 3170990.878 203355.308)	114	1595	0	173	false	1963	None
LINESTRING (3170990.878 203355.308, 3170980.86 203355.203)	114	1595	0	174	false	1963	None
LINESTRING (3170980.86 203355.203, 3170970.949 203354.069)	114	1595	0	175	false	1963	None
LINESTRING (3170970.949 203354.069, 3170961.131 203355.472)	114	1595	0	176	false	1963	None
LINESTRING (3170961.131 203355.472, 3170951.127 203356.089)	114	1595	0	177	false	1963	None
LINESTRING (3170951.127 203356.089, 3170941.566 203353.304)	114	1595	0	178	false	1963	None
LINESTRING (3170941.566 203353.304, 3170933.515 203347.415)	114	1595	0	179	false	1963	None
LINESTRING (3170933.515 203347.415, 3170926.709 203340.106)	114	1595	0	180	false	1963	None
LINESTRING (3170926.709 203340.106, 3170921.198 203331.755)	114	1595	0	181	false	1963	None
LINESTRING (3170921.198 203331.755, 3170917.958 203322.385)	114	1595	0	182	false	1963	None
LINESTRING (3170917.958 203322.385, 3170918.729 203292.421)	114	1595	0	183	false	1963	None
LINESTRING (3170918.729 203292.421, 3170921.156 203262.507)	114	1595	0	184	false	1963	None
LINESTRING (3170921.156 203262.507, 3170922.277 203252.579)	114	1595	0	185	false	1963	None
LINESTRING (3170922.277 203252.579, 3170925.924 203232.914)	114	1595	0	186	false	1963	None
LINESTRING (3170925.924 203232.914, 3170927.684 203223.116)	114	1595	0	187	false	1963	None
LINESTRING (3170927.684 203223.116, 3170927.446 203213.133)	114	1595	0	188	false	1963	None
LINESTRING (3170927.446 203213.133, 3170924.247 203203.66)	114	1595	0	189	false	1963	None
LINESTRING (3170924.247 203203.66, 3170918.277 203195.725)	114	1595	0	190	false	1963	None
LINESTRING (3170918.277 203195.725, 3170910.805 203189.11)	114	1595	0	191	false	1963	None
LINESTRING (3170910.805 203189.11, 3170884.016 203175.656)	114	1595	0	192	false	1963	None
LINESTRING (3170884.016 203175.656, 3170874.491 203172.528)	114	1595	0	193	false	1963	None
LINESTRING (3170874.491 203172.528, 3170854.705 203169.915)	114	1595	0	194	false	1963	None
LINESTRING (3170854.705 203169.915, 3170844.825 203168.197)	114	1595	0	195	false	1963	None
LINESTRING (3170844.825 203168.197, 3170834.874 203167.166)	114	1595	0	196	false	1963	None
LINESTRING (3170834.874 203167.166, 3170804.911 203167.127)	114	1595	0	197	false	1963	None
LINESTRING (3170804.911 203167.127, 3170765.003 203168.563)	114	1595	0	198	false	1963	None
LINESTRING (3170765.003 203168.563, 3170754.94 203168.323)	114	1595	0	199	false	1963	None
LINESTRING (3170754.94 203168.323, 3170745.07 203167.085)	114	1595	0	200	false	1963	None
LINESTRING (3170745.07 203167.085, 3170735.152 203167.735)	114	1595	0	201	false	1963	None
LINESTRING (3170735.152 203167.735, 3170729.159 203169.443)	114	1595	0	202	false	1963	None
LINESTRING (3170729.159 203169.443, 3170720.2 203171.422)	114	1595	0	203	false	1963	None
LINESTRING (3170720.2 203171.422, 3170701.088 203177.176)	114	1595	0	204	false	1963	None
LINESTRING (3170701.088 203177.176, 3170677.617 203185.753)	114	1595	0	205	false	1963	None
LINESTRING (3170677.617 203185.753, 3170654.774 203196.006)	114	1595	0	206	false	1963	None
LINESTRING (3170654.774 203196.006, 3170640.029 203203.706)	114	1595	0	207	false	1963	None
LINESTRING (3170640.029 203203.706, 3170571.349 203233.335)	114	1595	0	208	false	1963	None
LINESTRING (3170571.349 203233.335, 3170511.769 203242.213)	114	1595	0	209	false	1963	None
LINESTRING (3170511.769 203242.213, 3170502.146 203244.885)	114	1595	0	210	false	1963	None
LINESTRING (3170502.146 203244.885, 3170488.425 203250.721)	114	1595	0	211	false	1963	None
LINESTRING (3170488.425 203250.721, 3170475.593 203258.573)	114	1595	0	212	false	1963	None
LINESTRING (3170475.593 203258.573, 3170467.822 203264.829)	114	1595	0	213	false	1963	None
LINESTRING (3170467.822 203264.829, 3170460.831 203271.867)	114	1595	0	214	false	1963	None
LINESTRING (3170460.831 203271.867, 3170454.146 203279.382)	114	1595	0	215	false	1963	None
LINESTRING (3170454.146 203279.382, 3170446.636 203285.978)	114	1595	0	216	false	1963	None
LINESTRING (3170446.636 203285.978, 3170438.343 203291.553)	114	1595	0	217	false	1963	None
LINESTRING (3170438.343 203291.553, 3170429.391 203296.037)	114	1595	0	218	false	1963	None
LINESTRING (3170429.391 203296.037, 3170424.803 203297.937)	114	1595	0	219	false	1963	None
LINESTRING (3170424.803 203297.937, 3170409.034 203303.211)	114	1595	0	220	false	1963	None
LINESTRING (3170409.034 203303.211, 3170400.214 203307.866)	114	1595	0	221	false	1963	None
LINESTRING (3170400.214 203307.866, 3170392.096 203313.748)	114	1595	0	222	false	1963	None
LINESTRING (3170392.096 203313.748, 3170384.934 203320.718)	114	1595	0	223	false	1963	None
LINESTRING (3170384.934 203320.718, 3170378.852 203328.707)	114	1595	0	224	false	1963	None
LINESTRING (3170378.852 203328.707, 3170373.973 203337.405)	114	1595	0	225	false	1963	None
LINESTRING (3170373.973 203337.405, 3170371.983 203341.989)	114	1595	0	226	false	1963	None
LINESTRING (3170371.983 203341.989, 3170369.192 203351.145)	114	1595	0	227	false	1963	None
LINESTRING (3170369.192 203351.145, 3170364.57 203359.943)	114	1595	0	228	false	1963	None
LINESTRING (3170364.57 203359.943, 3170359.457 203374.03)	114	1595	0	229	false	1963	None
LINESTRING (3170359.457 203374.03, 3170357.4 203383.831)	114	1595	0	230	false	1963	None
LINESTRING (3170357.4 203383.831, 3170354.961 203408.734)	114	1595	0	231	false	1963	None
LINESTRING (3170354.961 203408.734, 3170352.364 203423.448)	114	1595	0	232	false	1963	None
LINESTRING (3170352.364 203423.448, 3170348.534 203438.036)	114	1595	0	233	false	1963	None
LINESTRING (3170348.534 203438.036, 3170343.507 203452.157)	114	1595	0	234	false	1963	None
LINESTRING (3170343.507 203452.157, 3170337.282 203465.809)	114	1595	0	235	false	1963	None
LINESTRING (3170337.282 203465.809, 3170330.52 203478.06)	114	1595	0	236	false	1963	None
LINESTRING (3170330.52 203478.06, 3170329.985 203478.924)	114	1595	0	237	false	1963	None
LINESTRING (3170329.985 203478.924, 3170318.561 203495.786)	114	1595	0	238	false	1963	None
LINESTRING (3170318.561 203495.786, 3170308.855 203507.244)	114	1595	0	239	false	1963	None
LINESTRING (3170308.855 203507.244, 3170301.608 203514.181)	114	1595	0	240	false	1963	None
LINESTRING (3170301.608 203514.181, 3170289.69 203523.225)	114	1595	0	241	false	1963	None
LINESTRING (3170289.69 203523.225, 3170281.221 203528.494)	114	1595	0	242	false	1963	None
LINESTRING (3170281.221 203528.494, 3170267.727 203535.014)	114	1595	0	243	false	1963	None
LINESTRING (3170267.727 203535.014, 3170253.52 203539.827)	114	1595	0	244	false	1963	None
LINESTRING (3170253.52 203539.827, 3170246.803 203541.371)	114	1595	0	245	false	1963	None
LINESTRING (3170246.803 203541.371, 3170188.4 203560.363)	114	1595	0	246	false	1963	None
LINESTRING (3170188.4 203560.363, 3170179.403 203564.71)	114	1595	0	247	false	1963	None
LINESTRING (3170179.403 203564.71, 3170171.372 203570.626)	114	1595	0	248	false	1963	None
LINESTRING (3170171.372 203570.626, 3170164.556 203577.971)	114	1595	0	249	false	1963	None
LINESTRING (3170164.556 203577.971, 3170159.204 203586.364)	114	1595	0	250	false	1963	None
LINESTRING (3170159.204 203586.364, 3170157.044 203590.881)	114	1595	0	251	false	1963	None
LINESTRING (3170157.044 203590.881, 3170154.091 203600.451)	114	1595	0	252	false	1963	None
LINESTRING (3170154.091 203600.451, 3170153.34 203605.4)	114	1595	0	253	false	1963	None
LINESTRING (3170153.34 203605.4, 3170152.987 203613.365)	114	1595	0	254	false	1963	None
LINESTRING (3170152.987 203613.365, 3170156.37 203617.071)	114	1595	0	255	false	1963	None
LINESTRING (3170156.37 203617.071, 3170158.705 203621.439)	114	1595	0	256	false	1963	None
LINESTRING (3170158.705 203621.439, 3170159.65 203626.336)	114	1595	0	257	false	1963	None
LINESTRING (3170159.65 203626.336, 3170159.195 203631.282)	114	1595	0	258	false	1963	None
LINESTRING (3170159.195 203631.282, 3170154.608 203639.737)	114	1595	0	259	false	1963	None
LINESTRING (3170154.608 203639.737, 3170151.633 203643.816)	114	1595	0	260	false	1963	None
LINESTRING (3170151.633 203643.816, 3170149.427 203648.197)	114	1595	0	261	false	1963	None
LINESTRING (3170149.427 203648.197, 3170148.122 203653.049)	114	1595	0	262	false	1963	None
LINESTRING (3170148.122 203653.049, 3170147.668 203657.995)	114	1595	0	263	false	1963	None
LINESTRING (3170147.668 203657.995, 3170148.695 203664.95)	114	1595	0	264	false	1963	None
LINESTRING (3170148.695 203664.95, 3170150.189 203669.704)	114	1595	0	265	false	1963	None
LINESTRING (3170150.189 203669.704, 3170150.54 203674.608)	114	1595	0	266	false	1963	None
LINESTRING (3170150.54 203674.608, 3170149.618 203679.49)	114	1595	0	267	false	1963	None
LINESTRING (3170149.618 203679.49, 3170147.457 203684.007)	114	1595	0	268	false	1963	None
LINESTRING (3170147.457 203684.007, 3170144.18 203687.85)	114	1595	0	269	false	1963	None
LINESTRING (3170144.18 203687.85, 3170140.119 203690.671)	114	1595	0	270	false	1963	None
LINESTRING (3170140.119 203690.671, 3170135.486 203692.435)	114	1595	0	271	false	1963	None
LINESTRING (3170135.486 203692.435, 3170127.341 203692.587)	114	1595	0	272	false	1963	None
LINESTRING (3170127.341 203692.587, 3170103.19 203683.741)	114	1595	0	273	false	1963	None
LINESTRING (3170103.19 203683.741, 3170086.296 203672.728)	114	1595	0	274	false	1963	None
LINESTRING (3170086.296 203672.728, 3170077.32 203669.457)	114	1595	0	275	false	1963	None
LINESTRING (3170077.32 203669.457, 3170068.734 203664.433)	114	1595	0	276	false	1963	None
LINESTRING (3170068.734 203664.433, 3170061.096 203657.991)	114	1595	0	277	false	1963	None
LINESTRING (3170061.096 203657.991, 3170057.713 203654.286)	114	1595	0	278	false	1963	None
LINESTRING (3170057.713 203654.286, 3170053.977 203647.701)	114	1595	0	279	false	1963	None
LINESTRING (3170053.977 203647.701, 3170047.463 203640.15)	114	1595	0	280	false	1963	None
LINESTRING (3170047.463 203640.15, 3170043.707 203636.895)	114	1595	0	281	false	1963	None
LINESTRING (3170043.707 203636.895, 3170035.035 203631.836)	114	1595	0	282	false	1963	None
LINESTRING (3170035.035 203631.836, 3170030.417 203630.031)	114	1595	0	283	false	1963	None
LINESTRING (3170030.417 203630.031, 3170020.699 203627.9)	114	1595	0	284	false	1963	None
LINESTRING (3170020.699 203627.9, 3170011.308 203622.918)	114	1595	0	285	false	1963	None
LINESTRING (3170011.308 203622.918, 3170001.661 203620.1)	114	1595	0	286	false	1963	None
LINESTRING (3170001.661 203620.1, 3169991.716 203619.31)	114	1595	0	287	false	1963	None
LINESTRING (3169991.716 203619.31, 3169986.797 203619.533)	114	1595	0	288	false	1963	None
LINESTRING (3169986.797 203619.533, 3169981.848 203620.338)	114	1595	0	289	false	1963	None
LINESTRING (3169981.848 203620.338, 3169980.962 203620.588)	114	1595	0	290	false	1963	None
LINESTRING (3169980.962 203620.588, 3169972.315 203623.285)	114	1595	0	291	false	1963	None
LINESTRING (3169972.315 203623.285, 3169963.54 203628.076)	114	1595	0	292	false	1963	None
LINESTRING (3169963.54 203628.076, 3169955.815 203634.469)	114	1595	0	293	false	1963	None
LINESTRING (3169955.815 203634.469, 3169952.493 203638.175)	114	1595	0	294	false	1963	None
LINESTRING (3169952.493 203638.175, 3169949.518 203642.255)	114	1595	0	295	false	1963	None
LINESTRING (3169949.518 203642.255, 3169925.14 203660.727)	114	1595	0	296	false	1963	None
LINESTRING (3169925.14 203660.727, 3169912.086 203661.582)	114	1595	0	297	false	1963	None
LINESTRING (3169912.086 203661.582, 3169902.105 203661.135)	114	1595	0	298	false	1963	None
LINESTRING (3169902.105 203661.135, 3169892.271 203659.555)	114	1595	0	299	false	1963	None
LINESTRING (3169892.271 203659.555, 3169882.67 203656.875)	114	1595	0	300	false	1963	None
LINESTRING (3169882.67 203656.875, 3169873.347 203653.23)	114	1595	0	301	false	1963	None
LINESTRING (3169873.347 203653.23, 3169864.474 203648.689)	114	1595	0	302	false	1963	None
LINESTRING (3169864.474 203648.689, 3169856.13 203643.044)	114	1595	0	303	false	1963	None
LINESTRING (3169856.13 203643.044, 3169845.068 203633.001)	114	1595	0	304	false	1963	None
LINESTRING (3169845.068 203633.001, 3169838.136 203625.763)	114	1595	0	305	false	1963	None
LINESTRING (3169838.136 203625.763, 3169834.433 203620.86)	114	1595	0	306	false	1963	None
LINESTRING (3169834.433 203620.86, 3169831.009 203617.258)	114	1595	0	307	false	1963	None
LINESTRING (3169831.009 203617.258, 3169827.127 203614.072)	114	1595	0	308	false	1963	None
LINESTRING (3169827.127 203614.072, 3169818.541 203609.048)	114	1595	0	309	false	1963	None
LINESTRING (3169818.541 203609.048, 3169813.837 203607.209)	114	1595	0	310	false	1963	None
LINESTRING (3169813.837 203607.209, 3169804.039 203605.285)	114	1595	0	311	false	1963	None
LINESTRING (3169804.039 203605.285, 3169799.111 203605.027)	114	1595	0	312	false	1963	None
LINESTRING (3169799.111 203605.027, 3169785.388 203597.757)	114	1595	0	313	false	1963	None
LINESTRING (3169785.388 203597.757, 3169772.96 203589.443)	114	1595	0	314	false	1963	None
LINESTRING (3169772.96 203589.443, 3169761.4 203579.92)	114	1595	0	315	false	1963	None
LINESTRING (3169761.4 203579.92, 3169750.918 203569.15)	114	1595	0	316	false	1963	None
LINESTRING (3169750.918 203569.15, 3169740.746 203556.833)	114	1595	0	317	false	1963	None
LINESTRING (3169740.746 203556.833, 3169733.606 203549.872)	114	1595	0	318	false	1963	None
LINESTRING (3169733.606 203549.872, 3169725.636 203543.778)	114	1595	0	319	false	1963	None
LINESTRING (3169725.636 203543.778, 3169717.049 203538.753)	114	1595	0	320	false	1963	None
LINESTRING (3169717.049 203538.753, 3169707.888 203534.696)	114	1595	0	321	false	1963	None
LINESTRING (3169707.888 203534.696, 3169703.188 203533.097)	114	1595	0	322	false	1963	None
LINESTRING (3169703.188 203533.097, 3169672.593 203533.172)	114	1595	0	323	false	1963	None
LINESTRING (3169672.593 203533.172, 3169636.55 203521.706)	114	1595	0	324	false	1963	None
LINESTRING (3169636.55 203521.706, 3169610.264 203505.712)	114	1595	0	325	false	1963	None
LINESTRING (3169610.264 203505.712, 3169607.019 203504.682)	114	1595	0	326	false	1963	None
LINESTRING (3169607.019 203504.682, 3169558.486 203490.359)	114	1595	0	327	false	1963	None
LINESTRING (3169558.486 203490.359, 3169548.616 203489.123)	114	1595	0	328	false	1963	None
LINESTRING (3169548.616 203489.123, 3169543.572 203489.415)	114	1595	0	329	false	1963	None
LINESTRING (3169543.572 203489.415, 3169538.622 203490.221)	114	1595	0	330	false	1963	None
LINESTRING (3169538.622 203490.221, 3169533.854 203491.574)	114	1595	0	331	false	1963	None
LINESTRING (3169533.854 203491.574, 3169529.266 203493.475)	114	1595	0	332	false	1963	None
LINESTRING (3169529.266 203493.475, 3169524.858 203495.922)	114	1595	0	333	false	1963	None
LINESTRING (3169524.858 203495.922, 3169520.757 203498.847)	114	1595	0	334	false	1963	None
LINESTRING (3169520.757 203498.847, 3169517.003 203502.146)	114	1595	0	335	false	1963	None
LINESTRING (3169517.003 203502.146, 3169513.681 203505.852)	114	1595	0	336	false	1963	None
LINESTRING (3169513.681 203505.852, 3169505.692 203509.64)	114	1595	0	337	false	1963	None
LINESTRING (3169505.692 203509.64, 3169500.883 203511.097)	114	1595	0	338	false	1963	None
LINESTRING (3169500.883 203511.097, 3169491.021 203512.366)	114	1595	0	339	false	1963	None
LINESTRING (3169491.021 203512.366, 3169486.012 203512.315)	114	1595	0	340	false	1963	None
LINESTRING (3169486.012 203512.315, 3169481.034 203511.68)	114	1595	0	341	false	1963	None
LINESTRING (3169481.034 203511.68, 3169476.323 203507.336)	114	1595	0	342	false	1963	None
LINESTRING (3169476.323 203507.336, 3169471.502 203506.048)	114	1595	0	343	false	1963	None
LINESTRING (3169471.502 203506.048, 3169470.108 203506.337)	114	1595	0	344	false	1963	None
LINESTRING (3169470.108 203506.337, 3169466.598 203506.991)	114	1595	0	345	false	1963	None
LINESTRING (3169466.598 203506.991, 3169462.493 203509.675)	114	1595	0	346	false	1963	None
LINESTRING (3169462.493 203509.675, 3169457.679 203510.892)	114	1595	0	347	false	1963	None
LINESTRING (3169457.679 203510.892, 3169453.076 203512.072)	114	1595	0	348	false	1963	None
LINESTRING (3169453.076 203512.072, 3169448.077 203512.501)	114	1595	0	349	false	1963	None
LINESTRING (3169448.077 203512.501, 3169438.091 203511.815)	114	1595	0	350	false	1963	None
LINESTRING (3169438.091 203511.815, 3169428.531 203509.032)	114	1595	0	351	false	1963	None
LINESTRING (3169428.531 203509.032, 3169424.033 203506.916)	114	1595	0	352	false	1963	None
LINESTRING (3169424.033 203506.916, 3169420.94 203504.992)	114	1595	0	353	false	1963	None
LINESTRING (3169420.94 203504.992, 3169419.737 203504.284)	114	1595	0	354	false	1963	None
LINESTRING (3169419.737 203504.284, 3169410.731 203497.309)	114	1595	0	355	false	1963	None
LINESTRING (3169410.731 203497.309, 3169407.464 203493.053)	114	1595	0	356	false	1963	None
LINESTRING (3169407.464 203493.053, 3169399.659 203486.786)	114	1595	0	357	false	1963	None
LINESTRING (3169399.659 203486.786, 3169391.113 203481.658)	114	1595	0	358	false	1963	None
LINESTRING (3169391.113 203481.658, 3169381.911 203477.704)	114	1595	0	359	false	1963	None
LINESTRING (3169381.911 203477.704, 3169377.212 203476.106)	114	1595	0	360	false	1963	None
LINESTRING (3169377.212 203476.106, 3169367.414 203474.183)	114	1595	0	361	false	1963	None
LINESTRING (3169367.414 203474.183, 3169357.468 203473.394)	114	1595	0	362	false	1963	None
LINESTRING (3169357.468 203473.394, 3169347.51 203474.149)	114	1595	0	363	false	1963	None
LINESTRING (3169347.51 203474.149, 3169342.561 203474.955)	114	1595	0	364	false	1963	None
LINESTRING (3169342.561 203474.955, 3169294.193 203486.197)	114	1595	0	365	false	1963	None
LINESTRING (3169294.193 203486.197, 3169289.384 203487.653)	114	1595	0	366	false	1963	None
LINESTRING (3169289.384 203487.653, 3169284.886 203489.828)	114	1595	0	367	false	1963	None
LINESTRING (3169284.886 203489.828, 3169281.621 203492.126)	114	1595	0	368	false	1963	None
LINESTRING (3169281.621 203492.126, 3169280.825 203492.649)	114	1595	0	369	false	1963	None
LINESTRING (3169280.825 203492.649, 3169277.202 203496.118)	114	1595	0	370	false	1963	None
LINESTRING (3169277.202 203496.118, 3169274.182 203500.061)	114	1595	0	371	false	1963	None
LINESTRING (3169274.182 203500.061, 3169271.765 203504.479)	114	1595	0	372	false	1963	None
LINESTRING (3169271.765 203504.479, 3169270.118 203509.197)	114	1595	0	373	false	1963	None
LINESTRING (3169270.118 203509.197, 3169269.282 203514.113)	114	1595	0	374	false	1963	None
LINESTRING (3169269.282 203514.113, 3169269.125 203519.056)	114	1595	0	375	false	1963	None
LINESTRING (3169269.125 203519.056, 3169270.189 203525.667)	114	1595	0	376	false	1963	None
LINESTRING (3169270.189 203525.667, 3169270.326 203569.212)	114	1595	0	377	false	1963	None
LINESTRING (3169270.326 203569.212, 3169270.849 203574.182)	114	1595	0	378	false	1963	None
LINESTRING (3169270.849 203574.182, 3169270.409 203584.138)	114	1595	0	379	false	1963	None
LINESTRING (3169270.409 203584.138, 3169268.096 203593.838)	114	1595	0	380	false	1963	None
LINESTRING (3169268.096 203593.838, 3169264.204 203603.041)	114	1595	0	381	false	1963	None
LINESTRING (3169264.204 203603.041, 3169258.596 203611.335)	114	1595	0	382	false	1963	None
LINESTRING (3169258.596 203611.335, 3169252.734 203617.503)	114	1595	0	383	false	1963	None
LINESTRING (3169252.734 203617.503, 3169247.941 203626.235)	114	1595	0	384	false	1963	None
LINESTRING (3169247.941 203626.235, 3169244.648 203635.671)	114	1595	0	385	false	1963	None
LINESTRING (3169244.648 203635.671, 3169243.146 203645.569)	114	1595	0	386	false	1963	None
LINESTRING (3169243.146 203645.569, 3169243.074 203650.546)	114	1595	0	387	false	1963	None
LINESTRING (3169243.074 203650.546, 3169243.969 203659.355)	114	1595	0	388	false	1963	None
LINESTRING (3169243.969 203659.355, 3169239.992 203696.525)	114	1595	0	389	false	1963	None
LINESTRING (3169239.992 203696.525, 3169237.679 203706.226)	114	1595	0	390	false	1963	None
LINESTRING (3169237.679 203706.226, 3169235.861 203710.877)	114	1595	0	391	false	1963	None
LINESTRING (3169235.861 203710.877, 3169230.898 203719.542)	114	1595	0	392	false	1963	None
LINESTRING (3169230.898 203719.542, 3169224.47 203727.158)	114	1595	0	393	false	1963	None
LINESTRING (3169224.47 203727.158, 3169220.761 203730.594)	114	1595	0	394	false	1963	None
LINESTRING (3169220.761 203730.594, 3169212.554 203736.203)	114	1595	0	395	false	1963	None
LINESTRING (3169212.554 203736.203, 3169208.057 203738.378)	114	1595	0	396	false	1963	None
LINESTRING (3169208.057 203738.378, 3169199.627 203741.279)	114	1595	0	397	false	1963	None
LINESTRING (3169199.627 203741.279, 3169190.546 203745.594)	114	1595	0	398	false	1963	None
LINESTRING (3169190.546 203745.594, 3169181.059 203748.678)	114	1595	0	399	false	1963	None
LINESTRING (3169181.059 203748.678, 3169171.251 203750.564)	114	1595	0	400	false	1963	None
LINESTRING (3169171.251 203750.564, 3169161.248 203751.182)	114	1595	0	401	false	1963	None
LINESTRING (3169161.248 203751.182, 3169151.267 203750.737)	114	1595	0	402	false	1963	None
LINESTRING (3169151.267 203750.737, 3169141.429 203748.917)	114	1595	0	403	false	1963	None
LINESTRING (3169141.429 203748.917, 3169131.949 203745.928)	114	1595	0	404	false	1963	None
LINESTRING (3169131.949 203745.928, 3169126.345 203743.618)	114	1595	0	405	false	1963	None
LINESTRING (3169126.345 203743.618, 3169116.628 203741.488)	114	1595	0	406	false	1963	None
LINESTRING (3169116.628 203741.488, 3169106.723 203740.596)	114	1595	0	407	false	1963	None
LINESTRING (3169106.723 203740.596, 3169096.675 203741.078)	114	1595	0	408	false	1963	None
LINESTRING (3169096.675 203741.078, 3169063.308 203744.719)	114	1595	0	409	false	1963	None
LINESTRING (3169063.308 203744.719, 3169059.117 203747.37)	114	1595	0	410	false	1963	None
LINESTRING (3169059.117 203747.37, 3169054.263 203748.691)	114	1595	0	411	false	1963	None
LINESTRING (3169054.263 203748.691, 3169049.34 203748.673)	114	1595	0	412	false	1963	None
LINESTRING (3169049.34 203748.673, 3169044.555 203747.041)	114	1595	0	413	false	1963	None
LINESTRING (3169044.555 203747.041, 3169040.511 203744.27)	114	1595	0	414	false	1963	None
LINESTRING (3169040.511 203744.27, 3169037.42 203740.321)	114	1595	0	415	false	1963	None
LINESTRING (3169037.42 203740.321, 3169037.145 203739.26)	114	1595	0	416	false	1963	None
LINESTRING (3169037.145 203739.26, 3169035.589 203735.673)	114	1595	0	417	false	1963	None
LINESTRING (3169035.589 203735.673, 3169035.152 203730.737)	114	1595	0	418	false	1963	None
LINESTRING (3169035.152 203730.737, 3169037.139 203723.887)	114	1595	0	419	false	1963	None
LINESTRING (3169037.139 203723.887, 3169047.442 203695.505)	114	1595	0	420	false	1963	None
LINESTRING (3169047.442 203695.505, 3169072.374 203657.946)	114	1595	0	421	false	1963	None
LINESTRING (3169072.374 203657.946, 3169083.692 203631.508)	114	1595	0	422	false	1963	None
LINESTRING (3169083.692 203631.508, 3169085.082 203626.69)	114	1595	0	423	false	1963	None
LINESTRING (3169085.082 203626.69, 3169085.919 203621.774)	114	1595	0	424	false	1963	None
LINESTRING (3169085.919 203621.774, 3169085.99 203616.798)	114	1595	0	425	false	1963	None
LINESTRING (3169085.99 203616.798, 3169085.468 203611.828)	114	1595	0	426	false	1963	None
LINESTRING (3169085.468 203611.828, 3169084.225 203606.933)	114	1595	0	427	false	1963	None
LINESTRING (3169084.225 203606.933, 3169079.681 203593.838)	114	1595	0	428	false	1963	None
LINESTRING (3169079.681 203593.838, 3169052.389 203580.67)	114	1595	0	429	false	1963	None
LINESTRING (3169052.389 203580.67, 3169045.117 203579.854)	114	1595	0	430	false	1963	None
LINESTRING (3169045.117 203579.854, 3169040.163 203580.42)	114	1595	0	431	false	1963	None
LINESTRING (3169040.163 203580.42, 3169035.349 203581.637)	114	1595	0	432	false	1963	None
LINESTRING (3169035.349 203581.637, 3169030.721 203583.641)	114	1595	0	433	false	1963	None
LINESTRING (3169030.721 203583.641, 3169026.53 203586.292)	114	1595	0	434	false	1963	None
LINESTRING (3169026.53 203586.292, 3169022.821 203589.728)	114	1595	0	435	false	1963	None
LINESTRING (3169022.821 203589.728, 3169019.67 203593.501)	114	1595	0	436	false	1963	None
LINESTRING (3169019.67 203593.501, 3169017.168 203597.885)	114	1595	0	437	false	1963	None
LINESTRING (3169017.168 203597.885, 3169015.436 203602.57)	114	1595	0	438	false	1963	None
LINESTRING (3169015.436 203602.57, 3169005.145 203625.119)	114	1595	0	439	false	1963	None
LINESTRING (3169005.145 203625.119, 3168999.694 203637.048)	114	1595	0	440	false	1963	None
LINESTRING (3168999.694 203637.048, 3168983.75 203676.333)	114	1595	0	441	false	1963	None
LINESTRING (3168983.75 203676.333, 3168983.871 203684.602)	114	1595	0	442	false	1963	None
LINESTRING (3168983.871 203684.602, 3168983.12 203689.551)	114	1595	0	443	false	1963	None
LINESTRING (3168983.12 203689.551, 3168981.73 203694.37)	114	1595	0	444	false	1963	None
LINESTRING (3168981.73 203694.37, 3168979.655 203698.921)	114	1595	0	445	false	1963	None
LINESTRING (3168979.655 203698.921, 3168977.108 203703.168)	114	1595	0	446	false	1963	None
LINESTRING (3168977.108 203703.168, 3168973.917 203707.044)	114	1595	0	447	false	1963	None
LINESTRING (3168973.917 203707.044, 3168970.294 203710.513)	114	1595	0	448	false	1963	None
LINESTRING (3168970.294 203710.513, 3168966.278 203713.472)	114	1595	0	449	false	1963	None
LINESTRING (3168966.278 203713.472, 3168961.912 203715.817)	114	1595	0	450	false	1963	None
LINESTRING (3168961.912 203715.817, 3168957.153 203717.65)	114	1595	0	451	false	1963	None
LINESTRING (3168957.153 203717.65, 3168952.379 203718.764)	114	1595	0	452	false	1963	None
LINESTRING (3168952.379 203718.764, 3168947.34 203719.297)	114	1595	0	453	false	1963	None
LINESTRING (3168947.34 203719.297, 3168942.372 203719.143)	114	1595	0	454	false	1963	None
LINESTRING (3168942.372 203719.143, 3168920.851 203720.979)	114	1595	0	455	false	1963	None
LINESTRING (3168920.851 203720.979, 3168879.064 203728.003)	114	1595	0	456	false	1963	None
LINESTRING (3168879.064 203728.003, 3168874.386 203729.63)	114	1595	0	457	false	1963	None
LINESTRING (3168874.386 203729.63, 3168870.064 203732.111)	114	1595	0	458	false	1963	None
LINESTRING (3168870.064 203732.111, 3168866.225 203735.377)	114	1595	0	459	false	1963	None
LINESTRING (3168866.225 203735.377, 3168863.119 203739.287)	114	1595	0	460	false	1963	None
LINESTRING (3168863.119 203739.287, 3168860.789 203743.738)	114	1595	0	461	false	1963	None
LINESTRING (3168860.789 203743.738, 3168859.313 203748.523)	114	1595	0	462	false	1963	None
LINESTRING (3168859.313 203748.523, 3168858.773 203753.436)	114	1595	0	463	false	1963	None
LINESTRING (3168858.773 203753.436, 3168859.085 203758.442)	114	1595	0	464	false	1963	None
LINESTRING (3168859.085 203758.442, 3168860.367 203763.233)	114	1595	0	465	false	1963	None
LINESTRING (3168860.367 203763.233, 3168862.278 203797.7)	114	1595	0	466	false	1963	None
LINESTRING (3168862.278 203797.7, 3168868.017 203830.445)	114	1595	0	467	false	1963	None
LINESTRING (3168868.017 203830.445, 3168867.062 203837.935)	114	1595	0	468	false	1963	None
LINESTRING (3168867.062 203837.935, 3168863.939 203847.439)	114	1595	0	469	false	1963	None
LINESTRING (3168863.939 203847.439, 3168863.652 203847.922)	114	1595	0	470	false	1963	None
LINESTRING (3168863.652 203847.922, 3168858.89 203856.07)	114	1595	0	471	false	1963	None
LINESTRING (3168858.89 203856.07, 3168855.785 203859.98)	114	1595	0	472	false	1963	None
LINESTRING (3168855.785 203859.98, 3168848.408 203866.748)	114	1595	0	473	false	1963	None
LINESTRING (3168848.408 203866.748, 3168823.373 203877.578)	114	1595	0	474	false	1963	None
LINESTRING (3168823.373 203877.578, 3168799.906 203886.161)	114	1595	0	475	false	1963	None
LINESTRING (3168799.906 203886.161, 3168780.757 203892.023)	114	1595	0	476	false	1963	None
LINESTRING (3168780.757 203892.023, 3168774.777 203892.188)	114	1595	0	477	false	1963	None
LINESTRING (3168774.777 203892.188, 3168754.182 203878.539)	114	1595	0	478	false	1963	None
LINESTRING (3168754.182 203878.539, 3168728.405 203862.509)	114	1595	0	479	false	1963	None
LINESTRING (3168728.405 203862.509, 3168680.616 203838.473)	114	1595	0	480	false	1963	None
LINESTRING (3168680.616 203838.473, 3168670.262 203829.899)	114	1595	0	481	false	1963	None
LINESTRING (3168670.262 203829.899, 3168659.654 203819.201)	114	1595	0	482	false	1963	None
LINESTRING (3168659.654 203819.201, 3168650.301 203807.563)	114	1595	0	483	false	1963	None
LINESTRING (3168650.301 203807.563, 3168642.116 203794.952)	114	1595	0	484	false	1963	None
LINESTRING (3168642.116 203794.952, 3168635.317 203781.571)	114	1595	0	485	false	1963	None
LINESTRING (3168635.317 203781.571, 3168629.907 203767.662)	114	1595	0	486	false	1963	None
LINESTRING (3168629.907 203767.662, 3168628.454 203762.804)	114	1595	0	487	false	1963	None
LINESTRING (3168628.454 203762.804, 3168627.841 203757.56)	114	1595	0	488	false	1963	None
LINESTRING (3168627.841 203757.56, 3168626.598 203752.666)	114	1595	0	489	false	1963	None
LINESTRING (3168626.598 203752.666, 3168624.726 203748.122)	114	1595	0	490	false	1963	None
LINESTRING (3168624.726 203748.122, 3168622.22 203743.687)	114	1595	0	491	false	1963	None
LINESTRING (3168622.22 203743.687, 3168619.088 203739.842)	114	1595	0	492	false	1963	None
LINESTRING (3168619.088 203739.842, 3168615.539 203736.311)	114	1595	0	493	false	1963	None
LINESTRING (3168615.539 203736.311, 3168611.536 203733.436)	114	1595	0	494	false	1963	None
LINESTRING (3168611.536 203733.436, 3168607.159 203731.011)	114	1595	0	495	false	1963	None
LINESTRING (3168607.159 203731.011, 3168602.415 203729.276)	114	1595	0	496	false	1963	None
LINESTRING (3168602.415 203729.276, 3168597.478 203728.539)	114	1595	0	497	false	1963	None
LINESTRING (3168597.478 203728.539, 3168592.118 203727.874)	114	1595	0	498	false	1963	None
LINESTRING (3168592.118 203727.874, 3168582.066 203728.116)	114	1595	0	499	false	1963	None
LINESTRING (3168582.066 203728.116, 3168572.213 203729.866)	114	1595	0	500	false	1963	None
LINESTRING (3168572.213 203729.866, 3168562.857 203733.121)	114	1595	0	501	false	1963	None
LINESTRING (3168562.857 203733.121, 3168520.652 203757.617)	114	1595	0	502	false	1963	None
LINESTRING (3168520.652 203757.617, 3168459.358 203805.99)	114	1595	0	503	false	1963	None
LINESTRING (3168459.358 203805.99, 3168446.876 203814.219)	114	1595	0	504	false	1963	None
LINESTRING (3168446.876 203814.219, 3168433.65 203821.324)	114	1595	0	505	false	1963	None
LINESTRING (3168433.65 203821.324, 3168419.891 203827.267)	114	1595	0	506	false	1963	None
LINESTRING (3168419.891 203827.267, 3168405.596 203831.809)	114	1595	0	507	false	1963	None
LINESTRING (3168405.596 203831.809, 3168381.731 203837.378)	114	1595	0	508	false	1963	None
LINESTRING (3168381.731 203837.378, 3168376.768 203837.464)	114	1595	0	509	false	1963	None
LINESTRING (3168376.768 203837.464, 3168371.791 203836.83)	114	1595	0	510	false	1963	None
LINESTRING (3168371.791 203836.83, 3168366.97 203835.542)	114	1595	0	511	false	1963	None
LINESTRING (3168366.97 203835.542, 3168362.432 203833.531)	114	1595	0	512	false	1963	None
LINESTRING (3168362.432 203833.531, 3168358.263 203830.829)	114	1595	0	513	false	1963	None
LINESTRING (3168358.263 203830.829, 3168354.421 203827.541)	114	1595	0	514	false	1963	None
LINESTRING (3168354.421 203827.541, 3168351.123 203823.869)	114	1595	0	515	false	1963	None
LINESTRING (3168351.123 203823.869, 3168348.451 203819.608)	114	1595	0	516	false	1963	None
LINESTRING (3168348.451 203819.608, 3168349.674 203793.516)	114	1595	0	517	false	1963	None
LINESTRING (3168349.674 203793.516, 3168358.695 203736.871)	114	1595	0	518	false	1963	None
LINESTRING (3168358.695 203736.871, 3168364.453 203689.079)	114	1595	0	519	false	1963	None
LINESTRING (3168364.453 203689.079, 3168363.904 203680.643)	114	1595	0	520	false	1963	None
LINESTRING (3168363.904 203680.643, 3168364.47 203670.617)	114	1595	0	521	false	1963	None
LINESTRING (3168364.47 203670.617, 3168366.439 203660.782)	114	1595	0	522	false	1963	None
LINESTRING (3168366.439 203660.782, 3168369.561 203651.279)	114	1595	0	523	false	1963	None
LINESTRING (3168369.561 203651.279, 3168371.635 203646.727)	114	1595	0	524	false	1963	None
LINESTRING (3168371.635 203646.727, 3168387.111 203622.511)	114	1595	0	525	false	1963	None
LINESTRING (3168387.111 203622.511, 3168391.188 203614.095)	114	1595	0	526	false	1963	None
LINESTRING (3168391.188 203614.095, 3168392.492 203609.243)	114	1595	0	527	false	1963	None
LINESTRING (3168392.492 203609.243, 3168393.157 203604.261)	114	1595	0	528	false	1963	None
LINESTRING (3168393.157 203604.261, 3168393.143 203599.251)	114	1595	0	529	false	1963	None
LINESTRING (3168393.143 203599.251, 3168392.494 203594.35)	114	1595	0	530	false	1963	None
LINESTRING (3168392.494 203594.35, 3168391.125 203589.526)	114	1595	0	531	false	1963	None
LINESTRING (3168391.125 203589.526, 3168363.219 203523.934)	114	1595	0	532	false	1963	None
LINESTRING (3168363.219 203523.934, 3168329.354 203461.733)	114	1595	0	533	false	1963	None
LINESTRING (3168329.354 203461.733, 3168314.754 203438.038)	114	1595	0	534	false	1963	None
LINESTRING (3168314.754 203438.038, 3168308.488 203423.794)	114	1595	0	535	false	1963	None
LINESTRING (3168308.488 203423.794, 3168303.565 203415.198)	114	1595	0	536	false	1963	None
LINESTRING (3168303.565 203415.198, 3168294.795 203403.074)	114	1595	0	537	false	1963	None
LINESTRING (3168294.795 203403.074, 3168284.519 203392.03)	114	1595	0	538	false	1963	None
LINESTRING (3168284.519 203392.03, 3168272.957 203382.508)	114	1595	0	539	false	1963	None
LINESTRING (3168272.957 203382.508, 3168264.658 203377.002)	114	1595	0	540	false	1963	None
LINESTRING (3168264.658 203377.002, 3168251.407 203370.038)	114	1595	0	541	false	1963	None
LINESTRING (3168251.407 203370.038, 3168240.15 203363.019)	114	1595	0	542	false	1963	None
LINESTRING (3168240.15 203363.019, 3168233.459 203359.451)	114	1595	0	543	false	1963	None
LINESTRING (3168233.459 203359.451, 3168226.859 203356.158)	114	1595	0	544	false	1963	None
LINESTRING (3168226.859 203356.158, 3168213.038 203350.401)	114	1595	0	545	false	1963	None
LINESTRING (3168213.038 203350.401, 3168131.406 203325.419)	114	1595	0	546	false	1963	None
LINESTRING (3168131.406 203325.419, 3168092.671 203313.027)	114	1595	0	547	false	1963	None
LINESTRING (3168092.671 203313.027, 3168027.308 203282.488)	114	1595	0	548	false	1963	None
LINESTRING (3168027.308 203282.488, 3168004.444 203274.39)	114	1595	0	549	false	1963	None
LINESTRING (3168004.444 203274.39, 3167982.305 203266.456)	114	1595	0	550	false	1963	None
LINESTRING (3167982.305 203266.456, 3167972.784 203263.571)	114	1595	0	551	false	1963	None
LINESTRING (3167972.784 203263.571, 3167959.084 203257.504)	114	1595	0	552	false	1963	None
LINESTRING (3167959.084 203257.504, 3167946.368 203249.677)	114	1595	0	553	false	1963	None
LINESTRING (3167946.368 203249.677, 3167936.761 203242.469)	114	1595	0	554	false	1963	None
LINESTRING (3167936.761 203242.469, 3167927.968 203237.723)	114	1595	0	555	false	1963	None
LINESTRING (3167927.968 203237.723, 3167918.609 203234.424)	114	1595	0	556	false	1963	W:3167926.551 203237.22351469175
