LINESTRING (3130791.616 228957.602, 3130782.707 228984.152)	46	1616	0	98	false	630	S:3130787.6336266664 228969.47
LINESTRING (3130782.707 228984.152, 3130738.529 229096.446)	46	1616	0	99	false	630	None
LINESTRING (3130738.529 229096.446, 3130722.18 229135.115)	46	1616	0	100	false	630	None
LINESTRING (3130722.18 229135.115, 3130665.664 229237.75)	46	1616	0	101	false	630	None
LINESTRING (3130665.664 229237.75, 3130644.134 229273.34)	46	1616	0	102	false	630	None
LINESTRING (3130644.134 229273.34, 3130604.3 229329.103)	46	1616	0	103	false	630	None
LINESTRING (3130604.3 229329.103, 3130603.102 229330.425)	46	1616	0	104	false	630	None
LINESTRING (3130603.102 229330.425, 3130535.872 229404.269)	46	1616	0	105	false	630	None
LINESTRING (3130535.872 229404.269, 3130512.977 229433.259)	46	1616	0	106	false	630	None
LINESTRING (3130512.977 229433.259, 3130460.669 229492.882)	46	1616	0	107	false	630	None
LINESTRING (3130460.669 229492.882, 3130445.474 229510.092)	46	1616	0	108	false	630	None
LINESTRING (3130445.474 229510.092, 3130402.818 229564.286)	46	1616	0	109	false	630	None
LINESTRING (3130402.818 229564.286, 3130385.925 229591.197)	46	1616	0	110	false	630	None
LINESTRING (3130385.925 229591.197, 3130338.714 229657.913)	46	1616	0	111	false	630	None
LINESTRING (3130338.714 229657.913, 3130319.556 229687.636)	46	1616	0	112	false	630	None
LINESTRING (3130319.556 229687.636, 3130275.71 229755.537)	46	1616	0	113	false	630	None
LINESTRING (3130275.71 229755.537, 3130224.255 229851.443)	46	1616	0	114	false	630	None
LINESTRING (3130224.255 229851.443, 3130217.258 229864.447)	46	1616	0	115	false	630	None
LINESTRING (3130217.258 229864.447, 3130192.594 229913.705)	46	1616	0	116	false	630	None
LINESTRING (3130192.594 229913.705, 3130176.539 229942.25)	46	1616	0	117	false	630	None
LINESTRING (3130176.539 229942.25, 3130113.572 230061.555)	46	1616	0	118	false	630	None
LINESTRING (3130113.572 230061.555, 3130083.824 230114.32)	46	1616	0	119	false	630	None
LINESTRING (3130083.824 230114.32, 3130070.362 230139.464)	46	1616	0	120	false	630	None
LINESTRING (3130070.362 230139.464, 3130018.867 230235.474)	46	1616	0	121	false	630	None
LINESTRING (3130018.867 230235.474, 3130002.572 230260.592)	46	1616	0	122	false	630	None
LINESTRING (3130002.572 230260.592, 3129968.467 230313.218)	46	1616	0	123	false	630	None
LINESTRING (3129968.467 230313.218, 3129952.311 230334.937)	46	1616	0	124	false	630	None
LINESTRING (3129952.311 230334.937, 3129949.965 230337.958)	46	1616	0	125	false	630	None
LINESTRING (3129949.965 230337.958, 3129932.957 230357.323)	46	1616	0	126	false	630	None
LINESTRING (3129932.957 230357.323, 3129903.727 230390.527)	46	1616	0	127	false	630	None
LINESTRING (3129903.727 230390.527, 3129886.633 230409.86)	46	1616	0	128	false	630	None
LINESTRING (3129886.633 230409.86, 3129825.432 230482.588)	46	1616	0	129	false	630	None
LINESTRING (3129825.432 230482.588, 3129817.522 230492.382)	46	1616	0	130	false	630	None
LINESTRING (3129817.522 230492.382, 3129805.697 230506.97)	46	1616	0	131	false	630	None
LINESTRING (3129805.697 230506.97, 3129784.781 230519.465)	46	1616	0	132	false	630	None
LINESTRING (3129784.781 230519.465, 3129807.872 230525.907)	46	1616	0	133	false	630	None
LINESTRING (3129807.872 230525.907, 3129808.935 230526.2)	46	1616	0	134	false	630	None
LINESTRING (3129808.935 230526.2, 3129812.552 230533.315)	46	1616	0	135	false	630	None
LINESTRING (3129812.552 230533.315, 3129812.463 230537.09)	46	1616	0	136	false	630	None
LINESTRING (3129812.463 230537.09, 3129777.727 230587.805)	46	1616	0	137	false	630	None
LINESTRING (3129777.727 230587.805, 3129772.629 230596.664)	46	1616	0	138	false	630	None
LINESTRING (3129772.629 230596.664, 3129765.898 230608.224)	46	1616	0	139	false	630	None
LINESTRING (3129765.898 230608.224, 3129764.192 230623.516)	46	1616	0	140	false	630	None
LINESTRING (3129764.192 230623.516, 3129758.749 230632.003)	46	1616	0	141	false	630	None
LINESTRING (3129758.749 230632.003, 3129665.661 230778.217)	46	1616	0	142	false	630	None
LINESTRING (3129665.661 230778.217, 3129610.952 230860.007)	46	1616	0	143	false	630	None
LINESTRING (3129610.952 230860.007, 3129538.327 230978.193)	46	1616	0	144	false	630	None
LINESTRING (3129538.327 230978.193, 3129462.775 231099.889)	46	1616	0	145	false	630	None
LINESTRING (3129462.775 231099.889, 3129434.719 231150.572)	46	1616	0	146	false	630	None
LINESTRING (3129434.719 231150.572, 3129416.27 231179.737)	46	1616	0	147	false	630	W:3129426.05 231164.27634088602
LINESTRING (3129416.27 231179.737, 3129434.719 231150.572)	46	1617	0	379	false	678	W:3129426.05 231164.27634088602
LINESTRING (3129434.719 231150.572, 3129462.775 231099.889)	46	1617	0	380	false	678	None
LINESTRING (3129462.775 231099.889, 3129538.327 230978.193)	46	1617	0	381	false	678	None
LINESTRING (3129538.327 230978.193, 3129610.952 230860.007)	46	1617	0	382	false	678	None
LINESTRING (3129610.952 230860.007, 3129665.661 230778.217)	46	1617	0	383	false	678	None
LINESTRING (3129665.661 230778.217, 3129758.749 230632.003)	46	1617	0	384	false	678	None
LINESTRING (3129758.749 230632.003, 3129764.192 230623.516)	46	1617	0	385	false	678	None
LINESTRING (3129764.192 230623.516, 3129765.898 230608.224)	46	1617	0	386	false	678	None
LINESTRING (3129765.898 230608.224, 3129772.629 230596.664)	46	1617	0	387	false	678	None
LINESTRING (3129772.629 230596.664, 3129777.727 230587.805)	46	1617	0	388	false	678	None
LINESTRING (3129777.727 230587.805, 3129812.463 230537.09)	46	1617	0	389	false	678	None
LINESTRING (3129812.463 230537.09, 3129812.552 230533.315)	46	1617	0	390	false	678	None
LINESTRING (3129812.552 230533.315, 3129808.935 230526.2)	46	1617	0	391	false	678	None
LINESTRING (3129808.935 230526.2, 3129807.872 230525.907)	46	1617	0	392	false	678	None
LINESTRING (3129807.872 230525.907, 3129784.781 230519.465)	46	1617	0	393	false	678	None
LINESTRING (3129784.781 230519.465, 3129805.697 230506.97)	46	1617	0	394	false	678	None
LINESTRING (3129805.697 230506.97, 3129817.522 230492.382)	46	1617	0	395	false	678	None
LINESTRING (3129817.522 230492.382, 3129825.432 230482.588)	46	1617	0	396	false	678	None
LINESTRING (3129825.432 230482.588, 3129886.633 230409.86)	46	1617	0	397	false	678	None
LINESTRING (3129886.633 230409.86, 3129903.727 230390.527)	46	1617	0	398	false	678	None
LINESTRING (3129903.727 230390.527, 3129932.957 230357.323)	46	1617	0	399	false	678	None
LINESTRING (3129932.957 230357.323, 3129949.965 230337.958)	46	1617	0	400	false	678	None
LINESTRING (3129949.965 230337.958, 3129952.311 230334.937)	46	1617	0	401	false	678	None
LINESTRING (3129952.311 230334.937, 3129968.467 230313.218)	46	1617	0	402	false	678	None
LINESTRING (3129968.467 230313.218, 3130002.572 230260.592)	46	1617	0	403	false	678	None
LINESTRING (3130002.572 230260.592, 3130018.867 230235.474)	46	1617	0	404	false	678	None
LINESTRING (3130018.867 230235.474, 3130070.362 230139.464)	46	1617	0	405	false	678	None
LINESTRING (3130070.362 230139.464, 3130083.824 230114.32)	46	1617	0	406	false	678	None
LINESTRING (3130083.824 230114.32, 3130113.572 230061.555)	46	1617	0	407	false	678	None
LINESTRING (3130113.572 230061.555, 3130176.539 229942.25)	46	1617	0	408	false	678	None
LINESTRING (3130176.539 229942.25, 3130192.594 229913.705)	46	1617	0	409	false	678	None
LINESTRING (3130192.594 229913.705, 3130217.258 229864.447)	46	1617	0	410	false	678	None
LINESTRING (3130217.258 229864.447, 3130224.255 229851.443)	46	1617	0	411	false	678	None
LINESTRING (3130224.255 229851.443, 3130275.71 229755.537)	46	1617	0	412	false	678	None
LINESTRING (3130275.71 229755.537, 3130319.556 229687.636)	46	1617	0	413	false	678	None
LINESTRING (3130319.556 229687.636, 3130338.714 229657.913)	46	1617	0	414	false	678	None
LINESTRING (3130338.714 229657.913, 3130385.925 229591.197)	46	1617	0	415	false	678	None
LINESTRING (3130385.925 229591.197, 3130402.818 229564.286)	46	1617	0	416	false	678	None
LINESTRING (3130402.818 229564.286, 3130445.474 229510.092)	46	1617	0	417	false	678	None
LINESTRING (3130445.474 229510.092, 3130460.669 229492.882)	46	1617	0	418	false	678	None
LINESTRING (3130460.669 229492.882, 3130512.977 229433.259)	46	1617	0	419	false	678	None
LINESTRING (3130512.977 229433.259, 3130535.872 229404.269)	46	1617	0	420	false	678	None
LINESTRING (3130535.872 229404.269, 3130603.102 229330.425)	46	1617	0	421	false	678	None
LINESTRING (3130603.102 229330.425, 3130604.3 229329.103)	46	1617	0	422	false	678	None
LINESTRING (3130604.3 229329.103, 3130644.134 229273.34)	46	1617	0	423	false	678	None
LINESTRING (3130644.134 229273.34, 3130665.664 229237.75)	46	1617	0	424	false	678	None
LINESTRING (3130665.664 229237.75, 3130722.18 229135.115)	46	1617	0	425	false	678	None
LINESTRING (3130722.18 229135.115, 3130738.529 229096.446)	46	1617	0	426	false	678	None
LINESTRING (3130738.529 229096.446, 3130782.707 228984.152)	46	1617	0	427	false	678	None
LINESTRING (3130782.707 228984.152, 3130791.616 228957.602)	46	1617	0	428	false	678	S:3130787.6336266664 228969.47
LINESTRING (3132112.26 228965.725, 3132136.305 229013.257)	46	1617	0	529	false	678	S:3132114.1544821383 228969.47
LINESTRING (3132136.305 229013.257, 3132143.739 229026.972)	46	1617	0	530	false	678	None
LINESTRING (3132143.739 229026.972, 3132240.83 229208.41)	46	1617	0	531	false	678	None
LINESTRING (3132240.83 229208.41, 3132270.496 229263.955)	46	1617	0	532	false	678	None
LINESTRING (3132270.496 229263.955, 3132273.094 229268.891)	46	1617	0	533	false	678	None
LINESTRING (3132273.094 229268.891, 3132282.951 229287.235)	46	1617	0	534	false	678	None
LINESTRING (3132282.951 229287.235, 3132299.363 229317.763)	46	1617	0	535	false	678	None
LINESTRING (3132299.363 229317.763, 3132312.565 229342.404)	46	1617	0	536	false	678	None
LINESTRING (3132312.565 229342.404, 3132322.296 229360.818)	46	1617	0	537	false	678	None
LINESTRING (3132322.296 229360.818, 3132324.203 229365.01)	46	1617	0	538	false	678	None
LINESTRING (3132324.203 229365.01, 3132325.577 229368.042)	46	1617	0	539	false	678	None
LINESTRING (3132325.577 229368.042, 3132330.728 229379.801)	46	1617	0	540	false	678	None
LINESTRING (3132330.728 229379.801, 3132332.193 229383.107)	46	1617	0	541	false	678	None
LINESTRING (3132332.193 229383.107, 3132335.288 229389.545)	46	1617	0	542	false	678	None
LINESTRING (3132335.288 229389.545, 3132338.569 229396.769)	46	1617	0	543	false	678	None
LINESTRING (3132338.569 229396.769, 3132341.398 229402.627)	46	1617	0	544	false	678	None
LINESTRING (3132341.398 229402.627, 3132349.764 229420.513)	46	1617	0	545	false	678	None
LINESTRING (3132349.764 229420.513, 3132351.54 229424.535)	46	1617	0	546	false	678	None
LINESTRING (3132351.54 229424.535, 3132352.302 229426.616)	46	1617	0	547	false	678	None
LINESTRING (3132352.302 229426.616, 3132359.26 229445.861)	46	1617	0	548	false	678	None
LINESTRING (3132359.26 229445.861, 3132362.545 229455.349)	46	1617	0	549	false	678	None
LINESTRING (3132362.545 229455.349, 3132377.153 229500.656)	46	1617	0	550	false	678	None
LINESTRING (3132377.153 229500.656, 3132378.673 229504.578)	46	1617	0	551	false	678	None
LINESTRING (3132378.673 229504.578, 3132385.755 229523.753)	46	1617	0	552	false	678	None
LINESTRING (3132385.755 229523.753, 3132396.791 229564.103)	46	1617	0	553	false	678	None
LINESTRING (3132396.791 229564.103, 3132398.311 229570.05)	46	1617	0	554	false	678	None
LINESTRING (3132398.311 229570.05, 3132407.902 229614.127)	46	1617	0	555	false	678	None
LINESTRING (3132407.902 229614.127, 3132415.448 229655.387)	46	1617	0	556	false	678	None
LINESTRING (3132415.448 229655.387, 3132418.704 229689.747)	46	1617	0	557	false	678	None
LINESTRING (3132418.704 229689.747, 3132418.79 229691.804)	46	1617	0	558	false	678	None
LINESTRING (3132418.79 229691.804, 3132423.28 229732.595)	46	1617	0	559	false	678	None
LINESTRING (3132423.28 229732.595, 3132425.811 229800.962)	46	1617	0	560	false	678	None
LINESTRING (3132425.811 229800.962, 3132425.631 229814.584)	46	1617	0	561	false	678	None
LINESTRING (3132425.631 229814.584, 3132424.305 229886.576)	46	1617	0	562	false	678	None
LINESTRING (3132424.305 229886.576, 3132402.691 230031.665)	46	1617	0	563	false	678	None
LINESTRING (3132402.691 230031.665, 3132396.418 230063.285)	46	1617	0	564	false	678	None
LINESTRING (3132396.418 230063.285, 3132379.756 230146.002)	46	1617	0	565	false	678	None
LINESTRING (3132379.756 230146.002, 3132375.419 230169.085)	46	1617	0	566	false	678	None
LINESTRING (3132375.419 230169.085, 3132362.407 230238.335)	46	1617	0	567	false	678	None
LINESTRING (3132362.407 230238.335, 3132357.945 230261.488)	46	1617	0	568	false	678	None
LINESTRING (3132357.945 230261.488, 3132353.046 230288.045)	46	1617	0	569	false	678	None
LINESTRING (3132353.046 230288.045, 3132338.093 230367.615)	46	1617	0	570	false	678	None
LINESTRING (3132338.093 230367.615, 3132332.983 230394.208)	46	1617	0	571	false	678	None
LINESTRING (3132332.983 230394.208, 3132331.619 230401.776)	46	1617	0	572	false	678	None
LINESTRING (3132331.619 230401.776, 3132327.402 230424.548)	46	1617	0	573	false	678	None
LINESTRING (3132327.402 230424.548, 3132325.913 230432.186)	46	1617	0	574	false	678	None
LINESTRING (3132325.913 230432.186, 3132318.777 230471.091)	46	1617	0	575	false	678	None
LINESTRING (3132318.777 230471.091, 3132297.079 230588.051)	46	1617	0	576	false	678	None
LINESTRING (3132297.079 230588.051, 3132289.732 230626.993)	46	1617	0	577	false	678	None
LINESTRING (3132289.732 230626.993, 3132287.611 230638.792)	46	1617	0	578	false	678	None
LINESTRING (3132287.611 230638.792, 3132281.037 230674.223)	46	1617	0	579	false	678	None
LINESTRING (3132281.037 230674.223, 3132278.705 230686.059)	46	1617	0	580	false	678	None
LINESTRING (3132278.705 230686.059, 3132250.697 230839.03)	46	1617	0	581	false	678	None
LINESTRING (3132250.697 230839.03, 3132239.949 230897.371)	46	1617	0	582	false	678	None
LINESTRING (3132239.949 230897.371, 3132237.973 230908.034)	46	1617	0	583	false	678	None
LINESTRING (3132237.973 230908.034, 3132194.497 231132.28)	46	1617	0	584	false	678	None
LINESTRING (3132194.497 231132.28, 3132179.356 231215.112)	46	1617	0	585	false	678	None
LINESTRING (3132179.356 231215.112, 3132163.572 231297.575)	46	1617	0	586	false	678	None
LINESTRING (3132163.572 231297.575, 3132158.261 231324.686)	46	1617	0	587	false	678	None
LINESTRING (3132158.261 231324.686, 3132135.264 231450.55)	46	1617	0	588	false	678	None
LINESTRING (3132135.264 231450.55, 3132124.224 231511.159)	46	1617	0	589	false	678	None
LINESTRING (3132124.224 231511.159, 3132120.462 231527.441)	46	1617	0	590	false	678	None
LINESTRING (3132120.462 231527.441, 3132102.381 231611.277)	46	1617	0	591	false	678	None
LINESTRING (3132102.381 231611.277, 3132088.093 231660.03)	46	1617	0	592	false	678	None
LINESTRING (3132088.093 231660.03, 3132077.716 231695.656)	46	1617	0	593	false	678	None
LINESTRING (3132077.716 231695.656, 3132046.416 231802.466)	46	1617	0	594	false	678	None
LINESTRING (3132046.416 231802.466, 3132035.914 231838.162)	46	1617	0	595	false	678	None
LINESTRING (3132035.914 231838.162, 3131990.365 231993.623)	46	1617	0	596	false	678	None
LINESTRING (3131990.365 231993.623, 3131974.591 232050.255)	46	1617	0	597	false	678	None
LINESTRING (3131974.591 232050.255, 3131938.245 232172.612)	46	1617	0	598	false	678	None
LINESTRING (3131938.245 232172.612, 3131865.134 232421.689)	46	1617	0	599	false	678	None
LINESTRING (3131865.134 232421.689, 3131853.142 232460.975)	46	1617	0	600	false	678	None
LINESTRING (3131853.142 232460.975, 3131829.9 232536.62)	46	1617	0	601	false	678	None
LINESTRING (3131829.9 232536.62, 3131814.489 232578.152)	46	1617	0	602	false	678	None
LINESTRING (3131814.489 232578.152, 3131799.99 232616.824)	46	1617	0	603	false	678	None
LINESTRING (3131799.99 232616.824, 3131791.083 232637.78)	46	1617	0	604	false	678	None
LINESTRING (3131791.083 232637.78, 3131764.243 232700.957)	46	1617	0	605	false	678	None
LINESTRING (3131764.243 232700.957, 3131755.212 232721.983)	46	1617	0	606	false	678	None
LINESTRING (3131755.212 232721.983, 3131751.225 232731.511)	46	1617	0	607	false	678	None
LINESTRING (3131751.225 232731.511, 3131739.053 232760.131)	46	1617	0	608	false	678	None
LINESTRING (3131739.053 232760.131, 3131734.941 232769.729)	46	1617	0	609	false	678	None
LINESTRING (3131734.941 232769.729, 3131723.011 232797.728)	46	1617	0	610	false	678	None
LINESTRING (3131723.011 232797.728, 3131687.139 232881.932)	46	1617	0	611	false	678	None
LINESTRING (3131687.139 232881.932, 3131675.168 232910.034)	46	1617	0	612	false	678	N:3131682.7040814534 232892.343
LINESTRING (3131675.168 232910.034, 3131687.139 232881.932)	46	1619	0	143	false	716	N:3131682.7040814534 232892.343
LINESTRING (3131687.139 232881.932, 3131723.011 232797.728)	46	1619	0	144	false	716	None
LINESTRING (3131723.011 232797.728, 3131734.941 232769.729)	46	1619	0	145	false	716	None
LINESTRING (3131734.941 232769.729, 3131739.053 232760.131)	46	1619	0	146	false	716	None
LINESTRING (3131739.053 232760.131, 3131751.225 232731.511)	46	1619	0	147	false	716	None
LINESTRING (3131751.225 232731.511, 3131755.212 232721.983)	46	1619	0	148	false	716	None
LINESTRING (3131755.212 232721.983, 3131764.243 232700.957)	46	1619	0	149	false	716	None
LINESTRING (3131764.243 232700.957, 3131791.083 232637.78)	46	1619	0	150	false	716	None
LINESTRING (3131791.083 232637.78, 3131799.99 232616.824)	46	1619	0	151	false	716	None
LINESTRING (3131799.99 232616.824, 3131814.489 232578.152)	46	1619	0	152	false	716	None
LINESTRING (3131814.489 232578.152, 3131829.9 232536.62)	46	1619	0	153	false	716	None
LINESTRING (3131829.9 232536.62, 3131853.142 232460.975)	46	1619	0	154	false	716	None
LINESTRING (3131853.142 232460.975, 3131865.134 232421.689)	46	1619	0	155	false	716	None
LINESTRING (3131865.134 232421.689, 3131938.245 232172.612)	46	1619	0	156	false	716	None
LINESTRING (3131938.245 232172.612, 3131974.591 232050.255)	46	1619	0	157	false	716	None
LINESTRING (3131974.591 232050.255, 3131990.365 231993.623)	46	1619	0	158	false	716	None
LINESTRING (3131990.365 231993.623, 3132035.914 231838.162)	46	1619	0	159	false	716	None
LINESTRING (3132035.914 231838.162, 3132046.416 231802.466)	46	1619	0	160	false	716	None
LINESTRING (3132046.416 231802.466, 3132077.716 231695.656)	46	1619	0	161	false	716	None
LINESTRING (3132077.716 231695.656, 3132088.093 231660.03)	46	1619	0	162	false	716	None
LINESTRING (3132088.093 231660.03, 3132102.381 231611.277)	46	1619	0	163	false	716	None
LINESTRING (3132102.381 231611.277, 3132120.462 231527.441)	46	1619	0	164	false	716	None
LINESTRING (3132120.462 231527.441, 3132124.224 231511.159)	46	1619	0	165	false	716	None
LINESTRING (3132124.224 231511.159, 3132135.264 231450.55)	46	1619	0	166	false	716	None
LINESTRING (3132135.264 231450.55, 3132158.261 231324.686)	46	1619	0	167	false	716	None
LINESTRING (3132158.261 231324.686, 3132163.572 231297.575)	46	1619	0	168	false	716	None
LINESTRING (3132163.572 231297.575, 3132179.356 231215.112)	46	1619	0	169	false	716	None
LINESTRING (3132179.356 231215.112, 3132194.497 231132.28)	46	1619	0	170	false	716	None
LINESTRING (3132194.497 231132.28, 3132237.973 230908.034)	46	1619	0	171	false	716	None
LINESTRING (3132237.973 230908.034, 3132239.949 230897.371)	46	1619	0	172	false	716	None
LINESTRING (3132239.949 230897.371, 3132250.697 230839.03)	46	1619	0	173	false	716	None
LINESTRING (3132250.697 230839.03, 3132278.705 230686.059)	46	1619	0	174	false	716	None
LINESTRING (3132278.705 230686.059, 3132281.037 230674.223)	46	1619	0	175	false	716	None
LINESTRING (3132281.037 230674.223, 3132287.611 230638.792)	46	1619	0	176	false	716	None
LINESTRING (3132287.611 230638.792, 3132289.732 230626.993)	46	1619	0	177	false	716	None
LINESTRING (3132289.732 230626.993, 3132297.079 230588.051)	46	1619	0	178	false	716	None
LINESTRING (3132297.079 230588.051, 3132318.777 230471.091)	46	1619	0	179	false	716	None
LINESTRING (3132318.777 230471.091, 3132325.913 230432.186)	46	1619	0	180	false	716	None
LINESTRING (3132325.913 230432.186, 3132327.402 230424.548)	46	1619	0	181	false	716	None
LINESTRING (3132327.402 230424.548, 3132331.619 230401.776)	46	1619	0	182	false	716	None
LINESTRING (3132331.619 230401.776, 3132332.983 230394.208)	46	1619	0	183	false	716	None
LINESTRING (3132332.983 230394.208, 3132338.093 230367.615)	46	1619	0	184	false	716	None
LINESTRING (3132338.093 230367.615, 3132353.046 230288.045)	46	1619	0	185	false	716	None
LINESTRING (3132353.046 230288.045, 3132357.945 230261.488)	46	1619	0	186	false	716	None
LINESTRING (3132357.945 230261.488, 3132362.407 230238.335)	46	1619	0	187	false	716	None
LINESTRING (3132362.407 230238.335, 3132375.419 230169.085)	46	1619	0	188	false	716	None
LINESTRING (3132375.419 230169.085, 3132379.756 230146.002)	46	1619	0	189	false	716	None
LINESTRING (3132379.756 230146.002, 3132396.418 230063.285)	46	1619	0	190	false	716	None
LINESTRING (3132396.418 230063.285, 3132402.691 230031.665)	46	1619	0	191	false	716	None
LINESTRING (3132402.691 230031.665, 3132424.305 229886.576)	46	1619	0	192	false	716	None
LINESTRING (3132424.305 229886.576, 3132425.631 229814.584)	46	1619	0	193	false	716	None
LINESTRING (3132425.631 229814.584, 3132425.811 229800.962)	46	1619	0	194	false	716	None
LINESTRING (3132425.811 229800.962, 3132423.28 229732.595)	46	1619	0	195	false	716	None
LINESTRING (3132423.28 229732.595, 3132440.306 229735.979)	46	1619	0	196	false	716	None
LINESTRING (3132440.306 229735.979, 3132449.052 229737.701)	46	1619	0	197	false	716	None
LINESTRING (3132449.052 229737.701, 3132474.674 229747.75)	46	1619	0	198	false	716	None
LINESTRING (3132474.674 229747.75, 3132489.027 229752.717)	46	1619	0	199	false	716	None
LINESTRING (3132489.027 229752.717, 3132500.998 229756.999)	46	1619	0	200	false	716	None
LINESTRING (3132500.998 229756.999, 3132505.17 229758.378)	46	1619	0	201	false	716	None
LINESTRING (3132505.17 229758.378, 3132522.116 229763.993)	46	1619	0	202	false	716	None
LINESTRING (3132522.116 229763.993, 3132539.658 229769.839)	46	1619	0	203	false	716	None
LINESTRING (3132539.658 229769.839, 3132572.512 229781.976)	46	1619	0	204	false	716	None
LINESTRING (3132572.512 229781.976, 3132589.217 229788.212)	46	1619	0	205	false	716	None
LINESTRING (3132589.217 229788.212, 3132612.737 229796.851)	46	1619	0	206	false	716	None
LINESTRING (3132612.737 229796.851, 3132655.821 229812.954)	46	1619	0	207	false	716	None
LINESTRING (3132655.821 229812.954, 3132682.927 229823.221)	46	1619	0	208	false	716	None
LINESTRING (3132682.927 229823.221, 3132706.242 229832.138)	46	1619	0	209	false	716	None
LINESTRING (3132706.242 229832.138, 3132715.875 229835.872)	46	1619	0	210	false	716	None
LINESTRING (3132715.875 229835.872, 3132754.957 229850.662)	46	1619	0	211	false	716	None
LINESTRING (3132754.957 229850.662, 3132840.964 229883.282)	46	1619	0	212	false	716	None
LINESTRING (3132840.964 229883.282, 3132900.847 229906.136)	46	1619	0	213	false	716	None
LINESTRING (3132900.847 229906.136, 3132949.391 229924.595)	46	1619	0	214	false	716	None
LINESTRING (3132949.391 229924.595, 3132966.522 229930.997)	46	1619	0	215	false	716	None
LINESTRING (3132966.522 229930.997, 3132969.592 229932.186)	46	1619	0	216	false	716	None
LINESTRING (3132969.592 229932.186, 3132973.087 229933.541)	46	1619	0	217	false	716	None
LINESTRING (3132973.087 229933.541, 3133024.806 229956.207)	46	1619	0	218	false	716	None
LINESTRING (3133024.806 229956.207, 3133025.618 229956.641)	46	1619	0	219	false	716	None
LINESTRING (3133025.618 229956.641, 3133028.572 229958.382)	46	1619	0	220	false	716	None
LINESTRING (3133028.572 229958.382, 3133047.027 229969.464)	46	1619	0	221	false	716	None
LINESTRING (3133047.027 229969.464, 3133056.745 229977.279)	46	1619	0	222	false	716	None
LINESTRING (3133056.745 229977.279, 3133070.636 229988.498)	46	1619	0	223	false	716	None
LINESTRING (3133070.636 229988.498, 3133085.575 230001.313)	46	1619	0	224	false	716	None
LINESTRING (3133085.575 230001.313, 3133094.923 230009.58)	46	1619	0	225	false	716	None
LINESTRING (3133094.923 230009.58, 3133109.22 230022.028)	46	1619	0	226	false	716	None
LINESTRING (3133109.22 230022.028, 3133111.166 230024.092)	46	1619	0	227	false	716	None
LINESTRING (3133111.166 230024.092, 3133112.68 230025.75)	46	1619	0	228	false	716	None
LINESTRING (3133112.68 230025.75, 3133161.047 230080.336)	46	1619	0	229	false	716	None
LINESTRING (3133161.047 230080.336, 3133177.114 230098.59)	46	1619	0	230	false	716	None
LINESTRING (3133177.114 230098.59, 3133209.849 230135.568)	46	1619	0	231	false	716	None
LINESTRING (3133209.849 230135.568, 3133216.133 230142.885)	46	1619	0	232	false	716	None
LINESTRING (3133216.133 230142.885, 3133247.769 230179.914)	46	1619	0	233	false	716	None
LINESTRING (3133247.769 230179.914, 3133254.203 230186.338)	46	1619	0	234	false	716	None
LINESTRING (3133254.203 230186.338, 3133283.197 230216.27)	46	1619	0	235	false	716	None
LINESTRING (3133283.197 230216.27, 3133330.869 230278.209)	46	1619	0	236	false	716	None
LINESTRING (3133330.869 230278.209, 3133367.118 230325.599)	46	1619	0	237	false	716	None
LINESTRING (3133367.118 230325.599, 3133390.74 230351.426)	46	1619	0	238	false	716	None
LINESTRING (3133390.74 230351.426, 3133423.975 230388.124)	46	1619	0	239	false	716	None
LINESTRING (3133423.975 230388.124, 3133448.27 230411.711)	46	1619	0	240	false	716	None
LINESTRING (3133448.27 230411.711, 3133469.215 230428.761)	46	1619	0	241	false	716	None
LINESTRING (3133469.215 230428.761, 3133493.43 230442.435)	46	1619	0	242	false	716	None
LINESTRING (3133493.43 230442.435, 3133527.925 230454.381)	46	1619	0	243	false	716	None
LINESTRING (3133527.925 230454.381, 3133542.789 230459.548)	46	1619	0	244	false	716	None
LINESTRING (3133542.789 230459.548, 3133600.683 230470.326)	46	1619	0	245	false	716	None
LINESTRING (3133600.683 230470.326, 3133635.827 230474.784)	46	1619	0	246	false	716	None
LINESTRING (3133635.827 230474.784, 3133672.284 230479.394)	46	1619	0	247	false	716	None
LINESTRING (3133672.284 230479.394, 3133758.457 230489.826)	46	1619	0	248	false	716	E:3133703.884 230483.21945809014
LINESTRING (3133758.457 230489.826, 3133672.284 230479.394)	46	1624	0	735	false	829	E:3133703.884 230483.21945809014
LINESTRING (3133672.284 230479.394, 3133635.827 230474.784)	46	1624	0	736	false	829	None
LINESTRING (3133635.827 230474.784, 3133600.683 230470.326)	46	1624	0	737	false	829	None
LINESTRING (3133600.683 230470.326, 3133542.789 230459.548)	46	1624	0	738	false	829	None
LINESTRING (3133542.789 230459.548, 3133527.925 230454.381)	46	1624	0	739	false	829	None
LINESTRING (3133527.925 230454.381, 3133493.43 230442.435)	46	1624	0	740	false	829	None
LINESTRING (3133493.43 230442.435, 3133469.215 230428.761)	46	1624	0	741	false	829	None
LINESTRING (3133469.215 230428.761, 3133448.27 230411.711)	46	1624	0	742	false	829	None
LINESTRING (3133448.27 230411.711, 3133423.975 230388.124)	46	1624	0	743	false	829	None
LINESTRING (3133423.975 230388.124, 3133390.74 230351.426)	46	1624	0	744	false	829	None
LINESTRING (3133390.74 230351.426, 3133367.118 230325.599)	46	1624	0	745	false	829	None
LINESTRING (3133367.118 230325.599, 3133330.869 230278.209)	46	1624	0	746	false	829	None
LINESTRING (3133330.869 230278.209, 3133283.197 230216.27)	46	1624	0	747	false	829	None
LINESTRING (3133283.197 230216.27, 3133254.203 230186.338)	46	1624	0	748	false	829	None
LINESTRING (3133254.203 230186.338, 3133247.769 230179.914)	46	1624	0	749	false	829	None
LINESTRING (3133247.769 230179.914, 3133216.133 230142.885)	46	1624	0	750	false	829	None
LINESTRING (3133216.133 230142.885, 3133209.849 230135.568)	46	1624	0	751	false	829	None
LINESTRING (3133209.849 230135.568, 3133177.114 230098.59)	46	1624	0	752	false	829	None
LINESTRING (3133177.114 230098.59, 3133161.047 230080.336)	46	1624	0	753	false	829	None
LINESTRING (3133161.047 230080.336, 3133112.68 230025.75)	46	1624	0	754	false	829	None
LINESTRING (3133112.68 230025.75, 3133111.166 230024.092)	46	1624	0	755	false	829	None
LINESTRING (3133111.166 230024.092, 3133109.22 230022.028)	46	1624	0	756	false	829	None
LINESTRING (3133109.22 230022.028, 3133094.923 230009.58)	46	1624	0	757	false	829	None
LINESTRING (3133094.923 230009.58, 3133085.575 230001.313)	46	1624	0	758	false	829	None
LINESTRING (3133085.575 230001.313, 3133070.636 229988.498)	46	1624	0	759	false	829	None
LINESTRING (3133070.636 229988.498, 3133056.745 229977.279)	46	1624	0	760	false	829	None
LINESTRING (3133056.745 229977.279, 3133047.027 229969.464)	46	1624	0	761	false	829	None
LINESTRING (3133047.027 229969.464, 3133028.572 229958.382)	46	1624	0	762	false	829	None
LINESTRING (3133028.572 229958.382, 3133025.618 229956.641)	46	1624	0	763	false	829	None
LINESTRING (3133025.618 229956.641, 3133024.806 229956.207)	46	1624	0	764	false	829	None
LINESTRING (3133024.806 229956.207, 3132973.087 229933.541)	46	1624	0	765	false	829	None
LINESTRING (3132973.087 229933.541, 3132969.592 229932.186)	46	1624	0	766	false	829	None
LINESTRING (3132969.592 229932.186, 3132966.522 229930.997)	46	1624	0	767	false	829	None
LINESTRING (3132966.522 229930.997, 3132949.391 229924.595)	46	1624	0	768	false	829	None
LINESTRING (3132949.391 229924.595, 3132900.847 229906.136)	46	1624	0	769	false	829	None
LINESTRING (3132900.847 229906.136, 3132840.964 229883.282)	46	1624	0	770	false	829	None
LINESTRING (3132840.964 229883.282, 3132754.957 229850.662)	46	1624	0	771	false	829	None
LINESTRING (3132754.957 229850.662, 3132715.875 229835.872)	46	1624	0	772	false	829	None
LINESTRING (3132715.875 229835.872, 3132706.242 229832.138)	46	1624	0	773	false	829	None
LINESTRING (3132706.242 229832.138, 3132682.927 229823.221)	46	1624	0	774	false	829	None
LINESTRING (3132682.927 229823.221, 3132655.821 229812.954)	46	1624	0	775	false	829	None
LINESTRING (3132655.821 229812.954, 3132612.737 229796.851)	46	1624	0	776	false	829	None
LINESTRING (3132612.737 229796.851, 3132589.217 229788.212)	46	1624	0	777	false	829	None
LINESTRING (3132589.217 229788.212, 3132572.512 229781.976)	46	1624	0	778	false	829	None
LINESTRING (3132572.512 229781.976, 3132539.658 229769.839)	46	1624	0	779	false	829	None
LINESTRING (3132539.658 229769.839, 3132522.116 229763.993)	46	1624	0	780	false	829	None
LINESTRING (3132522.116 229763.993, 3132505.17 229758.378)	46	1624	0	781	false	829	None
LINESTRING (3132505.17 229758.378, 3132500.998 229756.999)	46	1624	0	782	false	829	None
LINESTRING (3132500.998 229756.999, 3132489.027 229752.717)	46	1624	0	783	false	829	None
LINESTRING (3132489.027 229752.717, 3132474.674 229747.75)	46	1624	0	784	false	829	None
LINESTRING (3132474.674 229747.75, 3132449.052 229737.701)	46	1624	0	785	false	829	None
LINESTRING (3132449.052 229737.701, 3132440.306 229735.979)	46	1624	0	786	false	829	None
LINESTRING (3132440.306 229735.979, 3132423.28 229732.595)	46	1624	0	787	false	829	None
LINESTRING (3132423.28 229732.595, 3132418.79 229691.804)	46	1624	0	788	false	829	None
LINESTRING (3132418.79 229691.804, 3132418.704 229689.747)	46	1624	0	789	false	829	None
LINESTRING (3132418.704 229689.747, 3132415.448 229655.387)	46	1624	0	790	false	829	None
LINESTRING (3132415.448 229655.387, 3132407.902 229614.127)	46	1624	0	791	false	829	None
LINESTRING (3132407.902 229614.127, 3132398.311 229570.05)	46	1624	0	792	false	829	None
LINESTRING (3132398.311 229570.05, 3132396.791 229564.103)	46	1624	0	793	false	829	None
LINESTRING (3132396.791 229564.103, 3132385.755 229523.753)	46	1624	0	794	false	829	None
LINESTRING (3132385.755 229523.753, 3132378.673 229504.578)	46	1624	0	795	false	829	None
LINESTRING (3132378.673 229504.578, 3132377.153 229500.656)	46	1624	0	796	false	829	None
LINESTRING (3132377.153 229500.656, 3132362.545 229455.349)	46	1624	0	797	false	829	None
LINESTRING (3132362.545 229455.349, 3132359.26 229445.861)	46	1624	0	798	false	829	None
LINESTRING (3132359.26 229445.861, 3132352.302 229426.616)	46	1624	0	799	false	829	None
LINESTRING (3132352.302 229426.616, 3132351.54 229424.535)	46	1624	0	800	false	829	None
LINESTRING (3132351.54 229424.535, 3132349.764 229420.513)	46	1624	0	801	false	829	None
LINESTRING (3132349.764 229420.513, 3132341.398 229402.627)	46	1624	0	802	false	829	None
LINESTRING (3132341.398 229402.627, 3132338.569 229396.769)	46	1624	0	803	false	829	None
LINESTRING (3132338.569 229396.769, 3132335.288 229389.545)	46	1624	0	804	false	829	None
LINESTRING (3132335.288 229389.545, 3132332.193 229383.107)	46	1624	0	805	false	829	None
LINESTRING (3132332.193 229383.107, 3132330.728 229379.801)	46	1624	0	806	false	829	None
LINESTRING (3132330.728 229379.801, 3132325.577 229368.042)	46	1624	0	807	false	829	None
LINESTRING (3132325.577 229368.042, 3132324.203 229365.01)	46	1624	0	808	false	829	None
LINESTRING (3132324.203 229365.01, 3132322.296 229360.818)	46	1624	0	809	false	829	None
LINESTRING (3132322.296 229360.818, 3132312.565 229342.404)	46	1624	0	810	false	829	None
LINESTRING (3132312.565 229342.404, 3132299.363 229317.763)	46	1624	0	811	false	829	None
LINESTRING (3132299.363 229317.763, 3132282.951 229287.235)	46	1624	0	812	false	829	None
LINESTRING (3132282.951 229287.235, 3132273.094 229268.891)	46	1624	0	813	false	829	None
LINESTRING (3132273.094 229268.891, 3132270.496 229263.955)	46	1624	0	814	false	829	None
LINESTRING (3132270.496 229263.955, 3132240.83 229208.41)	46	1624	0	815	false	829	None
LINESTRING (3132240.83 229208.41, 3132143.739 229026.972)	46	1624	0	816	false	829	None
LINESTRING (3132143.739 229026.972, 3132136.305 229013.257)	46	1624	0	817	false	829	None
LINESTRING (3132136.305 229013.257, 3132112.26 228965.725)	46	1624	0	818	false	829	S:3132114.1544821383 228969.47
