LINESTRING (3087706.025 225755.334, 3086537.466 222632.958)	25	0	0	244	false	745	E:3086647.716 222927.5447123526
LINESTRING (3086537.466 222632.958, 3086480.813 222450.929)	25	0	0	245	false	745	None
LINESTRING (3086480.813 222450.929, 3086406.802 222202.154)	25	0	0	246	false	745	None
LINESTRING (3086406.802 222202.154, 3086250.114 221707.012)	25	0	0	247	false	745	None
LINESTRING (3086250.114 221707.012, 3086045.614 220729.894)	25	0	0	248	false	745	None
LINESTRING (3086045.614 220729.894, 3085993.474 220206.22)	25	0	0	249	false	745	None
LINESTRING (3085993.474 220206.22, 3085933.8 219780.437)	25	0	0	250	false	745	None
LINESTRING (3085933.8 219780.437, 3085902.147 219551.647)	25	0	0	251	false	745	None
LINESTRING (3085902.147 219551.647, 3085895.843 219387.655)	25	0	0	252	false	745	None
LINESTRING (3085895.843 219387.655, 3085918.275 219298.305)	25	0	0	253	false	745	None
LINESTRING (3085918.275 219298.305, 3085910.803 219259.692)	25	0	0	254	false	745	None
LINESTRING (3085910.803 219259.692, 3085892.861 219166.473)	25	0	0	255	false	745	None
LINESTRING (3085892.861 219166.473, 3085845.187 218918.629)	25	0	0	256	false	745	None
LINESTRING (3085845.187 218918.629, 3085698.748 218591.788)	25	0	0	257	false	745	None
LINESTRING (3085698.748 218591.788, 3085706.266 218497.941)	25	0	0	258	false	745	None
LINESTRING (3085706.266 218497.941, 3085763.185 218442.769)	25	0	0	259	false	745	None
LINESTRING (3085763.185 218442.769, 3085783.693 218276.885)	25	0	0	260	false	745	None
LINESTRING (3085783.693 218276.885, 3085787.243 218247.822)	25	0	0	261	false	745	None
LINESTRING (3085787.243 218247.822, 3085799.051 218191.968)	25	0	0	262	false	745	None
LINESTRING (3085799.051 218191.968, 3085855.366 218026.546)	25	0	0	263	false	745	None
LINESTRING (3085855.366 218026.546, 3085997.961 218108.828)	25	0	0	264	false	745	None
LINESTRING (3085997.961 218108.828, 3086143.476 218160.623)	25	0	0	265	false	745	None
LINESTRING (3086143.476 218160.623, 3086217.323 218149.808)	25	0	0	266	false	745	None
LINESTRING (3086217.323 218149.808, 3086177.833 218058.711)	25	0	0	267	false	745	None
LINESTRING (3086177.833 218058.711, 3086092.901 217998.053)	25	0	0	268	false	745	None
LINESTRING (3086092.901 217998.053, 3085991.904 217875.906)	25	0	0	269	false	745	None
LINESTRING (3085991.904 217875.906, 3085971.161 217781.028)	25	0	0	270	false	745	None
LINESTRING (3085971.161 217781.028, 3085973.565 217606.699)	25	0	0	271	false	745	None
LINESTRING (3085973.565 217606.699, 3085999.245 217520.609)	25	0	0	272	false	745	None
LINESTRING (3085999.245 217520.609, 3086053.774 217540.208)	25	0	0	273	false	745	None
LINESTRING (3086053.774 217540.208, 3086068.917 217452.002)	25	0	0	274	false	745	None
LINESTRING (3086068.917 217452.002, 3086080.457 217382.738)	25	0	0	275	false	745	None
LINESTRING (3086080.457 217382.738, 3086046.822 217294.472)	25	0	0	276	false	745	None
LINESTRING (3086046.822 217294.472, 3086166.568 217214.063)	25	0	0	277	false	745	None
LINESTRING (3086166.568 217214.063, 3086281.468 217222.817)	25	0	0	278	false	745	None
LINESTRING (3086281.468 217222.817, 3086372.355 217120.121)	25	0	0	279	false	745	S:3086300.9099024693 217200.849
LINESTRING (3086428.133 232310.413, 3086421.178 232307.399)	25	1	0	0	false	1095	None
LINESTRING (3086421.178 232307.399, 3086400.108 232298.639)	25	1	0	1	false	1095	None
LINESTRING (3086400.108 232298.639, 3086392.989 232295.8)	25	1	0	2	false	1095	None
LINESTRING (3086392.989 232295.8, 3086380.022 232290.372)	25	1	0	3	false	1095	None
LINESTRING (3086380.022 232290.372, 3086377.596 232289.564)	25	1	0	4	false	1095	None
LINESTRING (3086377.596 232289.564, 3086329.991 232274.591)	25	1	0	5	false	1095	None
LINESTRING (3086329.991 232274.591, 3086314.038 232269.567)	25	1	0	6	false	1095	None
LINESTRING (3086314.038 232269.567, 3086313.1 232269.209)	25	1	0	7	false	1095	None
LINESTRING (3086313.1 232269.209, 3086307.481 232267.3)	25	1	0	8	false	1095	None
LINESTRING (3086307.481 232267.3, 3086292.505 232262.531)	25	1	0	9	false	1095	None
LINESTRING (3086292.505 232262.531, 3086287.839 232259.917)	25	1	0	10	false	1095	None
LINESTRING (3086287.839 232259.917, 3086281.633 232256.477)	25	1	0	11	false	1095	None
LINESTRING (3086281.633 232256.477, 3086274.995 232252.634)	25	1	0	12	false	1095	None
LINESTRING (3086274.995 232252.634, 3086271.744 232250.917)	25	1	0	13	false	1095	None
LINESTRING (3086271.744 232250.917, 3086253.59 232243.983)	25	1	0	14	false	1095	None
LINESTRING (3086253.59 232243.983, 3086246.306 232241.32)	25	1	0	15	false	1095	None
LINESTRING (3086246.306 232241.32, 3086208.964 232226.582)	25	1	0	16	false	1095	None
LINESTRING (3086208.964 232226.582, 3086096.771 232182.544)	25	1	0	17	false	1095	None
LINESTRING (3086096.771 232182.544, 3086059.304 232167.878)	25	1	0	18	false	1095	None
LINESTRING (3086059.304 232167.878, 3085905.395 232113.141)	25	1	0	19	false	1095	None
LINESTRING (3085905.395 232113.141, 3085886.486 232106.395)	25	1	0	20	false	1095	None
LINESTRING (3085886.486 232106.395, 3085770.735 232065.283)	25	1	0	21	false	1095	None
LINESTRING (3085770.735 232065.283, 3085372.039 231910.428)	25	1	0	22	false	1095	None
LINESTRING (3085372.039 231910.428, 3085219.278 231851.152)	25	1	0	23	false	1095	None
LINESTRING (3085219.278 231851.152, 3085200.907 231844.02)	25	1	0	24	false	1095	None
LINESTRING (3085200.907 231844.02, 3085195.832 231841.963)	25	1	0	25	false	1095	None
LINESTRING (3085195.832 231841.963, 3085193.787 231841.182)	25	1	0	26	false	1095	None
LINESTRING (3085193.787 231841.182, 3085180.728 231835.484)	25	1	0	27	false	1095	None
LINESTRING (3085180.728 231835.484, 3085175.608 231833.291)	25	1	0	28	false	1095	None
LINESTRING (3085175.608 231833.291, 3085164.936 231828.504)	25	1	0	29	false	1095	None
LINESTRING (3085164.936 231828.504, 3085132.505 231814.458)	25	1	0	30	false	1095	None
LINESTRING (3085132.505 231814.458, 3085121.668 231809.845)	25	1	0	31	false	1095	None
LINESTRING (3085121.668 231809.845, 3085093.37 231799.042)	25	1	0	32	false	1095	None
LINESTRING (3085093.37 231799.042, 3085080.926 231794.291)	25	1	0	33	false	1095	None
LINESTRING (3085080.926 231794.291, 3085050.242 231782.577)	25	1	0	34	false	1095	None
LINESTRING (3085050.242 231782.577, 3084958.359 231747.499)	25	1	0	35	false	1095	None
LINESTRING (3084958.359 231747.499, 3084917.532 231731.913)	25	1	0	36	false	1095	None
LINESTRING (3084917.532 231731.913, 3084915.912 231731.295)	25	1	0	37	false	1095	None
LINESTRING (3084915.912 231731.295, 3084910.884 231729.375)	25	1	0	38	false	1095	None
LINESTRING (3084910.884 231729.375, 3084909.179 231728.725)	25	1	0	39	false	1095	None
LINESTRING (3084909.179 231728.725, 3084885.058 231719.516)	25	1	0	40	false	1095	None
LINESTRING (3084885.058 231719.516, 3084812.319 231692.105)	25	1	0	41	false	1095	None
LINESTRING (3084812.319 231692.105, 3084788.033 231683.072)	25	1	0	42	false	1095	None
LINESTRING (3084788.033 231683.072, 3084754.03 231670.33)	25	1	0	43	false	1095	None
LINESTRING (3084754.03 231670.33, 3084651.942 231632.312)	25	1	0	44	false	1095	None
LINESTRING (3084651.942 231632.312, 3084617.899 231619.674)	25	1	0	45	false	1095	None
LINESTRING (3084617.899 231619.674, 3084573.458 231603.067)	25	1	0	46	false	1095	None
LINESTRING (3084573.458 231603.067, 3084439.877 231553.15)	25	1	0	47	false	1095	None
LINESTRING (3084439.877 231553.15, 3084395.35 231536.511)	25	1	0	48	false	1095	None
LINESTRING (3084395.35 231536.511, 3083936.553 231362.84)	25	1	0	49	false	1095	None
LINESTRING (3083936.553 231362.84, 3082559.892 230842.02)	25	1	0	50	false	1095	None
LINESTRING (3082559.892 230842.02, 3082100.93 230668.524)	25	1	0	51	false	1095	None
LINESTRING (3082100.93 230668.524, 3082090.53 230664.558)	25	1	0	52	false	1095	None
LINESTRING (3082090.53 230664.558, 3082081.92 230661.274)	25	1	0	53	false	1095	None
LINESTRING (3082081.92 230661.274, 3082064.283 230653.241)	25	1	0	54	false	1095	None
LINESTRING (3082064.283 230653.241, 3082059.884 230651.207)	25	1	0	55	false	1095	None
LINESTRING (3082059.884 230651.207, 3082049.636 230646.586)	25	1	0	56	false	1095	None
LINESTRING (3082049.636 230646.586, 3082048.141 230645.897)	25	1	0	57	false	1095	None
LINESTRING (3082048.141 230645.897, 3082032.425 230638.716)	25	1	0	58	false	1095	None
LINESTRING (3082032.425 230638.716, 3081977.39 230617.372)	25	1	0	59	false	1095	None
LINESTRING (3081977.39 230617.372, 3081759.042 230532.924)	25	1	0	60	false	1095	None
LINESTRING (3081759.042 230532.924, 3081688.832 230505.796)	25	1	0	61	false	1095	None
LINESTRING (3081688.832 230505.796, 3081686.15 230504.892)	25	1	0	62	false	1095	None
LINESTRING (3081686.15 230504.892, 3081634.444 230485.059)	25	1	0	63	false	1095	None
LINESTRING (3081634.444 230485.059, 3081478.991 230425.67)	25	1	0	64	false	1095	None
LINESTRING (3081478.991 230425.67, 3081427.16 230405.908)	25	1	0	65	false	1095	None
LINESTRING (3081427.16 230405.908, 3081425.245 230405.297)	25	1	0	66	false	1095	None
LINESTRING (3081425.245 230405.297, 3081409.729 230399.382)	25	1	0	67	false	1095	None
LINESTRING (3081409.729 230399.382, 3081297.908 230357.701)	25	1	0	68	false	1095	None
LINESTRING (3081297.908 230357.701, 3080909.772 230213.304)	25	1	0	69	false	1095	None
LINESTRING (3080909.772 230213.304, 3080780.392 230165.176)	25	1	0	70	false	1095	None
LINESTRING (3080780.392 230165.176, 3080612.587 230103.355)	25	1	0	71	false	1095	None
LINESTRING (3080612.587 230103.355, 3080592.9 230096.089)	25	1	0	72	false	1095	None
LINESTRING (3080592.9 230096.089, 3080251.49 229970.25)	25	1	0	73	false	1095	None
LINESTRING (3080251.49 229970.25, 3080030.285 229888.688)	25	1	0	74	false	1095	None
LINESTRING (3080030.285 229888.688, 3079870.869 229829.963)	25	1	0	75	false	1095	None
LINESTRING (3079870.869 229829.963, 3079843.137 229818.445)	25	1	0	76	false	1095	None
LINESTRING (3079843.137 229818.445, 3079840.363 229817.269)	25	1	0	77	false	1095	None
LINESTRING (3079840.363 229817.269, 3079831.7 229813.612)	25	1	0	78	false	1095	None
LINESTRING (3079831.7 229813.612, 3079828.802 229812.507)	25	1	0	79	false	1095	None
LINESTRING (3079828.802 229812.507, 3079826.795 229811.624)	25	1	0	80	false	1095	None
LINESTRING (3079826.795 229811.624, 3079816.939 229807.512)	25	1	0	81	false	1095	None
LINESTRING (3079816.939 229807.512, 3079804.537 229802.906)	25	1	0	82	false	1095	None
LINESTRING (3079804.537 229802.906, 3079730.777 229775.871)	25	1	0	83	false	1095	None
LINESTRING (3079730.777 229775.871, 3079706.19 229766.859)	25	1	0	84	false	1095	None
LINESTRING (3079706.19 229766.859, 3079515.069 229696.537)	25	1	0	85	false	1095	None
LINESTRING (3079515.069 229696.537, 3078941.362 229485.709)	25	1	0	86	false	1095	None
LINESTRING (3078941.362 229485.709, 3078830.268 229444.938)	25	1	0	87	false	1095	None
LINESTRING (3078830.268 229444.938, 3078750.98 229413.193)	25	1	0	88	false	1095	None
LINESTRING (3078750.98 229413.193, 3078750.298 229412.934)	25	1	0	89	false	1095	None
LINESTRING (3078750.298 229412.934, 3078744.199 229410.492)	25	1	0	90	false	1095	None
LINESTRING (3078744.199 229410.492, 3078723.776 229402.594)	25	1	0	91	false	1095	None
LINESTRING (3078723.776 229402.594, 3078721.644 229401.783)	25	1	0	92	false	1095	None
LINESTRING (3078721.644 229401.783, 3078716.791 229400.172)	25	1	0	93	false	1095	None
LINESTRING (3078716.791 229400.172, 3078686.141 229390.161)	25	1	0	94	false	1095	None
LINESTRING (3078686.141 229390.161, 3078594.106 229360.099)	25	1	0	95	false	1095	None
LINESTRING (3078594.106 229360.099, 3078563.371 229350.056)	25	1	0	96	false	1095	None
LINESTRING (3078563.371 229350.056, 3078505.837 229330.402)	25	1	0	97	false	1095	None
LINESTRING (3078505.837 229330.402, 3078333.11 229271.513)	25	1	0	98	false	1095	None
LINESTRING (3078333.11 229271.513, 3078275.451 229251.931)	25	1	0	99	false	1095	None
LINESTRING (3078275.451 229251.931, 3077340.192 228911.517)	25	1	0	100	false	1095	None
LINESTRING (3077340.192 228911.517, 3077365.96 228828.186)	25	1	0	101	false	1095	None
LINESTRING (3077365.96 228828.186, 3077398.959 228834.333)	25	1	0	102	false	1095	None
LINESTRING (3077398.959 228834.333, 3077443.063 228839.005)	25	1	0	103	false	1095	None
LINESTRING (3077443.063 228839.005, 3077511.177 228838.561)	25	1	0	104	false	1095	None
LINESTRING (3077511.177 228838.561, 3077544.12 228795.622)	25	1	0	105	false	1095	None
LINESTRING (3077544.12 228795.622, 3077570.547 228747.232)	25	1	0	106	false	1095	None
LINESTRING (3077570.547 228747.232, 3077593.941 228726.556)	25	1	0	107	false	1095	None
LINESTRING (3077593.941 228726.556, 3077630.817 228717.904)	25	1	0	108	false	1095	None
LINESTRING (3077630.817 228717.904, 3077672.062 228695.47)	25	1	0	109	false	1095	None
LINESTRING (3077672.062 228695.47, 3077701.901 228653.25)	25	1	0	110	false	1095	None
LINESTRING (3077701.901 228653.25, 3077690.148 228612.066)	25	1	0	111	false	1095	None
LINESTRING (3077690.148 228612.066, 3077664.596 228574.3)	25	1	0	112	false	1095	None
LINESTRING (3077664.596 228574.3, 3077642.329 228523.292)	25	1	0	113	false	1095	None
LINESTRING (3077642.329 228523.292, 3077629.049 228473.804)	25	1	0	114	false	1095	None
LINESTRING (3077629.049 228473.804, 3077657.197 228413.714)	25	1	0	115	false	1095	None
LINESTRING (3077657.197 228413.714, 3077705.906 228384.499)	25	1	0	116	false	1095	None
LINESTRING (3077705.906 228384.499, 3077756.624 228391.809)	25	1	0	117	false	1095	None
LINESTRING (3077756.624 228391.809, 3077779.081 228427.445)	25	1	0	118	false	1095	None
LINESTRING (3077779.081 228427.445, 3077807.96 228476.219)	25	1	0	119	false	1095	None
LINESTRING (3077807.96 228476.219, 3077816.594 228540.215)	25	1	0	120	false	1095	None
LINESTRING (3077816.594 228540.215, 3077825.172 228555.123)	25	1	0	121	false	1095	None
LINESTRING (3077825.172 228555.123, 3077867.736 228507.175)	25	1	0	122	false	1095	None
LINESTRING (3077867.736 228507.175, 3077914.811 228447.638)	25	1	0	123	false	1095	None
LINESTRING (3077914.811 228447.638, 3077988.055 228574.25)	25	1	0	124	false	1095	None
LINESTRING (3077988.055 228574.25, 3078000.219 228606.92)	25	1	0	125	false	1095	None
LINESTRING (3078000.219 228606.92, 3078021.166 228612.162)	25	1	0	126	false	1095	None
LINESTRING (3078021.166 228612.162, 3078034.664 228602.095)	25	1	0	127	false	1095	None
LINESTRING (3078034.664 228602.095, 3078038.702 228554.566)	25	1	0	128	false	1095	None
LINESTRING (3078038.702 228554.566, 3078042.545 228541.654)	25	1	0	129	false	1095	None
LINESTRING (3078042.545 228541.654, 3078066.647 228460.659)	25	1	0	130	false	1095	None
LINESTRING (3078066.647 228460.659, 3078085.573 228404.542)	25	1	0	131	false	1095	None
LINESTRING (3078085.573 228404.542, 3078109.189 228390.724)	25	1	0	132	false	1095	None
LINESTRING (3078109.189 228390.724, 3078120.796 228397.163)	25	1	0	133	false	1095	None
LINESTRING (3078120.796 228397.163, 3078143.755 228409.944)	25	1	0	134	false	1095	None
LINESTRING (3078143.755 228409.944, 3078157.241 228439.909)	25	1	0	135	false	1095	None
LINESTRING (3078157.241 228439.909, 3078166.873 228461.278)	25	1	0	136	false	1095	None
LINESTRING (3078166.873 228461.278, 3078171.462 228515.894)	25	1	0	137	false	1095	None
LINESTRING (3078171.462 228515.894, 3078165.758 228567.54)	25	1	0	138	false	1095	None
LINESTRING (3078165.758 228567.54, 3078161.358 228620.634)	25	1	0	139	false	1095	None
LINESTRING (3078161.358 228620.634, 3078158.623 228669.609)	25	1	0	140	false	1095	None
LINESTRING (3078158.623 228669.609, 3078174.427 228697.844)	25	1	0	141	false	1095	None
LINESTRING (3078174.427 228697.844, 3078191.661 228737.196)	25	1	0	142	false	1095	None
LINESTRING (3078191.661 228737.196, 3078180.704 228784.942)	25	1	0	143	false	1095	None
LINESTRING (3078180.704 228784.942, 3078146.162 228854.121)	25	1	0	144	false	1095	None
LINESTRING (3078146.162 228854.121, 3078108.57 228916.437)	25	1	0	145	false	1095	None
LINESTRING (3078108.57 228916.437, 3078089.904 228984.176)	25	1	0	146	false	1095	None
LINESTRING (3078089.904 228984.176, 3078082.533 229039.941)	25	1	0	147	false	1095	None
LINESTRING (3078082.533 229039.941, 3078084.33 229099.315)	25	1	0	148	false	1095	None
LINESTRING (3078084.33 229099.315, 3078101.246 229144.368)	25	1	0	149	false	1095	None
LINESTRING (3078101.246 229144.368, 3078135.34 229184.558)	25	1	0	150	false	1095	None
LINESTRING (3078135.34 229184.558, 3078166.758 229199.729)	25	1	0	151	false	1095	None
LINESTRING (3078166.758 229199.729, 3078191.66 229204.579)	25	1	0	152	false	1095	None
LINESTRING (3078191.66 229204.579, 3078218.437 229177.589)	25	1	0	153	false	1095	None
LINESTRING (3078218.437 229177.589, 3078222.134 229170.442)	25	1	0	154	false	1095	None
LINESTRING (3078222.134 229170.442, 3078230.727 229153.518)	25	1	0	155	false	1095	None
LINESTRING (3078230.727 229153.518, 3078317.194 228837.747)	25	1	0	156	false	1095	None
LINESTRING (3078317.194 228837.747, 3078384.024 228744.033)	25	1	0	157	false	1095	None
LINESTRING (3078384.024 228744.033, 3078390.613 228515.465)	25	1	0	158	false	1095	None
LINESTRING (3078390.613 228515.465, 3078352.582 228471.757)	25	1	0	159	false	1095	None
LINESTRING (3078352.582 228471.757, 3078360.2 228412.523)	25	1	0	160	false	1095	None
LINESTRING (3078360.2 228412.523, 3078395.334 228348.203)	25	1	0	161	false	1095	None
LINESTRING (3078395.334 228348.203, 3078430.146 228380.111)	25	1	0	162	false	1095	None
LINESTRING (3078430.146 228380.111, 3078447.92 228252.154)	25	1	0	163	false	1095	None
LINESTRING (3078447.92 228252.154, 3078466.066 228089.885)	25	1	0	164	false	1095	None
LINESTRING (3078466.066 228089.885, 3078452.672 228018.136)	25	1	0	165	false	1095	None
LINESTRING (3078452.672 228018.136, 3078402.652 228063.6)	25	1	0	166	false	1095	None
LINESTRING (3078402.652 228063.6, 3078361.051 228176.187)	25	1	0	167	false	1095	None
LINESTRING (3078361.051 228176.187, 3078345.846 228114.322)	25	1	0	168	false	1095	None
LINESTRING (3078345.846 228114.322, 3078327.045 228021.387)	25	1	0	169	false	1095	None
LINESTRING (3078327.045 228021.387, 3078320.939 227898.951)	25	1	0	170	false	1095	None
LINESTRING (3078320.939 227898.951, 3078257.744 227874.652)	25	1	0	171	false	1095	None
LINESTRING (3078257.744 227874.652, 3078190.069 227921.355)	25	1	0	172	false	1095	None
LINESTRING (3078190.069 227921.355, 3078129.608 227925.779)	25	1	0	173	false	1095	None
LINESTRING (3078129.608 227925.779, 3078075.181 227975.388)	25	1	0	174	false	1095	None
LINESTRING (3078075.181 227975.388, 3078108.515 228057.342)	25	1	0	175	false	1095	None
LINESTRING (3078108.515 228057.342, 3078106.066 228115.574)	25	1	0	176	false	1095	None
LINESTRING (3078106.066 228115.574, 3078033.057 228079.104)	25	1	0	177	false	1095	None
LINESTRING (3078033.057 228079.104, 3077984.45 228045.985)	25	1	0	178	false	1095	None
LINESTRING (3077984.45 228045.985, 3077959.411 228095.854)	25	1	0	179	false	1095	None
LINESTRING (3077959.411 228095.854, 3077947.218 228079.925)	25	1	0	180	false	1095	None
LINESTRING (3077947.218 228079.925, 3077963.148 227993.205)	25	1	0	181	false	1095	None
LINESTRING (3077963.148 227993.205, 3077918.932 227889.053)	25	1	0	182	false	1095	None
LINESTRING (3077918.932 227889.053, 3077825.367 227910.933)	25	1	0	183	false	1095	None
LINESTRING (3077825.367 227910.933, 3077758.317 227932.928)	25	1	0	184	false	1095	None
LINESTRING (3077758.317 227932.928, 3077702.769 227983.181)	25	1	0	185	false	1095	None
LINESTRING (3077702.769 227983.181, 3077636.24 227965.339)	25	1	0	186	false	1095	None
LINESTRING (3077636.24 227965.339, 3077560.828 228092.143)	25	1	0	187	false	1095	None
LINESTRING (3077560.828 228092.143, 3077518.004 228089.741)	25	1	0	188	false	1095	None
LINESTRING (3077518.004 228089.741, 3077497.909 228041.224)	25	1	0	189	false	1095	None
LINESTRING (3077497.909 228041.224, 3077560.724 227899.29)	25	1	0	190	false	1095	None
LINESTRING (3077560.724 227899.29, 3077490.64 227834.359)	25	1	0	191	false	1095	None
LINESTRING (3077490.64 227834.359, 3077460.764 227876.683)	25	1	0	192	false	1095	None
LINESTRING (3077460.764 227876.683, 3077403.83 227873.901)	25	1	0	193	false	1095	None
LINESTRING (3077403.83 227873.901, 3077347.568 227869.355)	25	1	0	194	false	1095	None
LINESTRING (3077347.568 227869.355, 3077311.228 227821.19)	25	1	0	195	false	1095	None
LINESTRING (3077311.228 227821.19, 3077294.921 227780.413)	25	1	0	196	false	1095	None
LINESTRING (3077294.921 227780.413, 3077376.003 227746.173)	25	1	0	197	false	1095	None
LINESTRING (3077376.003 227746.173, 3077441.295 227700.578)	25	1	0	198	false	1095	None
LINESTRING (3077441.295 227700.578, 3077623.636 227698.112)	25	1	0	199	false	1095	None
LINESTRING (3077623.636 227698.112, 3077723.396 227582.24)	25	1	0	200	false	1095	None
LINESTRING (3077723.396 227582.24, 3077672.143 227512.716)	25	1	0	201	false	1095	None
LINESTRING (3077672.143 227512.716, 3077656.34 227478.307)	25	1	0	202	false	1095	None
LINESTRING (3077656.34 227478.307, 3077732.839 227476.896)	25	1	0	203	false	1095	None
LINESTRING (3077732.839 227476.896, 3077776.185 227439.461)	25	1	0	204	false	1095	None
LINESTRING (3077776.185 227439.461, 3077807.592 227470.068)	25	1	0	205	false	1095	None
LINESTRING (3077807.592 227470.068, 3077851.269 227524.354)	25	1	0	206	false	1095	None
LINESTRING (3077851.269 227524.354, 3078099.926 227463.387)	25	1	0	207	false	1095	None
LINESTRING (3078099.926 227463.387, 3078098.554 227376.971)	25	1	0	208	false	1095	None
LINESTRING (3078098.554 227376.971, 3077988.069 227279.905)	25	1	0	209	false	1095	None
LINESTRING (3077988.069 227279.905, 3077991.933 227230.768)	25	1	0	210	false	1095	None
LINESTRING (3077991.933 227230.768, 3078124.036 227274.643)	25	1	0	211	false	1095	None
LINESTRING (3078124.036 227274.643, 3078191.97 227291.12)	25	1	0	212	false	1095	None
LINESTRING (3078191.97 227291.12, 3078203.343 227188.41)	25	1	0	213	false	1095	None
LINESTRING (3078203.343 227188.41, 3078264.019 227188.819)	25	1	0	214	false	1095	None
LINESTRING (3078264.019 227188.819, 3078291.636 227129.359)	25	1	0	215	false	1095	None
LINESTRING (3078291.636 227129.359, 3078277.081 227094.236)	25	1	0	216	false	1095	None
LINESTRING (3078277.081 227094.236, 3078250.412 227030.147)	25	1	0	217	false	1095	None
LINESTRING (3078250.412 227030.147, 3078193.812 226933.874)	25	1	0	218	false	1095	None
LINESTRING (3078193.812 226933.874, 3078141.213 226967.905)	25	1	0	219	false	1095	None
LINESTRING (3078141.213 226967.905, 3078092.316 226917.571)	25	1	0	220	false	1095	None
LINESTRING (3078092.316 226917.571, 3078048.32 226885.141)	25	1	0	221	false	1095	None
LINESTRING (3078048.32 226885.141, 3077963.836 227005.757)	25	1	0	222	false	1095	None
LINESTRING (3077963.836 227005.757, 3077939.444 226969.029)	25	1	0	223	false	1095	None
LINESTRING (3077939.444 226969.029, 3077883.578 226916.994)	25	1	0	224	false	1095	None
LINESTRING (3077883.578 226916.994, 3077723.254 227070.636)	25	1	0	225	false	1095	None
LINESTRING (3077723.254 227070.636, 3077725.255 226926.345)	25	1	0	226	false	1095	None
LINESTRING (3077725.255 226926.345, 3077589.833 226894.52)	25	1	0	227	false	1095	None
LINESTRING (3077589.833 226894.52, 3077496.568 226948.953)	25	1	0	228	false	1095	None
LINESTRING (3077496.568 226948.953, 3077454.244 226965.75)	25	1	0	229	false	1095	None
LINESTRING (3077454.244 226965.75, 3077470.964 226861.276)	25	1	0	230	false	1095	None
LINESTRING (3077470.964 226861.276, 3077537.266 226776.862)	25	1	0	231	false	1095	None
LINESTRING (3077537.266 226776.862, 3077512.737 226743.054)	25	1	0	232	false	1095	None
LINESTRING (3077512.737 226743.054, 3077400.462 226710.183)	25	1	0	233	false	1095	None
LINESTRING (3077400.462 226710.183, 3077279.74 226707.718)	25	1	0	234	false	1095	None
LINESTRING (3077279.74 226707.718, 3077208.539 226710.083)	25	1	0	235	false	1095	None
LINESTRING (3077208.539 226710.083, 3077160.006 226702.661)	25	1	0	236	false	1095	None
LINESTRING (3077160.006 226702.661, 3077182.28 226660.293)	25	1	0	237	false	1095	None
LINESTRING (3077182.28 226660.293, 3077230.579 226617.019)	25	1	0	238	false	1095	None
LINESTRING (3077230.579 226617.019, 3077262.755 226540.168)	25	1	0	239	false	1095	None
LINESTRING (3077262.755 226540.168, 3077263.865 226489.271)	25	1	0	240	false	1095	None
LINESTRING (3077263.865 226489.271, 3077265.439 226409.445)	25	1	0	241	false	1095	None
LINESTRING (3077265.439 226409.445, 3077242.322 226358.833)	25	1	0	242	false	1095	None
LINESTRING (3077242.322 226358.833, 3077025.585 226299.997)	25	1	0	243	false	1095	None
LINESTRING (3077025.585 226299.997, 3076937.52 226284.068)	25	1	0	244	false	1095	None
LINESTRING (3076937.52 226284.068, 3076890.082 226235.013)	25	1	0	245	false	1095	None
LINESTRING (3076890.082 226235.013, 3076888.081 226227.956)	25	1	0	246	false	1095	None
LINESTRING (3076888.081 226227.956, 3076878 226194.659)	25	1	0	247	false	1095	None
LINESTRING (3076878 226194.659, 3076878.004 226170.784)	25	1	0	248	false	1095	None
LINESTRING (3076878.004 226170.784, 3076968.396 226105.154)	25	1	0	249	false	1095	None
LINESTRING (3076968.396 226105.154, 3077053.514 226116.516)	25	1	0	250	false	1095	None
LINESTRING (3077053.514 226116.516, 3077075.376 225992.856)	25	1	0	251	false	1095	None
LINESTRING (3077075.376 225992.856, 3076994.726 225881.983)	25	1	0	252	false	1095	None
LINESTRING (3076994.726 225881.983, 3076937.321 225826.523)	25	1	0	253	false	1095	None
LINESTRING (3076937.321 225826.523, 3076945.502 225734.959)	25	1	0	254	false	1095	None
LINESTRING (3076945.502 225734.959, 3077028.246 225747.436)	25	1	0	255	false	1095	None
LINESTRING (3077028.246 225747.436, 3077098.758 225757.159)	25	1	0	256	false	1095	None
LINESTRING (3077098.758 225757.159, 3077153.554 225729.661)	25	1	0	257	false	1095	None
LINESTRING (3077153.554 225729.661, 3077152.685 225765.562)	25	1	0	258	false	1095	None
LINESTRING (3077152.685 225765.562, 3077110.145 225831.936)	25	1	0	259	false	1095	None
LINESTRING (3077110.145 225831.936, 3077109.262 225908.934)	25	1	0	260	false	1095	None
LINESTRING (3077109.262 225908.934, 3077183.527 225964.99)	25	1	0	261	false	1095	None
LINESTRING (3077183.527 225964.99, 3077213.251 226013.127)	25	1	0	262	false	1095	None
LINESTRING (3077213.251 226013.127, 3077211.545 226071.756)	25	1	0	263	false	1095	None
LINESTRING (3077211.545 226071.756, 3077328.282 226151.936)	25	1	0	264	false	1095	None
LINESTRING (3077328.282 226151.936, 3077442.316 226267.441)	25	1	0	265	false	1095	None
LINESTRING (3077442.316 226267.441, 3077527.009 226375.109)	25	1	0	266	false	1095	None
LINESTRING (3077527.009 226375.109, 3077661.094 226431.249)	25	1	0	267	false	1095	None
LINESTRING (3077661.094 226431.249, 3077808.36 226449.166)	25	1	0	268	false	1095	None
LINESTRING (3077808.36 226449.166, 3077912.377 226445.516)	25	1	0	269	false	1095	None
LINESTRING (3077912.377 226445.516, 3077948.209 226361.384)	25	1	0	270	false	1095	None
LINESTRING (3077948.209 226361.384, 3077960.203 226287.543)	25	1	0	271	false	1095	None
LINESTRING (3077960.203 226287.543, 3078000.322 226238.069)	25	1	0	272	false	1095	None
LINESTRING (3078000.322 226238.069, 3078010.832 226225.081)	25	1	0	273	false	1095	None
LINESTRING (3078010.832 226225.081, 3077985.329 226101.21)	25	1	0	274	false	1095	None
LINESTRING (3077985.329 226101.21, 3077939.081 226015.417)	25	1	0	275	false	1095	None
LINESTRING (3077939.081 226015.417, 3077923.919 225886.692)	25	1	0	276	false	1095	None
LINESTRING (3077923.919 225886.692, 3077938.87 225838.686)	25	1	0	277	false	1095	None
LINESTRING (3077938.87 225838.686, 3077963.791 225834.272)	25	1	0	278	false	1095	None
LINESTRING (3077963.791 225834.272, 3077987.662 225830.053)	25	1	0	279	false	1095	None
LINESTRING (3077987.662 225830.053, 3078043.15 225901.067)	25	1	0	280	false	1095	None
LINESTRING (3078043.15 225901.067, 3078105.633 225918.554)	25	1	0	281	false	1095	None
LINESTRING (3078105.633 225918.554, 3078216.949 225949.877)	25	1	0	282	false	1095	None
LINESTRING (3078216.949 225949.877, 3078242.185 225963.879)	25	1	0	283	false	1095	None
LINESTRING (3078242.185 225963.879, 3078293.958 226026.948)	25	1	0	284	false	1095	None
LINESTRING (3078293.958 226026.948, 3078333.107 226054.681)	25	1	0	285	false	1095	None
LINESTRING (3078333.107 226054.681, 3078348.461 226041.281)	25	1	0	286	false	1095	None
LINESTRING (3078348.461 226041.281, 3078359.565 225967.219)	25	1	0	287	false	1095	None
LINESTRING (3078359.565 225967.219, 3078362.005 225950.803)	25	1	0	288	false	1095	None
LINESTRING (3078362.005 225950.803, 3078451.873 225920.981)	25	1	0	289	false	1095	None
LINESTRING (3078451.873 225920.981, 3078459.936 225965.986)	25	1	0	290	false	1095	None
LINESTRING (3078459.936 225965.986, 3078456.729 226131.916)	25	1	0	291	false	1095	None
LINESTRING (3078456.729 226131.916, 3078452.115 226149.168)	25	1	0	292	false	1095	None
LINESTRING (3078452.115 226149.168, 3078462.282 226144.009)	25	1	0	293	false	1095	None
LINESTRING (3078462.282 226144.009, 3078488.034 226131.003)	25	1	0	294	false	1095	None
LINESTRING (3078488.034 226131.003, 3078493.951 226128.029)	25	1	0	295	false	1095	None
LINESTRING (3078493.951 226128.029, 3078615.704 226066.272)	25	1	0	296	false	1095	None
LINESTRING (3078615.704 226066.272, 3078733.18 225876.722)	25	1	0	297	false	1095	None
LINESTRING (3078733.18 225876.722, 3078821.978 225577.295)	25	1	0	298	false	1095	None
LINESTRING (3078821.978 225577.295, 3078815.419 225443.168)	25	1	0	299	false	1095	None
LINESTRING (3078815.419 225443.168, 3078762.39 225253.573)	25	1	0	300	false	1095	None
LINESTRING (3078762.39 225253.573, 3078948.032 225273.638)	25	1	0	301	false	1095	None
LINESTRING (3078948.032 225273.638, 3078998.391 225260.14)	25	1	0	302	false	1095	None
LINESTRING (3078998.391 225260.14, 3079019.751 225255.085)	25	1	0	303	false	1095	None
LINESTRING (3079019.751 225255.085, 3079045.569 225167.261)	25	1	0	304	false	1095	None
LINESTRING (3079045.569 225167.261, 3079015.571 225094.184)	25	1	0	305	false	1095	None
LINESTRING (3079015.571 225094.184, 3078853.179 224962.746)	25	1	0	306	false	1095	None
LINESTRING (3078853.179 224962.746, 3078822.902 224890.396)	25	1	0	307	false	1095	None
LINESTRING (3078822.902 224890.396, 3078969.903 224898.838)	25	1	0	308	false	1095	None
LINESTRING (3078969.903 224898.838, 3078963.257 224785.706)	25	1	0	309	false	1095	None
LINESTRING (3078963.257 224785.706, 3078950.652 224688.483)	25	1	0	310	false	1095	None
LINESTRING (3078950.652 224688.483, 3079046.868 224687.69)	25	1	0	311	false	1095	None
LINESTRING (3079046.868 224687.69, 3079024.583 224647.962)	25	1	0	312	false	1095	None
LINESTRING (3079024.583 224647.962, 3079037.777 224581.231)	25	1	0	313	false	1095	None
LINESTRING (3079037.777 224581.231, 3079048.678 224541.307)	25	1	0	314	false	1095	None
LINESTRING (3079048.678 224541.307, 3079072.042 224467.874)	25	1	0	315	false	1095	None
LINESTRING (3079072.042 224467.874, 3078969.039 224409.774)	25	1	0	316	false	1095	None
LINESTRING (3078969.039 224409.774, 3079004.897 224340.979)	25	1	0	317	false	1095	None
LINESTRING (3079004.897 224340.979, 3078966.31 224237.074)	25	1	0	318	false	1095	None
LINESTRING (3078966.31 224237.074, 3078779.656 224132.881)	25	1	0	319	false	1095	None
LINESTRING (3078779.656 224132.881, 3078741.61 224081.691)	25	1	0	320	false	1095	None
LINESTRING (3078741.61 224081.691, 3078784.95 224026.079)	25	1	0	321	false	1095	None
LINESTRING (3078784.95 224026.079, 3078844.437 223967.822)	25	1	0	322	false	1095	None
LINESTRING (3078844.437 223967.822, 3078789.052 223934.98)	25	1	0	323	false	1095	None
LINESTRING (3078789.052 223934.98, 3078733.548 223740.771)	25	1	0	324	false	1095	None
LINESTRING (3078733.548 223740.771, 3078635.743 223720.058)	25	1	0	325	false	1095	None
LINESTRING (3078635.743 223720.058, 3078644.988 223671.901)	25	1	0	326	false	1095	None
LINESTRING (3078644.988 223671.901, 3078628.579 223639.046)	25	1	0	327	false	1095	None
LINESTRING (3078628.579 223639.046, 3078592.158 223600.001)	25	1	0	328	false	1095	None
LINESTRING (3078592.158 223600.001, 3078567.26 223573.538)	25	1	0	329	false	1095	None
LINESTRING (3078567.26 223573.538, 3078600.634 223537.178)	25	1	0	330	false	1095	None
LINESTRING (3078600.634 223537.178, 3078777.539 223554.613)	25	1	0	331	false	1095	None
LINESTRING (3078777.539 223554.613, 3078858.052 223568.151)	25	1	0	332	false	1095	None
LINESTRING (3078858.052 223568.151, 3078860.34 223659.662)	25	1	0	333	false	1095	None
LINESTRING (3078860.34 223659.662, 3079050.079 223776.313)	25	1	0	334	false	1095	None
LINESTRING (3079050.079 223776.313, 3079057.579 223727.611)	25	1	0	335	false	1095	None
LINESTRING (3079057.579 223727.611, 3079078.395 223612.106)	25	1	0	336	false	1095	None
LINESTRING (3079078.395 223612.106, 3079082.708 223439.356)	25	1	0	337	false	1095	None
LINESTRING (3079082.708 223439.356, 3079126.571 223395.466)	25	1	0	338	false	1095	None
LINESTRING (3079126.571 223395.466, 3079136.917 223443.478)	25	1	0	339	false	1095	None
LINESTRING (3079136.917 223443.478, 3079180.434 223496.988)	25	1	0	340	false	1095	None
LINESTRING (3079180.434 223496.988, 3079202.841 223505.873)	25	1	0	341	false	1095	None
LINESTRING (3079202.841 223505.873, 3079226.762 223516.167)	25	1	0	342	false	1095	None
LINESTRING (3079226.762 223516.167, 3079259.934 223494.462)	25	1	0	343	false	1095	None
LINESTRING (3079259.934 223494.462, 3079267.218 223458.389)	25	1	0	344	false	1095	None
LINESTRING (3079267.218 223458.389, 3079226.386 223319.298)	25	1	0	345	false	1095	None
LINESTRING (3079226.386 223319.298, 3079226.081 223194.091)	25	1	0	346	false	1095	None
LINESTRING (3079226.081 223194.091, 3079303.271 223206.367)	25	1	0	347	false	1095	None
LINESTRING (3079303.271 223206.367, 3079342.564 223035.647)	25	1	0	348	false	1095	None
LINESTRING (3079342.564 223035.647, 3079382.92 222671.697)	25	1	0	349	false	1095	None
LINESTRING (3079382.92 222671.697, 3079290.258 222387.435)	25	1	0	350	false	1095	None
LINESTRING (3079290.258 222387.435, 3079168.602 222271.995)	25	1	0	351	false	1095	None
LINESTRING (3079168.602 222271.995, 3079099.295 222276.979)	25	1	0	352	false	1095	None
LINESTRING (3079099.295 222276.979, 3079085.315 222240.297)	25	1	0	353	false	1095	None
LINESTRING (3079085.315 222240.297, 3079131.64 222204.828)	25	1	0	354	false	1095	None
LINESTRING (3079131.64 222204.828, 3079044.575 222175.613)	25	1	0	355	false	1095	None
LINESTRING (3079044.575 222175.613, 3078871.564 222212.05)	25	1	0	356	false	1095	None
LINESTRING (3078871.564 222212.05, 3078790.977 222309.32)	25	1	0	357	false	1095	None
LINESTRING (3078790.977 222309.32, 3078687.538 222347.527)	25	1	0	358	false	1095	None
LINESTRING (3078687.538 222347.527, 3078653.344 222391.178)	25	1	0	359	false	1095	None
LINESTRING (3078653.344 222391.178, 3078651.772 222454.608)	25	1	0	360	false	1095	None
LINESTRING (3078651.772 222454.608, 3078670.849 222565.691)	25	1	0	361	false	1095	None
LINESTRING (3078670.849 222565.691, 3078661.357 222585.243)	25	1	0	362	false	1095	None
LINESTRING (3078661.357 222585.243, 3078642.007 222592.965)	25	1	0	363	false	1095	None
LINESTRING (3078642.007 222592.965, 3078624.367 222596.706)	25	1	0	364	false	1095	None
LINESTRING (3078624.367 222596.706, 3078604.393 222588.868)	25	1	0	365	false	1095	None
LINESTRING (3078604.393 222588.868, 3078588.115 222559.509)	25	1	0	366	false	1095	None
LINESTRING (3078588.115 222559.509, 3078582.178 222537.887)	25	1	0	367	false	1095	None
LINESTRING (3078582.178 222537.887, 3078561.685 222492.907)	25	1	0	368	false	1095	None
LINESTRING (3078561.685 222492.907, 3078523.01 222399.433)	25	1	0	369	false	1095	None
LINESTRING (3078523.01 222399.433, 3078509.501 222348.677)	25	1	0	370	false	1095	None
LINESTRING (3078509.501 222348.677, 3078569.952 222243.981)	25	1	0	371	false	1095	None
LINESTRING (3078569.952 222243.981, 3078657.859 222121.818)	25	1	0	372	false	1095	None
LINESTRING (3078657.859 222121.818, 3078693.495 222043.316)	25	1	0	373	false	1095	None
LINESTRING (3078693.495 222043.316, 3078811.648 221875.049)	25	1	0	374	false	1095	None
LINESTRING (3078811.648 221875.049, 3078865.675 221862.466)	25	1	0	375	false	1095	None
LINESTRING (3078865.675 221862.466, 3078936.661 221876.175)	25	1	0	376	false	1095	None
LINESTRING (3078936.661 221876.175, 3078981.02 221804.795)	25	1	0	377	false	1095	None
LINESTRING (3078981.02 221804.795, 3079054.094 221679.007)	25	1	0	378	false	1095	None
LINESTRING (3079054.094 221679.007, 3079137.364 221628.612)	25	1	0	379	false	1095	None
LINESTRING (3079137.364 221628.612, 3079176.866 221585.913)	25	1	0	380	false	1095	None
LINESTRING (3079176.866 221585.913, 3079210.012 221488.29)	25	1	0	381	false	1095	None
LINESTRING (3079210.012 221488.29, 3079335.248 221311.199)	25	1	0	382	false	1095	None
LINESTRING (3079335.248 221311.199, 3079385.103 221259.017)	25	1	0	383	false	1095	None
LINESTRING (3079385.103 221259.017, 3079464.924 221229.762)	25	1	0	384	false	1095	None
LINESTRING (3079464.924 221229.762, 3079553.494 221176.753)	25	1	0	385	false	1095	None
LINESTRING (3079553.494 221176.753, 3079605.071 221140.076)	25	1	0	386	false	1095	None
LINESTRING (3079605.071 221140.076, 3079632.328 221113.387)	25	1	0	387	false	1095	None
LINESTRING (3079632.328 221113.387, 3079645.753 221133.821)	25	1	0	388	false	1095	None
LINESTRING (3079645.753 221133.821, 3079634.072 221201.481)	25	1	0	389	false	1095	None
LINESTRING (3079634.072 221201.481, 3079574.515 221278.123)	25	1	0	390	false	1095	None
LINESTRING (3079574.515 221278.123, 3079591.847 221359.915)	25	1	0	391	false	1095	None
LINESTRING (3079591.847 221359.915, 3079617.913 221374.35)	25	1	0	392	false	1095	None
LINESTRING (3079617.913 221374.35, 3079674.865 221333.304)	25	1	0	393	false	1095	None
LINESTRING (3079674.865 221333.304, 3079776.135 221282.874)	25	1	0	394	false	1095	None
LINESTRING (3079776.135 221282.874, 3079859.591 221326.994)	25	1	0	395	false	1095	None
LINESTRING (3079859.591 221326.994, 3079896.466 221422.641)	25	1	0	396	false	1095	None
LINESTRING (3079896.466 221422.641, 3079947.546 221523.577)	25	1	0	397	false	1095	None
LINESTRING (3079947.546 221523.577, 3080005.998 221596.671)	25	1	0	398	false	1095	None
LINESTRING (3080005.998 221596.671, 3079978.667 221766.003)	25	1	0	399	false	1095	None
LINESTRING (3079978.667 221766.003, 3080060.095 221810.306)	25	1	0	400	false	1095	None
LINESTRING (3080060.095 221810.306, 3080269.893 221846.696)	25	1	0	401	false	1095	None
LINESTRING (3080269.893 221846.696, 3080382.055 221962.458)	25	1	0	402	false	1095	None
LINESTRING (3080382.055 221962.458, 3080378.513 222031.556)	25	1	0	403	false	1095	None
LINESTRING (3080378.513 222031.556, 3080372.415 222147.913)	25	1	0	404	false	1095	None
LINESTRING (3080372.415 222147.913, 3080246.254 222353.274)	25	1	0	405	false	1095	None
LINESTRING (3080246.254 222353.274, 3080263.486 222579.255)	25	1	0	406	false	1095	None
LINESTRING (3080263.486 222579.255, 3080290.706 222737.166)	25	1	0	407	false	1095	None
LINESTRING (3080290.706 222737.166, 3080470.134 222848.136)	25	1	0	408	false	1095	None
LINESTRING (3080470.134 222848.136, 3080569.717 222948.901)	25	1	0	409	false	1095	None
LINESTRING (3080569.717 222948.901, 3080692.468 223092.469)	25	1	0	410	false	1095	None
LINESTRING (3080692.468 223092.469, 3080806.412 223146.791)	25	1	0	411	false	1095	None
LINESTRING (3080806.412 223146.791, 3080881.013 223127.919)	25	1	0	412	false	1095	None
LINESTRING (3080881.013 223127.919, 3080930.004 223045.714)	25	1	0	413	false	1095	None
LINESTRING (3080930.004 223045.714, 3080950.693 222982.669)	25	1	0	414	false	1095	None
LINESTRING (3080950.693 222982.669, 3080976.499 222935.947)	25	1	0	415	false	1095	None
LINESTRING (3080976.499 222935.947, 3081018.955 222902.457)	25	1	0	416	false	1095	None
LINESTRING (3081018.955 222902.457, 3081183.52 222847.994)	25	1	0	417	false	1095	None
LINESTRING (3081183.52 222847.994, 3081338.349 222695.97)	25	1	0	418	false	1095	None
LINESTRING (3081338.349 222695.97, 3081348.686 222682.681)	25	1	0	419	false	1095	None
LINESTRING (3081348.686 222682.681, 3081384.119 222637.369)	25	1	0	420	false	1095	None
LINESTRING (3081384.119 222637.369, 3081383.841 222633.224)	25	1	0	421	false	1095	None
LINESTRING (3081383.841 222633.224, 3081396.846 222513.909)	25	1	0	422	false	1095	None
LINESTRING (3081396.846 222513.909, 3081375.9 222329.034)	25	1	0	423	false	1095	None
LINESTRING (3081375.9 222329.034, 3081338.653 222208.758)	25	1	0	424	false	1095	None
LINESTRING (3081338.653 222208.758, 3081300.931 222162.077)	25	1	0	425	false	1095	None
LINESTRING (3081300.931 222162.077, 3081140.173 221887.844)	25	1	0	426	false	1095	None
LINESTRING (3081140.173 221887.844, 3081132.183 221765.645)	25	1	0	427	false	1095	None
LINESTRING (3081132.183 221765.645, 3081101.506 221627.323)	25	1	0	428	false	1095	None
LINESTRING (3081101.506 221627.323, 3081021.171 221494.684)	25	1	0	429	false	1095	None
LINESTRING (3081021.171 221494.684, 3080887.557 221457.824)	25	1	0	430	false	1095	None
LINESTRING (3080887.557 221457.824, 3080834.174 221461.495)	25	1	0	431	false	1095	None
LINESTRING (3080834.174 221461.495, 3080785.178 221464.936)	25	1	0	432	false	1095	None
LINESTRING (3080785.178 221464.936, 3080758.693 221431.33)	25	1	0	433	false	1095	None
LINESTRING (3080758.693 221431.33, 3080799.435 221318.422)	25	1	0	434	false	1095	None
LINESTRING (3080799.435 221318.422, 3080843.844 221162.006)	25	1	0	435	false	1095	None
LINESTRING (3080843.844 221162.006, 3080853.149 221018.479)	25	1	0	436	false	1095	None
LINESTRING (3080853.149 221018.479, 3080908.921 220929.233)	25	1	0	437	false	1095	None
LINESTRING (3080908.921 220929.233, 3080878.774 220606.985)	25	1	0	438	false	1095	None
LINESTRING (3080878.774 220606.985, 3080854.224 220295.424)	25	1	0	439	false	1095	None
LINESTRING (3080854.224 220295.424, 3080736.889 219998.318)	25	1	0	440	false	1095	None
LINESTRING (3080736.889 219998.318, 3080687.488 219846.464)	25	1	0	441	false	1095	None
LINESTRING (3080687.488 219846.464, 3080699.805 219656.214)	25	1	0	442	false	1095	None
LINESTRING (3080699.805 219656.214, 3080665.214 219425.896)	25	1	0	443	false	1095	None
LINESTRING (3080665.214 219425.896, 3080708.743 219238.619)	25	1	0	444	false	1095	None
LINESTRING (3080708.743 219238.619, 3080606.85 219002.525)	25	1	0	445	false	1095	None
LINESTRING (3080606.85 219002.525, 3080510.752 218735.261)	25	1	0	446	false	1095	None
LINESTRING (3080510.752 218735.261, 3080515.876 218456.514)	25	1	0	447	false	1095	None
LINESTRING (3080515.876 218456.514, 3080313.803 217856.121)	25	1	0	448	false	1095	None
LINESTRING (3080313.803 217856.121, 3080069.275 217430.125)	25	1	0	449	false	1095	None
LINESTRING (3080069.275 217430.125, 3079833.422 217183.719)	25	1	0	450	false	1095	S:3079849.818361655 217200.849
LINESTRING (3086372.355 217120.121, 3086281.468 217222.817)	25	1	0	937	false	1095	S:3086300.9099024693 217200.849
LINESTRING (3086281.468 217222.817, 3086166.568 217214.063)	25	1	0	938	false	1095	None
LINESTRING (3086166.568 217214.063, 3086046.822 217294.472)	25	1	0	939	false	1095	None
LINESTRING (3086046.822 217294.472, 3086080.457 217382.738)	25	1	0	940	false	1095	None
LINESTRING (3086080.457 217382.738, 3086068.917 217452.002)	25	1	0	941	false	1095	None
LINESTRING (3086068.917 217452.002, 3086053.774 217540.208)	25	1	0	942	false	1095	None
LINESTRING (3086053.774 217540.208, 3085999.245 217520.609)	25	1	0	943	false	1095	None
LINESTRING (3085999.245 217520.609, 3085973.565 217606.699)	25	1	0	944	false	1095	None
LINESTRING (3085973.565 217606.699, 3085971.161 217781.028)	25	1	0	945	false	1095	None
LINESTRING (3085971.161 217781.028, 3085991.904 217875.906)	25	1	0	946	false	1095	None
LINESTRING (3085991.904 217875.906, 3086092.901 217998.053)	25	1	0	947	false	1095	None
LINESTRING (3086092.901 217998.053, 3086177.833 218058.711)	25	1	0	948	false	1095	None
LINESTRING (3086177.833 218058.711, 3086217.323 218149.808)	25	1	0	949	false	1095	None
LINESTRING (3086217.323 218149.808, 3086143.476 218160.623)	25	1	0	950	false	1095	None
LINESTRING (3086143.476 218160.623, 3085997.961 218108.828)	25	1	0	951	false	1095	None
LINESTRING (3085997.961 218108.828, 3085855.366 218026.546)	25	1	0	952	false	1095	None
LINESTRING (3085855.366 218026.546, 3085799.051 218191.968)	25	1	0	953	false	1095	None
LINESTRING (3085799.051 218191.968, 3085787.243 218247.822)	25	1	0	954	false	1095	None
LINESTRING (3085787.243 218247.822, 3085783.693 218276.885)	25	1	0	955	false	1095	None
LINESTRING (3085783.693 218276.885, 3085763.185 218442.769)	25	1	0	956	false	1095	None
LINESTRING (3085763.185 218442.769, 3085706.266 218497.941)	25	1	0	957	false	1095	None
LINESTRING (3085706.266 218497.941, 3085698.748 218591.788)	25	1	0	958	false	1095	None
LINESTRING (3085698.748 218591.788, 3085845.187 218918.629)	25	1	0	959	false	1095	None
LINESTRING (3085845.187 218918.629, 3085892.861 219166.473)	25	1	0	960	false	1095	None
LINESTRING (3085892.861 219166.473, 3085910.803 219259.692)	25	1	0	961	false	1095	None
LINESTRING (3085910.803 219259.692, 3085918.275 219298.305)	25	1	0	962	false	1095	None
LINESTRING (3085918.275 219298.305, 3085895.843 219387.655)	25	1	0	963	false	1095	None
LINESTRING (3085895.843 219387.655, 3085902.147 219551.647)	25	1	0	964	false	1095	None
LINESTRING (3085902.147 219551.647, 3085933.8 219780.437)	25	1	0	965	false	1095	None
LINESTRING (3085933.8 219780.437, 3085993.474 220206.22)	25	1	0	966	false	1095	None
LINESTRING (3085993.474 220206.22, 3086045.614 220729.894)	25	1	0	967	false	1095	None
LINESTRING (3086045.614 220729.894, 3086250.114 221707.012)	25	1	0	968	false	1095	None
LINESTRING (3086250.114 221707.012, 3086406.802 222202.154)	25	1	0	969	false	1095	None
LINESTRING (3086406.802 222202.154, 3086480.813 222450.929)	25	1	0	970	false	1095	None
LINESTRING (3086480.813 222450.929, 3086537.466 222632.958)	25	1	0	971	false	1095	None
LINESTRING (3086537.466 222632.958, 3087706.025 225755.334)	25	1	0	972	false	1095	E:3086647.716 222927.5447123526
LINESTRING (3086911.609 232497.715, 3086540.266 232353.839)	25	1	0	1089	false	1095	E:3086647.716 232395.47025789367
LINESTRING (3086540.266 232353.839, 3086523.26 232347.224)	25	1	0	1090	false	1095	None
LINESTRING (3086523.26 232347.224, 3086506.299 232340.745)	25	1	0	1091	false	1095	None
LINESTRING (3086506.299 232340.745, 3086491.083 232334.814)	25	1	0	1092	false	1095	None
LINESTRING (3086491.083 232334.814, 3086475.867 232328.883)	25	1	0	1093	false	1095	None
LINESTRING (3086475.867 232328.883, 3086447.224 232317.705)	25	1	0	1094	false	1095	None
LINESTRING (3086447.224 232317.705, 3086428.133 232310.413)	25	1	0	1095	false	1095	None
LINESTRING (3079833.422 217183.719, 3080069.275 217430.125)	25	2	0	65	false	518	S:3079849.818361655 217200.849
LINESTRING (3080069.275 217430.125, 3080313.803 217856.121)	25	2	0	66	false	518	None
LINESTRING (3080313.803 217856.121, 3080515.876 218456.514)	25	2	0	67	false	518	None
LINESTRING (3080515.876 218456.514, 3080510.752 218735.261)	25	2	0	68	false	518	None
LINESTRING (3080510.752 218735.261, 3080606.85 219002.525)	25	2	0	69	false	518	None
LINESTRING (3080606.85 219002.525, 3080708.743 219238.619)	25	2	0	70	false	518	None
LINESTRING (3080708.743 219238.619, 3080665.214 219425.896)	25	2	0	71	false	518	None
LINESTRING (3080665.214 219425.896, 3080699.805 219656.214)	25	2	0	72	false	518	None
LINESTRING (3080699.805 219656.214, 3080687.488 219846.464)	25	2	0	73	false	518	None
LINESTRING (3080687.488 219846.464, 3080736.889 219998.318)	25	2	0	74	false	518	None
LINESTRING (3080736.889 219998.318, 3080854.224 220295.424)	25	2	0	75	false	518	None
LINESTRING (3080854.224 220295.424, 3080878.774 220606.985)	25	2	0	76	false	518	None
LINESTRING (3080878.774 220606.985, 3080908.921 220929.233)	25	2	0	77	false	518	None
LINESTRING (3080908.921 220929.233, 3080853.149 221018.479)	25	2	0	78	false	518	None
LINESTRING (3080853.149 221018.479, 3080843.844 221162.006)	25	2	0	79	false	518	None
LINESTRING (3080843.844 221162.006, 3080799.435 221318.422)	25	2	0	80	false	518	None
LINESTRING (3080799.435 221318.422, 3080758.693 221431.33)	25	2	0	81	false	518	None
LINESTRING (3080758.693 221431.33, 3080785.178 221464.936)	25	2	0	82	false	518	None
LINESTRING (3080785.178 221464.936, 3080834.174 221461.495)	25	2	0	83	false	518	None
LINESTRING (3080834.174 221461.495, 3080887.557 221457.824)	25	2	0	84	false	518	None
LINESTRING (3080887.557 221457.824, 3081021.171 221494.684)	25	2	0	85	false	518	None
LINESTRING (3081021.171 221494.684, 3081101.506 221627.323)	25	2	0	86	false	518	None
LINESTRING (3081101.506 221627.323, 3081132.183 221765.645)	25	2	0	87	false	518	None
LINESTRING (3081132.183 221765.645, 3081140.173 221887.844)	25	2	0	88	false	518	None
LINESTRING (3081140.173 221887.844, 3081300.931 222162.077)	25	2	0	89	false	518	None
LINESTRING (3081300.931 222162.077, 3081338.653 222208.758)	25	2	0	90	false	518	None
LINESTRING (3081338.653 222208.758, 3081375.9 222329.034)	25	2	0	91	false	518	None
LINESTRING (3081375.9 222329.034, 3081396.846 222513.909)	25	2	0	92	false	518	None
LINESTRING (3081396.846 222513.909, 3081383.841 222633.224)	25	2	0	93	false	518	None
LINESTRING (3081383.841 222633.224, 3081384.119 222637.369)	25	2	0	94	false	518	None
LINESTRING (3081384.119 222637.369, 3081348.686 222682.681)	25	2	0	95	false	518	None
LINESTRING (3081348.686 222682.681, 3081338.349 222695.97)	25	2	0	96	false	518	None
LINESTRING (3081338.349 222695.97, 3081183.52 222847.994)	25	2	0	97	false	518	None
LINESTRING (3081183.52 222847.994, 3081018.955 222902.457)	25	2	0	98	false	518	None
LINESTRING (3081018.955 222902.457, 3080976.499 222935.947)	25	2	0	99	false	518	None
LINESTRING (3080976.499 222935.947, 3080950.693 222982.669)	25	2	0	100	false	518	None
LINESTRING (3080950.693 222982.669, 3080930.004 223045.714)	25	2	0	101	false	518	None
LINESTRING (3080930.004 223045.714, 3080881.013 223127.919)	25	2	0	102	false	518	None
LINESTRING (3080881.013 223127.919, 3080806.412 223146.791)	25	2	0	103	false	518	None
LINESTRING (3080806.412 223146.791, 3080692.468 223092.469)	25	2	0	104	false	518	None
LINESTRING (3080692.468 223092.469, 3080569.717 222948.901)	25	2	0	105	false	518	None
LINESTRING (3080569.717 222948.901, 3080470.134 222848.136)	25	2	0	106	false	518	None
LINESTRING (3080470.134 222848.136, 3080290.706 222737.166)	25	2	0	107	false	518	None
LINESTRING (3080290.706 222737.166, 3080263.486 222579.255)	25	2	0	108	false	518	None
LINESTRING (3080263.486 222579.255, 3080246.254 222353.274)	25	2	0	109	false	518	None
LINESTRING (3080246.254 222353.274, 3080372.415 222147.913)	25	2	0	110	false	518	None
LINESTRING (3080372.415 222147.913, 3080378.513 222031.556)	25	2	0	111	false	518	None
LINESTRING (3080378.513 222031.556, 3080382.055 221962.458)	25	2	0	112	false	518	None
LINESTRING (3080382.055 221962.458, 3080269.893 221846.696)	25	2	0	113	false	518	None
LINESTRING (3080269.893 221846.696, 3080060.095 221810.306)	25	2	0	114	false	518	None
LINESTRING (3080060.095 221810.306, 3079978.667 221766.003)	25	2	0	115	false	518	None
LINESTRING (3079978.667 221766.003, 3080005.998 221596.671)	25	2	0	116	false	518	None
LINESTRING (3080005.998 221596.671, 3079947.546 221523.577)	25	2	0	117	false	518	None
LINESTRING (3079947.546 221523.577, 3079896.466 221422.641)	25	2	0	118	false	518	None
LINESTRING (3079896.466 221422.641, 3079859.591 221326.994)	25	2	0	119	false	518	None
LINESTRING (3079859.591 221326.994, 3079776.135 221282.874)	25	2	0	120	false	518	None
LINESTRING (3079776.135 221282.874, 3079674.865 221333.304)	25	2	0	121	false	518	None
LINESTRING (3079674.865 221333.304, 3079617.913 221374.35)	25	2	0	122	false	518	None
LINESTRING (3079617.913 221374.35, 3079591.847 221359.915)	25	2	0	123	false	518	None
LINESTRING (3079591.847 221359.915, 3079574.515 221278.123)	25	2	0	124	false	518	None
LINESTRING (3079574.515 221278.123, 3079634.072 221201.481)	25	2	0	125	false	518	None
LINESTRING (3079634.072 221201.481, 3079645.753 221133.821)	25	2	0	126	false	518	None
LINESTRING (3079645.753 221133.821, 3079632.328 221113.387)	25	2	0	127	false	518	None
LINESTRING (3079632.328 221113.387, 3079605.071 221140.076)	25	2	0	128	false	518	None
LINESTRING (3079605.071 221140.076, 3079553.494 221176.753)	25	2	0	129	false	518	None
LINESTRING (3079553.494 221176.753, 3079464.924 221229.762)	25	2	0	130	false	518	None
LINESTRING (3079464.924 221229.762, 3079385.103 221259.017)	25	2	0	131	false	518	None
LINESTRING (3079385.103 221259.017, 3079335.248 221311.199)	25	2	0	132	false	518	None
LINESTRING (3079335.248 221311.199, 3079210.012 221488.29)	25	2	0	133	false	518	None
LINESTRING (3079210.012 221488.29, 3079176.866 221585.913)	25	2	0	134	false	518	None
LINESTRING (3079176.866 221585.913, 3079137.364 221628.612)	25	2	0	135	false	518	None
LINESTRING (3079137.364 221628.612, 3079054.094 221679.007)	25	2	0	136	false	518	None
LINESTRING (3079054.094 221679.007, 3078981.02 221804.795)	25	2	0	137	false	518	None
LINESTRING (3078981.02 221804.795, 3078936.661 221876.175)	25	2	0	138	false	518	None
LINESTRING (3078936.661 221876.175, 3078865.675 221862.466)	25	2	0	139	false	518	None
LINESTRING (3078865.675 221862.466, 3078811.648 221875.049)	25	2	0	140	false	518	None
LINESTRING (3078811.648 221875.049, 3078693.495 222043.316)	25	2	0	141	false	518	None
LINESTRING (3078693.495 222043.316, 3078657.859 222121.818)	25	2	0	142	false	518	None
LINESTRING (3078657.859 222121.818, 3078569.952 222243.981)	25	2	0	143	false	518	None
LINESTRING (3078569.952 222243.981, 3078509.501 222348.677)	25	2	0	144	false	518	None
LINESTRING (3078509.501 222348.677, 3078523.01 222399.433)	25	2	0	145	false	518	None
LINESTRING (3078523.01 222399.433, 3078561.685 222492.907)	25	2	0	146	false	518	None
LINESTRING (3078561.685 222492.907, 3078582.178 222537.887)	25	2	0	147	false	518	None
LINESTRING (3078582.178 222537.887, 3078588.115 222559.509)	25	2	0	148	false	518	None
LINESTRING (3078588.115 222559.509, 3078604.393 222588.868)	25	2	0	149	false	518	None
LINESTRING (3078604.393 222588.868, 3078624.367 222596.706)	25	2	0	150	false	518	None
LINESTRING (3078624.367 222596.706, 3078642.007 222592.965)	25	2	0	151	false	518	None
LINESTRING (3078642.007 222592.965, 3078661.357 222585.243)	25	2	0	152	false	518	None
LINESTRING (3078661.357 222585.243, 3078670.849 222565.691)	25	2	0	153	false	518	None
LINESTRING (3078670.849 222565.691, 3078651.772 222454.608)	25	2	0	154	false	518	None
LINESTRING (3078651.772 222454.608, 3078653.344 222391.178)	25	2	0	155	false	518	None
LINESTRING (3078653.344 222391.178, 3078687.538 222347.527)	25	2	0	156	false	518	None
LINESTRING (3078687.538 222347.527, 3078790.977 222309.32)	25	2	0	157	false	518	None
LINESTRING (3078790.977 222309.32, 3078871.564 222212.05)	25	2	0	158	false	518	None
LINESTRING (3078871.564 222212.05, 3079044.575 222175.613)	25	2	0	159	false	518	None
LINESTRING (3079044.575 222175.613, 3079131.64 222204.828)	25	2	0	160	false	518	None
LINESTRING (3079131.64 222204.828, 3079085.315 222240.297)	25	2	0	161	false	518	None
LINESTRING (3079085.315 222240.297, 3079099.295 222276.979)	25	2	0	162	false	518	None
LINESTRING (3079099.295 222276.979, 3079168.602 222271.995)	25	2	0	163	false	518	None
LINESTRING (3079168.602 222271.995, 3079290.258 222387.435)	25	2	0	164	false	518	None
LINESTRING (3079290.258 222387.435, 3079382.92 222671.697)	25	2	0	165	false	518	None
LINESTRING (3079382.92 222671.697, 3079342.564 223035.647)	25	2	0	166	false	518	None
LINESTRING (3079342.564 223035.647, 3079303.271 223206.367)	25	2	0	167	false	518	None
LINESTRING (3079303.271 223206.367, 3079226.081 223194.091)	25	2	0	168	false	518	None
LINESTRING (3079226.081 223194.091, 3079226.386 223319.298)	25	2	0	169	false	518	None
LINESTRING (3079226.386 223319.298, 3079267.218 223458.389)	25	2	0	170	false	518	None
LINESTRING (3079267.218 223458.389, 3079259.934 223494.462)	25	2	0	171	false	518	None
LINESTRING (3079259.934 223494.462, 3079226.762 223516.167)	25	2	0	172	false	518	None
LINESTRING (3079226.762 223516.167, 3079202.841 223505.873)	25	2	0	173	false	518	None
LINESTRING (3079202.841 223505.873, 3079180.434 223496.988)	25	2	0	174	false	518	None
LINESTRING (3079180.434 223496.988, 3079136.917 223443.478)	25	2	0	175	false	518	None
LINESTRING (3079136.917 223443.478, 3079126.571 223395.466)	25	2	0	176	false	518	None
LINESTRING (3079126.571 223395.466, 3079082.708 223439.356)	25	2	0	177	false	518	None
LINESTRING (3079082.708 223439.356, 3079078.395 223612.106)	25	2	0	178	false	518	None
LINESTRING (3079078.395 223612.106, 3079057.579 223727.611)	25	2	0	179	false	518	None
LINESTRING (3079057.579 223727.611, 3079050.079 223776.313)	25	2	0	180	false	518	None
LINESTRING (3079050.079 223776.313, 3078860.34 223659.662)	25	2	0	181	false	518	None
LINESTRING (3078860.34 223659.662, 3078858.052 223568.151)	25	2	0	182	false	518	None
LINESTRING (3078858.052 223568.151, 3078777.539 223554.613)	25	2	0	183	false	518	None
LINESTRING (3078777.539 223554.613, 3078600.634 223537.178)	25	2	0	184	false	518	None
LINESTRING (3078600.634 223537.178, 3078567.26 223573.538)	25	2	0	185	false	518	None
LINESTRING (3078567.26 223573.538, 3078592.158 223600.001)	25	2	0	186	false	518	None
LINESTRING (3078592.158 223600.001, 3078628.579 223639.046)	25	2	0	187	false	518	None
LINESTRING (3078628.579 223639.046, 3078644.988 223671.901)	25	2	0	188	false	518	None
LINESTRING (3078644.988 223671.901, 3078635.743 223720.058)	25	2	0	189	false	518	None
LINESTRING (3078635.743 223720.058, 3078733.548 223740.771)	25	2	0	190	false	518	None
LINESTRING (3078733.548 223740.771, 3078789.052 223934.98)	25	2	0	191	false	518	None
LINESTRING (3078789.052 223934.98, 3078844.437 223967.822)	25	2	0	192	false	518	None
LINESTRING (3078844.437 223967.822, 3078784.95 224026.079)	25	2	0	193	false	518	None
LINESTRING (3078784.95 224026.079, 3078741.61 224081.691)	25	2	0	194	false	518	None
LINESTRING (3078741.61 224081.691, 3078779.656 224132.881)	25	2	0	195	false	518	None
LINESTRING (3078779.656 224132.881, 3078966.31 224237.074)	25	2	0	196	false	518	None
LINESTRING (3078966.31 224237.074, 3079004.897 224340.979)	25	2	0	197	false	518	None
LINESTRING (3079004.897 224340.979, 3078969.039 224409.774)	25	2	0	198	false	518	None
LINESTRING (3078969.039 224409.774, 3079072.042 224467.874)	25	2	0	199	false	518	None
LINESTRING (3079072.042 224467.874, 3079048.678 224541.307)	25	2	0	200	false	518	None
LINESTRING (3079048.678 224541.307, 3079037.777 224581.231)	25	2	0	201	false	518	None
LINESTRING (3079037.777 224581.231, 3079024.583 224647.962)	25	2	0	202	false	518	None
LINESTRING (3079024.583 224647.962, 3079046.868 224687.69)	25	2	0	203	false	518	None
LINESTRING (3079046.868 224687.69, 3078950.652 224688.483)	25	2	0	204	false	518	None
LINESTRING (3078950.652 224688.483, 3078963.257 224785.706)	25	2	0	205	false	518	None
LINESTRING (3078963.257 224785.706, 3078969.903 224898.838)	25	2	0	206	false	518	None
LINESTRING (3078969.903 224898.838, 3078822.902 224890.396)	25	2	0	207	false	518	None
LINESTRING (3078822.902 224890.396, 3078853.179 224962.746)	25	2	0	208	false	518	None
LINESTRING (3078853.179 224962.746, 3079015.571 225094.184)	25	2	0	209	false	518	None
LINESTRING (3079015.571 225094.184, 3079045.569 225167.261)	25	2	0	210	false	518	None
LINESTRING (3079045.569 225167.261, 3079019.751 225255.085)	25	2	0	211	false	518	None
LINESTRING (3079019.751 225255.085, 3078998.391 225260.14)	25	2	0	212	false	518	None
LINESTRING (3078998.391 225260.14, 3078948.032 225273.638)	25	2	0	213	false	518	None
LINESTRING (3078948.032 225273.638, 3078762.39 225253.573)	25	2	0	214	false	518	None
LINESTRING (3078762.39 225253.573, 3078815.419 225443.168)	25	2	0	215	false	518	None
LINESTRING (3078815.419 225443.168, 3078821.978 225577.295)	25	2	0	216	false	518	None
LINESTRING (3078821.978 225577.295, 3078733.18 225876.722)	25	2	0	217	false	518	None
LINESTRING (3078733.18 225876.722, 3078615.704 226066.272)	25	2	0	218	false	518	None
LINESTRING (3078615.704 226066.272, 3078493.951 226128.029)	25	2	0	219	false	518	None
LINESTRING (3078493.951 226128.029, 3078488.034 226131.003)	25	2	0	220	false	518	None
LINESTRING (3078488.034 226131.003, 3078462.282 226144.009)	25	2	0	221	false	518	None
LINESTRING (3078462.282 226144.009, 3078452.115 226149.168)	25	2	0	222	false	518	None
LINESTRING (3078452.115 226149.168, 3078456.729 226131.916)	25	2	0	223	false	518	None
LINESTRING (3078456.729 226131.916, 3078459.936 225965.986)	25	2	0	224	false	518	None
LINESTRING (3078459.936 225965.986, 3078451.873 225920.981)	25	2	0	225	false	518	None
LINESTRING (3078451.873 225920.981, 3078362.005 225950.803)	25	2	0	226	false	518	None
LINESTRING (3078362.005 225950.803, 3078359.565 225967.219)	25	2	0	227	false	518	None
LINESTRING (3078359.565 225967.219, 3078348.461 226041.281)	25	2	0	228	false	518	None
LINESTRING (3078348.461 226041.281, 3078333.107 226054.681)	25	2	0	229	false	518	None
LINESTRING (3078333.107 226054.681, 3078293.958 226026.948)	25	2	0	230	false	518	None
LINESTRING (3078293.958 226026.948, 3078242.185 225963.879)	25	2	0	231	false	518	None
LINESTRING (3078242.185 225963.879, 3078216.949 225949.877)	25	2	0	232	false	518	None
LINESTRING (3078216.949 225949.877, 3078105.633 225918.554)	25	2	0	233	false	518	None
LINESTRING (3078105.633 225918.554, 3078043.15 225901.067)	25	2	0	234	false	518	None
LINESTRING (3078043.15 225901.067, 3077987.662 225830.053)	25	2	0	235	false	518	None
LINESTRING (3077987.662 225830.053, 3077963.791 225834.272)	25	2	0	236	false	518	None
LINESTRING (3077963.791 225834.272, 3077938.87 225838.686)	25	2	0	237	false	518	None
LINESTRING (3077938.87 225838.686, 3077923.919 225886.692)	25	2	0	238	false	518	None
LINESTRING (3077923.919 225886.692, 3077939.081 226015.417)	25	2	0	239	false	518	None
LINESTRING (3077939.081 226015.417, 3077985.329 226101.21)	25	2	0	240	false	518	None
LINESTRING (3077985.329 226101.21, 3078010.832 226225.081)	25	2	0	241	false	518	None
LINESTRING (3078010.832 226225.081, 3078000.322 226238.069)	25	2	0	242	false	518	None
LINESTRING (3078000.322 226238.069, 3077960.203 226287.543)	25	2	0	243	false	518	None
LINESTRING (3077960.203 226287.543, 3077948.209 226361.384)	25	2	0	244	false	518	None
LINESTRING (3077948.209 226361.384, 3077912.377 226445.516)	25	2	0	245	false	518	None
LINESTRING (3077912.377 226445.516, 3077808.36 226449.166)	25	2	0	246	false	518	None
LINESTRING (3077808.36 226449.166, 3077661.094 226431.249)	25	2	0	247	false	518	None
LINESTRING (3077661.094 226431.249, 3077527.009 226375.109)	25	2	0	248	false	518	None
LINESTRING (3077527.009 226375.109, 3077442.316 226267.441)	25	2	0	249	false	518	None
LINESTRING (3077442.316 226267.441, 3077328.282 226151.936)	25	2	0	250	false	518	None
LINESTRING (3077328.282 226151.936, 3077211.545 226071.756)	25	2	0	251	false	518	None
LINESTRING (3077211.545 226071.756, 3077213.251 226013.127)	25	2	0	252	false	518	None
LINESTRING (3077213.251 226013.127, 3077183.527 225964.99)	25	2	0	253	false	518	None
LINESTRING (3077183.527 225964.99, 3077109.262 225908.934)	25	2	0	254	false	518	None
LINESTRING (3077109.262 225908.934, 3077110.145 225831.936)	25	2	0	255	false	518	None
LINESTRING (3077110.145 225831.936, 3077152.685 225765.562)	25	2	0	256	false	518	None
LINESTRING (3077152.685 225765.562, 3077153.554 225729.661)	25	2	0	257	false	518	None
LINESTRING (3077153.554 225729.661, 3077098.758 225757.159)	25	2	0	258	false	518	None
LINESTRING (3077098.758 225757.159, 3077028.246 225747.436)	25	2	0	259	false	518	None
LINESTRING (3077028.246 225747.436, 3076945.502 225734.959)	25	2	0	260	false	518	None
LINESTRING (3076945.502 225734.959, 3076937.321 225826.523)	25	2	0	261	false	518	None
LINESTRING (3076937.321 225826.523, 3076994.726 225881.983)	25	2	0	262	false	518	None
LINESTRING (3076994.726 225881.983, 3077075.376 225992.856)	25	2	0	263	false	518	None
LINESTRING (3077075.376 225992.856, 3077053.514 226116.516)	25	2	0	264	false	518	None
LINESTRING (3077053.514 226116.516, 3076968.396 226105.154)	25	2	0	265	false	518	None
LINESTRING (3076968.396 226105.154, 3076878.004 226170.784)	25	2	0	266	false	518	None
LINESTRING (3076878.004 226170.784, 3076878 226194.659)	25	2	0	267	false	518	None
LINESTRING (3076878 226194.659, 3076888.081 226227.956)	25	2	0	268	false	518	None
LINESTRING (3076888.081 226227.956, 3076890.082 226235.013)	25	2	0	269	false	518	None
LINESTRING (3076890.082 226235.013, 3076937.52 226284.068)	25	2	0	270	false	518	None
LINESTRING (3076937.52 226284.068, 3077025.585 226299.997)	25	2	0	271	false	518	None
LINESTRING (3077025.585 226299.997, 3077242.322 226358.833)	25	2	0	272	false	518	None
LINESTRING (3077242.322 226358.833, 3077265.439 226409.445)	25	2	0	273	false	518	None
LINESTRING (3077265.439 226409.445, 3077263.865 226489.271)	25	2	0	274	false	518	None
LINESTRING (3077263.865 226489.271, 3077262.755 226540.168)	25	2	0	275	false	518	None
LINESTRING (3077262.755 226540.168, 3077230.579 226617.019)	25	2	0	276	false	518	None
LINESTRING (3077230.579 226617.019, 3077182.28 226660.293)	25	2	0	277	false	518	None
LINESTRING (3077182.28 226660.293, 3077160.006 226702.661)	25	2	0	278	false	518	None
LINESTRING (3077160.006 226702.661, 3077208.539 226710.083)	25	2	0	279	false	518	None
LINESTRING (3077208.539 226710.083, 3077279.74 226707.718)	25	2	0	280	false	518	None
LINESTRING (3077279.74 226707.718, 3077400.462 226710.183)	25	2	0	281	false	518	None
LINESTRING (3077400.462 226710.183, 3077512.737 226743.054)	25	2	0	282	false	518	None
LINESTRING (3077512.737 226743.054, 3077537.266 226776.862)	25	2	0	283	false	518	None
LINESTRING (3077537.266 226776.862, 3077470.964 226861.276)	25	2	0	284	false	518	None
LINESTRING (3077470.964 226861.276, 3077454.244 226965.75)	25	2	0	285	false	518	None
LINESTRING (3077454.244 226965.75, 3077496.568 226948.953)	25	2	0	286	false	518	None
LINESTRING (3077496.568 226948.953, 3077589.833 226894.52)	25	2	0	287	false	518	None
LINESTRING (3077589.833 226894.52, 3077725.255 226926.345)	25	2	0	288	false	518	None
LINESTRING (3077725.255 226926.345, 3077723.254 227070.636)	25	2	0	289	false	518	None
LINESTRING (3077723.254 227070.636, 3077883.578 226916.994)	25	2	0	290	false	518	None
LINESTRING (3077883.578 226916.994, 3077939.444 226969.029)	25	2	0	291	false	518	None
LINESTRING (3077939.444 226969.029, 3077963.836 227005.757)	25	2	0	292	false	518	None
LINESTRING (3077963.836 227005.757, 3078048.32 226885.141)	25	2	0	293	false	518	None
LINESTRING (3078048.32 226885.141, 3078092.316 226917.571)	25	2	0	294	false	518	None
LINESTRING (3078092.316 226917.571, 3078141.213 226967.905)	25	2	0	295	false	518	None
LINESTRING (3078141.213 226967.905, 3078193.812 226933.874)	25	2	0	296	false	518	None
LINESTRING (3078193.812 226933.874, 3078250.412 227030.147)	25	2	0	297	false	518	None
LINESTRING (3078250.412 227030.147, 3078277.081 227094.236)	25	2	0	298	false	518	None
LINESTRING (3078277.081 227094.236, 3078291.636 227129.359)	25	2	0	299	false	518	None
LINESTRING (3078291.636 227129.359, 3078264.019 227188.819)	25	2	0	300	false	518	None
LINESTRING (3078264.019 227188.819, 3078203.343 227188.41)	25	2	0	301	false	518	None
LINESTRING (3078203.343 227188.41, 3078191.97 227291.12)	25	2	0	302	false	518	None
LINESTRING (3078191.97 227291.12, 3078124.036 227274.643)	25	2	0	303	false	518	None
LINESTRING (3078124.036 227274.643, 3077991.933 227230.768)	25	2	0	304	false	518	None
LINESTRING (3077991.933 227230.768, 3077988.069 227279.905)	25	2	0	305	false	518	None
LINESTRING (3077988.069 227279.905, 3078098.554 227376.971)	25	2	0	306	false	518	None
LINESTRING (3078098.554 227376.971, 3078099.926 227463.387)	25	2	0	307	false	518	None
LINESTRING (3078099.926 227463.387, 3077851.269 227524.354)	25	2	0	308	false	518	None
LINESTRING (3077851.269 227524.354, 3077807.592 227470.068)	25	2	0	309	false	518	None
LINESTRING (3077807.592 227470.068, 3077776.185 227439.461)	25	2	0	310	false	518	None
LINESTRING (3077776.185 227439.461, 3077732.839 227476.896)	25	2	0	311	false	518	None
LINESTRING (3077732.839 227476.896, 3077656.34 227478.307)	25	2	0	312	false	518	None
LINESTRING (3077656.34 227478.307, 3077672.143 227512.716)	25	2	0	313	false	518	None
LINESTRING (3077672.143 227512.716, 3077723.396 227582.24)	25	2	0	314	false	518	None
LINESTRING (3077723.396 227582.24, 3077623.636 227698.112)	25	2	0	315	false	518	None
LINESTRING (3077623.636 227698.112, 3077441.295 227700.578)	25	2	0	316	false	518	None
LINESTRING (3077441.295 227700.578, 3077376.003 227746.173)	25	2	0	317	false	518	None
LINESTRING (3077376.003 227746.173, 3077294.921 227780.413)	25	2	0	318	false	518	None
LINESTRING (3077294.921 227780.413, 3077311.228 227821.19)	25	2	0	319	false	518	None
LINESTRING (3077311.228 227821.19, 3077347.568 227869.355)	25	2	0	320	false	518	None
LINESTRING (3077347.568 227869.355, 3077403.83 227873.901)	25	2	0	321	false	518	None
LINESTRING (3077403.83 227873.901, 3077460.764 227876.683)	25	2	0	322	false	518	None
LINESTRING (3077460.764 227876.683, 3077490.64 227834.359)	25	2	0	323	false	518	None
LINESTRING (3077490.64 227834.359, 3077560.724 227899.29)	25	2	0	324	false	518	None
LINESTRING (3077560.724 227899.29, 3077497.909 228041.224)	25	2	0	325	false	518	None
LINESTRING (3077497.909 228041.224, 3077518.004 228089.741)	25	2	0	326	false	518	None
LINESTRING (3077518.004 228089.741, 3077560.828 228092.143)	25	2	0	327	false	518	None
LINESTRING (3077560.828 228092.143, 3077636.24 227965.339)	25	2	0	328	false	518	None
LINESTRING (3077636.24 227965.339, 3077702.769 227983.181)	25	2	0	329	false	518	None
LINESTRING (3077702.769 227983.181, 3077758.317 227932.928)	25	2	0	330	false	518	None
LINESTRING (3077758.317 227932.928, 3077825.367 227910.933)	25	2	0	331	false	518	None
LINESTRING (3077825.367 227910.933, 3077918.932 227889.053)	25	2	0	332	false	518	None
LINESTRING (3077918.932 227889.053, 3077963.148 227993.205)	25	2	0	333	false	518	None
LINESTRING (3077963.148 227993.205, 3077947.218 228079.925)	25	2	0	334	false	518	None
LINESTRING (3077947.218 228079.925, 3077959.411 228095.854)	25	2	0	335	false	518	None
LINESTRING (3077959.411 228095.854, 3077984.45 228045.985)	25	2	0	336	false	518	None
LINESTRING (3077984.45 228045.985, 3078033.057 228079.104)	25	2	0	337	false	518	None
LINESTRING (3078033.057 228079.104, 3078106.066 228115.574)	25	2	0	338	false	518	None
LINESTRING (3078106.066 228115.574, 3078108.515 228057.342)	25	2	0	339	false	518	None
LINESTRING (3078108.515 228057.342, 3078075.181 227975.388)	25	2	0	340	false	518	None
LINESTRING (3078075.181 227975.388, 3078129.608 227925.779)	25	2	0	341	false	518	None
LINESTRING (3078129.608 227925.779, 3078190.069 227921.355)	25	2	0	342	false	518	None
LINESTRING (3078190.069 227921.355, 3078257.744 227874.652)	25	2	0	343	false	518	None
LINESTRING (3078257.744 227874.652, 3078320.939 227898.951)	25	2	0	344	false	518	None
LINESTRING (3078320.939 227898.951, 3078327.045 228021.387)	25	2	0	345	false	518	None
LINESTRING (3078327.045 228021.387, 3078345.846 228114.322)	25	2	0	346	false	518	None
LINESTRING (3078345.846 228114.322, 3078361.051 228176.187)	25	2	0	347	false	518	None
LINESTRING (3078361.051 228176.187, 3078402.652 228063.6)	25	2	0	348	false	518	None
LINESTRING (3078402.652 228063.6, 3078452.672 228018.136)	25	2	0	349	false	518	None
LINESTRING (3078452.672 228018.136, 3078466.066 228089.885)	25	2	0	350	false	518	None
LINESTRING (3078466.066 228089.885, 3078447.92 228252.154)	25	2	0	351	false	518	None
LINESTRING (3078447.92 228252.154, 3078430.146 228380.111)	25	2	0	352	false	518	None
LINESTRING (3078430.146 228380.111, 3078395.334 228348.203)	25	2	0	353	false	518	None
LINESTRING (3078395.334 228348.203, 3078360.2 228412.523)	25	2	0	354	false	518	None
LINESTRING (3078360.2 228412.523, 3078352.582 228471.757)	25	2	0	355	false	518	None
LINESTRING (3078352.582 228471.757, 3078390.613 228515.465)	25	2	0	356	false	518	None
LINESTRING (3078390.613 228515.465, 3078384.024 228744.033)	25	2	0	357	false	518	None
LINESTRING (3078384.024 228744.033, 3078317.194 228837.747)	25	2	0	358	false	518	None
LINESTRING (3078317.194 228837.747, 3078230.727 229153.518)	25	2	0	359	false	518	None
LINESTRING (3078230.727 229153.518, 3078222.134 229170.442)	25	2	0	360	false	518	None
LINESTRING (3078222.134 229170.442, 3078218.437 229177.589)	25	2	0	361	false	518	None
LINESTRING (3078218.437 229177.589, 3078191.66 229204.579)	25	2	0	362	false	518	None
LINESTRING (3078191.66 229204.579, 3078166.758 229199.729)	25	2	0	363	false	518	None
LINESTRING (3078166.758 229199.729, 3078135.34 229184.558)	25	2	0	364	false	518	None
LINESTRING (3078135.34 229184.558, 3078101.246 229144.368)	25	2	0	365	false	518	None
LINESTRING (3078101.246 229144.368, 3078084.33 229099.315)	25	2	0	366	false	518	None
LINESTRING (3078084.33 229099.315, 3078082.533 229039.941)	25	2	0	367	false	518	None
LINESTRING (3078082.533 229039.941, 3078089.904 228984.176)	25	2	0	368	false	518	None
LINESTRING (3078089.904 228984.176, 3078108.57 228916.437)	25	2	0	369	false	518	None
LINESTRING (3078108.57 228916.437, 3078146.162 228854.121)	25	2	0	370	false	518	None
LINESTRING (3078146.162 228854.121, 3078180.704 228784.942)	25	2	0	371	false	518	None
LINESTRING (3078180.704 228784.942, 3078191.661 228737.196)	25	2	0	372	false	518	None
LINESTRING (3078191.661 228737.196, 3078174.427 228697.844)	25	2	0	373	false	518	None
LINESTRING (3078174.427 228697.844, 3078158.623 228669.609)	25	2	0	374	false	518	None
LINESTRING (3078158.623 228669.609, 3078161.358 228620.634)	25	2	0	375	false	518	None
LINESTRING (3078161.358 228620.634, 3078165.758 228567.54)	25	2	0	376	false	518	None
LINESTRING (3078165.758 228567.54, 3078171.462 228515.894)	25	2	0	377	false	518	None
LINESTRING (3078171.462 228515.894, 3078166.873 228461.278)	25	2	0	378	false	518	None
LINESTRING (3078166.873 228461.278, 3078157.241 228439.909)	25	2	0	379	false	518	None
LINESTRING (3078157.241 228439.909, 3078143.755 228409.944)	25	2	0	380	false	518	None
LINESTRING (3078143.755 228409.944, 3078120.796 228397.163)	25	2	0	381	false	518	None
LINESTRING (3078120.796 228397.163, 3078109.189 228390.724)	25	2	0	382	false	518	None
LINESTRING (3078109.189 228390.724, 3078085.573 228404.542)	25	2	0	383	false	518	None
LINESTRING (3078085.573 228404.542, 3078066.647 228460.659)	25	2	0	384	false	518	None
LINESTRING (3078066.647 228460.659, 3078042.545 228541.654)	25	2	0	385	false	518	None
LINESTRING (3078042.545 228541.654, 3078038.702 228554.566)	25	2	0	386	false	518	None
LINESTRING (3078038.702 228554.566, 3078034.664 228602.095)	25	2	0	387	false	518	None
LINESTRING (3078034.664 228602.095, 3078021.166 228612.162)	25	2	0	388	false	518	None
LINESTRING (3078021.166 228612.162, 3078000.219 228606.92)	25	2	0	389	false	518	None
LINESTRING (3078000.219 228606.92, 3077988.055 228574.25)	25	2	0	390	false	518	None
LINESTRING (3077988.055 228574.25, 3077914.811 228447.638)	25	2	0	391	false	518	None
LINESTRING (3077914.811 228447.638, 3077867.736 228507.175)	25	2	0	392	false	518	None
LINESTRING (3077867.736 228507.175, 3077825.172 228555.123)	25	2	0	393	false	518	None
LINESTRING (3077825.172 228555.123, 3077816.594 228540.215)	25	2	0	394	false	518	None
LINESTRING (3077816.594 228540.215, 3077807.96 228476.219)	25	2	0	395	false	518	None
LINESTRING (3077807.96 228476.219, 3077779.081 228427.445)	25	2	0	396	false	518	None
LINESTRING (3077779.081 228427.445, 3077756.624 228391.809)	25	2	0	397	false	518	None
LINESTRING (3077756.624 228391.809, 3077705.906 228384.499)	25	2	0	398	false	518	None
LINESTRING (3077705.906 228384.499, 3077657.197 228413.714)	25	2	0	399	false	518	None
LINESTRING (3077657.197 228413.714, 3077629.049 228473.804)	25	2	0	400	false	518	None
LINESTRING (3077629.049 228473.804, 3077642.329 228523.292)	25	2	0	401	false	518	None
LINESTRING (3077642.329 228523.292, 3077664.596 228574.3)	25	2	0	402	false	518	None
LINESTRING (3077664.596 228574.3, 3077690.148 228612.066)	25	2	0	403	false	518	None
LINESTRING (3077690.148 228612.066, 3077701.901 228653.25)	25	2	0	404	false	518	None
LINESTRING (3077701.901 228653.25, 3077672.062 228695.47)	25	2	0	405	false	518	None
LINESTRING (3077672.062 228695.47, 3077630.817 228717.904)	25	2	0	406	false	518	None
LINESTRING (3077630.817 228717.904, 3077593.941 228726.556)	25	2	0	407	false	518	None
LINESTRING (3077593.941 228726.556, 3077570.547 228747.232)	25	2	0	408	false	518	None
LINESTRING (3077570.547 228747.232, 3077544.12 228795.622)	25	2	0	409	false	518	None
LINESTRING (3077544.12 228795.622, 3077511.177 228838.561)	25	2	0	410	false	518	None
LINESTRING (3077511.177 228838.561, 3077443.063 228839.005)	25	2	0	411	false	518	None
LINESTRING (3077443.063 228839.005, 3077398.959 228834.333)	25	2	0	412	false	518	None
LINESTRING (3077398.959 228834.333, 3077365.96 228828.186)	25	2	0	413	false	518	None
LINESTRING (3077365.96 228828.186, 3077340.192 228911.517)	25	2	0	414	false	518	None
LINESTRING (3077340.192 228911.517, 3077055.317 228807.709)	25	2	0	415	false	518	None
LINESTRING (3077055.317 228807.709, 3077016.841 228793.896)	25	2	0	416	false	518	None
LINESTRING (3077016.841 228793.896, 3076840.894 228730.134)	25	2	0	417	false	518	None
LINESTRING (3076840.894 228730.134, 3076822.568 228723.397)	25	2	0	418	false	518	None
LINESTRING (3076822.568 228723.397, 3076799.94 228715.14)	25	2	0	419	false	518	None
LINESTRING (3076799.94 228715.14, 3076731.974 228690.58)	25	2	0	420	false	518	None
LINESTRING (3076731.974 228690.58, 3076709.306 228682.427)	25	2	0	421	false	518	None
LINESTRING (3076709.306 228682.427, 3076701.933 228679.74)	25	2	0	422	false	518	None
LINESTRING (3076701.933 228679.74, 3076679.645 228671.614)	25	2	0	423	false	518	None
LINESTRING (3076679.645 228671.614, 3076672.188 228668.895)	25	2	0	424	false	518	None
LINESTRING (3076672.188 228668.895, 3076480.896 228599.539)	25	2	0	425	false	518	None
LINESTRING (3076480.896 228599.539, 3075907.013 228391.501)	25	2	0	426	false	518	None
LINESTRING (3075907.013 228391.501, 3075715.591 228322.235)	25	2	0	427	false	518	None
LINESTRING (3075715.591 228322.235, 3075698.117 228315.825)	25	2	0	428	false	518	None
LINESTRING (3075698.117 228315.825, 3075645.359 228296.704)	25	2	0	429	false	518	None
LINESTRING (3075645.359 228296.704, 3075641.824 228295.478)	25	2	0	430	false	518	None
LINESTRING (3075641.824 228295.478, 3075627.76 228290.365)	25	2	0	431	false	518	None
LINESTRING (3075627.76 228290.365, 3075579.477 228272.828)	25	2	0	432	false	518	None
LINESTRING (3075579.477 228272.828, 3075434.414 228220.256)	25	2	0	433	false	518	None
LINESTRING (3075434.414 228220.256, 3075386.005 228202.791)	25	2	0	434	false	518	None
LINESTRING (3075386.005 228202.791, 3075116.245 228104.93)	25	2	0	435	false	518	None
LINESTRING (3075116.245 228104.93, 3074306.485 227811.58)	25	2	0	436	false	518	None
LINESTRING (3074306.485 227811.58, 3074036.587 227713.826)	25	2	0	437	false	518	None
LINESTRING (3074036.587 227713.826, 3074016.855 227706.68)	25	2	0	438	false	518	None
LINESTRING (3074016.855 227706.68, 3073957.403 227685.145)	25	2	0	439	false	518	None
LINESTRING (3073957.403 227685.145, 3073951.053 227682.849)	25	2	0	440	false	518	None
LINESTRING (3073951.053 227682.849, 3073937.5 227677.934)	25	2	0	441	false	518	None
LINESTRING (3073937.5 227677.934, 3073916.404 227670.27)	25	2	0	442	false	518	None
LINESTRING (3073916.404 227670.27, 3073853.029 227647.244)	25	2	0	443	false	518	None
LINESTRING (3073853.029 227647.244, 3073831.807 227639.651)	25	2	0	444	false	518	None
LINESTRING (3073831.807 227639.651, 3073566.207 227543.429)	25	2	0	445	false	518	None
LINESTRING (3073566.207 227543.429, 3072769.305 227254.786)	25	2	0	446	false	518	None
LINESTRING (3072769.305 227254.786, 3072503.569 227158.671)	25	2	0	447	false	518	None
LINESTRING (3072503.569 227158.671, 3072324.557 227093.737)	25	2	0	448	false	518	None
LINESTRING (3072324.557 227093.737, 3072076.673 227004.065)	25	2	0	449	false	518	None
LINESTRING (3072076.673 227004.065, 3070795.691 226540.526)	25	2	0	450	false	518	None
LINESTRING (3070795.691 226540.526, 3070413.398 226402.364)	25	2	0	451	false	518	None
LINESTRING (3070413.398 226402.364, 3070368.6 226386.185)	25	2	0	452	false	518	None
LINESTRING (3070368.6 226386.185, 3070327.68 226371.36)	25	2	0	453	false	518	None
LINESTRING (3070327.68 226371.36, 3070204.663 226326.79)	25	2	0	454	false	518	None
LINESTRING (3070204.663 226326.79, 3070163.618 226312.038)	25	2	0	455	false	518	None
LINESTRING (3070163.618 226312.038, 3070125.348 226296.914)	25	2	0	456	false	518	None
LINESTRING (3070125.348 226296.914, 3070101.427 226287.951)	25	2	0	457	false	518	None
LINESTRING (3070101.427 226287.951, 3070029.538 226261.133)	25	2	0	458	false	518	None
LINESTRING (3070029.538 226261.133, 3070028.731 226260.946)	25	2	0	459	false	518	None
LINESTRING (3070028.731 226260.946, 3070005.532 226252.138)	25	2	0	460	false	518	None
LINESTRING (3070005.532 226252.138, 3069989.983 226245.285)	25	2	0	461	false	518	None
LINESTRING (3069989.983 226245.285, 3069931.655 226225.16)	25	2	0	462	false	518	None
LINESTRING (3069931.655 226225.16, 3069844.787 226195.388)	25	2	0	463	false	518	None
LINESTRING (3069844.787 226195.388, 3069756.415 226164.691)	25	2	0	464	false	518	None
LINESTRING (3069756.415 226164.691, 3069697.956 226144.4)	25	2	0	465	false	518	None
LINESTRING (3069697.956 226144.4, 3069684.099 226139.258)	25	2	0	466	false	518	None
LINESTRING (3069684.099 226139.258, 3069642.449 226124.042)	25	2	0	467	false	518	None
LINESTRING (3069642.449 226124.042, 3069628.553 226119.004)	25	2	0	468	false	518	None
LINESTRING (3069628.553 226119.004, 3069610.136 226112.251)	25	2	0	469	false	518	None
LINESTRING (3069610.136 226112.251, 3069554.885 226091.991)	25	2	0	470	false	518	None
LINESTRING (3069554.885 226091.991, 3069536.382 226085.205)	25	2	0	471	false	518	W:3069536.382 226085.205
LINESTRING (3069536.382 226085.205, 3069950.96 225337.278)	25	2	0	472	false	518	W:3069536.382 226085.205
LINESTRING (3069950.96 225337.278, 3070367.126 224586.517)	25	2	0	473	false	518	None
LINESTRING (3070367.126 224586.517, 3070658.975 224059.932)	25	2	0	474	false	518	None
LINESTRING (3070658.975 224059.932, 3070669.238 224041.383)	25	2	0	475	false	518	None
LINESTRING (3070669.238 224041.383, 3070838.253 223736.564)	25	2	0	476	false	518	None
LINESTRING (3070838.253 223736.564, 3071104.074 223256.99)	25	2	0	477	false	518	None
LINESTRING (3071104.074 223256.99, 3071326.353 222856.132)	25	2	0	478	false	518	None
LINESTRING (3071326.353 222856.132, 3071402.992 222691.296)	25	2	0	479	false	518	None
LINESTRING (3071402.992 222691.296, 3071653.881 222151.074)	25	2	0	480	false	518	None
LINESTRING (3071653.881 222151.074, 3071656.232 222145.91)	25	2	0	481	false	518	None
LINESTRING (3071656.232 222145.91, 3071656.554 222145.319)	25	2	0	482	false	518	None
LINESTRING (3071656.554 222145.319, 3071660.021 222139.273)	25	2	0	483	false	518	None
LINESTRING (3071660.021 222139.273, 3071830.093 221827.618)	25	2	0	484	false	518	None
LINESTRING (3071830.093 221827.618, 3072238.908 221078.258)	25	2	0	485	false	518	None
LINESTRING (3072238.908 221078.258, 3072241.444 221065.92)	25	2	0	486	false	518	None
LINESTRING (3072241.444 221065.92, 3072341.865 220890.166)	25	2	0	487	false	518	None
LINESTRING (3072341.865 220890.166, 3072580.907 220470.984)	25	2	0	488	false	518	None
LINESTRING (3072580.907 220470.984, 3072765.457 220144.408)	25	2	0	489	false	518	None
LINESTRING (3072765.457 220144.408, 3072774.153 220128.708)	25	2	0	490	false	518	None
LINESTRING (3072774.153 220128.708, 3072944.566 219831.918)	25	2	0	491	false	518	None
LINESTRING (3072944.566 219831.918, 3073381.934 219088.314)	25	2	0	492	false	518	None
LINESTRING (3073381.934 219088.314, 3073451.005 218970.728)	25	2	0	493	false	518	None
LINESTRING (3073451.005 218970.728, 3073487.655 218908.165)	25	2	0	494	false	518	None
LINESTRING (3073487.655 218908.165, 3073518.093 218850.132)	25	2	0	495	false	518	None
LINESTRING (3073518.093 218850.132, 3073532.865 218826.408)	25	2	0	496	false	518	None
LINESTRING (3073532.865 218826.408, 3073543.499 218810.495)	25	2	0	497	false	518	None
LINESTRING (3073543.499 218810.495, 3073550.921 218799.181)	25	2	0	498	false	518	None
LINESTRING (3073550.921 218799.181, 3073580.105 218738.534)	25	2	0	499	false	518	None
LINESTRING (3073580.105 218738.534, 3073636.463 218620.99)	25	2	0	500	false	518	None
LINESTRING (3073636.463 218620.99, 3073766.295 218383.019)	25	2	0	501	false	518	None
LINESTRING (3073766.295 218383.019, 3073795.972 218329.566)	25	2	0	502	false	518	None
LINESTRING (3073795.972 218329.566, 3073820.649 218294.165)	25	2	0	503	false	518	None
LINESTRING (3073820.649 218294.165, 3073836.085 218271.525)	25	2	0	504	false	518	None
LINESTRING (3073836.085 218271.525, 3073864.618 218230.345)	25	2	0	505	false	518	None
LINESTRING (3073864.618 218230.345, 3073875.029 218210.903)	25	2	0	506	false	518	None
LINESTRING (3073875.029 218210.903, 3073944.506 218080.172)	25	2	0	507	false	518	None
LINESTRING (3073944.506 218080.172, 3074044.554 217891.577)	25	2	0	508	false	518	None
LINESTRING (3074044.554 217891.577, 3074166.372 217661.609)	25	2	0	509	false	518	None
LINESTRING (3074166.372 217661.609, 3074172.231 217651.84)	25	2	0	510	false	518	None
LINESTRING (3074172.231 217651.84, 3074218.423 217571.882)	25	2	0	511	false	518	None
LINESTRING (3074218.423 217571.882, 3074564.331 216973.367)	25	2	0	512	false	518	S:3074432.8592012045 217200.849
