LINESTRING (3112233.539 186722.075, 3112342.82 186762.385)	70	658	0	277	false	1220	W:3112314.717 186752.01877046344
LINESTRING (3112342.82 186762.385, 3112379.148 186775.824)	70	658	0	278	false	1220	None
LINESTRING (3112379.148 186775.824, 3112385.616 186778.182)	70	658	0	279	false	1220	None
LINESTRING (3112385.616 186778.182, 3112404.723 186785.263)	70	658	0	280	false	1220	None
LINESTRING (3112404.723 186785.263, 3112405.408 186785.526)	70	658	0	281	false	1220	None
LINESTRING (3112405.408 186785.526, 3112411.145 186787.485)	70	658	0	282	false	1220	None
LINESTRING (3112411.145 186787.485, 3112422.36 186791.305)	70	658	0	283	false	1220	None
LINESTRING (3112422.36 186791.305, 3112455.966 186802.87)	70	658	0	284	false	1220	None
LINESTRING (3112455.966 186802.87, 3112467.141 186806.794)	70	658	0	285	false	1220	None
LINESTRING (3112467.141 186806.794, 3112484.732 186812.7)	70	658	0	286	false	1220	None
LINESTRING (3112484.732 186812.7, 3112505.191 186819.586)	70	658	0	287	false	1220	None
LINESTRING (3112505.191 186819.586, 3112537.505 186830.418)	70	658	0	288	false	1220	None
LINESTRING (3112537.505 186830.418, 3112554.971 186836.395)	70	658	0	289	false	1220	None
LINESTRING (3112554.971 186836.395, 3112569.746 186841.698)	70	658	0	290	false	1220	None
LINESTRING (3112569.746 186841.698, 3112595.142 186850.832)	70	658	0	291	false	1220	None
LINESTRING (3112595.142 186850.832, 3112614.548 186856.364)	70	658	0	292	false	1220	None
LINESTRING (3112614.548 186856.364, 3112629.594 186860.701)	70	658	0	293	false	1220	None
LINESTRING (3112629.594 186860.701, 3112642.45 186915.66)	70	658	0	294	false	1220	None
LINESTRING (3112642.45 186915.66, 3112649.254 186945.363)	70	658	0	295	false	1220	None
LINESTRING (3112649.254 186945.363, 3112679.99 187060.889)	70	658	0	296	false	1220	None
LINESTRING (3112679.99 187060.889, 3112685.245 187078.471)	70	658	0	297	false	1220	None
LINESTRING (3112685.245 187078.471, 3112701.116 187131.971)	70	658	0	298	false	1220	None
LINESTRING (3112701.116 187131.971, 3112710.792 187164.438)	70	658	0	299	false	1220	None
LINESTRING (3112710.792 187164.438, 3112739.739 187262.048)	70	658	0	300	false	1220	None
LINESTRING (3112739.739 187262.048, 3112749.289 187294.586)	70	658	0	301	false	1220	None
LINESTRING (3112749.289 187294.586, 3112786.412 187419.336)	70	658	0	302	false	1220	None
LINESTRING (3112786.412 187419.336, 3112887.144 187758.733)	70	658	0	303	false	1220	None
LINESTRING (3112887.144 187758.733, 3112897.638 187793.417)	70	658	0	304	false	1220	None
LINESTRING (3112897.638 187793.417, 3112929.527 187900.002)	70	658	0	305	false	1220	None
LINESTRING (3112929.527 187900.002, 3112934.417 187918.276)	70	658	0	306	false	1220	None
LINESTRING (3112934.417 187918.276, 3112952.018 188005.719)	70	658	0	307	false	1220	None
LINESTRING (3112952.018 188005.719, 3112957.454 188064.375)	70	658	0	308	false	1220	None
LINESTRING (3112957.454 188064.375, 3112975.159 188061.769)	70	658	0	309	false	1220	None
LINESTRING (3112975.159 188061.769, 3112996.409 188056.838)	70	658	0	310	false	1220	None
LINESTRING (3112996.409 188056.838, 3113028.21 188048.224)	70	658	0	311	false	1220	None
LINESTRING (3113028.21 188048.224, 3113043.438 188043.362)	70	658	0	312	false	1220	None
LINESTRING (3113043.438 188043.362, 3113094.296 188027.075)	70	658	0	313	false	1220	None
LINESTRING (3113094.296 188027.075, 3113120.038 188017.09)	70	658	0	314	false	1220	None
LINESTRING (3113120.038 188017.09, 3113160.736 187998.337)	70	658	0	315	false	1220	None
LINESTRING (3113160.736 187998.337, 3113163.713 187996.981)	70	658	0	316	false	1220	None
LINESTRING (3113163.713 187996.981, 3113179.234 187990.33)	70	658	0	317	false	1220	None
LINESTRING (3113179.234 187990.33, 3113234.607 187966.622)	70	658	0	318	false	1220	None
LINESTRING (3113234.607 187966.622, 3113252.94 187958.791)	70	658	0	319	false	1220	None
LINESTRING (3113252.94 187958.791, 3113263.334 187953.978)	70	658	0	320	false	1220	None
LINESTRING (3113263.334 187953.978, 3113279.51 187946.39)	70	658	0	321	false	1220	None
LINESTRING (3113279.51 187946.39, 3113294.588 187940.639)	70	658	0	322	false	1220	None
LINESTRING (3113294.588 187940.639, 3113305.047 187936.684)	70	658	0	323	false	1220	None
LINESTRING (3113305.047 187936.684, 3113331.046 187926.798)	70	658	0	324	false	1220	None
LINESTRING (3113331.046 187926.798, 3113348.971 187917.978)	70	658	0	325	false	1220	None
LINESTRING (3113348.971 187917.978, 3113381.651 187903.997)	70	658	0	326	false	1220	None
LINESTRING (3113381.651 187903.997, 3113413.246 187892.334)	70	658	0	327	false	1220	None
LINESTRING (3113413.246 187892.334, 3113427.465 187887.799)	70	658	0	328	false	1220	None
LINESTRING (3113427.465 187887.799, 3113434.07 187885.695)	70	658	0	329	false	1220	None
LINESTRING (3113434.07 187885.695, 3113476.304 187873.711)	70	658	0	330	false	1220	None
LINESTRING (3113476.304 187873.711, 3113526.487 187860.732)	70	658	0	331	false	1220	None
LINESTRING (3113526.487 187860.732, 3113584.895 187847.578)	70	658	0	332	false	1220	None
LINESTRING (3113584.895 187847.578, 3113709.638 187822.645)	70	658	0	333	false	1220	None
LINESTRING (3113709.638 187822.645, 3113772.712 187807.833)	70	658	0	334	false	1220	None
LINESTRING (3113772.712 187807.833, 3113802.661 187799.7)	70	658	0	335	false	1220	None
LINESTRING (3113802.661 187799.7, 3113808.56 187798.157)	70	658	0	336	false	1220	None
LINESTRING (3113808.56 187798.157, 3113868.717 187780.446)	70	658	0	337	false	1220	None
LINESTRING (3113868.717 187780.446, 3113915.653 187764.917)	70	658	0	338	false	1220	None
LINESTRING (3113915.653 187764.917, 3113917.547 187764.336)	70	658	0	339	false	1220	None
LINESTRING (3113917.547 187764.336, 3113926.7 187760.712)	70	658	0	340	false	1220	None
LINESTRING (3113926.7 187760.712, 3113932.369 187758.487)	70	658	0	341	false	1220	None
LINESTRING (3113932.369 187758.487, 3113938.123 187756.295)	70	658	0	342	false	1220	None
LINESTRING (3113938.123 187756.295, 3113952.021 187750.806)	70	658	0	343	false	1220	None
LINESTRING (3113952.021 187750.806, 3113977.477 187739.525)	70	658	0	344	false	1220	None
LINESTRING (3113977.477 187739.525, 3114001.759 187727.2)	70	658	0	345	false	1220	None
LINESTRING (3114001.759 187727.2, 3114033.147 187709.16)	70	658	0	346	false	1220	None
LINESTRING (3114033.147 187709.16, 3114048.16 187699.225)	70	658	0	347	false	1220	None
LINESTRING (3114048.16 187699.225, 3114062.599 187688.476)	70	658	0	348	false	1220	None
LINESTRING (3114062.599 187688.476, 3114074.347 187678.597)	70	658	0	349	false	1220	None
LINESTRING (3114074.347 187678.597, 3114104.023 187653.483)	70	658	0	350	false	1220	None
LINESTRING (3114104.023 187653.483, 3114127.168 187634.898)	70	658	0	351	false	1220	None
LINESTRING (3114127.168 187634.898, 3114143.648 187617.8)	70	658	0	352	false	1220	None
LINESTRING (3114143.648 187617.8, 3114152.014 187606.744)	70	658	0	353	false	1220	None
LINESTRING (3114152.014 187606.744, 3114155.339 187600.888)	70	658	0	354	false	1220	None
LINESTRING (3114155.339 187600.888, 3114159.51 187590.006)	70	658	0	355	false	1220	None
LINESTRING (3114159.51 187590.006, 3114162.046 187578.261)	70	658	0	356	false	1220	None
LINESTRING (3114162.046 187578.261, 3114164.559 187554.265)	70	658	0	357	false	1220	None
LINESTRING (3114164.559 187554.265, 3114163.866 187526.068)	70	658	0	358	false	1220	None
LINESTRING (3114163.866 187526.068, 3114159.988 187497.721)	70	658	0	359	false	1220	None
LINESTRING (3114159.988 187497.721, 3114156.488 187448.125)	70	658	0	360	false	1220	None
LINESTRING (3114156.488 187448.125, 3114160.916 187408.104)	70	658	0	361	false	1220	None
LINESTRING (3114160.916 187408.104, 3114164.169 187388.076)	70	658	0	362	false	1220	None
LINESTRING (3114164.169 187388.076, 3114172.728 187347.024)	70	658	0	363	false	1220	None
LINESTRING (3114172.728 187347.024, 3114184.006 187299.645)	70	658	0	364	false	1220	None
LINESTRING (3114184.006 187299.645, 3114196.434 187250.805)	70	658	0	365	false	1220	None
LINESTRING (3114196.434 187250.805, 3114200.788 187240.47)	70	658	0	366	false	1220	None
LINESTRING (3114200.788 187240.47, 3114211.077 187221.831)	70	658	0	367	false	1220	None
LINESTRING (3114211.077 187221.831, 3114224.23 187202.388)	70	658	0	368	false	1220	None
LINESTRING (3114224.23 187202.388, 3114236.578 187187.866)	70	658	0	369	false	1220	None
LINESTRING (3114236.578 187187.866, 3114257.898 187162.758)	70	658	0	370	false	1220	None
LINESTRING (3114257.898 187162.758, 3114336.671 187060.071)	70	658	0	371	false	1220	None
LINESTRING (3114336.671 187060.071, 3114348.624 187045.042)	70	658	0	372	false	1220	None
LINESTRING (3114348.624 187045.042, 3114379.634 187005.939)	70	658	0	373	false	1220	None
LINESTRING (3114379.634 187005.939, 3114390.059 186994.127)	70	658	0	374	false	1220	None
LINESTRING (3114390.059 186994.127, 3114397.062 186986.114)	70	658	0	375	false	1220	None
LINESTRING (3114397.062 186986.114, 3114405.999 186977.416)	70	658	0	376	false	1220	None
LINESTRING (3114405.999 186977.416, 3114434.376 186952.874)	70	658	0	377	false	1220	None
LINESTRING (3114434.376 186952.874, 3114457.81 186935.589)	70	658	0	378	false	1220	None
LINESTRING (3114457.81 186935.589, 3114471.827 186926.461)	70	658	0	379	false	1220	None
LINESTRING (3114471.827 186926.461, 3114500.616 186909.565)	70	658	0	380	false	1220	None
LINESTRING (3114500.616 186909.565, 3114520.037 186899.418)	70	658	0	381	false	1220	None
LINESTRING (3114520.037 186899.418, 3114543.646 186888.857)	70	658	0	382	false	1220	None
LINESTRING (3114543.646 186888.857, 3114572.035 186876.086)	70	658	0	383	false	1220	None
LINESTRING (3114572.035 186876.086, 3114593.172 186865.052)	70	658	0	384	false	1220	None
LINESTRING (3114593.172 186865.052, 3114598.09 186861.708)	70	658	0	385	false	1220	None
LINESTRING (3114598.09 186861.708, 3114604.885 186857.062)	70	658	0	386	false	1220	None
LINESTRING (3114604.885 186857.062, 3114607.011 186855.618)	70	658	0	387	false	1220	None
LINESTRING (3114607.011 186855.618, 3114622.894 186841.62)	70	658	0	388	false	1220	None
LINESTRING (3114622.894 186841.62, 3114623.799 186840.541)	70	658	0	389	false	1220	None
LINESTRING (3114623.799 186840.541, 3114629.185 186833.928)	70	658	0	390	false	1220	None
LINESTRING (3114629.185 186833.928, 3114632.958 186824.084)	70	658	0	391	false	1220	None
LINESTRING (3114632.958 186824.084, 3114641.676 186806.982)	70	658	0	392	false	1220	None
LINESTRING (3114641.676 186806.982, 3114648.978 186787.674)	70	658	0	393	false	1220	None
LINESTRING (3114648.978 186787.674, 3114655.208 186766.291)	70	658	0	394	false	1220	None
LINESTRING (3114655.208 186766.291, 3114660.194 186742.768)	70	658	0	395	false	1220	None
LINESTRING (3114660.194 186742.768, 3114663.025 186717.942)	70	658	0	396	false	1220	None
LINESTRING (3114663.025 186717.942, 3114668.794 186594.406)	70	658	0	397	false	1220	None
LINESTRING (3114668.794 186594.406, 3114669.06 186593.2)	70	658	0	398	false	1220	None
LINESTRING (3114669.06 186593.2, 3114671.518 186575.245)	70	658	0	399	false	1220	None
LINESTRING (3114671.518 186575.245, 3114676.335 186559.857)	70	658	0	400	false	1220	None
LINESTRING (3114676.335 186559.857, 3114681.521 186548.89)	70	658	0	401	false	1220	None
LINESTRING (3114681.521 186548.89, 3114686.28 186542.632)	70	658	0	402	false	1220	None
LINESTRING (3114686.28 186542.632, 3114709.11 186518.46)	70	658	0	403	false	1220	None
LINESTRING (3114709.11 186518.46, 3114715.286 186507.991)	70	658	0	404	false	1220	None
LINESTRING (3114715.286 186507.991, 3114719.287 186495.5)	70	658	0	405	false	1220	None
LINESTRING (3114719.287 186495.5, 3114719.975 186489.345)	70	658	0	406	false	1220	None
LINESTRING (3114719.975 186489.345, 3114719.755 186461.449)	70	658	0	407	false	1220	None
LINESTRING (3114719.755 186461.449, 3114717.606 186431.15)	70	658	0	408	false	1220	None
LINESTRING (3114717.606 186431.15, 3114717.211 186416.023)	70	658	0	409	false	1220	None
LINESTRING (3114717.211 186416.023, 3114720.094 186376.955)	70	658	0	410	false	1220	None
LINESTRING (3114720.094 186376.955, 3114725.288 186335.446)	70	658	0	411	false	1220	None
LINESTRING (3114725.288 186335.446, 3114734.581 186293.249)	70	658	0	412	false	1220	None
LINESTRING (3114734.581 186293.249, 3114756.143 186186.464)	70	658	0	413	false	1220	None
LINESTRING (3114756.143 186186.464, 3114774.51 186111.613)	70	658	0	414	false	1220	None
LINESTRING (3114774.51 186111.613, 3114785.731 186062.074)	70	658	0	415	false	1220	None
LINESTRING (3114785.731 186062.074, 3114795.146 186026.223)	70	658	0	416	false	1220	None
LINESTRING (3114795.146 186026.223, 3114801.325 185993.173)	70	658	0	417	false	1220	None
LINESTRING (3114801.325 185993.173, 3114804.269 185982.416)	70	658	0	418	false	1220	None
LINESTRING (3114804.269 185982.416, 3114808.274 185971.71)	70	658	0	419	false	1220	None
LINESTRING (3114808.274 185971.71, 3114849.758 185890.15)	70	658	0	420	false	1220	None
LINESTRING (3114849.758 185890.15, 3114851.874 185886.683)	70	658	0	421	false	1220	None
LINESTRING (3114851.874 185886.683, 3114857.395 185877.151)	70	658	0	422	false	1220	None
LINESTRING (3114857.395 185877.151, 3114866.675 185863.712)	70	658	0	423	false	1220	None
LINESTRING (3114866.675 185863.712, 3114894.373 185826.074)	70	658	0	424	false	1220	None
LINESTRING (3114894.373 185826.074, 3114945.852 185774.612)	70	658	0	425	false	1220	S:3114902.587712759 185817.862
LINESTRING (3116585.413 184172.124, 3116704.187 186430.948)	70	658	0	513	false	1220	S:3116671.949571779 185817.862
LINESTRING (3116704.187 186430.948, 3116708.21 186509.158)	70	658	0	514	false	1220	None
LINESTRING (3116708.21 186509.158, 3116677.74 186695.497)	70	658	0	515	false	1220	None
LINESTRING (3116677.74 186695.497, 3116717.614 186988.338)	70	658	0	516	false	1220	None
LINESTRING (3116717.614 186988.338, 3116740.614 187177.003)	70	658	0	517	false	1220	None
LINESTRING (3116740.614 187177.003, 3116788.859 187574.334)	70	658	0	518	false	1220	None
LINESTRING (3116788.859 187574.334, 3116800.748 187734.015)	70	658	0	519	false	1220	None
LINESTRING (3116800.748 187734.015, 3116910.548 189218.38)	70	658	0	520	false	1220	None
LINESTRING (3116910.548 189218.38, 3116936.608 189417.148)	70	658	0	521	false	1220	None
LINESTRING (3116936.608 189417.148, 3116978.631 189739.014)	70	658	0	522	false	1220	None
LINESTRING (3116978.631 189739.014, 3116972.593 189978.367)	70	658	0	523	false	1220	None
LINESTRING (3116972.593 189978.367, 3116964.541 190294.93)	70	658	0	524	false	1220	None
LINESTRING (3116964.541 190294.93, 3116964.582 190339.643)	70	658	0	525	false	1220	None
LINESTRING (3116964.582 190339.643, 3116963.956 190817.64)	70	658	0	526	false	1220	None
LINESTRING (3116963.956 190817.64, 3116925.563 191096.174)	70	658	0	527	false	1220	None
LINESTRING (3116925.563 191096.174, 3116903.542 191285.178)	70	658	0	528	false	1220	None
LINESTRING (3116903.542 191285.178, 3116919.969 191420.346)	70	658	0	529	false	1220	None
LINESTRING (3116919.969 191420.346, 3116962.205 191771.199)	70	658	0	530	false	1220	None
LINESTRING (3116962.205 191771.199, 3116991.361 192013.492)	70	658	0	531	false	1220	None
LINESTRING (3116991.361 192013.492, 3116989.577 192035.038)	70	658	0	532	false	1220	None
LINESTRING (3116989.577 192035.038, 3116965.152 192323.458)	70	658	0	533	false	1220	None
LINESTRING (3116965.152 192323.458, 3116935.766 192526.995)	70	658	0	534	false	1220	None
LINESTRING (3116935.766 192526.995, 3116933.179 192702.184)	70	658	0	535	false	1220	None
LINESTRING (3116933.179 192702.184, 3116932.968 192807.433)	70	658	0	536	false	1220	None
LINESTRING (3116932.968 192807.433, 3116909.856 192844.092)	70	658	0	537	false	1220	None
LINESTRING (3116909.856 192844.092, 3116900.192 192859.285)	70	658	0	538	false	1220	None
LINESTRING (3116900.192 192859.285, 3116919.584 192963.38)	70	658	0	539	false	1220	None
LINESTRING (3116919.584 192963.38, 3116902.603 193107.961)	70	658	0	540	false	1220	None
LINESTRING (3116902.603 193107.961, 3116900.346 193127.662)	70	658	0	541	false	1220	None
LINESTRING (3116900.346 193127.662, 3116902.289 193157.415)	70	658	0	542	false	1220	None
LINESTRING (3116902.289 193157.415, 3116911.665 193304.744)	70	658	0	543	false	1220	None
LINESTRING (3116911.665 193304.744, 3116914.733 193353.831)	70	658	0	544	false	1220	None
LINESTRING (3116914.733 193353.831, 3116947.321 193463.47)	70	658	0	545	false	1220	None
LINESTRING (3116947.321 193463.47, 3116973.564 193552.008)	70	658	0	546	false	1220	None
LINESTRING (3116973.564 193552.008, 3117039.928 193795.045)	70	658	0	547	false	1220	N:3117004.037641462 193663.608
LINESTRING (3114945.852 185774.612, 3114894.373 185826.074)	70	659	0	288	false	1099	S:3114902.587712759 185817.862
LINESTRING (3114894.373 185826.074, 3114866.675 185863.712)	70	659	0	289	false	1099	None
LINESTRING (3114866.675 185863.712, 3114857.395 185877.151)	70	659	0	290	false	1099	None
LINESTRING (3114857.395 185877.151, 3114851.874 185886.683)	70	659	0	291	false	1099	None
LINESTRING (3114851.874 185886.683, 3114849.758 185890.15)	70	659	0	292	false	1099	None
LINESTRING (3114849.758 185890.15, 3114808.274 185971.71)	70	659	0	293	false	1099	None
LINESTRING (3114808.274 185971.71, 3114804.269 185982.416)	70	659	0	294	false	1099	None
LINESTRING (3114804.269 185982.416, 3114801.325 185993.173)	70	659	0	295	false	1099	None
LINESTRING (3114801.325 185993.173, 3114795.146 186026.223)	70	659	0	296	false	1099	None
LINESTRING (3114795.146 186026.223, 3114785.731 186062.074)	70	659	0	297	false	1099	None
LINESTRING (3114785.731 186062.074, 3114774.51 186111.613)	70	659	0	298	false	1099	None
LINESTRING (3114774.51 186111.613, 3114756.143 186186.464)	70	659	0	299	false	1099	None
LINESTRING (3114756.143 186186.464, 3114734.581 186293.249)	70	659	0	300	false	1099	None
LINESTRING (3114734.581 186293.249, 3114725.288 186335.446)	70	659	0	301	false	1099	None
LINESTRING (3114725.288 186335.446, 3114720.094 186376.955)	70	659	0	302	false	1099	None
LINESTRING (3114720.094 186376.955, 3114717.211 186416.023)	70	659	0	303	false	1099	None
LINESTRING (3114717.211 186416.023, 3114717.606 186431.15)	70	659	0	304	false	1099	None
LINESTRING (3114717.606 186431.15, 3114719.755 186461.449)	70	659	0	305	false	1099	None
LINESTRING (3114719.755 186461.449, 3114719.975 186489.345)	70	659	0	306	false	1099	None
LINESTRING (3114719.975 186489.345, 3114719.287 186495.5)	70	659	0	307	false	1099	None
LINESTRING (3114719.287 186495.5, 3114715.286 186507.991)	70	659	0	308	false	1099	None
LINESTRING (3114715.286 186507.991, 3114709.11 186518.46)	70	659	0	309	false	1099	None
LINESTRING (3114709.11 186518.46, 3114686.28 186542.632)	70	659	0	310	false	1099	None
LINESTRING (3114686.28 186542.632, 3114681.521 186548.89)	70	659	0	311	false	1099	None
LINESTRING (3114681.521 186548.89, 3114676.335 186559.857)	70	659	0	312	false	1099	None
LINESTRING (3114676.335 186559.857, 3114671.518 186575.245)	70	659	0	313	false	1099	None
LINESTRING (3114671.518 186575.245, 3114669.06 186593.2)	70	659	0	314	false	1099	None
LINESTRING (3114669.06 186593.2, 3114668.794 186594.406)	70	659	0	315	false	1099	None
LINESTRING (3114668.794 186594.406, 3114663.025 186717.942)	70	659	0	316	false	1099	None
LINESTRING (3114663.025 186717.942, 3114660.194 186742.768)	70	659	0	317	false	1099	None
LINESTRING (3114660.194 186742.768, 3114655.208 186766.291)	70	659	0	318	false	1099	None
LINESTRING (3114655.208 186766.291, 3114648.978 186787.674)	70	659	0	319	false	1099	None
LINESTRING (3114648.978 186787.674, 3114641.676 186806.982)	70	659	0	320	false	1099	None
LINESTRING (3114641.676 186806.982, 3114632.958 186824.084)	70	659	0	321	false	1099	None
LINESTRING (3114632.958 186824.084, 3114629.185 186833.928)	70	659	0	322	false	1099	None
LINESTRING (3114629.185 186833.928, 3114623.799 186840.541)	70	659	0	323	false	1099	None
LINESTRING (3114623.799 186840.541, 3114622.894 186841.62)	70	659	0	324	false	1099	None
LINESTRING (3114622.894 186841.62, 3114607.011 186855.618)	70	659	0	325	false	1099	None
LINESTRING (3114607.011 186855.618, 3114604.885 186857.062)	70	659	0	326	false	1099	None
LINESTRING (3114604.885 186857.062, 3114598.09 186861.708)	70	659	0	327	false	1099	None
LINESTRING (3114598.09 186861.708, 3114593.172 186865.052)	70	659	0	328	false	1099	None
LINESTRING (3114593.172 186865.052, 3114572.035 186876.086)	70	659	0	329	false	1099	None
LINESTRING (3114572.035 186876.086, 3114543.646 186888.857)	70	659	0	330	false	1099	None
LINESTRING (3114543.646 186888.857, 3114520.037 186899.418)	70	659	0	331	false	1099	None
LINESTRING (3114520.037 186899.418, 3114500.616 186909.565)	70	659	0	332	false	1099	None
LINESTRING (3114500.616 186909.565, 3114471.827 186926.461)	70	659	0	333	false	1099	None
LINESTRING (3114471.827 186926.461, 3114457.81 186935.589)	70	659	0	334	false	1099	None
LINESTRING (3114457.81 186935.589, 3114434.376 186952.874)	70	659	0	335	false	1099	None
LINESTRING (3114434.376 186952.874, 3114405.999 186977.416)	70	659	0	336	false	1099	None
LINESTRING (3114405.999 186977.416, 3114397.062 186986.114)	70	659	0	337	false	1099	None
LINESTRING (3114397.062 186986.114, 3114390.059 186994.127)	70	659	0	338	false	1099	None
LINESTRING (3114390.059 186994.127, 3114379.634 187005.939)	70	659	0	339	false	1099	None
LINESTRING (3114379.634 187005.939, 3114348.624 187045.042)	70	659	0	340	false	1099	None
LINESTRING (3114348.624 187045.042, 3114336.671 187060.071)	70	659	0	341	false	1099	None
LINESTRING (3114336.671 187060.071, 3114257.898 187162.758)	70	659	0	342	false	1099	None
LINESTRING (3114257.898 187162.758, 3114236.578 187187.866)	70	659	0	343	false	1099	None
LINESTRING (3114236.578 187187.866, 3114224.23 187202.388)	70	659	0	344	false	1099	None
LINESTRING (3114224.23 187202.388, 3114211.077 187221.831)	70	659	0	345	false	1099	None
LINESTRING (3114211.077 187221.831, 3114200.788 187240.47)	70	659	0	346	false	1099	None
LINESTRING (3114200.788 187240.47, 3114196.434 187250.805)	70	659	0	347	false	1099	None
LINESTRING (3114196.434 187250.805, 3114184.006 187299.645)	70	659	0	348	false	1099	None
LINESTRING (3114184.006 187299.645, 3114172.728 187347.024)	70	659	0	349	false	1099	None
LINESTRING (3114172.728 187347.024, 3114164.169 187388.076)	70	659	0	350	false	1099	None
LINESTRING (3114164.169 187388.076, 3114160.916 187408.104)	70	659	0	351	false	1099	None
LINESTRING (3114160.916 187408.104, 3114156.488 187448.125)	70	659	0	352	false	1099	None
LINESTRING (3114156.488 187448.125, 3114159.988 187497.721)	70	659	0	353	false	1099	None
LINESTRING (3114159.988 187497.721, 3114163.866 187526.068)	70	659	0	354	false	1099	None
LINESTRING (3114163.866 187526.068, 3114164.559 187554.265)	70	659	0	355	false	1099	None
LINESTRING (3114164.559 187554.265, 3114162.046 187578.261)	70	659	0	356	false	1099	None
LINESTRING (3114162.046 187578.261, 3114159.51 187590.006)	70	659	0	357	false	1099	None
LINESTRING (3114159.51 187590.006, 3114155.339 187600.888)	70	659	0	358	false	1099	None
LINESTRING (3114155.339 187600.888, 3114152.014 187606.744)	70	659	0	359	false	1099	None
LINESTRING (3114152.014 187606.744, 3114143.648 187617.8)	70	659	0	360	false	1099	None
LINESTRING (3114143.648 187617.8, 3114127.168 187634.898)	70	659	0	361	false	1099	None
LINESTRING (3114127.168 187634.898, 3114104.023 187653.483)	70	659	0	362	false	1099	None
LINESTRING (3114104.023 187653.483, 3114074.347 187678.597)	70	659	0	363	false	1099	None
LINESTRING (3114074.347 187678.597, 3114062.599 187688.476)	70	659	0	364	false	1099	None
LINESTRING (3114062.599 187688.476, 3114048.16 187699.225)	70	659	0	365	false	1099	None
LINESTRING (3114048.16 187699.225, 3114033.147 187709.16)	70	659	0	366	false	1099	None
LINESTRING (3114033.147 187709.16, 3114001.759 187727.2)	70	659	0	367	false	1099	None
LINESTRING (3114001.759 187727.2, 3113977.477 187739.525)	70	659	0	368	false	1099	None
LINESTRING (3113977.477 187739.525, 3113952.021 187750.806)	70	659	0	369	false	1099	None
LINESTRING (3113952.021 187750.806, 3113938.123 187756.295)	70	659	0	370	false	1099	None
LINESTRING (3113938.123 187756.295, 3113932.369 187758.487)	70	659	0	371	false	1099	None
LINESTRING (3113932.369 187758.487, 3113926.7 187760.712)	70	659	0	372	false	1099	None
LINESTRING (3113926.7 187760.712, 3113917.547 187764.336)	70	659	0	373	false	1099	None
LINESTRING (3113917.547 187764.336, 3113915.653 187764.917)	70	659	0	374	false	1099	None
LINESTRING (3113915.653 187764.917, 3113868.717 187780.446)	70	659	0	375	false	1099	None
LINESTRING (3113868.717 187780.446, 3113808.56 187798.157)	70	659	0	376	false	1099	None
LINESTRING (3113808.56 187798.157, 3113802.661 187799.7)	70	659	0	377	false	1099	None
LINESTRING (3113802.661 187799.7, 3113772.712 187807.833)	70	659	0	378	false	1099	None
LINESTRING (3113772.712 187807.833, 3113709.638 187822.645)	70	659	0	379	false	1099	None
LINESTRING (3113709.638 187822.645, 3113584.895 187847.578)	70	659	0	380	false	1099	None
LINESTRING (3113584.895 187847.578, 3113526.487 187860.732)	70	659	0	381	false	1099	None
LINESTRING (3113526.487 187860.732, 3113476.304 187873.711)	70	659	0	382	false	1099	None
LINESTRING (3113476.304 187873.711, 3113434.07 187885.695)	70	659	0	383	false	1099	None
LINESTRING (3113434.07 187885.695, 3113427.465 187887.799)	70	659	0	384	false	1099	None
LINESTRING (3113427.465 187887.799, 3113413.246 187892.334)	70	659	0	385	false	1099	None
LINESTRING (3113413.246 187892.334, 3113381.651 187903.997)	70	659	0	386	false	1099	None
LINESTRING (3113381.651 187903.997, 3113348.971 187917.978)	70	659	0	387	false	1099	None
LINESTRING (3113348.971 187917.978, 3113331.046 187926.798)	70	659	0	388	false	1099	None
LINESTRING (3113331.046 187926.798, 3113305.047 187936.684)	70	659	0	389	false	1099	None
LINESTRING (3113305.047 187936.684, 3113294.588 187940.639)	70	659	0	390	false	1099	None
LINESTRING (3113294.588 187940.639, 3113279.51 187946.39)	70	659	0	391	false	1099	None
LINESTRING (3113279.51 187946.39, 3113263.334 187953.978)	70	659	0	392	false	1099	None
LINESTRING (3113263.334 187953.978, 3113252.94 187958.791)	70	659	0	393	false	1099	None
LINESTRING (3113252.94 187958.791, 3113234.607 187966.622)	70	659	0	394	false	1099	None
LINESTRING (3113234.607 187966.622, 3113179.234 187990.33)	70	659	0	395	false	1099	None
LINESTRING (3113179.234 187990.33, 3113163.713 187996.981)	70	659	0	396	false	1099	None
LINESTRING (3113163.713 187996.981, 3113160.736 187998.337)	70	659	0	397	false	1099	None
LINESTRING (3113160.736 187998.337, 3113120.038 188017.09)	70	659	0	398	false	1099	None
LINESTRING (3113120.038 188017.09, 3113094.296 188027.075)	70	659	0	399	false	1099	None
LINESTRING (3113094.296 188027.075, 3113043.438 188043.362)	70	659	0	400	false	1099	None
LINESTRING (3113043.438 188043.362, 3113028.21 188048.224)	70	659	0	401	false	1099	None
LINESTRING (3113028.21 188048.224, 3112996.409 188056.838)	70	659	0	402	false	1099	None
LINESTRING (3112996.409 188056.838, 3112975.159 188061.769)	70	659	0	403	false	1099	None
LINESTRING (3112975.159 188061.769, 3112957.454 188064.375)	70	659	0	404	false	1099	None
LINESTRING (3112957.454 188064.375, 3112952.018 188005.719)	70	659	0	405	false	1099	None
LINESTRING (3112952.018 188005.719, 3112934.417 187918.276)	70	659	0	406	false	1099	None
LINESTRING (3112934.417 187918.276, 3112929.527 187900.002)	70	659	0	407	false	1099	None
LINESTRING (3112929.527 187900.002, 3112897.638 187793.417)	70	659	0	408	false	1099	None
LINESTRING (3112897.638 187793.417, 3112887.144 187758.733)	70	659	0	409	false	1099	None
LINESTRING (3112887.144 187758.733, 3112786.412 187419.336)	70	659	0	410	false	1099	None
LINESTRING (3112786.412 187419.336, 3112749.289 187294.586)	70	659	0	411	false	1099	None
LINESTRING (3112749.289 187294.586, 3112739.739 187262.048)	70	659	0	412	false	1099	None
LINESTRING (3112739.739 187262.048, 3112710.792 187164.438)	70	659	0	413	false	1099	None
LINESTRING (3112710.792 187164.438, 3112701.116 187131.971)	70	659	0	414	false	1099	None
LINESTRING (3112701.116 187131.971, 3112685.245 187078.471)	70	659	0	415	false	1099	None
LINESTRING (3112685.245 187078.471, 3112679.99 187060.889)	70	659	0	416	false	1099	None
LINESTRING (3112679.99 187060.889, 3112649.254 186945.363)	70	659	0	417	false	1099	None
LINESTRING (3112649.254 186945.363, 3112642.45 186915.66)	70	659	0	418	false	1099	None
LINESTRING (3112642.45 186915.66, 3112629.594 186860.701)	70	659	0	419	false	1099	None
LINESTRING (3112629.594 186860.701, 3112614.548 186856.364)	70	659	0	420	false	1099	None
LINESTRING (3112614.548 186856.364, 3112595.142 186850.832)	70	659	0	421	false	1099	None
LINESTRING (3112595.142 186850.832, 3112569.746 186841.698)	70	659	0	422	false	1099	None
LINESTRING (3112569.746 186841.698, 3112554.971 186836.395)	70	659	0	423	false	1099	None
LINESTRING (3112554.971 186836.395, 3112537.505 186830.418)	70	659	0	424	false	1099	None
LINESTRING (3112537.505 186830.418, 3112505.191 186819.586)	70	659	0	425	false	1099	None
LINESTRING (3112505.191 186819.586, 3112484.732 186812.7)	70	659	0	426	false	1099	None
LINESTRING (3112484.732 186812.7, 3112467.141 186806.794)	70	659	0	427	false	1099	None
LINESTRING (3112467.141 186806.794, 3112455.966 186802.87)	70	659	0	428	false	1099	None
LINESTRING (3112455.966 186802.87, 3112422.36 186791.305)	70	659	0	429	false	1099	None
LINESTRING (3112422.36 186791.305, 3112411.145 186787.485)	70	659	0	430	false	1099	None
LINESTRING (3112411.145 186787.485, 3112417.215 186666.687)	70	659	0	431	false	1099	None
LINESTRING (3112417.215 186666.687, 3112423.056 186548.536)	70	659	0	432	false	1099	None
LINESTRING (3112423.056 186548.536, 3112420.62 186441.475)	70	659	0	433	false	1099	None
LINESTRING (3112420.62 186441.475, 3112407.541 186341.154)	70	659	0	434	false	1099	None
LINESTRING (3112407.541 186341.154, 3112400.517 186311.249)	70	659	0	435	false	1099	None
LINESTRING (3112400.517 186311.249, 3112373.592 186199.088)	70	659	0	436	false	1099	None
LINESTRING (3112373.592 186199.088, 3112337.453 186048.104)	70	659	0	437	false	1099	None
LINESTRING (3112337.453 186048.104, 3112228.849 185595.085)	70	659	0	438	false	1099	W:3112314.717 185953.26550432775
LINESTRING (3112228.849 185595.085, 3112337.453 186048.104)	70	660	0	1062	false	1352	W:3112314.717 185953.26550432775
LINESTRING (3112337.453 186048.104, 3112373.592 186199.088)	70	660	0	1063	false	1352	None
LINESTRING (3112373.592 186199.088, 3112400.517 186311.249)	70	660	0	1064	false	1352	None
LINESTRING (3112400.517 186311.249, 3112407.541 186341.154)	70	660	0	1065	false	1352	None
LINESTRING (3112407.541 186341.154, 3112420.62 186441.475)	70	660	0	1066	false	1352	None
LINESTRING (3112420.62 186441.475, 3112423.056 186548.536)	70	660	0	1067	false	1352	None
LINESTRING (3112423.056 186548.536, 3112417.215 186666.687)	70	660	0	1068	false	1352	None
LINESTRING (3112417.215 186666.687, 3112411.145 186787.485)	70	660	0	1069	false	1352	None
LINESTRING (3112411.145 186787.485, 3112405.408 186785.526)	70	660	0	1070	false	1352	None
LINESTRING (3112405.408 186785.526, 3112404.723 186785.263)	70	660	0	1071	false	1352	None
LINESTRING (3112404.723 186785.263, 3112385.616 186778.182)	70	660	0	1072	false	1352	None
LINESTRING (3112385.616 186778.182, 3112379.148 186775.824)	70	660	0	1073	false	1352	None
LINESTRING (3112379.148 186775.824, 3112342.82 186762.385)	70	660	0	1074	false	1352	None
LINESTRING (3112342.82 186762.385, 3112233.539 186722.075)	70	660	0	1075	false	1352	W:3112314.717 186752.01877046344
LINESTRING (3117039.928 193795.045, 3116973.564 193552.008)	70	663	0	349	false	590	N:3117004.037641462 193663.608
LINESTRING (3116973.564 193552.008, 3116947.321 193463.47)	70	663	0	350	false	590	None
LINESTRING (3116947.321 193463.47, 3116914.733 193353.831)	70	663	0	351	false	590	None
LINESTRING (3116914.733 193353.831, 3116911.665 193304.744)	70	663	0	352	false	590	None
LINESTRING (3116911.665 193304.744, 3116902.289 193157.415)	70	663	0	353	false	590	None
LINESTRING (3116902.289 193157.415, 3116900.346 193127.662)	70	663	0	354	false	590	None
LINESTRING (3116900.346 193127.662, 3116902.603 193107.961)	70	663	0	355	false	590	None
LINESTRING (3116902.603 193107.961, 3116919.584 192963.38)	70	663	0	356	false	590	None
LINESTRING (3116919.584 192963.38, 3116900.192 192859.285)	70	663	0	357	false	590	None
LINESTRING (3116900.192 192859.285, 3116909.856 192844.092)	70	663	0	358	false	590	None
LINESTRING (3116909.856 192844.092, 3116932.968 192807.433)	70	663	0	359	false	590	None
LINESTRING (3116932.968 192807.433, 3116933.179 192702.184)	70	663	0	360	false	590	None
LINESTRING (3116933.179 192702.184, 3116935.766 192526.995)	70	663	0	361	false	590	None
LINESTRING (3116935.766 192526.995, 3116965.152 192323.458)	70	663	0	362	false	590	None
LINESTRING (3116965.152 192323.458, 3116989.577 192035.038)	70	663	0	363	false	590	None
LINESTRING (3116989.577 192035.038, 3116991.361 192013.492)	70	663	0	364	false	590	None
LINESTRING (3116991.361 192013.492, 3116962.205 191771.199)	70	663	0	365	false	590	None
LINESTRING (3116962.205 191771.199, 3116919.969 191420.346)	70	663	0	366	false	590	None
LINESTRING (3116919.969 191420.346, 3116903.542 191285.178)	70	663	0	367	false	590	None
LINESTRING (3116903.542 191285.178, 3116925.563 191096.174)	70	663	0	368	false	590	None
LINESTRING (3116925.563 191096.174, 3116963.956 190817.64)	70	663	0	369	false	590	None
LINESTRING (3116963.956 190817.64, 3116964.582 190339.643)	70	663	0	370	false	590	None
LINESTRING (3116964.582 190339.643, 3116964.541 190294.93)	70	663	0	371	false	590	None
LINESTRING (3116964.541 190294.93, 3116972.593 189978.367)	70	663	0	372	false	590	None
LINESTRING (3116972.593 189978.367, 3116978.631 189739.014)	70	663	0	373	false	590	None
LINESTRING (3116978.631 189739.014, 3116936.608 189417.148)	70	663	0	374	false	590	None
LINESTRING (3116936.608 189417.148, 3116910.548 189218.38)	70	663	0	375	false	590	None
LINESTRING (3116910.548 189218.38, 3116800.748 187734.015)	70	663	0	376	false	590	None
LINESTRING (3116800.748 187734.015, 3116788.859 187574.334)	70	663	0	377	false	590	None
LINESTRING (3116788.859 187574.334, 3116740.614 187177.003)	70	663	0	378	false	590	None
LINESTRING (3116740.614 187177.003, 3116717.614 186988.338)	70	663	0	379	false	590	None
LINESTRING (3116717.614 186988.338, 3116677.74 186695.497)	70	663	0	380	false	590	None
LINESTRING (3116677.74 186695.497, 3116708.21 186509.158)	70	663	0	381	false	590	None
LINESTRING (3116708.21 186509.158, 3116704.187 186430.948)	70	663	0	382	false	590	None
LINESTRING (3116704.187 186430.948, 3116585.413 184172.124)	70	663	0	383	false	590	S:3116671.949571779 185817.862
