LINESTRING (3108166.875 193826.968, 3107548.41 193593.317)	66	658	0	596	false	1220	N:3107734.467510197 193663.608
LINESTRING (3107548.41 193593.317, 3107034.184 193399.251)	66	658	0	597	false	1220	None
LINESTRING (3107034.184 193399.251, 3107017.616 193393.03)	66	658	0	598	false	1220	None
LINESTRING (3107017.616 193393.03, 3107017.821 193392.752)	66	658	0	599	false	1220	None
LINESTRING (3107017.821 193392.752, 3107026.734 193385.11)	66	658	0	600	false	1220	None
LINESTRING (3107026.734 193385.11, 3107035.996 193377.84)	66	658	0	601	false	1220	None
LINESTRING (3107035.996 193377.84, 3107052.143 193366.431)	66	658	0	602	false	1220	None
LINESTRING (3107052.143 193366.431, 3107058.943 193362.26)	66	658	0	603	false	1220	None
LINESTRING (3107058.943 193362.26, 3107090.77 193345.799)	66	658	0	604	false	1220	None
LINESTRING (3107090.77 193345.799, 3107108.956 193337.785)	66	658	0	605	false	1220	None
LINESTRING (3107108.956 193337.785, 3107144.068 193318.897)	66	658	0	606	false	1220	None
LINESTRING (3107144.068 193318.897, 3107173.684 193298.976)	66	658	0	607	false	1220	None
LINESTRING (3107173.684 193298.976, 3107177.543 193295.818)	66	658	0	608	false	1220	None
LINESTRING (3107177.543 193295.818, 3107198.206 193278.769)	66	658	0	609	false	1220	None
LINESTRING (3107198.206 193278.769, 3107221.418 193257.11)	66	658	0	610	false	1220	None
LINESTRING (3107221.418 193257.11, 3107232.26 193240.581)	66	658	0	611	false	1220	None
LINESTRING (3107232.26 193240.581, 3107238.178 193230.249)	66	658	0	612	false	1220	None
LINESTRING (3107238.178 193230.249, 3107241.422 193223.053)	66	658	0	613	false	1220	None
LINESTRING (3107241.422 193223.053, 3107245.113 193211.869)	66	658	0	614	false	1220	None
LINESTRING (3107245.113 193211.869, 3107248.034 193200.389)	66	658	0	615	false	1220	None
LINESTRING (3107248.034 193200.389, 3107249.761 193188.691)	66	658	0	616	false	1220	None
LINESTRING (3107249.761 193188.691, 3107251.002 193164.923)	66	658	0	617	false	1220	None
LINESTRING (3107251.002 193164.923, 3107250.333 193157.18)	66	658	0	618	false	1220	None
LINESTRING (3107250.333 193157.18, 3107248.525 193098.019)	66	658	0	619	false	1220	None
LINESTRING (3107248.525 193098.019, 3107248.065 193046.624)	66	658	0	620	false	1220	None
LINESTRING (3107248.065 193046.624, 3107248.355 193018.927)	66	658	0	621	false	1220	None
LINESTRING (3107248.355 193018.927, 3107247.144 192995.408)	66	658	0	622	false	1220	None
LINESTRING (3107247.144 192995.408, 3107246.178 192987.671)	66	658	0	623	false	1220	None
LINESTRING (3107246.178 192987.671, 3107242.894 192972.391)	66	658	0	624	false	1220	None
LINESTRING (3107242.894 192972.391, 3107241.716 192964.691)	66	658	0	625	false	1220	None
LINESTRING (3107241.716 192964.691, 3107235.482 192941.984)	66	658	0	626	false	1220	None
LINESTRING (3107235.482 192941.984, 3107234.069 192938.235)	66	658	0	627	false	1220	None
LINESTRING (3107234.069 192938.235, 3107232.094 192930.824)	66	658	0	628	false	1220	None
LINESTRING (3107232.094 192930.824, 3107215.612 192877.933)	66	658	0	629	false	1220	None
LINESTRING (3107215.612 192877.933, 3107214.114 192874.151)	66	658	0	630	false	1220	None
LINESTRING (3107214.114 192874.151, 3107203.593 192852.893)	66	658	0	631	false	1220	None
LINESTRING (3107203.593 192852.893, 3107202.141 192849.248)	66	658	0	632	false	1220	None
LINESTRING (3107202.141 192849.248, 3107198.484 192842.382)	66	658	0	633	false	1220	None
LINESTRING (3107198.484 192842.382, 3107186.13 192822.324)	66	658	0	634	false	1220	None
LINESTRING (3107186.13 192822.324, 3107181.471 192816.025)	66	658	0	635	false	1220	None
LINESTRING (3107181.471 192816.025, 3107176.236 192805.585)	66	658	0	636	false	1220	None
LINESTRING (3107176.236 192805.585, 3107167.186 192783.821)	66	658	0	637	false	1220	None
LINESTRING (3107167.186 192783.821, 3107162.994 192772.709)	66	658	0	638	false	1220	None
LINESTRING (3107162.994 192772.709, 3107162.042 192768.78)	66	658	0	639	false	1220	None
LINESTRING (3107162.042 192768.78, 3107160.151 192762.946)	66	658	0	640	false	1220	None
LINESTRING (3107160.151 192762.946, 3107140.854 192704.581)	66	658	0	641	false	1220	None
LINESTRING (3107140.854 192704.581, 3107123.167 192660.736)	66	658	0	642	false	1220	None
LINESTRING (3107123.167 192660.736, 3107119.887 192653.658)	66	658	0	643	false	1220	None
LINESTRING (3107119.887 192653.658, 3107100.2 192606.314)	66	658	0	644	false	1220	None
LINESTRING (3107100.2 192606.314, 3107095.21 192595.492)	66	658	0	645	false	1220	None
LINESTRING (3107095.21 192595.492, 3107093.17 192592.097)	66	658	0	646	false	1220	None
LINESTRING (3107093.17 192592.097, 3107092.631 192590.94)	66	658	0	647	false	1220	None
LINESTRING (3107092.631 192590.94, 3107090.054 192584.844)	66	658	0	648	false	1220	None
LINESTRING (3107090.054 192584.844, 3107079.499 192563.931)	66	658	0	649	false	1220	None
LINESTRING (3107079.499 192563.931, 3107071.228 192546.03)	66	658	0	650	false	1220	None
LINESTRING (3107071.228 192546.03, 3107067.36 192539.202)	66	658	0	651	false	1220	None
LINESTRING (3107067.36 192539.202, 3107055.021 192510.12)	66	658	0	652	false	1220	None
LINESTRING (3107055.021 192510.12, 3107048.215 192489.928)	66	658	0	653	false	1220	None
LINESTRING (3107048.215 192489.928, 3107044.687 192479.903)	66	658	0	654	false	1220	None
LINESTRING (3107044.687 192479.903, 3107040.029 192460.77)	66	658	0	655	false	1220	None
LINESTRING (3107040.029 192460.77, 3107036.634 192449.37)	66	658	0	656	false	1220	None
LINESTRING (3107036.634 192449.37, 3107034.272 192433.731)	66	658	0	657	false	1220	None
LINESTRING (3107034.272 192433.731, 3107032.864 192414.059)	66	658	0	658	false	1220	None
LINESTRING (3107032.864 192414.059, 3107032.66 192390.214)	66	658	0	659	false	1220	None
LINESTRING (3107032.66 192390.214, 3107033.363 192386.324)	66	658	0	660	false	1220	None
LINESTRING (3107033.363 192386.324, 3107036.46 192351.026)	66	658	0	661	false	1220	None
LINESTRING (3107036.46 192351.026, 3107036.955 192339.213)	66	658	0	662	false	1220	None
LINESTRING (3107036.955 192339.213, 3107036.746 192331.29)	66	658	0	663	false	1220	None
LINESTRING (3107036.746 192331.29, 3107034.175 192307.728)	66	658	0	664	false	1220	None
LINESTRING (3107034.175 192307.728, 3107028.508 192288.922)	66	658	0	665	false	1220	None
LINESTRING (3107028.508 192288.922, 3107024.565 192277.669)	66	658	0	666	false	1220	None
LINESTRING (3107024.565 192277.669, 3107021.449 192270.416)	66	658	0	667	false	1220	None
LINESTRING (3107021.449 192270.416, 3107007.497 192250.936)	66	658	0	668	false	1220	None
LINESTRING (3107007.497 192250.936, 3107004.586 192248.278)	66	658	0	669	false	1220	None
LINESTRING (3107004.586 192248.278, 3106982.682 192231.104)	66	658	0	670	false	1220	None
LINESTRING (3106982.682 192231.104, 3106979.851 192228.238)	66	658	0	671	false	1220	None
LINESTRING (3106979.851 192228.238, 3106951.076 192214.138)	66	658	0	672	false	1220	None
LINESTRING (3106951.076 192214.138, 3106933.538 192206.596)	66	658	0	673	false	1220	None
LINESTRING (3106933.538 192206.596, 3106932.682 192206.269)	66	658	0	674	false	1220	None
LINESTRING (3106932.682 192206.269, 3106929.197 192204.341)	66	658	0	675	false	1220	None
LINESTRING (3106929.197 192204.341, 3106925.092 192203.008)	66	658	0	676	false	1220	None
LINESTRING (3106925.092 192203.008, 3106911.339 192194.3)	66	658	0	677	false	1220	None
LINESTRING (3106911.339 192194.3, 3106908.343 192191.609)	66	658	0	678	false	1220	None
LINESTRING (3106908.343 192191.609, 3106901.056 192182.166)	66	658	0	679	false	1220	None
LINESTRING (3106901.056 192182.166, 3106899.056 192178.668)	66	658	0	680	false	1220	None
LINESTRING (3106899.056 192178.668, 3106896.738 192171.126)	66	658	0	681	false	1220	None
LINESTRING (3106896.738 192171.126, 3106895.81 192163.285)	66	658	0	682	false	1220	None
LINESTRING (3106895.81 192163.285, 3106897.13 192155.471)	66	658	0	683	false	1220	None
LINESTRING (3106897.13 192155.471, 3106900.221 192144.057)	66	658	0	684	false	1220	None
LINESTRING (3106900.221 192144.057, 3106908.257 192130.495)	66	658	0	685	false	1220	None
LINESTRING (3106908.257 192130.495, 3106915.946 192121.435)	66	658	0	686	false	1220	None
LINESTRING (3106915.946 192121.435, 3106917.802 192117.867)	66	658	0	687	false	1220	None
LINESTRING (3106917.802 192117.867, 3106906.1 192101.744)	66	658	0	688	false	1220	None
LINESTRING (3106906.1 192101.744, 3106896.312 192089.086)	66	658	0	689	false	1220	None
LINESTRING (3106896.312 192089.086, 3106890.502 192079.377)	66	658	0	690	false	1220	None
LINESTRING (3106890.502 192079.377, 3106879.909 192061.896)	66	658	0	691	false	1220	None
LINESTRING (3106879.909 192061.896, 3106875.243 192055.357)	66	658	0	692	false	1220	None
LINESTRING (3106875.243 192055.357, 3106867.495 192046.095)	66	658	0	693	false	1220	None
LINESTRING (3106867.495 192046.095, 3106858.347 192038.436)	66	658	0	694	false	1220	None
LINESTRING (3106858.347 192038.436, 3106851.536 192034.166)	66	658	0	695	false	1220	None
LINESTRING (3106851.536 192034.166, 3106840.633 192029.044)	66	658	0	696	false	1220	None
LINESTRING (3106840.633 192029.044, 3106817.908 192020.944)	66	658	0	697	false	1220	None
LINESTRING (3106817.908 192020.944, 3106806.456 192017.513)	66	658	0	698	false	1220	None
LINESTRING (3106806.456 192017.513, 3106798.614 192015.939)	66	658	0	699	false	1220	None
LINESTRING (3106798.614 192015.939, 3106778.897 192011.011)	66	658	0	700	false	1220	None
LINESTRING (3106778.897 192011.011, 3106771.346 192009.191)	66	658	0	701	false	1220	None
LINESTRING (3106771.346 192009.191, 3106751.409 192007.149)	66	658	0	702	false	1220	None
LINESTRING (3106751.409 192007.149, 3106743.348 192006.917)	66	658	0	703	false	1220	None
LINESTRING (3106743.348 192006.917, 3106739.379 192007.538)	66	658	0	704	false	1220	None
LINESTRING (3106739.379 192007.538, 3106733.777 192007.296)	66	658	0	705	false	1220	None
LINESTRING (3106733.777 192007.296, 3106731.523 192000.611)	66	658	0	706	false	1220	None
LINESTRING (3106731.523 192000.611, 3106730.828 191996.78)	66	658	0	707	false	1220	None
LINESTRING (3106730.828 191996.78, 3106730.892 191992.764)	66	658	0	708	false	1220	None
LINESTRING (3106730.892 191992.764, 3106731.68 191988.906)	66	658	0	709	false	1220	None
LINESTRING (3106731.68 191988.906, 3106732.235 191981.038)	66	658	0	710	false	1220	None
LINESTRING (3106732.235 191981.038, 3106731.582 191969.142)	66	658	0	711	false	1220	None
LINESTRING (3106731.582 191969.142, 3106729.617 191957.339)	66	658	0	712	false	1220	None
LINESTRING (3106729.617 191957.339, 3106726.01 191945.977)	66	658	0	713	false	1220	None
LINESTRING (3106726.01 191945.977, 3106722.307 191938.975)	66	658	0	714	false	1220	None
LINESTRING (3106722.307 191938.975, 3106720.056 191935.619)	66	658	0	715	false	1220	None
LINESTRING (3106720.056 191935.619, 3106711.608 191927.158)	66	658	0	716	false	1220	None
LINESTRING (3106711.608 191927.158, 3106708.407 191924.745)	66	658	0	717	false	1220	None
LINESTRING (3106708.407 191924.745, 3106697.22 191920.109)	66	658	0	718	false	1220	None
LINESTRING (3106697.22 191920.109, 3106685.84 191916.231)	66	658	0	719	false	1220	None
LINESTRING (3106685.84 191916.231, 3106662.804 191909.201)	66	658	0	720	false	1220	None
LINESTRING (3106662.804 191909.201, 3106650.914 191908.455)	66	658	0	721	false	1220	None
LINESTRING (3106650.914 191908.455, 3106642.826 191908.807)	66	658	0	722	false	1220	None
LINESTRING (3106642.826 191908.807, 3106630.969 191907.717)	66	658	0	723	false	1220	None
LINESTRING (3106630.969 191907.717, 3106627.081 191906.586)	66	658	0	724	false	1220	None
LINESTRING (3106627.081 191906.586, 3106623.431 191904.834)	66	658	0	725	false	1220	None
LINESTRING (3106623.431 191904.834, 3106620.435 191902.142)	66	658	0	726	false	1220	None
LINESTRING (3106620.435 191902.142, 3106617.854 191899.135)	66	658	0	727	false	1220	None
LINESTRING (3106617.854 191899.135, 3106615.854 191895.637)	66	658	0	728	false	1220	None
LINESTRING (3106615.854 191895.637, 3106614.863 191891.811)	66	658	0	729	false	1220	None
LINESTRING (3106614.863 191891.811, 3106615.271 191879.965)	66	658	0	730	false	1220	None
LINESTRING (3106615.271 191879.965, 3106616.059 191876.108)	66	658	0	731	false	1220	None
LINESTRING (3106616.059 191876.108, 3106624.991 191849.935)	66	658	0	732	false	1220	None
LINESTRING (3106624.991 191849.935, 3106627.06 191838.368)	66	658	0	733	false	1220	None
LINESTRING (3106627.06 191838.368, 3106627.107 191830.543)	66	658	0	734	false	1220	None
LINESTRING (3106627.107 191830.543, 3106626.452 191826.609)	66	658	0	735	false	1220	None
LINESTRING (3106626.452 191826.609, 3106623.056 191815.209)	66	658	0	736	false	1220	None
LINESTRING (3106623.056 191815.209, 3106612.652 191798.514)	66	658	0	737	false	1220	None
LINESTRING (3106612.652 191798.514, 3106601.247 191787.259)	66	658	0	738	false	1220	None
LINESTRING (3106601.247 191787.259, 3106598.171 191784.775)	66	658	0	739	false	1220	None
LINESTRING (3106598.171 191784.775, 3106590.951 191781.062)	66	658	0	740	false	1220	None
LINESTRING (3106590.951 191781.062, 3106575.928 191775.672)	66	658	0	741	false	1220	None
LINESTRING (3106575.928 191775.672, 3106560.283 191772.42)	66	658	0	742	false	1220	None
LINESTRING (3106560.283 191772.42, 3106556.256 191772.424)	66	658	0	743	false	1220	None
LINESTRING (3106556.256 191772.424, 3106544.435 191774.319)	66	658	0	744	false	1220	None
LINESTRING (3106544.435 191774.319, 3106536.826 191776.756)	66	658	0	745	false	1220	None
LINESTRING (3106536.826 191776.756, 3106517.488 191781.361)	66	658	0	746	false	1220	None
LINESTRING (3106517.488 191781.361, 3106513.513 191781.742)	66	658	0	747	false	1220	None
LINESTRING (3106513.513 191781.742, 3106506.663 191783.993)	66	658	0	748	false	1220	None
LINESTRING (3106506.663 191783.993, 3106493.854 191791.808)	66	658	0	749	false	1220	None
LINESTRING (3106493.854 191791.808, 3106490.82 191794.094)	66	658	0	750	false	1220	None
LINESTRING (3106490.82 191794.094, 3106488.888 191794.781)	66	658	0	751	false	1220	None
LINESTRING (3106488.888 191794.781, 3106485.572 191794.463)	66	658	0	752	false	1220	None
LINESTRING (3106485.572 191794.463, 3106482.727 191792.662)	66	658	0	753	false	1220	None
LINESTRING (3106482.727 191792.662, 3106481.245 191791.144)	66	658	0	754	false	1220	None
LINESTRING (3106481.245 191791.144, 3106479.177 191783.461)	66	658	0	755	false	1220	None
LINESTRING (3106479.177 191783.461, 3106477.519 191773.677)	66	658	0	756	false	1220	None
LINESTRING (3106477.519 191773.677, 3106475.994 191768.934)	66	658	0	757	false	1220	None
LINESTRING (3106475.994 191768.934, 3106472.614 191761.343)	66	658	0	758	false	1220	None
LINESTRING (3106472.614 191761.343, 3106471.653 191747.429)	66	658	0	759	false	1220	None
LINESTRING (3106471.653 191747.429, 3106472.634 191734.852)	66	658	0	760	false	1220	None
LINESTRING (3106472.634 191734.852, 3106471.944 191719.971)	66	658	0	761	false	1220	None
LINESTRING (3106471.944 191719.971, 3106472.997 191708.491)	66	658	0	762	false	1220	None
LINESTRING (3106472.997 191708.491, 3106475.216 191691.396)	66	658	0	763	false	1220	None
LINESTRING (3106475.216 191691.396, 3106480.109 191676.037)	66	658	0	764	false	1220	None
LINESTRING (3106480.109 191676.037, 3106486.861 191660.439)	66	658	0	765	false	1220	None
LINESTRING (3106486.861 191660.439, 3106491.793 191652.938)	66	658	0	766	false	1220	None
LINESTRING (3106491.793 191652.938, 3106502.85 191643.026)	66	658	0	767	false	1220	None
LINESTRING (3106502.85 191643.026, 3106513.422 191630.791)	66	658	0	768	false	1220	None
LINESTRING (3106513.422 191630.791, 3106529.03 191618.223)	66	658	0	769	false	1220	None
LINESTRING (3106529.03 191618.223, 3106536.149 191611.678)	66	658	0	770	false	1220	None
LINESTRING (3106536.149 191611.678, 3106539.442 191607.947)	66	658	0	771	false	1220	None
LINESTRING (3106539.442 191607.947, 3106542.386 191603.844)	66	658	0	772	false	1220	None
LINESTRING (3106542.386 191603.844, 3106547.286 191595.142)	66	658	0	773	false	1220	None
LINESTRING (3106547.286 191595.142, 3106553.505 191578.627)	66	658	0	774	false	1220	None
LINESTRING (3106553.505 191578.627, 3106559.94 191563.858)	66	658	0	775	false	1220	None
LINESTRING (3106559.94 191563.858, 3106571.975 191539.586)	66	658	0	776	false	1220	None
LINESTRING (3106571.975 191539.586, 3106573.193 191534.348)	66	658	0	777	false	1220	None
LINESTRING (3106573.193 191534.348, 3106574.206 191529.388)	66	658	0	778	false	1220	None
LINESTRING (3106574.206 191529.388, 3106574.598 191513.733)	66	658	0	779	false	1220	None
LINESTRING (3106574.598 191513.733, 3106573.187 191481.228)	66	658	0	780	false	1220	None
LINESTRING (3106573.187 191481.228, 3106574.444 191463.052)	66	658	0	781	false	1220	None
LINESTRING (3106574.444 191463.052, 3106588.705 191413.964)	66	658	0	782	false	1220	None
LINESTRING (3106588.705 191413.964, 3106592.282 191382.535)	66	658	0	783	false	1220	None
LINESTRING (3106592.282 191382.535, 3106590.384 191342.832)	66	658	0	784	false	1220	None
LINESTRING (3106590.384 191342.832, 3106587.066 191331.225)	66	658	0	785	false	1220	None
LINESTRING (3106587.066 191331.225, 3106576.818 191309.242)	66	658	0	786	false	1220	None
LINESTRING (3106576.818 191309.242, 3106564.403 191285.48)	66	658	0	787	false	1220	None
LINESTRING (3106564.403 191285.48, 3106553.077 191259.64)	66	658	0	788	false	1220	None
LINESTRING (3106553.077 191259.64, 3106543.928 191245.564)	66	658	0	789	false	1220	None
LINESTRING (3106543.928 191245.564, 3106537.154 191229.902)	66	658	0	790	false	1220	None
LINESTRING (3106537.154 191229.902, 3106521.973 191175.375)	66	658	0	791	false	1220	None
LINESTRING (3106521.973 191175.375, 3106516.503 191160.924)	66	658	0	792	false	1220	None
LINESTRING (3106516.503 191160.924, 3106508.905 191144.59)	66	658	0	793	false	1220	None
LINESTRING (3106508.905 191144.59, 3106496.36 191131.948)	66	658	0	794	false	1220	None
LINESTRING (3106496.36 191131.948, 3106487.863 191124.896)	66	658	0	795	false	1220	None
LINESTRING (3106487.863 191124.896, 3106478.191 191119.889)	66	658	0	796	false	1220	None
LINESTRING (3106478.191 191119.889, 3106469.855 191117.295)	66	658	0	797	false	1220	None
LINESTRING (3106469.855 191117.295, 3106462.514 191113.893)	66	658	0	798	false	1220	None
LINESTRING (3106462.514 191113.893, 3106452.58 191107.004)	66	658	0	799	false	1220	None
LINESTRING (3106452.58 191107.004, 3106446.106 191101.081)	66	658	0	800	false	1220	None
LINESTRING (3106446.106 191101.081, 3106441.645 191092.721)	66	658	0	801	false	1220	None
LINESTRING (3106441.645 191092.721, 3106439.926 191083.864)	66	658	0	802	false	1220	None
LINESTRING (3106439.926 191083.864, 3106441.374 191072.891)	66	658	0	803	false	1220	None
LINESTRING (3106441.374 191072.891, 3106442.582 191057.668)	66	658	0	804	false	1220	None
LINESTRING (3106442.582 191057.668, 3106442.573 191046.138)	66	658	0	805	false	1220	None
LINESTRING (3106442.573 191046.138, 3106441.791 191029.44)	66	658	0	806	false	1220	None
LINESTRING (3106441.791 191029.44, 3106438.454 191017.113)	66	658	0	807	false	1220	None
LINESTRING (3106438.454 191017.113, 3106431.042 191006.197)	66	658	0	808	false	1220	None
LINESTRING (3106431.042 191006.197, 3106420.519 190994.686)	66	658	0	809	false	1220	None
LINESTRING (3106420.519 190994.686, 3106409.051 190985.903)	66	658	0	810	false	1220	None
LINESTRING (3106409.051 190985.903, 3106384.978 190963.862)	66	658	0	811	false	1220	None
LINESTRING (3106384.978 190963.862, 3106367.364 190950.352)	66	658	0	812	false	1220	None
LINESTRING (3106367.364 190950.352, 3106355.93 190939.681)	66	658	0	813	false	1220	None
LINESTRING (3106355.93 190939.681, 3106348.404 190930.861)	66	658	0	814	false	1220	None
LINESTRING (3106348.404 190930.861, 3106339.378 190918.259)	66	658	0	815	false	1220	None
LINESTRING (3106339.378 190918.259, 3106328.211 190896.877)	66	658	0	816	false	1220	None
LINESTRING (3106328.211 190896.877, 3106326.787 190883.142)	66	658	0	817	false	1220	None
LINESTRING (3106326.787 190883.142, 3106339.376 190849.457)	66	658	0	818	false	1220	None
LINESTRING (3106339.376 190849.457, 3106354.853 190822.342)	66	658	0	819	false	1220	None
LINESTRING (3106354.853 190822.342, 3106356.722 190817.709)	66	658	0	820	false	1220	None
LINESTRING (3106356.722 190817.709, 3106358.795 190807.926)	66	658	0	821	false	1220	None
LINESTRING (3106358.795 190807.926, 3106358.918 190802.983)	66	658	0	822	false	1220	None
LINESTRING (3106358.918 190802.983, 3106358.488 190797.946)	66	658	0	823	false	1220	None
LINESTRING (3106358.488 190797.946, 3106351.789 190777.204)	66	658	0	824	false	1220	None
LINESTRING (3106351.789 190777.204, 3106340.368 190760.596)	66	658	0	825	false	1220	None
LINESTRING (3106340.368 190760.596, 3106333.359 190747.34)	66	658	0	826	false	1220	None
LINESTRING (3106333.359 190747.34, 3106328.375 190733.669)	66	658	0	827	false	1220	None
LINESTRING (3106328.375 190733.669, 3106318.857 190710.542)	66	658	0	828	false	1220	None
LINESTRING (3106318.857 190710.542, 3106309.73 190692.554)	66	658	0	829	false	1220	None
LINESTRING (3106309.73 190692.554, 3106281.968 190652.942)	66	658	0	830	false	1220	None
LINESTRING (3106281.968 190652.942, 3106271.012 190637.939)	66	658	0	831	false	1220	None
LINESTRING (3106271.012 190637.939, 3106260.586 190620.524)	66	658	0	832	false	1220	None
LINESTRING (3106260.586 190620.524, 3106254.806 190604.054)	66	658	0	833	false	1220	None
LINESTRING (3106254.806 190604.054, 3106251.539 190586.406)	66	658	0	834	false	1220	None
LINESTRING (3106251.539 190586.406, 3106250.348 190576.682)	66	658	0	835	false	1220	None
LINESTRING (3106250.348 190576.682, 3106251.016 190566.719)	66	658	0	836	false	1220	None
LINESTRING (3106251.016 190566.719, 3106253.47 190556.963)	66	658	0	837	false	1220	None
LINESTRING (3106253.47 190556.963, 3106257.638 190547.862)	66	658	0	838	false	1220	None
LINESTRING (3106257.638 190547.862, 3106271.415 190526.989)	66	658	0	839	false	1220	None
LINESTRING (3106271.415 190526.989, 3106283.867 190520.106)	66	658	0	840	false	1220	None
LINESTRING (3106283.867 190520.106, 3106319.818 190508.783)	66	658	0	841	false	1220	None
LINESTRING (3106319.818 190508.783, 3106339.368 190504.14)	66	658	0	842	false	1220	None
LINESTRING (3106339.368 190504.14, 3106361.57 190497.183)	66	658	0	843	false	1220	None
LINESTRING (3106361.57 190497.183, 3106396.475 190476.786)	66	658	0	844	false	1220	None
LINESTRING (3106396.475 190476.786, 3106401.529 190472.302)	66	658	0	845	false	1220	None
LINESTRING (3106401.529 190472.302, 3106407.726 190464.572)	66	658	0	846	false	1220	None
LINESTRING (3106407.726 190464.572, 3106412.236 190455.602)	66	658	0	847	false	1220	None
LINESTRING (3106412.236 190455.602, 3106414.823 190446.016)	66	658	0	848	false	1220	None
LINESTRING (3106414.823 190446.016, 3106417.273 190426.514)	66	658	0	849	false	1220	None
LINESTRING (3106417.273 190426.514, 3106418.724 190410.909)	66	658	0	850	false	1220	None
LINESTRING (3106418.724 190410.909, 3106418.734 190392.138)	66	658	0	851	false	1220	None
LINESTRING (3106418.734 190392.138, 3106419.304 190381.662)	66	658	0	852	false	1220	None
LINESTRING (3106419.304 190381.662, 3106422.017 190370.46)	66	658	0	853	false	1220	None
LINESTRING (3106422.017 190370.46, 3106425.913 190347.947)	66	658	0	854	false	1220	None
LINESTRING (3106425.913 190347.947, 3106426.183 190311.808)	66	658	0	855	false	1220	None
LINESTRING (3106426.183 190311.808, 3106428.657 190280.433)	66	658	0	856	false	1220	None
LINESTRING (3106428.657 190280.433, 3106434.205 190246.669)	66	658	0	857	false	1220	None
LINESTRING (3106434.205 190246.669, 3106438.805 190225.138)	66	658	0	858	false	1220	None
LINESTRING (3106438.805 190225.138, 3106440.297 190215.846)	66	658	0	859	false	1220	None
LINESTRING (3106440.297 190215.846, 3106440.42 190210.902)	66	658	0	860	false	1220	None
LINESTRING (3106440.42 190210.902, 3106439.519 190200.933)	66	658	0	861	false	1220	None
LINESTRING (3106439.519 190200.933, 3106436.805 190191.339)	66	658	0	862	false	1220	None
LINESTRING (3106436.805 190191.339, 3106434.567 190186.919)	66	658	0	863	false	1220	None
LINESTRING (3106434.567 190186.919, 3106431.743 190182.749)	66	658	0	864	false	1220	None
LINESTRING (3106431.743 190182.749, 3106428.338 190179.07)	66	658	0	865	false	1220	None
LINESTRING (3106428.338 190179.07, 3106424.477 190175.811)	66	658	0	866	false	1220	None
LINESTRING (3106424.477 190175.811, 3106420.254 190173.246)	66	658	0	867	false	1220	None
LINESTRING (3106420.254 190173.246, 3106415.707 190171.269)	66	658	0	868	false	1220	None
LINESTRING (3106415.707 190171.269, 3106410.876 190169.778)	66	658	0	869	false	1220	None
LINESTRING (3106410.876 190169.778, 3106405.939 190169.078)	66	658	0	870	false	1220	None
LINESTRING (3106405.939 190169.078, 3106392.173 190169.636)	66	658	0	871	false	1220	None
LINESTRING (3106392.173 190169.636, 3106382.523 190168.678)	66	658	0	872	false	1220	None
LINESTRING (3106382.523 190168.678, 3106354.598 190167.742)	66	658	0	873	false	1220	None
LINESTRING (3106354.598 190167.742, 3106333.398 190166.17)	66	658	0	874	false	1220	None
LINESTRING (3106333.398 190166.17, 3106314.032 190163.398)	66	658	0	875	false	1220	None
LINESTRING (3106314.032 190163.398, 3106294.157 190162.214)	66	658	0	876	false	1220	None
LINESTRING (3106294.157 190162.214, 3106260.354 190158.674)	66	658	0	877	false	1220	None
LINESTRING (3106260.354 190158.674, 3106240.25 190155.264)	66	658	0	878	false	1220	None
LINESTRING (3106240.25 190155.264, 3106227.934 190149.722)	66	658	0	879	false	1220	None
LINESTRING (3106227.934 190149.722, 3106210.147 190142.563)	66	658	0	880	false	1220	None
LINESTRING (3106210.147 190142.563, 3106197.811 190136.301)	66	658	0	881	false	1220	None
LINESTRING (3106197.811 190136.301, 3106186.542 190123.912)	66	658	0	882	false	1220	None
LINESTRING (3106186.542 190123.912, 3106177.496 190110.59)	66	658	0	883	false	1220	None
LINESTRING (3106177.496 190110.59, 3106173.374 190089.526)	66	658	0	884	false	1220	None
LINESTRING (3106173.374 190089.526, 3106173.131 190080.402)	66	658	0	885	false	1220	None
LINESTRING (3106173.131 190080.402, 3106173.59 190075.35)	66	658	0	886	false	1220	None
LINESTRING (3106173.59 190075.35, 3106175.662 190065.566)	66	658	0	887	false	1220	None
LINESTRING (3106175.662 190065.566, 3106179.315 190056.269)	66	658	0	888	false	1220	None
LINESTRING (3106179.315 190056.269, 3106187.719 190042.253)	66	658	0	889	false	1220	None
LINESTRING (3106187.719 190042.253, 3106199.366 190029.002)	66	658	0	890	false	1220	None
LINESTRING (3106199.366 190029.002, 3106205.859 190022.811)	66	658	0	891	false	1220	None
LINESTRING (3106205.859 190022.811, 3106214.137 190016.827)	66	658	0	892	false	1220	None
LINESTRING (3106214.137 190016.827, 3106234.563 190006.814)	66	658	0	893	false	1220	None
LINESTRING (3106234.563 190006.814, 3106251.181 190000.336)	66	658	0	894	false	1220	None
LINESTRING (3106251.181 190000.336, 3106262.749 189995.254)	66	658	0	895	false	1220	None
LINESTRING (3106262.749 189995.254, 3106278.754 189989.611)	66	658	0	896	false	1220	None
LINESTRING (3106278.754 189989.611, 3106292.557 189984.076)	66	658	0	897	false	1220	None
LINESTRING (3106292.557 189984.076, 3106307.314 189972.965)	66	658	0	898	false	1220	None
LINESTRING (3106307.314 189972.965, 3106321.222 189960.222)	66	658	0	899	false	1220	None
LINESTRING (3106321.222 189960.222, 3106332.855 189940.074)	66	658	0	900	false	1220	None
LINESTRING (3106332.855 189940.074, 3106337.299 189923.831)	66	658	0	901	false	1220	None
LINESTRING (3106337.299 189923.831, 3106339.551 189919.226)	66	658	0	902	false	1220	None
LINESTRING (3106339.551 189919.226, 3106340.992 189914.43)	66	658	0	903	false	1220	None
LINESTRING (3106340.992 189914.43, 3106341.794 189909.508)	66	658	0	904	false	1220	None
LINESTRING (3106341.794 189909.508, 3106341.831 189904.532)	66	658	0	905	false	1220	None
LINESTRING (3106341.831 189904.532, 3106341.19 189899.534)	66	658	0	906	false	1220	None
LINESTRING (3106341.19 189899.534, 3106339.875 189894.753)	66	658	0	907	false	1220	None
LINESTRING (3106339.875 189894.753, 3106337.763 189890.262)	66	658	0	908	false	1220	None
LINESTRING (3106337.763 189890.262, 3106332.732 189882.872)	66	658	0	909	false	1220	None
LINESTRING (3106332.732 189882.872, 3106330.046 189879.112)	66	658	0	910	false	1220	None
LINESTRING (3106330.046 189879.112, 3106316.371 189865.564)	66	658	0	911	false	1220	None
LINESTRING (3106316.371 189865.564, 3106305.147 189853.311)	66	658	0	912	false	1220	None
LINESTRING (3106305.147 189853.311, 3106300.277 189843.962)	66	658	0	913	false	1220	None
LINESTRING (3106300.277 189843.962, 3106297.323 189836.535)	66	658	0	914	false	1220	None
LINESTRING (3106297.323 189836.535, 3106294.383 189820.082)	66	658	0	915	false	1220	None
LINESTRING (3106294.383 189820.082, 3106289.587 189800.781)	66	658	0	916	false	1220	None
LINESTRING (3106289.587 189800.781, 3106290.353 189791.33)	66	658	0	917	false	1220	None
LINESTRING (3106290.353 189791.33, 3106291.794 189786.534)	66	658	0	918	false	1220	None
LINESTRING (3106291.794 189786.534, 3106293.835 189781.967)	66	658	0	919	false	1220	None
LINESTRING (3106293.835 189781.967, 3106296.522 189777.767)	66	658	0	920	false	1220	None
LINESTRING (3106296.522 189777.767, 3106299.769 189773.899)	66	658	0	921	false	1220	None
LINESTRING (3106299.769 189773.899, 3106303.411 189770.538)	66	658	0	922	false	1220	None
LINESTRING (3106303.411 189770.538, 3106314.97 189768.304)	66	658	0	923	false	1220	None
LINESTRING (3106314.97 189768.304, 3106347.698 189764.898)	66	658	0	924	false	1220	None
LINESTRING (3106347.698 189764.898, 3106355.082 189765.107)	66	658	0	925	false	1220	None
LINESTRING (3106355.082 189765.107, 3106359.567 189763.139)	66	658	0	926	false	1220	None
LINESTRING (3106359.567 189763.139, 3106363.163 189759.642)	66	658	0	927	false	1220	None
LINESTRING (3106363.163 189759.642, 3106365.375 189755.141)	66	658	0	928	false	1220	None
LINESTRING (3106365.375 189755.141, 3106366.434 189750.318)	66	658	0	929	false	1220	None
LINESTRING (3106366.434 189750.318, 3106366.3 189745.276)	66	658	0	930	false	1220	None
LINESTRING (3106366.3 189745.276, 3106364.985 189740.495)	66	658	0	931	false	1220	S:3106365.0510112946 189740.735
LINESTRING (3106364.985 189740.495, 3106366.3 189745.276)	66	661	0	909	false	1875	S:3106365.0510112946 189740.735
LINESTRING (3106366.3 189745.276, 3106366.434 189750.318)	66	661	0	910	false	1875	None
LINESTRING (3106366.434 189750.318, 3106365.375 189755.141)	66	661	0	911	false	1875	None
LINESTRING (3106365.375 189755.141, 3106363.163 189759.642)	66	661	0	912	false	1875	None
LINESTRING (3106363.163 189759.642, 3106359.567 189763.139)	66	661	0	913	false	1875	None
LINESTRING (3106359.567 189763.139, 3106355.082 189765.107)	66	661	0	914	false	1875	None
LINESTRING (3106355.082 189765.107, 3106347.698 189764.898)	66	661	0	915	false	1875	None
LINESTRING (3106347.698 189764.898, 3106314.97 189768.304)	66	661	0	916	false	1875	None
LINESTRING (3106314.97 189768.304, 3106303.411 189770.538)	66	661	0	917	false	1875	None
LINESTRING (3106303.411 189770.538, 3106299.769 189773.899)	66	661	0	918	false	1875	None
LINESTRING (3106299.769 189773.899, 3106296.522 189777.767)	66	661	0	919	false	1875	None
LINESTRING (3106296.522 189777.767, 3106293.835 189781.967)	66	661	0	920	false	1875	None
LINESTRING (3106293.835 189781.967, 3106291.794 189786.534)	66	661	0	921	false	1875	None
LINESTRING (3106291.794 189786.534, 3106290.353 189791.33)	66	661	0	922	false	1875	None
LINESTRING (3106290.353 189791.33, 3106289.587 189800.781)	66	661	0	923	false	1875	None
LINESTRING (3106289.587 189800.781, 3106294.383 189820.082)	66	661	0	924	false	1875	None
LINESTRING (3106294.383 189820.082, 3106297.323 189836.535)	66	661	0	925	false	1875	None
LINESTRING (3106297.323 189836.535, 3106300.277 189843.962)	66	661	0	926	false	1875	None
LINESTRING (3106300.277 189843.962, 3106305.147 189853.311)	66	661	0	927	false	1875	None
LINESTRING (3106305.147 189853.311, 3106316.371 189865.564)	66	661	0	928	false	1875	None
LINESTRING (3106316.371 189865.564, 3106330.046 189879.112)	66	661	0	929	false	1875	None
LINESTRING (3106330.046 189879.112, 3106332.732 189882.872)	66	661	0	930	false	1875	None
LINESTRING (3106332.732 189882.872, 3106337.763 189890.262)	66	661	0	931	false	1875	None
LINESTRING (3106337.763 189890.262, 3106339.875 189894.753)	66	661	0	932	false	1875	None
LINESTRING (3106339.875 189894.753, 3106341.19 189899.534)	66	661	0	933	false	1875	None
LINESTRING (3106341.19 189899.534, 3106341.831 189904.532)	66	661	0	934	false	1875	None
LINESTRING (3106341.831 189904.532, 3106341.794 189909.508)	66	661	0	935	false	1875	None
LINESTRING (3106341.794 189909.508, 3106340.992 189914.43)	66	661	0	936	false	1875	None
LINESTRING (3106340.992 189914.43, 3106339.551 189919.226)	66	661	0	937	false	1875	None
LINESTRING (3106339.551 189919.226, 3106337.299 189923.831)	66	661	0	938	false	1875	None
LINESTRING (3106337.299 189923.831, 3106332.855 189940.074)	66	661	0	939	false	1875	None
LINESTRING (3106332.855 189940.074, 3106321.222 189960.222)	66	661	0	940	false	1875	None
LINESTRING (3106321.222 189960.222, 3106307.314 189972.965)	66	661	0	941	false	1875	None
LINESTRING (3106307.314 189972.965, 3106292.557 189984.076)	66	661	0	942	false	1875	None
LINESTRING (3106292.557 189984.076, 3106278.754 189989.611)	66	661	0	943	false	1875	None
LINESTRING (3106278.754 189989.611, 3106262.749 189995.254)	66	661	0	944	false	1875	None
LINESTRING (3106262.749 189995.254, 3106251.181 190000.336)	66	661	0	945	false	1875	None
LINESTRING (3106251.181 190000.336, 3106234.563 190006.814)	66	661	0	946	false	1875	None
LINESTRING (3106234.563 190006.814, 3106214.137 190016.827)	66	661	0	947	false	1875	None
LINESTRING (3106214.137 190016.827, 3106205.859 190022.811)	66	661	0	948	false	1875	None
LINESTRING (3106205.859 190022.811, 3106199.366 190029.002)	66	661	0	949	false	1875	None
LINESTRING (3106199.366 190029.002, 3106187.719 190042.253)	66	661	0	950	false	1875	None
LINESTRING (3106187.719 190042.253, 3106179.315 190056.269)	66	661	0	951	false	1875	None
LINESTRING (3106179.315 190056.269, 3106175.662 190065.566)	66	661	0	952	false	1875	None
LINESTRING (3106175.662 190065.566, 3106173.59 190075.35)	66	661	0	953	false	1875	None
LINESTRING (3106173.59 190075.35, 3106173.131 190080.402)	66	661	0	954	false	1875	None
LINESTRING (3106173.131 190080.402, 3106173.374 190089.526)	66	661	0	955	false	1875	None
LINESTRING (3106173.374 190089.526, 3106177.496 190110.59)	66	661	0	956	false	1875	None
LINESTRING (3106177.496 190110.59, 3106186.542 190123.912)	66	661	0	957	false	1875	None
LINESTRING (3106186.542 190123.912, 3106197.811 190136.301)	66	661	0	958	false	1875	None
LINESTRING (3106197.811 190136.301, 3106210.147 190142.563)	66	661	0	959	false	1875	None
LINESTRING (3106210.147 190142.563, 3106227.934 190149.722)	66	661	0	960	false	1875	None
LINESTRING (3106227.934 190149.722, 3106240.25 190155.264)	66	661	0	961	false	1875	None
LINESTRING (3106240.25 190155.264, 3106260.354 190158.674)	66	661	0	962	false	1875	None
LINESTRING (3106260.354 190158.674, 3106294.157 190162.214)	66	661	0	963	false	1875	None
LINESTRING (3106294.157 190162.214, 3106314.032 190163.398)	66	661	0	964	false	1875	None
LINESTRING (3106314.032 190163.398, 3106333.398 190166.17)	66	661	0	965	false	1875	None
LINESTRING (3106333.398 190166.17, 3106354.598 190167.742)	66	661	0	966	false	1875	None
LINESTRING (3106354.598 190167.742, 3106382.523 190168.678)	66	661	0	967	false	1875	None
LINESTRING (3106382.523 190168.678, 3106392.173 190169.636)	66	661	0	968	false	1875	None
LINESTRING (3106392.173 190169.636, 3106405.939 190169.078)	66	661	0	969	false	1875	None
LINESTRING (3106405.939 190169.078, 3106410.876 190169.778)	66	661	0	970	false	1875	None
LINESTRING (3106410.876 190169.778, 3106415.707 190171.269)	66	661	0	971	false	1875	None
LINESTRING (3106415.707 190171.269, 3106420.254 190173.246)	66	661	0	972	false	1875	None
LINESTRING (3106420.254 190173.246, 3106424.477 190175.811)	66	661	0	973	false	1875	None
LINESTRING (3106424.477 190175.811, 3106428.338 190179.07)	66	661	0	974	false	1875	None
LINESTRING (3106428.338 190179.07, 3106431.743 190182.749)	66	661	0	975	false	1875	None
LINESTRING (3106431.743 190182.749, 3106434.567 190186.919)	66	661	0	976	false	1875	None
LINESTRING (3106434.567 190186.919, 3106436.805 190191.339)	66	661	0	977	false	1875	None
LINESTRING (3106436.805 190191.339, 3106439.519 190200.933)	66	661	0	978	false	1875	None
LINESTRING (3106439.519 190200.933, 3106440.42 190210.902)	66	661	0	979	false	1875	None
LINESTRING (3106440.42 190210.902, 3106440.297 190215.846)	66	661	0	980	false	1875	None
LINESTRING (3106440.297 190215.846, 3106438.805 190225.138)	66	661	0	981	false	1875	None
LINESTRING (3106438.805 190225.138, 3106434.205 190246.669)	66	661	0	982	false	1875	None
LINESTRING (3106434.205 190246.669, 3106428.657 190280.433)	66	661	0	983	false	1875	None
LINESTRING (3106428.657 190280.433, 3106426.183 190311.808)	66	661	0	984	false	1875	None
LINESTRING (3106426.183 190311.808, 3106425.913 190347.947)	66	661	0	985	false	1875	None
LINESTRING (3106425.913 190347.947, 3106422.017 190370.46)	66	661	0	986	false	1875	None
LINESTRING (3106422.017 190370.46, 3106419.304 190381.662)	66	661	0	987	false	1875	None
LINESTRING (3106419.304 190381.662, 3106418.734 190392.138)	66	661	0	988	false	1875	None
LINESTRING (3106418.734 190392.138, 3106418.724 190410.909)	66	661	0	989	false	1875	None
LINESTRING (3106418.724 190410.909, 3106417.273 190426.514)	66	661	0	990	false	1875	None
LINESTRING (3106417.273 190426.514, 3106414.823 190446.016)	66	661	0	991	false	1875	None
LINESTRING (3106414.823 190446.016, 3106412.236 190455.602)	66	661	0	992	false	1875	None
LINESTRING (3106412.236 190455.602, 3106407.726 190464.572)	66	661	0	993	false	1875	None
LINESTRING (3106407.726 190464.572, 3106401.529 190472.302)	66	661	0	994	false	1875	None
LINESTRING (3106401.529 190472.302, 3106396.475 190476.786)	66	661	0	995	false	1875	None
LINESTRING (3106396.475 190476.786, 3106361.57 190497.183)	66	661	0	996	false	1875	None
LINESTRING (3106361.57 190497.183, 3106339.368 190504.14)	66	661	0	997	false	1875	None
LINESTRING (3106339.368 190504.14, 3106319.818 190508.783)	66	661	0	998	false	1875	None
LINESTRING (3106319.818 190508.783, 3106283.867 190520.106)	66	661	0	999	false	1875	None
LINESTRING (3106283.867 190520.106, 3106271.415 190526.989)	66	661	0	1000	false	1875	None
LINESTRING (3106271.415 190526.989, 3106257.638 190547.862)	66	661	0	1001	false	1875	None
LINESTRING (3106257.638 190547.862, 3106253.47 190556.963)	66	661	0	1002	false	1875	None
LINESTRING (3106253.47 190556.963, 3106251.016 190566.719)	66	661	0	1003	false	1875	None
LINESTRING (3106251.016 190566.719, 3106250.348 190576.682)	66	661	0	1004	false	1875	None
LINESTRING (3106250.348 190576.682, 3106251.539 190586.406)	66	661	0	1005	false	1875	None
LINESTRING (3106251.539 190586.406, 3106254.806 190604.054)	66	661	0	1006	false	1875	None
LINESTRING (3106254.806 190604.054, 3106260.586 190620.524)	66	661	0	1007	false	1875	None
LINESTRING (3106260.586 190620.524, 3106271.012 190637.939)	66	661	0	1008	false	1875	None
LINESTRING (3106271.012 190637.939, 3106281.968 190652.942)	66	661	0	1009	false	1875	None
LINESTRING (3106281.968 190652.942, 3106309.73 190692.554)	66	661	0	1010	false	1875	None
LINESTRING (3106309.73 190692.554, 3106318.857 190710.542)	66	661	0	1011	false	1875	None
LINESTRING (3106318.857 190710.542, 3106328.375 190733.669)	66	661	0	1012	false	1875	None
LINESTRING (3106328.375 190733.669, 3106333.359 190747.34)	66	661	0	1013	false	1875	None
LINESTRING (3106333.359 190747.34, 3106340.368 190760.596)	66	661	0	1014	false	1875	None
LINESTRING (3106340.368 190760.596, 3106351.789 190777.204)	66	661	0	1015	false	1875	None
LINESTRING (3106351.789 190777.204, 3106358.488 190797.946)	66	661	0	1016	false	1875	None
LINESTRING (3106358.488 190797.946, 3106358.918 190802.983)	66	661	0	1017	false	1875	None
LINESTRING (3106358.918 190802.983, 3106358.795 190807.926)	66	661	0	1018	false	1875	None
LINESTRING (3106358.795 190807.926, 3106356.722 190817.709)	66	661	0	1019	false	1875	None
LINESTRING (3106356.722 190817.709, 3106354.853 190822.342)	66	661	0	1020	false	1875	None
LINESTRING (3106354.853 190822.342, 3106339.376 190849.457)	66	661	0	1021	false	1875	None
LINESTRING (3106339.376 190849.457, 3106326.787 190883.142)	66	661	0	1022	false	1875	None
LINESTRING (3106326.787 190883.142, 3106328.211 190896.877)	66	661	0	1023	false	1875	None
LINESTRING (3106328.211 190896.877, 3106339.378 190918.259)	66	661	0	1024	false	1875	None
LINESTRING (3106339.378 190918.259, 3106348.404 190930.861)	66	661	0	1025	false	1875	None
LINESTRING (3106348.404 190930.861, 3106355.93 190939.681)	66	661	0	1026	false	1875	None
LINESTRING (3106355.93 190939.681, 3106367.364 190950.352)	66	661	0	1027	false	1875	None
LINESTRING (3106367.364 190950.352, 3106384.978 190963.862)	66	661	0	1028	false	1875	None
LINESTRING (3106384.978 190963.862, 3106409.051 190985.903)	66	661	0	1029	false	1875	None
LINESTRING (3106409.051 190985.903, 3106420.519 190994.686)	66	661	0	1030	false	1875	None
LINESTRING (3106420.519 190994.686, 3106431.042 191006.197)	66	661	0	1031	false	1875	None
LINESTRING (3106431.042 191006.197, 3106438.454 191017.113)	66	661	0	1032	false	1875	None
LINESTRING (3106438.454 191017.113, 3106441.791 191029.44)	66	661	0	1033	false	1875	None
LINESTRING (3106441.791 191029.44, 3106442.573 191046.138)	66	661	0	1034	false	1875	None
LINESTRING (3106442.573 191046.138, 3106442.582 191057.668)	66	661	0	1035	false	1875	None
LINESTRING (3106442.582 191057.668, 3106441.374 191072.891)	66	661	0	1036	false	1875	None
LINESTRING (3106441.374 191072.891, 3106439.926 191083.864)	66	661	0	1037	false	1875	None
LINESTRING (3106439.926 191083.864, 3106441.645 191092.721)	66	661	0	1038	false	1875	None
LINESTRING (3106441.645 191092.721, 3106446.106 191101.081)	66	661	0	1039	false	1875	None
LINESTRING (3106446.106 191101.081, 3106452.58 191107.004)	66	661	0	1040	false	1875	None
LINESTRING (3106452.58 191107.004, 3106462.514 191113.893)	66	661	0	1041	false	1875	None
LINESTRING (3106462.514 191113.893, 3106469.855 191117.295)	66	661	0	1042	false	1875	None
LINESTRING (3106469.855 191117.295, 3106478.191 191119.889)	66	661	0	1043	false	1875	None
LINESTRING (3106478.191 191119.889, 3106487.863 191124.896)	66	661	0	1044	false	1875	None
LINESTRING (3106487.863 191124.896, 3106496.36 191131.948)	66	661	0	1045	false	1875	None
LINESTRING (3106496.36 191131.948, 3106508.905 191144.59)	66	661	0	1046	false	1875	None
LINESTRING (3106508.905 191144.59, 3106516.503 191160.924)	66	661	0	1047	false	1875	None
LINESTRING (3106516.503 191160.924, 3106521.973 191175.375)	66	661	0	1048	false	1875	None
LINESTRING (3106521.973 191175.375, 3106537.154 191229.902)	66	661	0	1049	false	1875	None
LINESTRING (3106537.154 191229.902, 3106543.928 191245.564)	66	661	0	1050	false	1875	None
LINESTRING (3106543.928 191245.564, 3106553.077 191259.64)	66	661	0	1051	false	1875	None
LINESTRING (3106553.077 191259.64, 3106564.403 191285.48)	66	661	0	1052	false	1875	None
LINESTRING (3106564.403 191285.48, 3106576.818 191309.242)	66	661	0	1053	false	1875	None
LINESTRING (3106576.818 191309.242, 3106587.066 191331.225)	66	661	0	1054	false	1875	None
LINESTRING (3106587.066 191331.225, 3106590.384 191342.832)	66	661	0	1055	false	1875	None
LINESTRING (3106590.384 191342.832, 3106592.282 191382.535)	66	661	0	1056	false	1875	None
LINESTRING (3106592.282 191382.535, 3106588.705 191413.964)	66	661	0	1057	false	1875	None
LINESTRING (3106588.705 191413.964, 3106574.444 191463.052)	66	661	0	1058	false	1875	None
LINESTRING (3106574.444 191463.052, 3106573.187 191481.228)	66	661	0	1059	false	1875	None
LINESTRING (3106573.187 191481.228, 3106574.598 191513.733)	66	661	0	1060	false	1875	None
LINESTRING (3106574.598 191513.733, 3106574.206 191529.388)	66	661	0	1061	false	1875	None
LINESTRING (3106574.206 191529.388, 3106573.193 191534.348)	66	661	0	1062	false	1875	None
LINESTRING (3106573.193 191534.348, 3106571.975 191539.586)	66	661	0	1063	false	1875	None
LINESTRING (3106571.975 191539.586, 3106559.94 191563.858)	66	661	0	1064	false	1875	None
LINESTRING (3106559.94 191563.858, 3106553.505 191578.627)	66	661	0	1065	false	1875	None
LINESTRING (3106553.505 191578.627, 3106547.286 191595.142)	66	661	0	1066	false	1875	None
LINESTRING (3106547.286 191595.142, 3106542.386 191603.844)	66	661	0	1067	false	1875	None
LINESTRING (3106542.386 191603.844, 3106539.442 191607.947)	66	661	0	1068	false	1875	None
LINESTRING (3106539.442 191607.947, 3106536.149 191611.678)	66	661	0	1069	false	1875	None
LINESTRING (3106536.149 191611.678, 3106529.03 191618.223)	66	661	0	1070	false	1875	None
LINESTRING (3106529.03 191618.223, 3106513.422 191630.791)	66	661	0	1071	false	1875	None
LINESTRING (3106513.422 191630.791, 3106502.85 191643.026)	66	661	0	1072	false	1875	None
LINESTRING (3106502.85 191643.026, 3106491.793 191652.938)	66	661	0	1073	false	1875	None
LINESTRING (3106491.793 191652.938, 3106486.861 191660.439)	66	661	0	1074	false	1875	None
LINESTRING (3106486.861 191660.439, 3106480.109 191676.037)	66	661	0	1075	false	1875	None
LINESTRING (3106480.109 191676.037, 3106475.216 191691.396)	66	661	0	1076	false	1875	None
LINESTRING (3106475.216 191691.396, 3106472.997 191708.491)	66	661	0	1077	false	1875	None
LINESTRING (3106472.997 191708.491, 3106471.944 191719.971)	66	661	0	1078	false	1875	None
LINESTRING (3106471.944 191719.971, 3106472.634 191734.852)	66	661	0	1079	false	1875	None
LINESTRING (3106472.634 191734.852, 3106471.653 191747.429)	66	661	0	1080	false	1875	None
LINESTRING (3106471.653 191747.429, 3106472.614 191761.343)	66	661	0	1081	false	1875	None
LINESTRING (3106472.614 191761.343, 3106475.994 191768.934)	66	661	0	1082	false	1875	None
LINESTRING (3106475.994 191768.934, 3106477.519 191773.677)	66	661	0	1083	false	1875	None
LINESTRING (3106477.519 191773.677, 3106479.177 191783.461)	66	661	0	1084	false	1875	None
LINESTRING (3106479.177 191783.461, 3106481.245 191791.144)	66	661	0	1085	false	1875	None
LINESTRING (3106481.245 191791.144, 3106482.727 191792.662)	66	661	0	1086	false	1875	None
LINESTRING (3106482.727 191792.662, 3106485.572 191794.463)	66	661	0	1087	false	1875	None
LINESTRING (3106485.572 191794.463, 3106488.888 191794.781)	66	661	0	1088	false	1875	None
LINESTRING (3106488.888 191794.781, 3106490.82 191794.094)	66	661	0	1089	false	1875	None
LINESTRING (3106490.82 191794.094, 3106493.854 191791.808)	66	661	0	1090	false	1875	None
LINESTRING (3106493.854 191791.808, 3106506.663 191783.993)	66	661	0	1091	false	1875	None
LINESTRING (3106506.663 191783.993, 3106513.513 191781.742)	66	661	0	1092	false	1875	None
LINESTRING (3106513.513 191781.742, 3106517.488 191781.361)	66	661	0	1093	false	1875	None
LINESTRING (3106517.488 191781.361, 3106536.826 191776.756)	66	661	0	1094	false	1875	None
LINESTRING (3106536.826 191776.756, 3106544.435 191774.319)	66	661	0	1095	false	1875	None
LINESTRING (3106544.435 191774.319, 3106556.256 191772.424)	66	661	0	1096	false	1875	None
LINESTRING (3106556.256 191772.424, 3106560.283 191772.42)	66	661	0	1097	false	1875	None
LINESTRING (3106560.283 191772.42, 3106575.928 191775.672)	66	661	0	1098	false	1875	None
LINESTRING (3106575.928 191775.672, 3106590.951 191781.062)	66	661	0	1099	false	1875	None
LINESTRING (3106590.951 191781.062, 3106598.171 191784.775)	66	661	0	1100	false	1875	None
LINESTRING (3106598.171 191784.775, 3106601.247 191787.259)	66	661	0	1101	false	1875	None
LINESTRING (3106601.247 191787.259, 3106612.652 191798.514)	66	661	0	1102	false	1875	None
LINESTRING (3106612.652 191798.514, 3106623.056 191815.209)	66	661	0	1103	false	1875	None
LINESTRING (3106623.056 191815.209, 3106626.452 191826.609)	66	661	0	1104	false	1875	None
LINESTRING (3106626.452 191826.609, 3106627.107 191830.543)	66	661	0	1105	false	1875	None
LINESTRING (3106627.107 191830.543, 3106627.06 191838.368)	66	661	0	1106	false	1875	None
LINESTRING (3106627.06 191838.368, 3106624.991 191849.935)	66	661	0	1107	false	1875	None
LINESTRING (3106624.991 191849.935, 3106616.059 191876.108)	66	661	0	1108	false	1875	None
LINESTRING (3106616.059 191876.108, 3106615.271 191879.965)	66	661	0	1109	false	1875	None
LINESTRING (3106615.271 191879.965, 3106614.863 191891.811)	66	661	0	1110	false	1875	None
LINESTRING (3106614.863 191891.811, 3106615.854 191895.637)	66	661	0	1111	false	1875	None
LINESTRING (3106615.854 191895.637, 3106617.854 191899.135)	66	661	0	1112	false	1875	None
LINESTRING (3106617.854 191899.135, 3106620.435 191902.142)	66	661	0	1113	false	1875	None
LINESTRING (3106620.435 191902.142, 3106623.431 191904.834)	66	661	0	1114	false	1875	None
LINESTRING (3106623.431 191904.834, 3106627.081 191906.586)	66	661	0	1115	false	1875	None
LINESTRING (3106627.081 191906.586, 3106630.969 191907.717)	66	661	0	1116	false	1875	None
LINESTRING (3106630.969 191907.717, 3106642.826 191908.807)	66	661	0	1117	false	1875	None
LINESTRING (3106642.826 191908.807, 3106650.914 191908.455)	66	661	0	1118	false	1875	None
LINESTRING (3106650.914 191908.455, 3106662.804 191909.201)	66	661	0	1119	false	1875	None
LINESTRING (3106662.804 191909.201, 3106685.84 191916.231)	66	661	0	1120	false	1875	None
LINESTRING (3106685.84 191916.231, 3106697.22 191920.109)	66	661	0	1121	false	1875	None
LINESTRING (3106697.22 191920.109, 3106708.407 191924.745)	66	661	0	1122	false	1875	None
LINESTRING (3106708.407 191924.745, 3106711.608 191927.158)	66	661	0	1123	false	1875	None
LINESTRING (3106711.608 191927.158, 3106720.056 191935.619)	66	661	0	1124	false	1875	None
LINESTRING (3106720.056 191935.619, 3106722.307 191938.975)	66	661	0	1125	false	1875	None
LINESTRING (3106722.307 191938.975, 3106726.01 191945.977)	66	661	0	1126	false	1875	None
LINESTRING (3106726.01 191945.977, 3106729.617 191957.339)	66	661	0	1127	false	1875	None
LINESTRING (3106729.617 191957.339, 3106731.582 191969.142)	66	661	0	1128	false	1875	None
LINESTRING (3106731.582 191969.142, 3106732.235 191981.038)	66	661	0	1129	false	1875	None
LINESTRING (3106732.235 191981.038, 3106731.68 191988.906)	66	661	0	1130	false	1875	None
LINESTRING (3106731.68 191988.906, 3106730.892 191992.764)	66	661	0	1131	false	1875	None
LINESTRING (3106730.892 191992.764, 3106730.828 191996.78)	66	661	0	1132	false	1875	None
LINESTRING (3106730.828 191996.78, 3106731.523 192000.611)	66	661	0	1133	false	1875	None
LINESTRING (3106731.523 192000.611, 3106733.777 192007.296)	66	661	0	1134	false	1875	None
LINESTRING (3106733.777 192007.296, 3106739.379 192007.538)	66	661	0	1135	false	1875	None
LINESTRING (3106739.379 192007.538, 3106743.348 192006.917)	66	661	0	1136	false	1875	None
LINESTRING (3106743.348 192006.917, 3106751.409 192007.149)	66	661	0	1137	false	1875	None
LINESTRING (3106751.409 192007.149, 3106771.346 192009.191)	66	661	0	1138	false	1875	None
LINESTRING (3106771.346 192009.191, 3106778.897 192011.011)	66	661	0	1139	false	1875	None
LINESTRING (3106778.897 192011.011, 3106798.614 192015.939)	66	661	0	1140	false	1875	None
LINESTRING (3106798.614 192015.939, 3106806.456 192017.513)	66	661	0	1141	false	1875	None
LINESTRING (3106806.456 192017.513, 3106817.908 192020.944)	66	661	0	1142	false	1875	None
LINESTRING (3106817.908 192020.944, 3106840.633 192029.044)	66	661	0	1143	false	1875	None
LINESTRING (3106840.633 192029.044, 3106851.536 192034.166)	66	661	0	1144	false	1875	None
LINESTRING (3106851.536 192034.166, 3106858.347 192038.436)	66	661	0	1145	false	1875	None
LINESTRING (3106858.347 192038.436, 3106867.495 192046.095)	66	661	0	1146	false	1875	None
LINESTRING (3106867.495 192046.095, 3106875.243 192055.357)	66	661	0	1147	false	1875	None
LINESTRING (3106875.243 192055.357, 3106879.909 192061.896)	66	661	0	1148	false	1875	None
LINESTRING (3106879.909 192061.896, 3106890.502 192079.377)	66	661	0	1149	false	1875	None
LINESTRING (3106890.502 192079.377, 3106896.312 192089.086)	66	661	0	1150	false	1875	None
LINESTRING (3106896.312 192089.086, 3106906.1 192101.744)	66	661	0	1151	false	1875	None
LINESTRING (3106906.1 192101.744, 3106917.802 192117.867)	66	661	0	1152	false	1875	None
LINESTRING (3106917.802 192117.867, 3106915.946 192121.435)	66	661	0	1153	false	1875	None
LINESTRING (3106915.946 192121.435, 3106908.257 192130.495)	66	661	0	1154	false	1875	None
LINESTRING (3106908.257 192130.495, 3106900.221 192144.057)	66	661	0	1155	false	1875	None
LINESTRING (3106900.221 192144.057, 3106897.13 192155.471)	66	661	0	1156	false	1875	None
LINESTRING (3106897.13 192155.471, 3106895.81 192163.285)	66	661	0	1157	false	1875	None
LINESTRING (3106895.81 192163.285, 3106896.738 192171.126)	66	661	0	1158	false	1875	None
LINESTRING (3106896.738 192171.126, 3106899.056 192178.668)	66	661	0	1159	false	1875	None
LINESTRING (3106899.056 192178.668, 3106901.056 192182.166)	66	661	0	1160	false	1875	None
LINESTRING (3106901.056 192182.166, 3106908.343 192191.609)	66	661	0	1161	false	1875	None
LINESTRING (3106908.343 192191.609, 3106911.339 192194.3)	66	661	0	1162	false	1875	None
LINESTRING (3106911.339 192194.3, 3106925.092 192203.008)	66	661	0	1163	false	1875	None
LINESTRING (3106925.092 192203.008, 3106929.197 192204.341)	66	661	0	1164	false	1875	None
LINESTRING (3106929.197 192204.341, 3106932.682 192206.269)	66	661	0	1165	false	1875	None
LINESTRING (3106932.682 192206.269, 3106933.538 192206.596)	66	661	0	1166	false	1875	None
LINESTRING (3106933.538 192206.596, 3106951.076 192214.138)	66	661	0	1167	false	1875	None
LINESTRING (3106951.076 192214.138, 3106979.851 192228.238)	66	661	0	1168	false	1875	None
LINESTRING (3106979.851 192228.238, 3106982.682 192231.104)	66	661	0	1169	false	1875	None
LINESTRING (3106982.682 192231.104, 3107004.586 192248.278)	66	661	0	1170	false	1875	None
LINESTRING (3107004.586 192248.278, 3107007.497 192250.936)	66	661	0	1171	false	1875	None
LINESTRING (3107007.497 192250.936, 3107021.449 192270.416)	66	661	0	1172	false	1875	None
LINESTRING (3107021.449 192270.416, 3107024.565 192277.669)	66	661	0	1173	false	1875	None
LINESTRING (3107024.565 192277.669, 3107028.508 192288.922)	66	661	0	1174	false	1875	None
LINESTRING (3107028.508 192288.922, 3107034.175 192307.728)	66	661	0	1175	false	1875	None
LINESTRING (3107034.175 192307.728, 3107036.746 192331.29)	66	661	0	1176	false	1875	None
LINESTRING (3107036.746 192331.29, 3107036.955 192339.213)	66	661	0	1177	false	1875	None
LINESTRING (3107036.955 192339.213, 3107036.46 192351.026)	66	661	0	1178	false	1875	None
LINESTRING (3107036.46 192351.026, 3107033.363 192386.324)	66	661	0	1179	false	1875	None
LINESTRING (3107033.363 192386.324, 3107032.66 192390.214)	66	661	0	1180	false	1875	None
LINESTRING (3107032.66 192390.214, 3107032.864 192414.059)	66	661	0	1181	false	1875	None
LINESTRING (3107032.864 192414.059, 3107034.272 192433.731)	66	661	0	1182	false	1875	None
LINESTRING (3107034.272 192433.731, 3107036.634 192449.37)	66	661	0	1183	false	1875	None
LINESTRING (3107036.634 192449.37, 3107040.029 192460.77)	66	661	0	1184	false	1875	None
LINESTRING (3107040.029 192460.77, 3107044.687 192479.903)	66	661	0	1185	false	1875	None
LINESTRING (3107044.687 192479.903, 3107048.215 192489.928)	66	661	0	1186	false	1875	None
LINESTRING (3107048.215 192489.928, 3107055.021 192510.12)	66	661	0	1187	false	1875	None
LINESTRING (3107055.021 192510.12, 3107067.36 192539.202)	66	661	0	1188	false	1875	None
LINESTRING (3107067.36 192539.202, 3107071.228 192546.03)	66	661	0	1189	false	1875	None
LINESTRING (3107071.228 192546.03, 3107079.499 192563.931)	66	661	0	1190	false	1875	None
LINESTRING (3107079.499 192563.931, 3107090.054 192584.844)	66	661	0	1191	false	1875	None
LINESTRING (3107090.054 192584.844, 3107092.631 192590.94)	66	661	0	1192	false	1875	None
LINESTRING (3107092.631 192590.94, 3107093.17 192592.097)	66	661	0	1193	false	1875	None
LINESTRING (3107093.17 192592.097, 3107095.21 192595.492)	66	661	0	1194	false	1875	None
LINESTRING (3107095.21 192595.492, 3107100.2 192606.314)	66	661	0	1195	false	1875	None
LINESTRING (3107100.2 192606.314, 3107119.887 192653.658)	66	661	0	1196	false	1875	None
LINESTRING (3107119.887 192653.658, 3107123.167 192660.736)	66	661	0	1197	false	1875	None
LINESTRING (3107123.167 192660.736, 3107140.854 192704.581)	66	661	0	1198	false	1875	None
LINESTRING (3107140.854 192704.581, 3107160.151 192762.946)	66	661	0	1199	false	1875	None
LINESTRING (3107160.151 192762.946, 3107162.042 192768.78)	66	661	0	1200	false	1875	None
LINESTRING (3107162.042 192768.78, 3107162.994 192772.709)	66	661	0	1201	false	1875	None
LINESTRING (3107162.994 192772.709, 3107167.186 192783.821)	66	661	0	1202	false	1875	None
LINESTRING (3107167.186 192783.821, 3107176.236 192805.585)	66	661	0	1203	false	1875	None
LINESTRING (3107176.236 192805.585, 3107181.471 192816.025)	66	661	0	1204	false	1875	None
LINESTRING (3107181.471 192816.025, 3107186.13 192822.324)	66	661	0	1205	false	1875	None
LINESTRING (3107186.13 192822.324, 3107198.484 192842.382)	66	661	0	1206	false	1875	None
LINESTRING (3107198.484 192842.382, 3107202.141 192849.248)	66	661	0	1207	false	1875	None
LINESTRING (3107202.141 192849.248, 3107203.593 192852.893)	66	661	0	1208	false	1875	None
LINESTRING (3107203.593 192852.893, 3107214.114 192874.151)	66	661	0	1209	false	1875	None
LINESTRING (3107214.114 192874.151, 3107215.612 192877.933)	66	661	0	1210	false	1875	None
LINESTRING (3107215.612 192877.933, 3107232.094 192930.824)	66	661	0	1211	false	1875	None
LINESTRING (3107232.094 192930.824, 3107234.069 192938.235)	66	661	0	1212	false	1875	None
LINESTRING (3107234.069 192938.235, 3107235.482 192941.984)	66	661	0	1213	false	1875	None
LINESTRING (3107235.482 192941.984, 3107241.716 192964.691)	66	661	0	1214	false	1875	None
LINESTRING (3107241.716 192964.691, 3107242.894 192972.391)	66	661	0	1215	false	1875	None
LINESTRING (3107242.894 192972.391, 3107246.178 192987.671)	66	661	0	1216	false	1875	None
LINESTRING (3107246.178 192987.671, 3107247.144 192995.408)	66	661	0	1217	false	1875	None
LINESTRING (3107247.144 192995.408, 3107248.355 193018.927)	66	661	0	1218	false	1875	None
LINESTRING (3107248.355 193018.927, 3107248.065 193046.624)	66	661	0	1219	false	1875	None
LINESTRING (3107248.065 193046.624, 3107248.525 193098.019)	66	661	0	1220	false	1875	None
LINESTRING (3107248.525 193098.019, 3107250.333 193157.18)	66	661	0	1221	false	1875	None
LINESTRING (3107250.333 193157.18, 3107251.002 193164.923)	66	661	0	1222	false	1875	None
LINESTRING (3107251.002 193164.923, 3107249.761 193188.691)	66	661	0	1223	false	1875	None
LINESTRING (3107249.761 193188.691, 3107248.034 193200.389)	66	661	0	1224	false	1875	None
LINESTRING (3107248.034 193200.389, 3107245.113 193211.869)	66	661	0	1225	false	1875	None
LINESTRING (3107245.113 193211.869, 3107241.422 193223.053)	66	661	0	1226	false	1875	None
LINESTRING (3107241.422 193223.053, 3107238.178 193230.249)	66	661	0	1227	false	1875	None
LINESTRING (3107238.178 193230.249, 3107232.26 193240.581)	66	661	0	1228	false	1875	None
LINESTRING (3107232.26 193240.581, 3107221.418 193257.11)	66	661	0	1229	false	1875	None
LINESTRING (3107221.418 193257.11, 3107198.206 193278.769)	66	661	0	1230	false	1875	None
LINESTRING (3107198.206 193278.769, 3107177.543 193295.818)	66	661	0	1231	false	1875	None
LINESTRING (3107177.543 193295.818, 3107173.684 193298.976)	66	661	0	1232	false	1875	None
LINESTRING (3107173.684 193298.976, 3107144.068 193318.897)	66	661	0	1233	false	1875	None
LINESTRING (3107144.068 193318.897, 3107108.956 193337.785)	66	661	0	1234	false	1875	None
LINESTRING (3107108.956 193337.785, 3107090.77 193345.799)	66	661	0	1235	false	1875	None
LINESTRING (3107090.77 193345.799, 3107058.943 193362.26)	66	661	0	1236	false	1875	None
LINESTRING (3107058.943 193362.26, 3107052.143 193366.431)	66	661	0	1237	false	1875	None
LINESTRING (3107052.143 193366.431, 3107035.996 193377.84)	66	661	0	1238	false	1875	None
LINESTRING (3107035.996 193377.84, 3107026.734 193385.11)	66	661	0	1239	false	1875	None
LINESTRING (3107026.734 193385.11, 3107017.821 193392.752)	66	661	0	1240	false	1875	None
LINESTRING (3107017.821 193392.752, 3107017.616 193393.03)	66	661	0	1241	false	1875	None
LINESTRING (3107017.616 193393.03, 3106679.509 193265.199)	66	661	0	1242	false	1875	None
LINESTRING (3106679.509 193265.199, 3106772.119 192857.136)	66	661	0	1243	false	1875	None
LINESTRING (3106772.119 192857.136, 3106782.784 192838.757)	66	661	0	1244	false	1875	None
LINESTRING (3106782.784 192838.757, 3106861.818 192778.206)	66	661	0	1245	false	1875	None
LINESTRING (3106861.818 192778.206, 3106989.404 192676.22)	66	661	0	1246	false	1875	None
LINESTRING (3106989.404 192676.22, 3107024.395 192659.187)	66	661	0	1247	false	1875	None
LINESTRING (3107024.395 192659.187, 3107069.036 192607.699)	66	661	0	1248	false	1875	None
LINESTRING (3107069.036 192607.699, 3107057.25 192602.833)	66	661	0	1249	false	1875	None
LINESTRING (3107057.25 192602.833, 3107030.139 192574.634)	66	661	0	1250	false	1875	None
LINESTRING (3107030.139 192574.634, 3106847.918 192495.049)	66	661	0	1251	false	1875	None
LINESTRING (3106847.918 192495.049, 3106470.739 192319.376)	66	661	0	1252	false	1875	None
LINESTRING (3106470.739 192319.376, 3106414.326 192281.277)	66	661	0	1253	false	1875	None
LINESTRING (3106414.326 192281.277, 3106400.223 192272.199)	66	661	0	1254	false	1875	None
LINESTRING (3106400.223 192272.199, 3106389.417 192281.968)	66	661	0	1255	false	1875	None
LINESTRING (3106389.417 192281.968, 3106374.304 192287.595)	66	661	0	1256	false	1875	None
LINESTRING (3106374.304 192287.595, 3106271.704 192277.58)	66	661	0	1257	false	1875	None
LINESTRING (3106271.704 192277.58, 3106250.619 192315.502)	66	661	0	1258	false	1875	None
LINESTRING (3106250.619 192315.502, 3106193.958 192325.794)	66	661	0	1259	false	1875	None
LINESTRING (3106193.958 192325.794, 3106087.301 192396.461)	66	661	0	1260	false	1875	None
LINESTRING (3106087.301 192396.461, 3106059.902 192429.591)	66	661	0	1261	false	1875	None
LINESTRING (3106059.902 192429.591, 3105999.803 192457.344)	66	661	0	1262	false	1875	None
LINESTRING (3105999.803 192457.344, 3105913.63 192407.985)	66	661	0	1263	false	1875	None
LINESTRING (3105913.63 192407.985, 3105866.224 192405.895)	66	661	0	1264	false	1875	None
LINESTRING (3105866.224 192405.895, 3105857.215 192405.063)	66	661	0	1265	false	1875	None
LINESTRING (3105857.215 192405.063, 3105783.352 192396.42)	66	661	0	1266	false	1875	None
LINESTRING (3105783.352 192396.42, 3105746.359 192454.638)	66	661	0	1267	false	1875	None
LINESTRING (3105746.359 192454.638, 3105690.939 192450.911)	66	661	0	1268	false	1875	None
LINESTRING (3105690.939 192450.911, 3105673.57 192473.737)	66	661	0	1269	false	1875	None
LINESTRING (3105673.57 192473.737, 3105661.82 192478.274)	66	661	0	1270	false	1875	None
LINESTRING (3105661.82 192478.274, 3105283.067 192331.407)	66	661	0	1271	false	1875	None
LINESTRING (3105283.067 192331.407, 3105178.617 192593.763)	66	661	0	1272	false	1875	None
LINESTRING (3105178.617 192593.763, 3105177.144 192597.358)	66	661	0	1273	false	1875	None
LINESTRING (3105177.144 192597.358, 3105175.408 192600.615)	66	661	0	1274	false	1875	None
LINESTRING (3105175.408 192600.615, 3105131.834 192679.134)	66	661	0	1275	false	1875	None
LINESTRING (3105131.834 192679.134, 3105132.689 192681.006)	66	661	0	1276	false	1875	None
LINESTRING (3105132.689 192681.006, 3105142.922 192683.255)	66	661	0	1277	false	1875	None
LINESTRING (3105142.922 192683.255, 3105118.191 192727.39)	66	661	0	1278	false	1875	None
LINESTRING (3105118.191 192727.39, 3103753.978 192172.45)	66	661	0	1279	false	1875	W:3103759.05 192174.51320836984
LINESTRING (3105175.408 192600.615, 3105177.144 192597.358)	66	314	0	0	false	1296	None
LINESTRING (3105177.144 192597.358, 3105178.617 192593.763)	66	314	0	1	false	1296	None
LINESTRING (3105178.617 192593.763, 3105283.067 192331.407)	66	314	0	2	false	1296	None
LINESTRING (3105283.067 192331.407, 3105661.82 192478.274)	66	314	0	3	false	1296	None
LINESTRING (3105661.82 192478.274, 3105673.57 192473.737)	66	314	0	4	false	1296	None
LINESTRING (3105673.57 192473.737, 3105690.939 192450.911)	66	314	0	5	false	1296	None
LINESTRING (3105690.939 192450.911, 3105746.359 192454.638)	66	314	0	6	false	1296	None
LINESTRING (3105746.359 192454.638, 3105783.352 192396.42)	66	314	0	7	false	1296	None
LINESTRING (3105783.352 192396.42, 3105857.215 192405.063)	66	314	0	8	false	1296	None
LINESTRING (3105857.215 192405.063, 3105866.224 192405.895)	66	314	0	9	false	1296	None
LINESTRING (3105866.224 192405.895, 3105913.63 192407.985)	66	314	0	10	false	1296	None
LINESTRING (3105913.63 192407.985, 3105999.803 192457.344)	66	314	0	11	false	1296	None
LINESTRING (3105999.803 192457.344, 3106059.902 192429.591)	66	314	0	12	false	1296	None
LINESTRING (3106059.902 192429.591, 3106087.301 192396.461)	66	314	0	13	false	1296	None
LINESTRING (3106087.301 192396.461, 3106193.958 192325.794)	66	314	0	14	false	1296	None
LINESTRING (3106193.958 192325.794, 3106250.619 192315.502)	66	314	0	15	false	1296	None
LINESTRING (3106250.619 192315.502, 3106271.704 192277.58)	66	314	0	16	false	1296	None
LINESTRING (3106271.704 192277.58, 3106374.304 192287.595)	66	314	0	17	false	1296	None
LINESTRING (3106374.304 192287.595, 3106389.417 192281.968)	66	314	0	18	false	1296	None
LINESTRING (3106389.417 192281.968, 3106400.223 192272.199)	66	314	0	19	false	1296	None
LINESTRING (3106400.223 192272.199, 3106414.326 192281.277)	66	314	0	20	false	1296	None
LINESTRING (3106414.326 192281.277, 3106470.739 192319.376)	66	314	0	21	false	1296	None
LINESTRING (3106470.739 192319.376, 3106847.918 192495.049)	66	314	0	22	false	1296	None
LINESTRING (3106847.918 192495.049, 3107030.139 192574.634)	66	314	0	23	false	1296	None
LINESTRING (3107030.139 192574.634, 3107057.25 192602.833)	66	314	0	24	false	1296	None
LINESTRING (3107057.25 192602.833, 3107069.036 192607.699)	66	314	0	25	false	1296	None
LINESTRING (3107069.036 192607.699, 3107024.395 192659.187)	66	314	0	26	false	1296	None
LINESTRING (3107024.395 192659.187, 3106989.404 192676.22)	66	314	0	27	false	1296	None
LINESTRING (3106989.404 192676.22, 3106861.818 192778.206)	66	314	0	28	false	1296	None
LINESTRING (3106861.818 192778.206, 3106782.784 192838.757)	66	314	0	29	false	1296	None
LINESTRING (3106782.784 192838.757, 3106772.119 192857.136)	66	314	0	30	false	1296	None
LINESTRING (3106772.119 192857.136, 3106679.509 193265.199)	66	314	0	31	false	1296	None
LINESTRING (3106679.509 193265.199, 3107017.616 193393.03)	66	314	0	32	false	1296	None
LINESTRING (3107017.616 193393.03, 3107034.184 193399.251)	66	314	0	33	false	1296	None
LINESTRING (3107034.184 193399.251, 3107548.41 193593.317)	66	314	0	34	false	1296	None
LINESTRING (3107548.41 193593.317, 3108166.875 193826.968)	66	314	0	35	false	1296	N:3107734.467510197 193663.608
LINESTRING (3103753.978 192172.45, 3105118.191 192727.39)	66	314	0	1292	false	1296	W:3103759.05 192174.51320836984
LINESTRING (3105118.191 192727.39, 3105142.922 192683.255)	66	314	0	1293	false	1296	None
LINESTRING (3105142.922 192683.255, 3105132.689 192681.006)	66	314	0	1294	false	1296	None
LINESTRING (3105132.689 192681.006, 3105131.834 192679.134)	66	314	0	1295	false	1296	None
LINESTRING (3105131.834 192679.134, 3105175.408 192600.615)	66	314	0	1296	false	1296	None
