LINESTRING (3103097.125 225306.73, 3103474.463 224374.313)	29	1202	0	1204	false	1697	N:3103202.3981163115 225046.596
LINESTRING (3103474.463 224374.313, 3103474.975 224372.726)	29	1202	0	1205	false	1697	None
LINESTRING (3103474.975 224372.726, 3103476.423 224367.931)	29	1202	0	1206	false	1697	None
LINESTRING (3103476.423 224367.931, 3103476.809 224366.414)	29	1202	0	1207	false	1697	None
LINESTRING (3103476.809 224366.414, 3103492.347 224323.623)	29	1202	0	1208	false	1697	None
LINESTRING (3103492.347 224323.623, 3103538.961 224195.251)	29	1202	0	1209	false	1697	None
LINESTRING (3103538.961 224195.251, 3103554.499 224152.46)	29	1202	0	1210	false	1697	None
LINESTRING (3103554.499 224152.46, 3103558.265 224142.134)	29	1202	0	1211	false	1697	None
LINESTRING (3103558.265 224142.134, 3103569.275 224111.399)	29	1202	0	1212	false	1697	None
LINESTRING (3103569.275 224111.399, 3103572.831 224101.11)	29	1202	0	1213	false	1697	None
LINESTRING (3103572.831 224101.11, 3103585.074 224067.162)	29	1202	0	1214	false	1697	None
LINESTRING (3103585.074 224067.162, 3103621.597 223965.597)	29	1202	0	1215	false	1697	None
LINESTRING (3103621.597 223965.597, 3103633.715 223931.72)	29	1202	0	1216	false	1697	None
LINESTRING (3103633.715 223931.72, 3103705.977 223729.359)	29	1202	0	1217	false	1697	None
LINESTRING (3103705.977 223729.359, 3103737.211 223641.579)	29	1202	0	1218	false	1697	None
LINESTRING (3103737.211 223641.579, 3103989.664 223734.644)	29	1202	0	1219	false	1697	E:3103759.05 223649.62979177103
LINESTRING (3103801.215 223019.637, 3103745.648 223018.532)	29	315	0	260	false	449	E:3103759.05 223018.79851087875
LINESTRING (3103745.648 223018.532, 3103736.599 223018.389)	29	315	0	261	false	449	None
LINESTRING (3103736.599 223018.389, 3103710.047 223023.303)	29	315	0	262	false	449	None
LINESTRING (3103710.047 223023.303, 3103689.933 223028.785)	29	315	0	263	false	449	None
LINESTRING (3103689.933 223028.785, 3103663.974 223039.039)	29	315	0	264	false	449	None
LINESTRING (3103663.974 223039.039, 3103612.932 223057.269)	29	315	0	265	false	449	None
LINESTRING (3103612.932 223057.269, 3103596.604 223060.28)	29	315	0	266	false	449	None
LINESTRING (3103596.604 223060.28, 3103588.625 223060.667)	29	315	0	267	false	449	None
LINESTRING (3103588.625 223060.667, 3103559.535 223061.991)	29	315	0	268	false	449	None
LINESTRING (3103559.535 223061.991, 3103530.244 223060.266)	29	315	0	269	false	449	None
LINESTRING (3103530.244 223060.266, 3103436.835 223049.877)	29	315	0	270	false	449	None
LINESTRING (3103436.835 223049.877, 3103418.567 223049.527)	29	315	0	271	false	449	None
LINESTRING (3103418.567 223049.527, 3103386.901 223052.718)	29	315	0	272	false	449	None
LINESTRING (3103386.901 223052.718, 3103367.827 223055.746)	29	315	0	273	false	449	None
LINESTRING (3103367.827 223055.746, 3103365.722 223056.128)	29	315	0	274	false	449	None
LINESTRING (3103365.722 223056.128, 3103321.777 223070.66)	29	315	0	275	false	449	None
LINESTRING (3103321.777 223070.66, 3103249.377 223105.787)	29	315	0	276	false	449	None
LINESTRING (3103249.377 223105.787, 3103198.844 223127.543)	29	315	0	277	false	449	None
LINESTRING (3103198.844 223127.543, 3103180.886 223133.021)	29	315	0	278	false	449	None
LINESTRING (3103180.886 223133.021, 3103169.199 223133.888)	29	315	0	279	false	449	None
LINESTRING (3103169.199 223133.888, 3103142.467 223129.579)	29	315	0	280	false	449	None
LINESTRING (3103142.467 223129.579, 3103149.67 223112.842)	29	315	0	281	false	449	None
LINESTRING (3103149.67 223112.842, 3103160.006 223092.788)	29	315	0	282	false	449	None
LINESTRING (3103160.006 223092.788, 3103187.641 223034.781)	29	315	0	283	false	449	None
LINESTRING (3103187.641 223034.781, 3103217.081 222958.799)	29	315	0	284	false	449	None
LINESTRING (3103217.081 222958.799, 3103225.015 222923.317)	29	315	0	285	false	449	None
LINESTRING (3103225.015 222923.317, 3103228.297 222891.283)	29	315	0	286	false	449	None
LINESTRING (3103228.297 222891.283, 3103228.412 222813.921)	29	315	0	287	false	449	None
LINESTRING (3103228.412 222813.921, 3103228.608 222739.919)	29	315	0	288	false	449	None
LINESTRING (3103228.608 222739.919, 3103225.352 222591.468)	29	315	0	289	false	449	None
LINESTRING (3103225.352 222591.468, 3103219.718 222488.002)	29	315	0	290	false	449	None
LINESTRING (3103219.718 222488.002, 3103225.957 222443.666)	29	315	0	291	false	449	None
LINESTRING (3103225.957 222443.666, 3103244.458 222347.199)	29	315	0	292	false	449	None
LINESTRING (3103244.458 222347.199, 3103270.644 222252.134)	29	315	0	293	false	449	None
LINESTRING (3103270.644 222252.134, 3103280.663 222215.55)	29	315	0	294	false	449	None
LINESTRING (3103280.663 222215.55, 3103299.809 222133.479)	29	315	0	295	false	449	None
LINESTRING (3103299.809 222133.479, 3103313.051 222083.388)	29	315	0	296	false	449	None
LINESTRING (3103313.051 222083.388, 3103314.656 222024.077)	29	315	0	297	false	449	None
LINESTRING (3103314.656 222024.077, 3103301.838 221967.914)	29	315	0	298	false	449	None
LINESTRING (3103301.838 221967.914, 3103294.875 221945.743)	29	315	0	299	false	449	None
LINESTRING (3103294.875 221945.743, 3103247.185 221793.926)	29	315	0	300	false	449	None
LINESTRING (3103247.185 221793.926, 3103231.571 221744.538)	29	315	0	301	false	449	None
LINESTRING (3103231.571 221744.538, 3103204.736 221659.576)	29	315	0	302	false	449	None
LINESTRING (3103204.736 221659.576, 3103184.747 221591.984)	29	315	0	303	false	449	None
LINESTRING (3103184.747 221591.984, 3103183.225 221586.763)	29	315	0	304	false	449	None
LINESTRING (3103183.225 221586.763, 3103155.079 221491.431)	29	315	0	305	false	449	None
LINESTRING (3103155.079 221491.431, 3103765.243 219893.331)	29	315	0	306	false	449	E:3103759.05 219909.55128389082
LINESTRING (3097282.069 225116.707, 3097331.779 224980.008)	29	317	0	227	false	676	N:3097307.564561855 225046.596
LINESTRING (3097331.779 224980.008, 3097342.193 224939.534)	29	317	0	228	false	676	None
LINESTRING (3097342.193 224939.534, 3097359.89 224873.912)	29	317	0	229	false	676	None
LINESTRING (3097359.89 224873.912, 3097365.35 224838.199)	29	317	0	230	false	676	None
LINESTRING (3097365.35 224838.199, 3097368.441 224792.068)	29	317	0	231	false	676	None
LINESTRING (3097368.441 224792.068, 3097374.852 224693.591)	29	317	0	232	false	676	None
LINESTRING (3097374.852 224693.591, 3097375.401 224659.207)	29	317	0	233	false	676	None
LINESTRING (3097375.401 224659.207, 3097376.579 224622.924)	29	317	0	234	false	676	None
LINESTRING (3097376.579 224622.924, 3097374.203 224598.475)	29	317	0	235	false	676	None
LINESTRING (3097374.203 224598.475, 3097368.508 224574.777)	29	317	0	236	false	676	None
LINESTRING (3097368.508 224574.777, 3097362.092 224559.6)	29	317	0	237	false	676	None
LINESTRING (3097362.092 224559.6, 3097358.102 224548.561)	29	317	0	238	false	676	None
LINESTRING (3097358.102 224548.561, 3097354.139 224535.155)	29	317	0	239	false	676	None
LINESTRING (3097354.139 224535.155, 3097349.744 224523.13)	29	317	0	240	false	676	None
LINESTRING (3097349.744 224523.13, 3097348.459 224510.393)	29	317	0	241	false	676	None
LINESTRING (3097348.459 224510.393, 3097329.076 224502.257)	29	317	0	242	false	676	None
LINESTRING (3097329.076 224502.257, 3097348.83 224437.898)	29	317	0	243	false	676	None
LINESTRING (3097348.83 224437.898, 3097367.711 224344.912)	29	317	0	244	false	676	None
LINESTRING (3097367.711 224344.912, 3097400.6 224227.094)	29	317	0	245	false	676	None
LINESTRING (3097400.6 224227.094, 3097412.634 224187.241)	29	317	0	246	false	676	None
LINESTRING (3097412.634 224187.241, 3097448.489 224068.063)	29	317	0	247	false	676	None
LINESTRING (3097448.489 224068.063, 3097465.911 224008.518)	29	317	0	248	false	676	None
LINESTRING (3097465.911 224008.518, 3097479.558 223962.15)	29	317	0	249	false	676	None
LINESTRING (3097479.558 223962.15, 3097497.025 223902.741)	29	317	0	250	false	676	None
LINESTRING (3097497.025 223902.741, 3097510.297 223868.593)	29	317	0	251	false	676	None
LINESTRING (3097510.297 223868.593, 3097511.33 223865.897)	29	317	0	252	false	676	None
LINESTRING (3097511.33 223865.897, 3097532.327 223805.7)	29	317	0	253	false	676	None
LINESTRING (3097532.327 223805.7, 3097536.082 223796.915)	29	317	0	254	false	676	None
LINESTRING (3097536.082 223796.915, 3097575.06 223703.303)	29	317	0	255	false	676	None
LINESTRING (3097575.06 223703.303, 3097593.248 223678.289)	29	317	0	256	false	676	None
LINESTRING (3097593.248 223678.289, 3097607.804 223655.094)	29	317	0	257	false	676	None
LINESTRING (3097607.804 223655.094, 3097612.635 223647.077)	29	317	0	258	false	676	None
LINESTRING (3097612.635 223647.077, 3097634.218 223610.643)	29	317	0	259	false	676	None
LINESTRING (3097634.218 223610.643, 3097664.263 223557.478)	29	317	0	260	false	676	None
LINESTRING (3097664.263 223557.478, 3097674.353 223543.391)	29	317	0	261	false	676	None
LINESTRING (3097674.353 223543.391, 3097704.784 223500.716)	29	317	0	262	false	676	None
LINESTRING (3097704.784 223500.716, 3097761.681 223444.876)	29	317	0	263	false	676	None
LINESTRING (3097761.681 223444.876, 3097775.088 223426.471)	29	317	0	264	false	676	None
LINESTRING (3097775.088 223426.471, 3097791.877 223389.272)	29	317	0	265	false	676	None
LINESTRING (3097791.877 223389.272, 3097828.791 223294.157)	29	317	0	266	false	676	None
LINESTRING (3097828.791 223294.157, 3097840.41 223261.516)	29	317	0	267	false	676	None
LINESTRING (3097840.41 223261.516, 3097843.543 223249.758)	29	317	0	268	false	676	None
LINESTRING (3097843.543 223249.758, 3097854.11 223210.413)	29	317	0	269	false	676	None
LINESTRING (3097854.11 223210.413, 3097865.149 223178.263)	29	317	0	270	false	676	None
LINESTRING (3097865.149 223178.263, 3097873.508 223160.779)	29	317	0	271	false	676	None
LINESTRING (3097873.508 223160.779, 3097875.755 223155.933)	29	317	0	272	false	676	None
LINESTRING (3097875.755 223155.933, 3097901.245 223113.387)	29	317	0	273	false	676	None
LINESTRING (3097901.245 223113.387, 3097942.56 223047.657)	29	317	0	274	false	676	None
LINESTRING (3097942.56 223047.657, 3097965.103 223015.871)	29	317	0	275	false	676	None
LINESTRING (3097965.103 223015.871, 3097983.194 222995.457)	29	317	0	276	false	676	None
LINESTRING (3097983.194 222995.457, 3098001.593 222975.517)	29	317	0	277	false	676	None
LINESTRING (3098001.593 222975.517, 3098007.527 222967.684)	29	317	0	278	false	676	None
LINESTRING (3098007.527 222967.684, 3098018.17 222953.69)	29	317	0	279	false	676	None
LINESTRING (3098018.17 222953.69, 3098023.126 222945.602)	29	317	0	280	false	676	None
LINESTRING (3098023.126 222945.602, 3098028.472 222934.454)	29	317	0	281	false	676	None
LINESTRING (3098028.472 222934.454, 3098035.751 222917.745)	29	317	0	282	false	676	None
LINESTRING (3098035.751 222917.745, 3098056.838 222873.157)	29	317	0	283	false	676	None
LINESTRING (3098056.838 222873.157, 3098085.266 222798.925)	29	317	0	284	false	676	None
LINESTRING (3098085.266 222798.925, 3098091.9 222785.179)	29	317	0	285	false	676	None
LINESTRING (3098091.9 222785.179, 3098099.099 222773.789)	29	317	0	286	false	676	None
LINESTRING (3098099.099 222773.789, 3098110.319 222757.52)	29	317	0	287	false	676	None
LINESTRING (3098110.319 222757.52, 3098118.237 222747.832)	29	317	0	288	false	676	None
LINESTRING (3098118.237 222747.832, 3098126.626 222738.444)	29	317	0	289	false	676	None
LINESTRING (3098126.626 222738.444, 3098142.693 222723.317)	29	317	0	290	false	676	None
LINESTRING (3098142.693 222723.317, 3098166.69 222705.878)	29	317	0	291	false	676	None
LINESTRING (3098166.69 222705.878, 3098174.726 222700.99)	29	317	0	292	false	676	None
LINESTRING (3098174.726 222700.99, 3098185.602 222693.03)	29	317	0	293	false	676	None
LINESTRING (3098185.602 222693.03, 3098197.05 222682.554)	29	317	0	294	false	676	None
LINESTRING (3098197.05 222682.554, 3098205.668 222673.847)	29	317	0	295	false	676	None
LINESTRING (3098205.668 222673.847, 3098230.938 222637.756)	29	317	0	296	false	676	None
LINESTRING (3098230.938 222637.756, 3098240.149 222625.71)	29	317	0	297	false	676	None
LINESTRING (3098240.149 222625.71, 3098253.65 222609.363)	29	317	0	298	false	676	None
LINESTRING (3098253.65 222609.363, 3098264.15 222599.832)	29	317	0	299	false	676	None
LINESTRING (3098264.15 222599.832, 3098275.731 222591.309)	29	317	0	300	false	676	None
LINESTRING (3098275.731 222591.309, 3098297.322 222579.131)	29	317	0	301	false	676	None
LINESTRING (3098297.322 222579.131, 3098320.684 222568.462)	29	317	0	302	false	676	None
LINESTRING (3098320.684 222568.462, 3098353.1 222559.954)	29	317	0	303	false	676	None
LINESTRING (3098353.1 222559.954, 3098367.997 222557.338)	29	317	0	304	false	676	None
LINESTRING (3098367.997 222557.338, 3098377.926 222557.217)	29	317	0	305	false	676	None
LINESTRING (3098377.926 222557.217, 3098396.642 222558.679)	29	317	0	306	false	676	None
LINESTRING (3098396.642 222558.679, 3098467.263 222568.964)	29	317	0	307	false	676	None
LINESTRING (3098467.263 222568.964, 3098477.922 222571.025)	29	317	0	308	false	676	None
LINESTRING (3098477.922 222571.025, 3098511.35 222579.548)	29	317	0	309	false	676	None
LINESTRING (3098511.35 222579.548, 3098526.499 222585.469)	29	317	0	310	false	676	None
LINESTRING (3098526.499 222585.469, 3098538.896 222591.168)	29	317	0	311	false	676	None
LINESTRING (3098538.896 222591.168, 3098549.53 222597.381)	29	317	0	312	false	676	None
LINESTRING (3098549.53 222597.381, 3098563.077 222610.297)	29	317	0	313	false	676	None
LINESTRING (3098563.077 222610.297, 3098586.503 222643.402)	29	317	0	314	false	676	None
LINESTRING (3098586.503 222643.402, 3098606.68 222668.13)	29	317	0	315	false	676	None
LINESTRING (3098606.68 222668.13, 3098637.759 222699.65)	29	317	0	316	false	676	None
LINESTRING (3098637.759 222699.65, 3098660.78 222719.761)	29	317	0	317	false	676	None
LINESTRING (3098660.78 222719.761, 3098676.22 222727.221)	29	317	0	318	false	676	None
LINESTRING (3098676.22 222727.221, 3098679.143 222727.508)	29	317	0	319	false	676	None
LINESTRING (3098679.143 222727.508, 3098696.552 222729.064)	29	317	0	320	false	676	None
LINESTRING (3098696.552 222729.064, 3098753.301 222713.234)	29	317	0	321	false	676	None
LINESTRING (3098753.301 222713.234, 3098796.223 222700.548)	29	317	0	322	false	676	None
LINESTRING (3098796.223 222700.548, 3098832.869 222695.564)	29	317	0	323	false	676	None
LINESTRING (3098832.869 222695.564, 3098863.965 222696.895)	29	317	0	324	false	676	None
LINESTRING (3098863.965 222696.895, 3098905.788 222706.495)	29	317	0	325	false	676	None
LINESTRING (3098905.788 222706.495, 3098924.591 222709.775)	29	317	0	326	false	676	None
LINESTRING (3098924.591 222709.775, 3098957.776 222713.57)	29	317	0	327	false	676	None
LINESTRING (3098957.776 222713.57, 3098988.017 222712.791)	29	317	0	328	false	676	None
LINESTRING (3098988.017 222712.791, 3099005.126 222710.785)	29	317	0	329	false	676	None
LINESTRING (3099005.126 222710.785, 3099024.685 222706.983)	29	317	0	330	false	676	None
LINESTRING (3099024.685 222706.983, 3099078.696 222705.204)	29	317	0	331	false	676	None
LINESTRING (3099078.696 222705.204, 3099104.413 222707.804)	29	317	0	332	false	676	None
LINESTRING (3099104.413 222707.804, 3099129.678 222712.608)	29	317	0	333	false	676	None
LINESTRING (3099129.678 222712.608, 3099156.216 222717.663)	29	317	0	334	false	676	None
LINESTRING (3099156.216 222717.663, 3099175.506 222718.395)	29	317	0	335	false	676	None
LINESTRING (3099175.506 222718.395, 3099191.427 222716.172)	29	317	0	336	false	676	None
LINESTRING (3099191.427 222716.172, 3099209.484 222711.439)	29	317	0	337	false	676	None
LINESTRING (3099209.484 222711.439, 3099256.181 222695.802)	29	317	0	338	false	676	None
LINESTRING (3099256.181 222695.802, 3099281.121 222687.405)	29	317	0	339	false	676	None
LINESTRING (3099281.121 222687.405, 3099296.791 222683.541)	29	317	0	340	false	676	None
LINESTRING (3099296.791 222683.541, 3099313.453 222683.98)	29	317	0	341	false	676	None
LINESTRING (3099313.453 222683.98, 3099327.66 222685.975)	29	317	0	342	false	676	None
LINESTRING (3099327.66 222685.975, 3099376.321 222703.785)	29	317	0	343	false	676	None
LINESTRING (3099376.321 222703.785, 3099412.384 222721.525)	29	317	0	344	false	676	None
LINESTRING (3099412.384 222721.525, 3099430.114 222732.716)	29	317	0	345	false	676	None
LINESTRING (3099430.114 222732.716, 3099446.686 222746.674)	29	317	0	346	false	676	None
LINESTRING (3099446.686 222746.674, 3099470.92 222769.749)	29	317	0	347	false	676	None
LINESTRING (3099470.92 222769.749, 3099493.853 222788.047)	29	317	0	348	false	676	None
LINESTRING (3099493.853 222788.047, 3099512.958 222798.457)	29	317	0	349	false	676	None
LINESTRING (3099512.958 222798.457, 3099529.838 222807.778)	29	317	0	350	false	676	None
LINESTRING (3099529.838 222807.778, 3099560.538 222823.939)	29	317	0	351	false	676	None
LINESTRING (3099560.538 222823.939, 3099588.64 222842.791)	29	317	0	352	false	676	None
LINESTRING (3099588.64 222842.791, 3099605.134 222858.74)	29	317	0	353	false	676	None
LINESTRING (3099605.134 222858.74, 3099616.071 222873.868)	29	317	0	354	false	676	None
LINESTRING (3099616.071 222873.868, 3099617.865 222878.122)	29	317	0	355	false	676	None
LINESTRING (3099617.865 222878.122, 3099629.166 222906.348)	29	317	0	356	false	676	None
LINESTRING (3099629.166 222906.348, 3099638.397 222929.502)	29	317	0	357	false	676	None
LINESTRING (3099638.397 222929.502, 3099646.574 222942.384)	29	317	0	358	false	676	None
LINESTRING (3099646.574 222942.384, 3099657.724 222954.146)	29	317	0	359	false	676	None
LINESTRING (3099657.724 222954.146, 3099677.633 222968.075)	29	317	0	360	false	676	None
LINESTRING (3099677.633 222968.075, 3099699.25 222984.443)	29	317	0	361	false	676	None
LINESTRING (3099699.25 222984.443, 3099721.747 223005.665)	29	317	0	362	false	676	None
LINESTRING (3099721.747 223005.665, 3099731.667 223015.529)	29	317	0	363	false	676	None
LINESTRING (3099731.667 223015.529, 3099745.963 223029.805)	29	317	0	364	false	676	None
LINESTRING (3099745.963 223029.805, 3099761.659 223044.26)	29	317	0	365	false	676	None
LINESTRING (3099761.659 223044.26, 3099776.544 223054.957)	29	317	0	366	false	676	None
LINESTRING (3099776.544 223054.957, 3099801.537 223076.304)	29	317	0	367	false	676	None
LINESTRING (3099801.537 223076.304, 3099821.985 223089.846)	29	317	0	368	false	676	None
LINESTRING (3099821.985 223089.846, 3099840.429 223099.172)	29	317	0	369	false	676	None
LINESTRING (3099840.429 223099.172, 3099859.704 223102.754)	29	317	0	370	false	676	None
LINESTRING (3099859.704 223102.754, 3099874.114 223102.687)	29	317	0	371	false	676	None
LINESTRING (3099874.114 223102.687, 3099898.18 223096.573)	29	317	0	372	false	676	None
LINESTRING (3099898.18 223096.573, 3099914.22 223094.041)	29	317	0	373	false	676	None
LINESTRING (3099914.22 223094.041, 3099956.958 223082.36)	29	317	0	374	false	676	None
LINESTRING (3099956.958 223082.36, 3100006.853 223067.834)	29	317	0	375	false	676	None
LINESTRING (3100006.853 223067.834, 3100034.42 223057.949)	29	317	0	376	false	676	None
LINESTRING (3100034.42 223057.949, 3100048.895 223046.733)	29	317	0	377	false	676	None
LINESTRING (3100048.895 223046.733, 3100051.964 223044.342)	29	317	0	378	false	676	None
LINESTRING (3100051.964 223044.342, 3100083.36 223021.657)	29	317	0	379	false	676	None
LINESTRING (3100083.36 223021.657, 3100095.202 223016.803)	29	317	0	380	false	676	None
LINESTRING (3100095.202 223016.803, 3100108.494 223012.505)	29	317	0	381	false	676	None
LINESTRING (3100108.494 223012.505, 3100121.159 223013.673)	29	317	0	382	false	676	None
LINESTRING (3100121.159 223013.673, 3100156.679 223021.34)	29	317	0	383	false	676	None
LINESTRING (3100156.679 223021.34, 3100189.384 223029.712)	29	317	0	384	false	676	None
LINESTRING (3100189.384 223029.712, 3100196.516 223031.019)	29	317	0	385	false	676	None
LINESTRING (3100196.516 223031.019, 3100203.797 223033.215)	29	317	0	386	false	676	None
LINESTRING (3100203.797 223033.215, 3100209.15 223036.098)	29	317	0	387	false	676	None
LINESTRING (3100209.15 223036.098, 3100214.664 223040.351)	29	317	0	388	false	676	None
LINESTRING (3100214.664 223040.351, 3100222.207 223087.826)	29	317	0	389	false	676	None
LINESTRING (3100222.207 223087.826, 3100236.245 223122.691)	29	317	0	390	false	676	None
LINESTRING (3100236.245 223122.691, 3100245.789 223146.56)	29	317	0	391	false	676	None
LINESTRING (3100245.789 223146.56, 3100281.114 223206.822)	29	317	0	392	false	676	None
LINESTRING (3100281.114 223206.822, 3100284.229 223213.247)	29	317	0	393	false	676	None
LINESTRING (3100284.229 223213.247, 3100290.147 223225.383)	29	317	0	394	false	676	None
LINESTRING (3100290.147 223225.383, 3100309.232 223264.442)	29	317	0	395	false	676	None
LINESTRING (3100309.232 223264.442, 3100327.143 223293.539)	29	317	0	396	false	676	None
LINESTRING (3100327.143 223293.539, 3100346.552 223325.113)	29	317	0	397	false	676	None
LINESTRING (3100346.552 223325.113, 3100354.079 223337.39)	29	317	0	398	false	676	None
LINESTRING (3100354.079 223337.39, 3100358.826 223343.133)	29	317	0	399	false	676	None
LINESTRING (3100358.826 223343.133, 3100395.747 223387.482)	29	317	0	400	false	676	None
LINESTRING (3100395.747 223387.482, 3100399.902 223393.236)	29	317	0	401	false	676	None
LINESTRING (3100399.902 223393.236, 3100421.837 223410.559)	29	317	0	402	false	676	None
LINESTRING (3100421.837 223410.559, 3100439.015 223425.228)	29	317	0	403	false	676	None
LINESTRING (3100439.015 223425.228, 3100466.449 223451.437)	29	317	0	404	false	676	None
LINESTRING (3100466.449 223451.437, 3100477.344 223426.841)	29	317	0	405	false	676	None
LINESTRING (3100477.344 223426.841, 3100512.436 223339.113)	29	317	0	406	false	676	None
LINESTRING (3100512.436 223339.113, 3100524.707 223306.841)	29	317	0	407	false	676	None
LINESTRING (3100524.707 223306.841, 3100525.974 223305.068)	29	317	0	408	false	676	None
LINESTRING (3100525.974 223305.068, 3100570.382 223321.97)	29	317	0	409	false	676	None
LINESTRING (3100570.382 223321.97, 3100701.177 223371.865)	29	317	0	410	false	676	None
LINESTRING (3100701.177 223371.865, 3100756.761 223393.053)	29	317	0	411	false	676	None
LINESTRING (3100756.761 223393.053, 3100831.4 223427.846)	29	317	0	412	false	676	None
LINESTRING (3100831.4 223427.846, 3100838.15 223427.342)	29	317	0	413	false	676	None
LINESTRING (3100838.15 223427.342, 3100843.584 223424.907)	29	317	0	414	false	676	None
LINESTRING (3100843.584 223424.907, 3100851.787 223419.848)	29	317	0	415	false	676	None
LINESTRING (3100851.787 223419.848, 3100861.727 223411.531)	29	317	0	416	false	676	None
LINESTRING (3100861.727 223411.531, 3100901.185 223374.462)	29	317	0	417	false	676	None
LINESTRING (3100901.185 223374.462, 3100924.005 223348.373)	29	317	0	418	false	676	None
LINESTRING (3100924.005 223348.373, 3100925.602 223346.251)	29	317	0	419	false	676	None
LINESTRING (3100925.602 223346.251, 3100953.226 223309.163)	29	317	0	420	false	676	None
LINESTRING (3100953.226 223309.163, 3100965.275 223290.241)	29	317	0	421	false	676	None
LINESTRING (3100965.275 223290.241, 3100980.053 223270.581)	29	317	0	422	false	676	None
LINESTRING (3100980.053 223270.581, 3100996.873 223251.467)	29	317	0	423	false	676	None
LINESTRING (3100996.873 223251.467, 3101020.854 223226.18)	29	317	0	424	false	676	None
LINESTRING (3101020.854 223226.18, 3101055.461 223187.727)	29	317	0	425	false	676	None
LINESTRING (3101055.461 223187.727, 3101068.972 223169.841)	29	317	0	426	false	676	None
LINESTRING (3101068.972 223169.841, 3101075.244 223160.118)	29	317	0	427	false	676	None
LINESTRING (3101075.244 223160.118, 3101083.287 223138.115)	29	317	0	428	false	676	None
LINESTRING (3101083.287 223138.115, 3101092.093 223109.27)	29	317	0	429	false	676	None
LINESTRING (3101092.093 223109.27, 3101097.005 223097.48)	29	317	0	430	false	676	None
LINESTRING (3101097.005 223097.48, 3101102.764 223087.561)	29	317	0	431	false	676	None
LINESTRING (3101102.764 223087.561, 3101110.088 223077.646)	29	317	0	432	false	676	None
LINESTRING (3101110.088 223077.646, 3101122.174 223070.628)	29	317	0	433	false	676	None
LINESTRING (3101122.174 223070.628, 3101141.925 223062.505)	29	317	0	434	false	676	None
LINESTRING (3101141.925 223062.505, 3101205.89 223044.224)	29	317	0	435	false	676	None
LINESTRING (3101205.89 223044.224, 3101261.916 223024.446)	29	317	0	436	false	676	None
LINESTRING (3101261.916 223024.446, 3101375.209 222968.125)	29	317	0	437	false	676	None
LINESTRING (3101375.209 222968.125, 3101397.54 222947.913)	29	317	0	438	false	676	None
LINESTRING (3101397.54 222947.913, 3101521.585 222876.574)	29	317	0	439	false	676	None
LINESTRING (3101521.585 222876.574, 3101544.1 222867.371)	29	317	0	440	false	676	None
LINESTRING (3101544.1 222867.371, 3101570.73 222855.348)	29	317	0	441	false	676	None
LINESTRING (3101570.73 222855.348, 3101593.833 222849.462)	29	317	0	442	false	676	None
LINESTRING (3101593.833 222849.462, 3101627.121 222841.774)	29	317	0	443	false	676	None
LINESTRING (3101627.121 222841.774, 3101652.301 222837.874)	29	317	0	444	false	676	None
LINESTRING (3101652.301 222837.874, 3101687.2 222833.896)	29	317	0	445	false	676	None
LINESTRING (3101687.2 222833.896, 3101698.194 222834.068)	29	317	0	446	false	676	None
LINESTRING (3101698.194 222834.068, 3101712.095 222837.377)	29	317	0	447	false	676	None
LINESTRING (3101712.095 222837.377, 3101742.87 222847.987)	29	317	0	448	false	676	None
LINESTRING (3101742.87 222847.987, 3101805.633 222873.954)	29	317	0	449	false	676	None
LINESTRING (3101805.633 222873.954, 3101901.525 222911.791)	29	317	0	450	false	676	None
LINESTRING (3101901.525 222911.791, 3101941.317 222928.238)	29	317	0	451	false	676	None
LINESTRING (3101941.317 222928.238, 3101954.65 222932.518)	29	317	0	452	false	676	None
LINESTRING (3101954.65 222932.518, 3101976.448 222940.758)	29	317	0	453	false	676	None
LINESTRING (3101976.448 222940.758, 3102072.71 222979.929)	29	317	0	454	false	676	None
LINESTRING (3102072.71 222979.929, 3102312.317 223070.504)	29	317	0	455	false	676	None
LINESTRING (3102312.317 223070.504, 3102406.08 223109.554)	29	317	0	456	false	676	None
LINESTRING (3102406.08 223109.554, 3102439.115 223126.265)	29	317	0	457	false	676	None
LINESTRING (3102439.115 223126.265, 3102554.215 223184.201)	29	317	0	458	false	676	None
LINESTRING (3102554.215 223184.201, 3102569.218 223557.719)	29	317	0	459	false	676	None
LINESTRING (3102569.218 223557.719, 3102579.642 223869.915)	29	317	0	460	false	676	None
LINESTRING (3102579.642 223869.915, 3102517.363 223992.991)	29	317	0	461	false	676	None
LINESTRING (3102517.363 223992.991, 3102554.232 224009.392)	29	317	0	462	false	676	None
LINESTRING (3102554.232 224009.392, 3102618.805 224033.685)	29	317	0	463	false	676	None
LINESTRING (3102618.805 224033.685, 3102842.159 224117.578)	29	317	0	464	false	676	None
LINESTRING (3102842.159 224117.578, 3102891.288 224134.165)	29	317	0	465	false	676	None
LINESTRING (3102891.288 224134.165, 3103041.544 224190.737)	29	317	0	466	false	676	None
LINESTRING (3103041.544 224190.737, 3103126.646 224221.721)	29	317	0	467	false	676	None
LINESTRING (3103126.646 224221.721, 3103144.7 224230.788)	29	317	0	468	false	676	None
LINESTRING (3103144.7 224230.788, 3103303.003 224295.209)	29	317	0	469	false	676	None
LINESTRING (3103303.003 224295.209, 3103398.253 224335.203)	29	317	0	470	false	676	None
LINESTRING (3103398.253 224335.203, 3103409.167 224339.153)	29	317	0	471	false	676	None
LINESTRING (3103409.167 224339.153, 3103424.853 224344.695)	29	317	0	472	false	676	None
LINESTRING (3103424.853 224344.695, 3103476.809 224366.414)	29	317	0	473	false	676	None
LINESTRING (3103476.809 224366.414, 3103476.423 224367.931)	29	317	0	474	false	676	None
LINESTRING (3103476.423 224367.931, 3103474.975 224372.726)	29	317	0	475	false	676	None
LINESTRING (3103474.975 224372.726, 3103474.463 224374.313)	29	317	0	476	false	676	None
LINESTRING (3103474.463 224374.313, 3103097.125 225306.73)	29	317	0	477	false	676	N:3103202.3981163115 225046.596
LINESTRING (3099832.477 217194.412, 3099872.688 217231.563)	29	323	0	348	false	977	S:3099839.4441935346 217200.849
LINESTRING (3099872.688 217231.563, 3099930.429 217251.058)	29	323	0	349	false	977	None
LINESTRING (3099930.429 217251.058, 3099988.388 217248.764)	29	323	0	350	false	977	None
LINESTRING (3099988.388 217248.764, 3100160.619 217189.425)	29	323	0	351	false	977	S:3100127.460926153 217200.849
LINESTRING (3100254.278 217179.05, 3100319.898 217205.845)	29	323	0	354	false	977	S:3100307.6629740624 217200.849
LINESTRING (3100319.898 217205.845, 3100359.514 217222.562)	29	323	0	355	false	977	None
LINESTRING (3100359.514 217222.562, 3100364.223 217253.728)	29	323	0	356	false	977	None
LINESTRING (3100364.223 217253.728, 3100356.854 217333.048)	29	323	0	357	false	977	None
LINESTRING (3100356.854 217333.048, 3100345.838 217451.033)	29	323	0	358	false	977	None
LINESTRING (3100345.838 217451.033, 3100380.285 217581.2)	29	323	0	359	false	977	None
LINESTRING (3100380.285 217581.2, 3100349.212 217719.083)	29	323	0	360	false	977	None
LINESTRING (3100349.212 217719.083, 3100341.659 217852.304)	29	323	0	361	false	977	None
LINESTRING (3100341.659 217852.304, 3100372.193 217978.358)	29	323	0	362	false	977	None
LINESTRING (3100372.193 217978.358, 3100355.125 218072.51)	29	323	0	363	false	977	None
LINESTRING (3100355.125 218072.51, 3100382.188 218150.874)	29	323	0	364	false	977	None
LINESTRING (3100382.188 218150.874, 3100459.369 218275.776)	29	323	0	365	false	977	None
LINESTRING (3100459.369 218275.776, 3100565.526 218310.97)	29	323	0	366	false	977	None
LINESTRING (3100565.526 218310.97, 3100622.003 218305.381)	29	323	0	367	false	977	None
LINESTRING (3100622.003 218305.381, 3100661.951 218328.886)	29	323	0	368	false	977	None
LINESTRING (3100661.951 218328.886, 3100655.98 218372.843)	29	323	0	369	false	977	None
LINESTRING (3100655.98 218372.843, 3100631.619 218415.224)	29	323	0	370	false	977	None
LINESTRING (3100631.619 218415.224, 3100606.441 218438.271)	29	323	0	371	false	977	None
LINESTRING (3100606.441 218438.271, 3100565.264 218460.658)	29	323	0	372	false	977	None
LINESTRING (3100565.264 218460.658, 3100554.215 218475.446)	29	323	0	373	false	977	None
LINESTRING (3100554.215 218475.446, 3100513.523 218467.943)	29	323	0	374	false	977	None
LINESTRING (3100513.523 218467.943, 3100433.527 218478.195)	29	323	0	375	false	977	None
LINESTRING (3100433.527 218478.195, 3100305.043 218529.671)	29	323	0	376	false	977	None
LINESTRING (3100305.043 218529.671, 3100185.101 218516.422)	29	323	0	377	false	977	None
LINESTRING (3100185.101 218516.422, 3100171.791 218544.016)	29	323	0	378	false	977	None
LINESTRING (3100171.791 218544.016, 3100120.085 218586.741)	29	323	0	379	false	977	None
LINESTRING (3100120.085 218586.741, 3100111.556 218616.166)	29	323	0	380	false	977	None
LINESTRING (3100111.556 218616.166, 3100115.903 218626.033)	29	323	0	381	false	977	None
LINESTRING (3100115.903 218626.033, 3100253.065 218629.591)	29	323	0	382	false	977	None
LINESTRING (3100253.065 218629.591, 3100319.597 218690.264)	29	323	0	383	false	977	None
LINESTRING (3100319.597 218690.264, 3100373.896 218697.51)	29	323	0	384	false	977	None
LINESTRING (3100373.896 218697.51, 3100390.244 218690.101)	29	323	0	385	false	977	None
LINESTRING (3100390.244 218690.101, 3100436.712 218710.635)	29	323	0	386	false	977	None
LINESTRING (3100436.712 218710.635, 3100467.583 218801.277)	29	323	0	387	false	977	None
LINESTRING (3100467.583 218801.277, 3100471.633 218811.15)	29	323	0	388	false	977	None
LINESTRING (3100471.633 218811.15, 3100504.193 218818.155)	29	323	0	389	false	977	None
LINESTRING (3100504.193 218818.155, 3100743.739 218803.879)	29	323	0	390	false	977	None
LINESTRING (3100743.739 218803.879, 3100808.894 218839.777)	29	323	0	391	false	977	None
LINESTRING (3100808.894 218839.777, 3100842.803 218836.362)	29	323	0	392	false	977	None
LINESTRING (3100842.803 218836.362, 3100896.157 218810.558)	29	323	0	393	false	977	None
LINESTRING (3100896.157 218810.558, 3100930.027 218807.247)	29	323	0	394	false	977	None
LINESTRING (3100930.027 218807.247, 3100977.097 218833.365)	29	323	0	395	false	977	None
LINESTRING (3100977.097 218833.365, 3101009.171 218870.262)	29	323	0	396	false	977	None
LINESTRING (3101009.171 218870.262, 3101035.927 218921.29)	29	323	0	397	false	977	None
LINESTRING (3101035.927 218921.29, 3101059.225 218938.419)	29	323	0	398	false	977	None
LINESTRING (3101059.225 218938.419, 3101060.869 218955.336)	29	323	0	399	false	977	None
LINESTRING (3101060.869 218955.336, 3101091.154 218996.898)	29	323	0	400	false	977	None
LINESTRING (3101091.154 218996.898, 3101093.924 219025.184)	29	323	0	401	false	977	None
LINESTRING (3101093.924 219025.184, 3101106.917 219041.099)	29	323	0	402	false	977	None
LINESTRING (3101106.917 219041.099, 3101084.325 219114.116)	29	323	0	403	false	977	None
LINESTRING (3101084.325 219114.116, 3101101.139 219134.111)	29	323	0	404	false	977	None
LINESTRING (3101101.139 219134.111, 3101136.777 219147.647)	29	323	0	405	false	977	None
LINESTRING (3101136.777 219147.647, 3101164.991 219144.786)	29	323	0	406	false	977	None
LINESTRING (3101164.991 219144.786, 3101212.174 219113.885)	29	323	0	407	false	977	None
LINESTRING (3101212.174 219113.885, 3101222.396 219101.515)	29	323	0	408	false	977	None
LINESTRING (3101222.396 219101.515, 3101261.776 219119.338)	29	323	0	409	false	977	None
LINESTRING (3101261.776 219119.338, 3101265.695 219194.192)	29	323	0	410	false	977	None
LINESTRING (3101265.695 219194.192, 3101198.522 219312.778)	29	323	0	411	false	977	None
LINESTRING (3101198.522 219312.778, 3101128.027 219361.853)	29	323	0	412	false	977	None
LINESTRING (3101128.027 219361.853, 3100988.988 219398.454)	29	323	0	413	false	977	None
LINESTRING (3100988.988 219398.454, 3100959.337 219397.912)	29	323	0	414	false	977	None
LINESTRING (3100959.337 219397.912, 3100823.078 219334.768)	29	323	0	415	false	977	None
LINESTRING (3100823.078 219334.768, 3100688.41 219310.398)	29	323	0	416	false	977	None
LINESTRING (3100688.41 219310.398, 3100586.593 219306.58)	29	323	0	417	false	977	None
LINESTRING (3100586.593 219306.58, 3100563.553 219316.894)	29	323	0	418	false	977	None
LINESTRING (3100563.553 219316.894, 3100470.432 219425.304)	29	323	0	419	false	977	None
LINESTRING (3100470.432 219425.304, 3100450.3 219442.081)	29	323	0	420	false	977	None
LINESTRING (3100450.3 219442.081, 3100394.107 219404.268)	29	323	0	421	false	977	None
LINESTRING (3100394.107 219404.268, 3100363.419 219406.183)	29	323	0	422	false	977	None
LINESTRING (3100363.419 219406.183, 3100292.27 219471.298)	29	323	0	423	false	977	None
LINESTRING (3100292.27 219471.298, 3100257.171 219520.503)	29	323	0	424	false	977	None
LINESTRING (3100257.171 219520.503, 3100233.67 219595.906)	29	323	0	425	false	977	None
LINESTRING (3100233.67 219595.906, 3100237.989 219662.826)	29	323	0	426	false	977	None
LINESTRING (3100237.989 219662.826, 3100219.84 219710.203)	29	323	0	427	false	977	None
LINESTRING (3100219.84 219710.203, 3100160.891 219743.733)	29	323	0	428	false	977	None
LINESTRING (3100160.891 219743.733, 3100198.847 219784.426)	29	323	0	429	false	977	None
LINESTRING (3100198.847 219784.426, 3100224.053 219801.928)	29	323	0	430	false	977	None
LINESTRING (3100224.053 219801.928, 3100246.489 219813.376)	29	323	0	431	false	977	None
LINESTRING (3100246.489 219813.376, 3100291.244 219823.032)	29	323	0	432	false	977	None
LINESTRING (3100291.244 219823.032, 3100394.865 219828.253)	29	323	0	433	false	977	None
LINESTRING (3100394.865 219828.253, 3100437.791 219828.886)	29	323	0	434	false	977	None
LINESTRING (3100437.791 219828.886, 3100501.454 219832.115)	29	323	0	435	false	977	None
LINESTRING (3100501.454 219832.115, 3100548.131 219840.844)	29	323	0	436	false	977	None
LINESTRING (3100548.131 219840.844, 3100816.711 219883.593)	29	323	0	437	false	977	None
LINESTRING (3100816.711 219883.593, 3100900.207 219900.724)	29	323	0	438	false	977	None
LINESTRING (3100900.207 219900.724, 3100925.544 219913.286)	29	323	0	439	false	977	None
LINESTRING (3100925.544 219913.286, 3101015.64 219944.361)	29	323	0	440	false	977	None
LINESTRING (3101015.64 219944.361, 3101015.575 219946.833)	29	323	0	441	false	977	None
LINESTRING (3101015.575 219946.833, 3101145.127 219997.309)	29	323	0	442	false	977	None
LINESTRING (3101145.127 219997.309, 3101319.131 220062.325)	29	323	0	443	false	977	None
LINESTRING (3101319.131 220062.325, 3101500.875 220127.578)	29	323	0	444	false	977	None
LINESTRING (3101500.875 220127.578, 3101517.236 220134.443)	29	323	0	445	false	977	None
LINESTRING (3101517.236 220134.443, 3101605.579 220166.518)	29	323	0	446	false	977	None
LINESTRING (3101605.579 220166.518, 3101643.459 220180.323)	29	323	0	447	false	977	None
LINESTRING (3101643.459 220180.323, 3101788.882 220228.214)	29	323	0	448	false	977	None
LINESTRING (3101788.882 220228.214, 3101839.554 220253.344)	29	323	0	449	false	977	None
LINESTRING (3101839.554 220253.344, 3101857.463 220268.174)	29	323	0	450	false	977	None
LINESTRING (3101857.463 220268.174, 3101887.822 220294.196)	29	323	0	451	false	977	None
LINESTRING (3101887.822 220294.196, 3101904.049 220312.9)	29	323	0	452	false	977	None
LINESTRING (3101904.049 220312.9, 3101911.309 220321.032)	29	323	0	453	false	977	None
LINESTRING (3101911.309 220321.032, 3101938.255 220347.53)	29	323	0	454	false	977	None
LINESTRING (3101938.255 220347.53, 3101962.242 220374.083)	29	323	0	455	false	977	None
LINESTRING (3101962.242 220374.083, 3101996.021 220403.439)	29	323	0	456	false	977	None
LINESTRING (3101996.021 220403.439, 3102055.22 220436.713)	29	323	0	457	false	977	None
LINESTRING (3102055.22 220436.713, 3102098.607 220466.542)	29	323	0	458	false	977	None
LINESTRING (3102098.607 220466.542, 3102121.374 220482.997)	29	323	0	459	false	977	None
LINESTRING (3102121.374 220482.997, 3102228.013 220573.575)	29	323	0	460	false	977	None
LINESTRING (3102228.013 220573.575, 3102263.482 220604.65)	29	323	0	461	false	977	None
LINESTRING (3102263.482 220604.65, 3102287.77 220624.543)	29	323	0	462	false	977	None
LINESTRING (3102287.77 220624.543, 3102359.56 220671.445)	29	323	0	463	false	977	None
LINESTRING (3102359.56 220671.445, 3102379.788 220679.2)	29	323	0	464	false	977	None
LINESTRING (3102379.788 220679.2, 3102487.251 220736.214)	29	323	0	465	false	977	None
LINESTRING (3102487.251 220736.214, 3102527.166 220759.008)	29	323	0	466	false	977	None
LINESTRING (3102527.166 220759.008, 3102561.12 220774.88)	29	323	0	467	false	977	None
LINESTRING (3102561.12 220774.88, 3102608.32 220801.656)	29	323	0	468	false	977	None
LINESTRING (3102608.32 220801.656, 3102622.059 220812.037)	29	323	0	469	false	977	None
LINESTRING (3102622.059 220812.037, 3102636.574 220824.736)	29	323	0	470	false	977	None
LINESTRING (3102636.574 220824.736, 3102725.677 220921.202)	29	323	0	471	false	977	None
LINESTRING (3102725.677 220921.202, 3102787.852 220997.001)	29	323	0	472	false	977	None
LINESTRING (3102787.852 220997.001, 3102837.163 221053.243)	29	323	0	473	false	977	None
LINESTRING (3102837.163 221053.243, 3102865.981 221071.784)	29	323	0	474	false	977	None
LINESTRING (3102865.981 221071.784, 3102900.681 221090.56)	29	323	0	475	false	977	None
LINESTRING (3102900.681 221090.56, 3102913.877 221097.761)	29	323	0	476	false	977	None
LINESTRING (3102913.877 221097.761, 3102939.852 221108.91)	29	323	0	477	false	977	None
LINESTRING (3102939.852 221108.91, 3102967.203 221119.28)	29	323	0	478	false	977	None
LINESTRING (3102967.203 221119.28, 3102990.275 221129.317)	29	323	0	479	false	977	None
LINESTRING (3102990.275 221129.317, 3103011.916 221141.301)	29	323	0	480	false	977	None
LINESTRING (3103011.916 221141.301, 3103036.648 221156.968)	29	323	0	481	false	977	None
LINESTRING (3103036.648 221156.968, 3103056.954 221173.198)	29	323	0	482	false	977	None
LINESTRING (3103056.954 221173.198, 3103069.691 221182.362)	29	323	0	483	false	977	None
LINESTRING (3103069.691 221182.362, 3103076.407 221189.1)	29	323	0	484	false	977	None
LINESTRING (3103076.407 221189.1, 3103084.668 221200.234)	29	323	0	485	false	977	None
LINESTRING (3103084.668 221200.234, 3103092.498 221212.748)	29	323	0	486	false	977	None
LINESTRING (3103092.498 221212.748, 3103099.755 221229.562)	29	323	0	487	false	977	None
LINESTRING (3103099.755 221229.562, 3103104.991 221251.901)	29	323	0	488	false	977	None
LINESTRING (3103104.991 221251.901, 3103110.487 221279.691)	29	323	0	489	false	977	None
LINESTRING (3103110.487 221279.691, 3103124.309 221387.364)	29	323	0	490	false	977	None
LINESTRING (3103124.309 221387.364, 3103155.079 221491.431)	29	323	0	491	false	977	None
LINESTRING (3103155.079 221491.431, 3103183.225 221586.763)	29	323	0	492	false	977	None
LINESTRING (3103183.225 221586.763, 3103184.747 221591.984)	29	323	0	493	false	977	None
LINESTRING (3103184.747 221591.984, 3103204.736 221659.576)	29	323	0	494	false	977	None
LINESTRING (3103204.736 221659.576, 3103231.571 221744.538)	29	323	0	495	false	977	None
LINESTRING (3103231.571 221744.538, 3103247.185 221793.926)	29	323	0	496	false	977	None
LINESTRING (3103247.185 221793.926, 3103294.875 221945.743)	29	323	0	497	false	977	None
LINESTRING (3103294.875 221945.743, 3103301.838 221967.914)	29	323	0	498	false	977	None
LINESTRING (3103301.838 221967.914, 3103314.656 222024.077)	29	323	0	499	false	977	None
LINESTRING (3103314.656 222024.077, 3103313.051 222083.388)	29	323	0	500	false	977	None
LINESTRING (3103313.051 222083.388, 3103299.809 222133.479)	29	323	0	501	false	977	None
LINESTRING (3103299.809 222133.479, 3103280.663 222215.55)	29	323	0	502	false	977	None
LINESTRING (3103280.663 222215.55, 3103270.644 222252.134)	29	323	0	503	false	977	None
LINESTRING (3103270.644 222252.134, 3103244.458 222347.199)	29	323	0	504	false	977	None
LINESTRING (3103244.458 222347.199, 3103225.957 222443.666)	29	323	0	505	false	977	None
LINESTRING (3103225.957 222443.666, 3103219.718 222488.002)	29	323	0	506	false	977	None
LINESTRING (3103219.718 222488.002, 3103225.352 222591.468)	29	323	0	507	false	977	None
LINESTRING (3103225.352 222591.468, 3103228.608 222739.919)	29	323	0	508	false	977	None
LINESTRING (3103228.608 222739.919, 3103228.412 222813.921)	29	323	0	509	false	977	None
LINESTRING (3103228.412 222813.921, 3103228.297 222891.283)	29	323	0	510	false	977	None
LINESTRING (3103228.297 222891.283, 3103225.015 222923.317)	29	323	0	511	false	977	None
LINESTRING (3103225.015 222923.317, 3103217.081 222958.799)	29	323	0	512	false	977	None
LINESTRING (3103217.081 222958.799, 3103187.641 223034.781)	29	323	0	513	false	977	None
LINESTRING (3103187.641 223034.781, 3103160.006 223092.788)	29	323	0	514	false	977	None
LINESTRING (3103160.006 223092.788, 3103149.67 223112.842)	29	323	0	515	false	977	None
LINESTRING (3103149.67 223112.842, 3103142.467 223129.579)	29	323	0	516	false	977	None
LINESTRING (3103142.467 223129.579, 3103169.199 223133.888)	29	323	0	517	false	977	None
LINESTRING (3103169.199 223133.888, 3103180.886 223133.021)	29	323	0	518	false	977	None
LINESTRING (3103180.886 223133.021, 3103198.844 223127.543)	29	323	0	519	false	977	None
LINESTRING (3103198.844 223127.543, 3103249.377 223105.787)	29	323	0	520	false	977	None
LINESTRING (3103249.377 223105.787, 3103321.777 223070.66)	29	323	0	521	false	977	None
LINESTRING (3103321.777 223070.66, 3103365.722 223056.128)	29	323	0	522	false	977	None
LINESTRING (3103365.722 223056.128, 3103367.827 223055.746)	29	323	0	523	false	977	None
LINESTRING (3103367.827 223055.746, 3103386.901 223052.718)	29	323	0	524	false	977	None
LINESTRING (3103386.901 223052.718, 3103418.567 223049.527)	29	323	0	525	false	977	None
LINESTRING (3103418.567 223049.527, 3103436.835 223049.877)	29	323	0	526	false	977	None
LINESTRING (3103436.835 223049.877, 3103530.244 223060.266)	29	323	0	527	false	977	None
LINESTRING (3103530.244 223060.266, 3103559.535 223061.991)	29	323	0	528	false	977	None
LINESTRING (3103559.535 223061.991, 3103588.625 223060.667)	29	323	0	529	false	977	None
LINESTRING (3103588.625 223060.667, 3103596.604 223060.28)	29	323	0	530	false	977	None
LINESTRING (3103596.604 223060.28, 3103612.932 223057.269)	29	323	0	531	false	977	None
LINESTRING (3103612.932 223057.269, 3103663.974 223039.039)	29	323	0	532	false	977	None
LINESTRING (3103663.974 223039.039, 3103689.933 223028.785)	29	323	0	533	false	977	None
LINESTRING (3103689.933 223028.785, 3103710.047 223023.303)	29	323	0	534	false	977	None
LINESTRING (3103710.047 223023.303, 3103736.599 223018.389)	29	323	0	535	false	977	None
LINESTRING (3103736.599 223018.389, 3103745.648 223018.532)	29	323	0	536	false	977	None
LINESTRING (3103745.648 223018.532, 3103801.215 223019.637)	29	323	0	537	false	977	E:3103759.05 223018.79851087875
LINESTRING (3103989.664 223734.644, 3103737.211 223641.579)	29	323	0	580	false	977	E:3103759.05 223649.62979177103
LINESTRING (3103737.211 223641.579, 3103705.977 223729.359)	29	323	0	581	false	977	None
LINESTRING (3103705.977 223729.359, 3103633.715 223931.72)	29	323	0	582	false	977	None
LINESTRING (3103633.715 223931.72, 3103621.597 223965.597)	29	323	0	583	false	977	None
LINESTRING (3103621.597 223965.597, 3103585.074 224067.162)	29	323	0	584	false	977	None
LINESTRING (3103585.074 224067.162, 3103572.831 224101.11)	29	323	0	585	false	977	None
LINESTRING (3103572.831 224101.11, 3103569.275 224111.399)	29	323	0	586	false	977	None
LINESTRING (3103569.275 224111.399, 3103558.265 224142.134)	29	323	0	587	false	977	None
LINESTRING (3103558.265 224142.134, 3103554.499 224152.46)	29	323	0	588	false	977	None
LINESTRING (3103554.499 224152.46, 3103538.961 224195.251)	29	323	0	589	false	977	None
LINESTRING (3103538.961 224195.251, 3103492.347 224323.623)	29	323	0	590	false	977	None
LINESTRING (3103492.347 224323.623, 3103476.809 224366.414)	29	323	0	591	false	977	None
LINESTRING (3103476.809 224366.414, 3103424.853 224344.695)	29	323	0	592	false	977	None
LINESTRING (3103424.853 224344.695, 3103409.167 224339.153)	29	323	0	593	false	977	None
LINESTRING (3103409.167 224339.153, 3103398.253 224335.203)	29	323	0	594	false	977	None
LINESTRING (3103398.253 224335.203, 3103303.003 224295.209)	29	323	0	595	false	977	None
LINESTRING (3103303.003 224295.209, 3103144.7 224230.788)	29	323	0	596	false	977	None
LINESTRING (3103144.7 224230.788, 3103126.646 224221.721)	29	323	0	597	false	977	None
LINESTRING (3103126.646 224221.721, 3103041.544 224190.737)	29	323	0	598	false	977	None
LINESTRING (3103041.544 224190.737, 3102891.288 224134.165)	29	323	0	599	false	977	None
LINESTRING (3102891.288 224134.165, 3102842.159 224117.578)	29	323	0	600	false	977	None
LINESTRING (3102842.159 224117.578, 3102618.805 224033.685)	29	323	0	601	false	977	None
LINESTRING (3102618.805 224033.685, 3102554.232 224009.392)	29	323	0	602	false	977	None
LINESTRING (3102554.232 224009.392, 3102517.363 223992.991)	29	323	0	603	false	977	None
LINESTRING (3102517.363 223992.991, 3102579.642 223869.915)	29	323	0	604	false	977	None
LINESTRING (3102579.642 223869.915, 3102569.218 223557.719)	29	323	0	605	false	977	None
LINESTRING (3102569.218 223557.719, 3102554.215 223184.201)	29	323	0	606	false	977	None
LINESTRING (3102554.215 223184.201, 3102439.115 223126.265)	29	323	0	607	false	977	None
LINESTRING (3102439.115 223126.265, 3102406.08 223109.554)	29	323	0	608	false	977	None
LINESTRING (3102406.08 223109.554, 3102312.317 223070.504)	29	323	0	609	false	977	None
LINESTRING (3102312.317 223070.504, 3102072.71 222979.929)	29	323	0	610	false	977	None
LINESTRING (3102072.71 222979.929, 3101976.448 222940.758)	29	323	0	611	false	977	None
LINESTRING (3101976.448 222940.758, 3101954.65 222932.518)	29	323	0	612	false	977	None
LINESTRING (3101954.65 222932.518, 3101941.317 222928.238)	29	323	0	613	false	977	None
LINESTRING (3101941.317 222928.238, 3101901.525 222911.791)	29	323	0	614	false	977	None
LINESTRING (3101901.525 222911.791, 3101805.633 222873.954)	29	323	0	615	false	977	None
LINESTRING (3101805.633 222873.954, 3101742.87 222847.987)	29	323	0	616	false	977	None
LINESTRING (3101742.87 222847.987, 3101712.095 222837.377)	29	323	0	617	false	977	None
LINESTRING (3101712.095 222837.377, 3101698.194 222834.068)	29	323	0	618	false	977	None
LINESTRING (3101698.194 222834.068, 3101687.2 222833.896)	29	323	0	619	false	977	None
LINESTRING (3101687.2 222833.896, 3101652.301 222837.874)	29	323	0	620	false	977	None
LINESTRING (3101652.301 222837.874, 3101627.121 222841.774)	29	323	0	621	false	977	None
LINESTRING (3101627.121 222841.774, 3101593.833 222849.462)	29	323	0	622	false	977	None
LINESTRING (3101593.833 222849.462, 3101570.73 222855.348)	29	323	0	623	false	977	None
LINESTRING (3101570.73 222855.348, 3101544.1 222867.371)	29	323	0	624	false	977	None
LINESTRING (3101544.1 222867.371, 3101521.585 222876.574)	29	323	0	625	false	977	None
LINESTRING (3101521.585 222876.574, 3101397.54 222947.913)	29	323	0	626	false	977	None
LINESTRING (3101397.54 222947.913, 3101375.209 222968.125)	29	323	0	627	false	977	None
LINESTRING (3101375.209 222968.125, 3101261.916 223024.446)	29	323	0	628	false	977	None
LINESTRING (3101261.916 223024.446, 3101205.89 223044.224)	29	323	0	629	false	977	None
LINESTRING (3101205.89 223044.224, 3101141.925 223062.505)	29	323	0	630	false	977	None
LINESTRING (3101141.925 223062.505, 3101122.174 223070.628)	29	323	0	631	false	977	None
LINESTRING (3101122.174 223070.628, 3101110.088 223077.646)	29	323	0	632	false	977	None
LINESTRING (3101110.088 223077.646, 3101102.764 223087.561)	29	323	0	633	false	977	None
LINESTRING (3101102.764 223087.561, 3101097.005 223097.48)	29	323	0	634	false	977	None
LINESTRING (3101097.005 223097.48, 3101092.093 223109.27)	29	323	0	635	false	977	None
LINESTRING (3101092.093 223109.27, 3101083.287 223138.115)	29	323	0	636	false	977	None
LINESTRING (3101083.287 223138.115, 3101075.244 223160.118)	29	323	0	637	false	977	None
LINESTRING (3101075.244 223160.118, 3101068.972 223169.841)	29	323	0	638	false	977	None
LINESTRING (3101068.972 223169.841, 3101055.461 223187.727)	29	323	0	639	false	977	None
LINESTRING (3101055.461 223187.727, 3101020.854 223226.18)	29	323	0	640	false	977	None
LINESTRING (3101020.854 223226.18, 3100996.873 223251.467)	29	323	0	641	false	977	None
LINESTRING (3100996.873 223251.467, 3100980.053 223270.581)	29	323	0	642	false	977	None
LINESTRING (3100980.053 223270.581, 3100965.275 223290.241)	29	323	0	643	false	977	None
LINESTRING (3100965.275 223290.241, 3100953.226 223309.163)	29	323	0	644	false	977	None
LINESTRING (3100953.226 223309.163, 3100925.602 223346.251)	29	323	0	645	false	977	None
LINESTRING (3100925.602 223346.251, 3100924.005 223348.373)	29	323	0	646	false	977	None
LINESTRING (3100924.005 223348.373, 3100901.185 223374.462)	29	323	0	647	false	977	None
LINESTRING (3100901.185 223374.462, 3100861.727 223411.531)	29	323	0	648	false	977	None
LINESTRING (3100861.727 223411.531, 3100851.787 223419.848)	29	323	0	649	false	977	None
LINESTRING (3100851.787 223419.848, 3100843.584 223424.907)	29	323	0	650	false	977	None
LINESTRING (3100843.584 223424.907, 3100838.15 223427.342)	29	323	0	651	false	977	None
LINESTRING (3100838.15 223427.342, 3100831.4 223427.846)	29	323	0	652	false	977	None
LINESTRING (3100831.4 223427.846, 3100756.761 223393.053)	29	323	0	653	false	977	None
LINESTRING (3100756.761 223393.053, 3100701.177 223371.865)	29	323	0	654	false	977	None
LINESTRING (3100701.177 223371.865, 3100570.382 223321.97)	29	323	0	655	false	977	None
LINESTRING (3100570.382 223321.97, 3100525.974 223305.068)	29	323	0	656	false	977	None
LINESTRING (3100525.974 223305.068, 3100524.707 223306.841)	29	323	0	657	false	977	None
LINESTRING (3100524.707 223306.841, 3100512.436 223339.113)	29	323	0	658	false	977	None
LINESTRING (3100512.436 223339.113, 3100477.344 223426.841)	29	323	0	659	false	977	None
LINESTRING (3100477.344 223426.841, 3100466.449 223451.437)	29	323	0	660	false	977	None
LINESTRING (3100466.449 223451.437, 3100439.015 223425.228)	29	323	0	661	false	977	None
LINESTRING (3100439.015 223425.228, 3100421.837 223410.559)	29	323	0	662	false	977	None
LINESTRING (3100421.837 223410.559, 3100399.902 223393.236)	29	323	0	663	false	977	None
LINESTRING (3100399.902 223393.236, 3100395.747 223387.482)	29	323	0	664	false	977	None
LINESTRING (3100395.747 223387.482, 3100358.826 223343.133)	29	323	0	665	false	977	None
LINESTRING (3100358.826 223343.133, 3100354.079 223337.39)	29	323	0	666	false	977	None
LINESTRING (3100354.079 223337.39, 3100346.552 223325.113)	29	323	0	667	false	977	None
LINESTRING (3100346.552 223325.113, 3100327.143 223293.539)	29	323	0	668	false	977	None
LINESTRING (3100327.143 223293.539, 3100309.232 223264.442)	29	323	0	669	false	977	None
LINESTRING (3100309.232 223264.442, 3100290.147 223225.383)	29	323	0	670	false	977	None
LINESTRING (3100290.147 223225.383, 3100284.229 223213.247)	29	323	0	671	false	977	None
LINESTRING (3100284.229 223213.247, 3100281.114 223206.822)	29	323	0	672	false	977	None
LINESTRING (3100281.114 223206.822, 3100245.789 223146.56)	29	323	0	673	false	977	None
LINESTRING (3100245.789 223146.56, 3100236.245 223122.691)	29	323	0	674	false	977	None
LINESTRING (3100236.245 223122.691, 3100222.207 223087.826)	29	323	0	675	false	977	None
LINESTRING (3100222.207 223087.826, 3100214.664 223040.351)	29	323	0	676	false	977	None
LINESTRING (3100214.664 223040.351, 3100209.15 223036.098)	29	323	0	677	false	977	None
LINESTRING (3100209.15 223036.098, 3100203.797 223033.215)	29	323	0	678	false	977	None
LINESTRING (3100203.797 223033.215, 3100196.516 223031.019)	29	323	0	679	false	977	None
LINESTRING (3100196.516 223031.019, 3100189.384 223029.712)	29	323	0	680	false	977	None
LINESTRING (3100189.384 223029.712, 3100156.679 223021.34)	29	323	0	681	false	977	None
LINESTRING (3100156.679 223021.34, 3100121.159 223013.673)	29	323	0	682	false	977	None
LINESTRING (3100121.159 223013.673, 3100108.494 223012.505)	29	323	0	683	false	977	None
LINESTRING (3100108.494 223012.505, 3100095.202 223016.803)	29	323	0	684	false	977	None
LINESTRING (3100095.202 223016.803, 3100083.36 223021.657)	29	323	0	685	false	977	None
LINESTRING (3100083.36 223021.657, 3100051.964 223044.342)	29	323	0	686	false	977	None
LINESTRING (3100051.964 223044.342, 3100048.895 223046.733)	29	323	0	687	false	977	None
LINESTRING (3100048.895 223046.733, 3100034.42 223057.949)	29	323	0	688	false	977	None
LINESTRING (3100034.42 223057.949, 3100006.853 223067.834)	29	323	0	689	false	977	None
LINESTRING (3100006.853 223067.834, 3099956.958 223082.36)	29	323	0	690	false	977	None
LINESTRING (3099956.958 223082.36, 3099914.22 223094.041)	29	323	0	691	false	977	None
LINESTRING (3099914.22 223094.041, 3099898.18 223096.573)	29	323	0	692	false	977	None
LINESTRING (3099898.18 223096.573, 3099874.114 223102.687)	29	323	0	693	false	977	None
LINESTRING (3099874.114 223102.687, 3099859.704 223102.754)	29	323	0	694	false	977	None
LINESTRING (3099859.704 223102.754, 3099840.429 223099.172)	29	323	0	695	false	977	None
LINESTRING (3099840.429 223099.172, 3099821.985 223089.846)	29	323	0	696	false	977	None
LINESTRING (3099821.985 223089.846, 3099801.537 223076.304)	29	323	0	697	false	977	None
LINESTRING (3099801.537 223076.304, 3099776.544 223054.957)	29	323	0	698	false	977	None
LINESTRING (3099776.544 223054.957, 3099761.659 223044.26)	29	323	0	699	false	977	None
LINESTRING (3099761.659 223044.26, 3099745.963 223029.805)	29	323	0	700	false	977	None
LINESTRING (3099745.963 223029.805, 3099731.667 223015.529)	29	323	0	701	false	977	None
LINESTRING (3099731.667 223015.529, 3099721.747 223005.665)	29	323	0	702	false	977	None
LINESTRING (3099721.747 223005.665, 3099699.25 222984.443)	29	323	0	703	false	977	None
LINESTRING (3099699.25 222984.443, 3099677.633 222968.075)	29	323	0	704	false	977	None
LINESTRING (3099677.633 222968.075, 3099657.724 222954.146)	29	323	0	705	false	977	None
LINESTRING (3099657.724 222954.146, 3099646.574 222942.384)	29	323	0	706	false	977	None
LINESTRING (3099646.574 222942.384, 3099638.397 222929.502)	29	323	0	707	false	977	None
LINESTRING (3099638.397 222929.502, 3099629.166 222906.348)	29	323	0	708	false	977	None
LINESTRING (3099629.166 222906.348, 3099617.865 222878.122)	29	323	0	709	false	977	None
LINESTRING (3099617.865 222878.122, 3099616.071 222873.868)	29	323	0	710	false	977	None
LINESTRING (3099616.071 222873.868, 3099605.134 222858.74)	29	323	0	711	false	977	None
LINESTRING (3099605.134 222858.74, 3099588.64 222842.791)	29	323	0	712	false	977	None
LINESTRING (3099588.64 222842.791, 3099560.538 222823.939)	29	323	0	713	false	977	None
LINESTRING (3099560.538 222823.939, 3099529.838 222807.778)	29	323	0	714	false	977	None
LINESTRING (3099529.838 222807.778, 3099512.958 222798.457)	29	323	0	715	false	977	None
LINESTRING (3099512.958 222798.457, 3099493.853 222788.047)	29	323	0	716	false	977	None
LINESTRING (3099493.853 222788.047, 3099470.92 222769.749)	29	323	0	717	false	977	None
LINESTRING (3099470.92 222769.749, 3099446.686 222746.674)	29	323	0	718	false	977	None
LINESTRING (3099446.686 222746.674, 3099430.114 222732.716)	29	323	0	719	false	977	None
LINESTRING (3099430.114 222732.716, 3099412.384 222721.525)	29	323	0	720	false	977	None
LINESTRING (3099412.384 222721.525, 3099376.321 222703.785)	29	323	0	721	false	977	None
LINESTRING (3099376.321 222703.785, 3099327.66 222685.975)	29	323	0	722	false	977	None
LINESTRING (3099327.66 222685.975, 3099313.453 222683.98)	29	323	0	723	false	977	None
LINESTRING (3099313.453 222683.98, 3099296.791 222683.541)	29	323	0	724	false	977	None
LINESTRING (3099296.791 222683.541, 3099281.121 222687.405)	29	323	0	725	false	977	None
LINESTRING (3099281.121 222687.405, 3099256.181 222695.802)	29	323	0	726	false	977	None
LINESTRING (3099256.181 222695.802, 3099209.484 222711.439)	29	323	0	727	false	977	None
LINESTRING (3099209.484 222711.439, 3099191.427 222716.172)	29	323	0	728	false	977	None
LINESTRING (3099191.427 222716.172, 3099175.506 222718.395)	29	323	0	729	false	977	None
LINESTRING (3099175.506 222718.395, 3099156.216 222717.663)	29	323	0	730	false	977	None
LINESTRING (3099156.216 222717.663, 3099129.678 222712.608)	29	323	0	731	false	977	None
LINESTRING (3099129.678 222712.608, 3099104.413 222707.804)	29	323	0	732	false	977	None
LINESTRING (3099104.413 222707.804, 3099078.696 222705.204)	29	323	0	733	false	977	None
LINESTRING (3099078.696 222705.204, 3099024.685 222706.983)	29	323	0	734	false	977	None
LINESTRING (3099024.685 222706.983, 3099005.126 222710.785)	29	323	0	735	false	977	None
LINESTRING (3099005.126 222710.785, 3098988.017 222712.791)	29	323	0	736	false	977	None
LINESTRING (3098988.017 222712.791, 3098957.776 222713.57)	29	323	0	737	false	977	None
LINESTRING (3098957.776 222713.57, 3098924.591 222709.775)	29	323	0	738	false	977	None
LINESTRING (3098924.591 222709.775, 3098905.788 222706.495)	29	323	0	739	false	977	None
LINESTRING (3098905.788 222706.495, 3098863.965 222696.895)	29	323	0	740	false	977	None
LINESTRING (3098863.965 222696.895, 3098832.869 222695.564)	29	323	0	741	false	977	None
LINESTRING (3098832.869 222695.564, 3098796.223 222700.548)	29	323	0	742	false	977	None
LINESTRING (3098796.223 222700.548, 3098753.301 222713.234)	29	323	0	743	false	977	None
LINESTRING (3098753.301 222713.234, 3098696.552 222729.064)	29	323	0	744	false	977	None
LINESTRING (3098696.552 222729.064, 3098679.143 222727.508)	29	323	0	745	false	977	None
LINESTRING (3098679.143 222727.508, 3098676.22 222727.221)	29	323	0	746	false	977	None
LINESTRING (3098676.22 222727.221, 3098660.78 222719.761)	29	323	0	747	false	977	None
LINESTRING (3098660.78 222719.761, 3098637.759 222699.65)	29	323	0	748	false	977	None
LINESTRING (3098637.759 222699.65, 3098606.68 222668.13)	29	323	0	749	false	977	None
LINESTRING (3098606.68 222668.13, 3098586.503 222643.402)	29	323	0	750	false	977	None
LINESTRING (3098586.503 222643.402, 3098563.077 222610.297)	29	323	0	751	false	977	None
LINESTRING (3098563.077 222610.297, 3098549.53 222597.381)	29	323	0	752	false	977	None
LINESTRING (3098549.53 222597.381, 3098538.896 222591.168)	29	323	0	753	false	977	None
LINESTRING (3098538.896 222591.168, 3098526.499 222585.469)	29	323	0	754	false	977	None
LINESTRING (3098526.499 222585.469, 3098511.35 222579.548)	29	323	0	755	false	977	None
LINESTRING (3098511.35 222579.548, 3098477.922 222571.025)	29	323	0	756	false	977	None
LINESTRING (3098477.922 222571.025, 3098467.263 222568.964)	29	323	0	757	false	977	None
LINESTRING (3098467.263 222568.964, 3098396.642 222558.679)	29	323	0	758	false	977	None
LINESTRING (3098396.642 222558.679, 3098377.926 222557.217)	29	323	0	759	false	977	None
LINESTRING (3098377.926 222557.217, 3098367.997 222557.338)	29	323	0	760	false	977	None
LINESTRING (3098367.997 222557.338, 3098353.1 222559.954)	29	323	0	761	false	977	None
LINESTRING (3098353.1 222559.954, 3098320.684 222568.462)	29	323	0	762	false	977	None
LINESTRING (3098320.684 222568.462, 3098297.322 222579.131)	29	323	0	763	false	977	None
LINESTRING (3098297.322 222579.131, 3098275.731 222591.309)	29	323	0	764	false	977	None
LINESTRING (3098275.731 222591.309, 3098264.15 222599.832)	29	323	0	765	false	977	None
LINESTRING (3098264.15 222599.832, 3098253.65 222609.363)	29	323	0	766	false	977	None
LINESTRING (3098253.65 222609.363, 3098240.149 222625.71)	29	323	0	767	false	977	None
LINESTRING (3098240.149 222625.71, 3098230.938 222637.756)	29	323	0	768	false	977	None
LINESTRING (3098230.938 222637.756, 3098205.668 222673.847)	29	323	0	769	false	977	None
LINESTRING (3098205.668 222673.847, 3098197.05 222682.554)	29	323	0	770	false	977	None
LINESTRING (3098197.05 222682.554, 3098185.602 222693.03)	29	323	0	771	false	977	None
LINESTRING (3098185.602 222693.03, 3098174.726 222700.99)	29	323	0	772	false	977	None
LINESTRING (3098174.726 222700.99, 3098166.69 222705.878)	29	323	0	773	false	977	None
LINESTRING (3098166.69 222705.878, 3098142.693 222723.317)	29	323	0	774	false	977	None
LINESTRING (3098142.693 222723.317, 3098126.626 222738.444)	29	323	0	775	false	977	None
LINESTRING (3098126.626 222738.444, 3098118.237 222747.832)	29	323	0	776	false	977	None
LINESTRING (3098118.237 222747.832, 3098110.319 222757.52)	29	323	0	777	false	977	None
LINESTRING (3098110.319 222757.52, 3098099.099 222773.789)	29	323	0	778	false	977	None
LINESTRING (3098099.099 222773.789, 3098091.9 222785.179)	29	323	0	779	false	977	None
LINESTRING (3098091.9 222785.179, 3098085.266 222798.925)	29	323	0	780	false	977	None
LINESTRING (3098085.266 222798.925, 3098056.838 222873.157)	29	323	0	781	false	977	None
LINESTRING (3098056.838 222873.157, 3098035.751 222917.745)	29	323	0	782	false	977	None
LINESTRING (3098035.751 222917.745, 3098028.472 222934.454)	29	323	0	783	false	977	None
LINESTRING (3098028.472 222934.454, 3098023.126 222945.602)	29	323	0	784	false	977	None
LINESTRING (3098023.126 222945.602, 3098018.17 222953.69)	29	323	0	785	false	977	None
LINESTRING (3098018.17 222953.69, 3098007.527 222967.684)	29	323	0	786	false	977	None
LINESTRING (3098007.527 222967.684, 3098001.593 222975.517)	29	323	0	787	false	977	None
LINESTRING (3098001.593 222975.517, 3097983.194 222995.457)	29	323	0	788	false	977	None
LINESTRING (3097983.194 222995.457, 3097965.103 223015.871)	29	323	0	789	false	977	None
LINESTRING (3097965.103 223015.871, 3097942.56 223047.657)	29	323	0	790	false	977	None
LINESTRING (3097942.56 223047.657, 3097901.245 223113.387)	29	323	0	791	false	977	None
LINESTRING (3097901.245 223113.387, 3097875.755 223155.933)	29	323	0	792	false	977	None
LINESTRING (3097875.755 223155.933, 3097873.508 223160.779)	29	323	0	793	false	977	None
LINESTRING (3097873.508 223160.779, 3097865.149 223178.263)	29	323	0	794	false	977	None
LINESTRING (3097865.149 223178.263, 3097854.11 223210.413)	29	323	0	795	false	977	None
LINESTRING (3097854.11 223210.413, 3097843.543 223249.758)	29	323	0	796	false	977	None
LINESTRING (3097843.543 223249.758, 3097840.41 223261.516)	29	323	0	797	false	977	None
LINESTRING (3097840.41 223261.516, 3097828.791 223294.157)	29	323	0	798	false	977	None
LINESTRING (3097828.791 223294.157, 3097791.877 223389.272)	29	323	0	799	false	977	None
LINESTRING (3097791.877 223389.272, 3097775.088 223426.471)	29	323	0	800	false	977	None
LINESTRING (3097775.088 223426.471, 3097761.681 223444.876)	29	323	0	801	false	977	None
LINESTRING (3097761.681 223444.876, 3097704.784 223500.716)	29	323	0	802	false	977	None
LINESTRING (3097704.784 223500.716, 3097674.353 223543.391)	29	323	0	803	false	977	None
LINESTRING (3097674.353 223543.391, 3097664.263 223557.478)	29	323	0	804	false	977	None
LINESTRING (3097664.263 223557.478, 3097634.218 223610.643)	29	323	0	805	false	977	None
LINESTRING (3097634.218 223610.643, 3097612.635 223647.077)	29	323	0	806	false	977	None
LINESTRING (3097612.635 223647.077, 3097607.804 223655.094)	29	323	0	807	false	977	None
LINESTRING (3097607.804 223655.094, 3097593.248 223678.289)	29	323	0	808	false	977	None
LINESTRING (3097593.248 223678.289, 3097575.06 223703.303)	29	323	0	809	false	977	None
LINESTRING (3097575.06 223703.303, 3097536.082 223796.915)	29	323	0	810	false	977	None
LINESTRING (3097536.082 223796.915, 3097532.327 223805.7)	29	323	0	811	false	977	None
LINESTRING (3097532.327 223805.7, 3097511.33 223865.897)	29	323	0	812	false	977	None
LINESTRING (3097511.33 223865.897, 3097510.297 223868.593)	29	323	0	813	false	977	None
LINESTRING (3097510.297 223868.593, 3097497.025 223902.741)	29	323	0	814	false	977	None
LINESTRING (3097497.025 223902.741, 3097479.558 223962.15)	29	323	0	815	false	977	None
LINESTRING (3097479.558 223962.15, 3097465.911 224008.518)	29	323	0	816	false	977	None
LINESTRING (3097465.911 224008.518, 3097448.489 224068.063)	29	323	0	817	false	977	None
LINESTRING (3097448.489 224068.063, 3097412.634 224187.241)	29	323	0	818	false	977	None
LINESTRING (3097412.634 224187.241, 3097400.6 224227.094)	29	323	0	819	false	977	None
LINESTRING (3097400.6 224227.094, 3097367.711 224344.912)	29	323	0	820	false	977	None
LINESTRING (3097367.711 224344.912, 3097348.83 224437.898)	29	323	0	821	false	977	None
LINESTRING (3097348.83 224437.898, 3097329.076 224502.257)	29	323	0	822	false	977	None
LINESTRING (3097329.076 224502.257, 3097348.459 224510.393)	29	323	0	823	false	977	None
LINESTRING (3097348.459 224510.393, 3097349.744 224523.13)	29	323	0	824	false	977	None
LINESTRING (3097349.744 224523.13, 3097354.139 224535.155)	29	323	0	825	false	977	None
LINESTRING (3097354.139 224535.155, 3097358.102 224548.561)	29	323	0	826	false	977	None
LINESTRING (3097358.102 224548.561, 3097362.092 224559.6)	29	323	0	827	false	977	None
LINESTRING (3097362.092 224559.6, 3097368.508 224574.777)	29	323	0	828	false	977	None
LINESTRING (3097368.508 224574.777, 3097374.203 224598.475)	29	323	0	829	false	977	None
LINESTRING (3097374.203 224598.475, 3097376.579 224622.924)	29	323	0	830	false	977	None
LINESTRING (3097376.579 224622.924, 3097375.401 224659.207)	29	323	0	831	false	977	None
LINESTRING (3097375.401 224659.207, 3097374.852 224693.591)	29	323	0	832	false	977	None
LINESTRING (3097374.852 224693.591, 3097368.441 224792.068)	29	323	0	833	false	977	None
LINESTRING (3097368.441 224792.068, 3097365.35 224838.199)	29	323	0	834	false	977	None
LINESTRING (3097365.35 224838.199, 3097359.89 224873.912)	29	323	0	835	false	977	None
LINESTRING (3097359.89 224873.912, 3097342.193 224939.534)	29	323	0	836	false	977	None
LINESTRING (3097342.193 224939.534, 3097331.779 224980.008)	29	323	0	837	false	977	None
LINESTRING (3097331.779 224980.008, 3097282.069 225116.707)	29	323	0	838	false	977	N:3097307.564561855 225046.596
LINESTRING (3103765.243 219893.331, 3103155.079 221491.431)	29	324	0	939	false	1221	E:3103759.05 219909.55128389082
LINESTRING (3103155.079 221491.431, 3103124.309 221387.364)	29	324	0	940	false	1221	None
LINESTRING (3103124.309 221387.364, 3103110.487 221279.691)	29	324	0	941	false	1221	None
LINESTRING (3103110.487 221279.691, 3103104.991 221251.901)	29	324	0	942	false	1221	None
LINESTRING (3103104.991 221251.901, 3103099.755 221229.562)	29	324	0	943	false	1221	None
LINESTRING (3103099.755 221229.562, 3103092.498 221212.748)	29	324	0	944	false	1221	None
LINESTRING (3103092.498 221212.748, 3103084.668 221200.234)	29	324	0	945	false	1221	None
LINESTRING (3103084.668 221200.234, 3103076.407 221189.1)	29	324	0	946	false	1221	None
LINESTRING (3103076.407 221189.1, 3103069.691 221182.362)	29	324	0	947	false	1221	None
LINESTRING (3103069.691 221182.362, 3103056.954 221173.198)	29	324	0	948	false	1221	None
LINESTRING (3103056.954 221173.198, 3103036.648 221156.968)	29	324	0	949	false	1221	None
LINESTRING (3103036.648 221156.968, 3103011.916 221141.301)	29	324	0	950	false	1221	None
LINESTRING (3103011.916 221141.301, 3102990.275 221129.317)	29	324	0	951	false	1221	None
LINESTRING (3102990.275 221129.317, 3102967.203 221119.28)	29	324	0	952	false	1221	None
LINESTRING (3102967.203 221119.28, 3102939.852 221108.91)	29	324	0	953	false	1221	None
LINESTRING (3102939.852 221108.91, 3102913.877 221097.761)	29	324	0	954	false	1221	None
LINESTRING (3102913.877 221097.761, 3102900.681 221090.56)	29	324	0	955	false	1221	None
LINESTRING (3102900.681 221090.56, 3102865.981 221071.784)	29	324	0	956	false	1221	None
LINESTRING (3102865.981 221071.784, 3102837.163 221053.243)	29	324	0	957	false	1221	None
LINESTRING (3102837.163 221053.243, 3102787.852 220997.001)	29	324	0	958	false	1221	None
LINESTRING (3102787.852 220997.001, 3102725.677 220921.202)	29	324	0	959	false	1221	None
LINESTRING (3102725.677 220921.202, 3102636.574 220824.736)	29	324	0	960	false	1221	None
LINESTRING (3102636.574 220824.736, 3102622.059 220812.037)	29	324	0	961	false	1221	None
LINESTRING (3102622.059 220812.037, 3102608.32 220801.656)	29	324	0	962	false	1221	None
LINESTRING (3102608.32 220801.656, 3102561.12 220774.88)	29	324	0	963	false	1221	None
LINESTRING (3102561.12 220774.88, 3102527.166 220759.008)	29	324	0	964	false	1221	None
LINESTRING (3102527.166 220759.008, 3102487.251 220736.214)	29	324	0	965	false	1221	None
LINESTRING (3102487.251 220736.214, 3102379.788 220679.2)	29	324	0	966	false	1221	None
LINESTRING (3102379.788 220679.2, 3102359.56 220671.445)	29	324	0	967	false	1221	None
LINESTRING (3102359.56 220671.445, 3102287.77 220624.543)	29	324	0	968	false	1221	None
LINESTRING (3102287.77 220624.543, 3102263.482 220604.65)	29	324	0	969	false	1221	None
LINESTRING (3102263.482 220604.65, 3102228.013 220573.575)	29	324	0	970	false	1221	None
LINESTRING (3102228.013 220573.575, 3102121.374 220482.997)	29	324	0	971	false	1221	None
LINESTRING (3102121.374 220482.997, 3102098.607 220466.542)	29	324	0	972	false	1221	None
LINESTRING (3102098.607 220466.542, 3102055.22 220436.713)	29	324	0	973	false	1221	None
LINESTRING (3102055.22 220436.713, 3101996.021 220403.439)	29	324	0	974	false	1221	None
LINESTRING (3101996.021 220403.439, 3101962.242 220374.083)	29	324	0	975	false	1221	None
LINESTRING (3101962.242 220374.083, 3101938.255 220347.53)	29	324	0	976	false	1221	None
LINESTRING (3101938.255 220347.53, 3101911.309 220321.032)	29	324	0	977	false	1221	None
LINESTRING (3101911.309 220321.032, 3101904.049 220312.9)	29	324	0	978	false	1221	None
LINESTRING (3101904.049 220312.9, 3101887.822 220294.196)	29	324	0	979	false	1221	None
LINESTRING (3101887.822 220294.196, 3101857.463 220268.174)	29	324	0	980	false	1221	None
LINESTRING (3101857.463 220268.174, 3101839.554 220253.344)	29	324	0	981	false	1221	None
LINESTRING (3101839.554 220253.344, 3101788.882 220228.214)	29	324	0	982	false	1221	None
LINESTRING (3101788.882 220228.214, 3101643.459 220180.323)	29	324	0	983	false	1221	None
LINESTRING (3101643.459 220180.323, 3101605.579 220166.518)	29	324	0	984	false	1221	None
LINESTRING (3101605.579 220166.518, 3101517.236 220134.443)	29	324	0	985	false	1221	None
LINESTRING (3101517.236 220134.443, 3101500.875 220127.578)	29	324	0	986	false	1221	None
LINESTRING (3101500.875 220127.578, 3101319.131 220062.325)	29	324	0	987	false	1221	None
LINESTRING (3101319.131 220062.325, 3101145.127 219997.309)	29	324	0	988	false	1221	None
LINESTRING (3101145.127 219997.309, 3101015.575 219946.833)	29	324	0	989	false	1221	None
LINESTRING (3101015.575 219946.833, 3101015.64 219944.361)	29	324	0	990	false	1221	None
LINESTRING (3101015.64 219944.361, 3100925.544 219913.286)	29	324	0	991	false	1221	None
LINESTRING (3100925.544 219913.286, 3100900.207 219900.724)	29	324	0	992	false	1221	None
LINESTRING (3100900.207 219900.724, 3100816.711 219883.593)	29	324	0	993	false	1221	None
LINESTRING (3100816.711 219883.593, 3100548.131 219840.844)	29	324	0	994	false	1221	None
LINESTRING (3100548.131 219840.844, 3100501.454 219832.115)	29	324	0	995	false	1221	None
LINESTRING (3100501.454 219832.115, 3100437.791 219828.886)	29	324	0	996	false	1221	None
LINESTRING (3100437.791 219828.886, 3100394.865 219828.253)	29	324	0	997	false	1221	None
LINESTRING (3100394.865 219828.253, 3100291.244 219823.032)	29	324	0	998	false	1221	None
LINESTRING (3100291.244 219823.032, 3100246.489 219813.376)	29	324	0	999	false	1221	None
LINESTRING (3100246.489 219813.376, 3100224.053 219801.928)	29	324	0	1000	false	1221	None
LINESTRING (3100224.053 219801.928, 3100198.847 219784.426)	29	324	0	1001	false	1221	None
LINESTRING (3100198.847 219784.426, 3100160.891 219743.733)	29	324	0	1002	false	1221	None
LINESTRING (3100160.891 219743.733, 3100219.84 219710.203)	29	324	0	1003	false	1221	None
LINESTRING (3100219.84 219710.203, 3100237.989 219662.826)	29	324	0	1004	false	1221	None
LINESTRING (3100237.989 219662.826, 3100233.67 219595.906)	29	324	0	1005	false	1221	None
LINESTRING (3100233.67 219595.906, 3100257.171 219520.503)	29	324	0	1006	false	1221	None
LINESTRING (3100257.171 219520.503, 3100292.27 219471.298)	29	324	0	1007	false	1221	None
LINESTRING (3100292.27 219471.298, 3100363.419 219406.183)	29	324	0	1008	false	1221	None
LINESTRING (3100363.419 219406.183, 3100394.107 219404.268)	29	324	0	1009	false	1221	None
LINESTRING (3100394.107 219404.268, 3100450.3 219442.081)	29	324	0	1010	false	1221	None
LINESTRING (3100450.3 219442.081, 3100470.432 219425.304)	29	324	0	1011	false	1221	None
LINESTRING (3100470.432 219425.304, 3100563.553 219316.894)	29	324	0	1012	false	1221	None
LINESTRING (3100563.553 219316.894, 3100586.593 219306.58)	29	324	0	1013	false	1221	None
LINESTRING (3100586.593 219306.58, 3100688.41 219310.398)	29	324	0	1014	false	1221	None
LINESTRING (3100688.41 219310.398, 3100823.078 219334.768)	29	324	0	1015	false	1221	None
LINESTRING (3100823.078 219334.768, 3100959.337 219397.912)	29	324	0	1016	false	1221	None
LINESTRING (3100959.337 219397.912, 3100988.988 219398.454)	29	324	0	1017	false	1221	None
LINESTRING (3100988.988 219398.454, 3101128.027 219361.853)	29	324	0	1018	false	1221	None
LINESTRING (3101128.027 219361.853, 3101198.522 219312.778)	29	324	0	1019	false	1221	None
LINESTRING (3101198.522 219312.778, 3101265.695 219194.192)	29	324	0	1020	false	1221	None
LINESTRING (3101265.695 219194.192, 3101261.776 219119.338)	29	324	0	1021	false	1221	None
LINESTRING (3101261.776 219119.338, 3101222.396 219101.515)	29	324	0	1022	false	1221	None
LINESTRING (3101222.396 219101.515, 3101212.174 219113.885)	29	324	0	1023	false	1221	None
LINESTRING (3101212.174 219113.885, 3101164.991 219144.786)	29	324	0	1024	false	1221	None
LINESTRING (3101164.991 219144.786, 3101136.777 219147.647)	29	324	0	1025	false	1221	None
LINESTRING (3101136.777 219147.647, 3101101.139 219134.111)	29	324	0	1026	false	1221	None
LINESTRING (3101101.139 219134.111, 3101084.325 219114.116)	29	324	0	1027	false	1221	None
LINESTRING (3101084.325 219114.116, 3101106.917 219041.099)	29	324	0	1028	false	1221	None
LINESTRING (3101106.917 219041.099, 3101093.924 219025.184)	29	324	0	1029	false	1221	None
LINESTRING (3101093.924 219025.184, 3101091.154 218996.898)	29	324	0	1030	false	1221	None
LINESTRING (3101091.154 218996.898, 3101060.869 218955.336)	29	324	0	1031	false	1221	None
LINESTRING (3101060.869 218955.336, 3101059.225 218938.419)	29	324	0	1032	false	1221	None
LINESTRING (3101059.225 218938.419, 3101035.927 218921.29)	29	324	0	1033	false	1221	None
LINESTRING (3101035.927 218921.29, 3101009.171 218870.262)	29	324	0	1034	false	1221	None
LINESTRING (3101009.171 218870.262, 3100977.097 218833.365)	29	324	0	1035	false	1221	None
LINESTRING (3100977.097 218833.365, 3100930.027 218807.247)	29	324	0	1036	false	1221	None
LINESTRING (3100930.027 218807.247, 3100896.157 218810.558)	29	324	0	1037	false	1221	None
LINESTRING (3100896.157 218810.558, 3100842.803 218836.362)	29	324	0	1038	false	1221	None
LINESTRING (3100842.803 218836.362, 3100808.894 218839.777)	29	324	0	1039	false	1221	None
LINESTRING (3100808.894 218839.777, 3100743.739 218803.879)	29	324	0	1040	false	1221	None
LINESTRING (3100743.739 218803.879, 3100504.193 218818.155)	29	324	0	1041	false	1221	None
LINESTRING (3100504.193 218818.155, 3100471.633 218811.15)	29	324	0	1042	false	1221	None
LINESTRING (3100471.633 218811.15, 3100467.583 218801.277)	29	324	0	1043	false	1221	None
LINESTRING (3100467.583 218801.277, 3100436.712 218710.635)	29	324	0	1044	false	1221	None
LINESTRING (3100436.712 218710.635, 3100390.244 218690.101)	29	324	0	1045	false	1221	None
LINESTRING (3100390.244 218690.101, 3100373.896 218697.51)	29	324	0	1046	false	1221	None
LINESTRING (3100373.896 218697.51, 3100319.597 218690.264)	29	324	0	1047	false	1221	None
LINESTRING (3100319.597 218690.264, 3100253.065 218629.591)	29	324	0	1048	false	1221	None
LINESTRING (3100253.065 218629.591, 3100115.903 218626.033)	29	324	0	1049	false	1221	None
LINESTRING (3100115.903 218626.033, 3100111.556 218616.166)	29	324	0	1050	false	1221	None
LINESTRING (3100111.556 218616.166, 3100120.085 218586.741)	29	324	0	1051	false	1221	None
LINESTRING (3100120.085 218586.741, 3100171.791 218544.016)	29	324	0	1052	false	1221	None
LINESTRING (3100171.791 218544.016, 3100185.101 218516.422)	29	324	0	1053	false	1221	None
LINESTRING (3100185.101 218516.422, 3100305.043 218529.671)	29	324	0	1054	false	1221	None
LINESTRING (3100305.043 218529.671, 3100433.527 218478.195)	29	324	0	1055	false	1221	None
LINESTRING (3100433.527 218478.195, 3100513.523 218467.943)	29	324	0	1056	false	1221	None
LINESTRING (3100513.523 218467.943, 3100554.215 218475.446)	29	324	0	1057	false	1221	None
LINESTRING (3100554.215 218475.446, 3100565.264 218460.658)	29	324	0	1058	false	1221	None
LINESTRING (3100565.264 218460.658, 3100606.441 218438.271)	29	324	0	1059	false	1221	None
LINESTRING (3100606.441 218438.271, 3100631.619 218415.224)	29	324	0	1060	false	1221	None
LINESTRING (3100631.619 218415.224, 3100655.98 218372.843)	29	324	0	1061	false	1221	None
LINESTRING (3100655.98 218372.843, 3100661.951 218328.886)	29	324	0	1062	false	1221	None
LINESTRING (3100661.951 218328.886, 3100622.003 218305.381)	29	324	0	1063	false	1221	None
LINESTRING (3100622.003 218305.381, 3100565.526 218310.97)	29	324	0	1064	false	1221	None
LINESTRING (3100565.526 218310.97, 3100459.369 218275.776)	29	324	0	1065	false	1221	None
LINESTRING (3100459.369 218275.776, 3100382.188 218150.874)	29	324	0	1066	false	1221	None
LINESTRING (3100382.188 218150.874, 3100355.125 218072.51)	29	324	0	1067	false	1221	None
LINESTRING (3100355.125 218072.51, 3100372.193 217978.358)	29	324	0	1068	false	1221	None
LINESTRING (3100372.193 217978.358, 3100341.659 217852.304)	29	324	0	1069	false	1221	None
LINESTRING (3100341.659 217852.304, 3100349.212 217719.083)	29	324	0	1070	false	1221	None
LINESTRING (3100349.212 217719.083, 3100380.285 217581.2)	29	324	0	1071	false	1221	None
LINESTRING (3100380.285 217581.2, 3100345.838 217451.033)	29	324	0	1072	false	1221	None
LINESTRING (3100345.838 217451.033, 3100356.854 217333.048)	29	324	0	1073	false	1221	None
LINESTRING (3100356.854 217333.048, 3100364.223 217253.728)	29	324	0	1074	false	1221	None
LINESTRING (3100364.223 217253.728, 3100359.514 217222.562)	29	324	0	1075	false	1221	None
LINESTRING (3100359.514 217222.562, 3100319.898 217205.845)	29	324	0	1076	false	1221	None
LINESTRING (3100319.898 217205.845, 3100254.278 217179.05)	29	324	0	1077	false	1221	S:3100307.6629740624 217200.849
LINESTRING (3100160.619 217189.425, 3099988.388 217248.764)	29	324	0	1080	false	1221	S:3100127.460926153 217200.849
LINESTRING (3099988.388 217248.764, 3099930.429 217251.058)	29	324	0	1081	false	1221	None
LINESTRING (3099930.429 217251.058, 3099872.688 217231.563)	29	324	0	1082	false	1221	None
LINESTRING (3099872.688 217231.563, 3099832.477 217194.412)	29	324	0	1083	false	1221	S:3099839.4441935346 217200.849
