LINESTRING (3173911.761 256392.798, 3173930.371 256437.002)	11	338	0	534	false	1665	S:3173927.2480025333 256429.584
LINESTRING (3173930.371 256437.002, 3173938.564 256459.561)	11	338	0	535	false	1665	None
LINESTRING (3173938.564 256459.561, 3173945.965 256485.626)	11	338	0	536	false	1665	None
LINESTRING (3173945.965 256485.626, 3173952.02 256512.115)	11	338	0	537	false	1665	None
LINESTRING (3173952.02 256512.115, 3173957.277 256538.887)	11	338	0	538	false	1665	None
LINESTRING (3173957.277 256538.887, 3173962.651 256573.581)	11	338	0	539	false	1665	None
LINESTRING (3173962.651 256573.581, 3173981.388 256736.804)	11	338	0	540	false	1665	None
LINESTRING (3173981.388 256736.804, 3173982.76 256749.516)	11	338	0	541	false	1665	None
LINESTRING (3173982.76 256749.516, 3173983.351 256766.454)	11	338	0	542	false	1665	None
LINESTRING (3173983.351 256766.454, 3173982.902 256776.063)	11	338	0	543	false	1665	None
LINESTRING (3173982.902 256776.063, 3173980.273 256795.193)	11	338	0	544	false	1665	None
LINESTRING (3173980.273 256795.193, 3173976.931 256806.167)	11	338	0	545	false	1665	None
LINESTRING (3173976.931 256806.167, 3173972.229 256816.605)	11	338	0	546	false	1665	None
LINESTRING (3173972.229 256816.605, 3173967.03 256824.819)	11	338	0	547	false	1665	None
LINESTRING (3173967.03 256824.819, 3173960.808 256832.391)	11	338	0	548	false	1665	None
LINESTRING (3173960.808 256832.391, 3173954.072 256839.522)	11	338	0	549	false	1665	None
LINESTRING (3173954.072 256839.522, 3173943.976 256847.954)	11	338	0	550	false	1665	None
LINESTRING (3173943.976 256847.954, 3173941.962 256848.831)	11	338	0	551	false	1665	None
LINESTRING (3173941.962 256848.831, 3173937.781 256851.719)	11	338	0	552	false	1665	None
LINESTRING (3173937.781 256851.719, 3173933.93 256854.02)	11	338	0	553	false	1665	None
LINESTRING (3173933.93 256854.02, 3173909.691 256868.455)	11	338	0	554	false	1665	None
LINESTRING (3173909.691 256868.455, 3173909.147 256868.837)	11	338	0	555	false	1665	None
LINESTRING (3173909.147 256868.837, 3173900.993 256874.336)	11	338	0	556	false	1665	None
LINESTRING (3173900.993 256874.336, 3173857.633 256903.67)	11	338	0	557	false	1665	None
LINESTRING (3173857.633 256903.67, 3173831.519 256919.873)	11	338	0	558	false	1665	None
LINESTRING (3173831.519 256919.873, 3173817.625 256928.48)	11	338	0	559	false	1665	None
LINESTRING (3173817.625 256928.48, 3173776.755 256951.994)	11	338	0	560	false	1665	None
LINESTRING (3173776.755 256951.994, 3173734.772 256974.593)	11	338	0	561	false	1665	None
LINESTRING (3173734.772 256974.593, 3173692.269 256996.272)	11	338	0	562	false	1665	None
LINESTRING (3173692.269 256996.272, 3173615.045 257034.58)	11	338	0	563	false	1665	None
LINESTRING (3173615.045 257034.58, 3173578.737 257052.494)	11	338	0	564	false	1665	None
LINESTRING (3173578.737 257052.494, 3173545.244 257072.234)	11	338	0	565	false	1665	None
LINESTRING (3173545.244 257072.234, 3173543.111 257073.661)	11	338	0	566	false	1665	None
LINESTRING (3173543.111 257073.661, 3173534.791 257079.333)	11	338	0	567	false	1665	None
LINESTRING (3173534.791 257079.333, 3173533.79 257080.131)	11	338	0	568	false	1665	None
LINESTRING (3173533.79 257080.131, 3173524.981 257087.043)	11	338	0	569	false	1665	None
LINESTRING (3173524.981 257087.043, 3173508.472 257104.285)	11	338	0	570	false	1665	None
LINESTRING (3173508.472 257104.285, 3173507.514 257105.22)	11	338	0	571	false	1665	None
LINESTRING (3173507.514 257105.22, 3173500.797 257113.552)	11	338	0	572	false	1665	None
LINESTRING (3173500.797 257113.552, 3173496.579 257116.783)	11	338	0	573	false	1665	None
LINESTRING (3173496.579 257116.783, 3173483.846 257126.682)	11	338	0	574	false	1665	None
LINESTRING (3173483.846 257126.682, 3173479.503 257129.983)	11	338	0	575	false	1665	None
LINESTRING (3173479.503 257129.983, 3173468.375 257151.254)	11	338	0	576	false	1665	None
LINESTRING (3173468.375 257151.254, 3173446.77 257192.144)	11	338	0	577	false	1665	None
LINESTRING (3173446.77 257192.144, 3173435.075 257215.101)	11	338	0	578	false	1665	None
LINESTRING (3173435.075 257215.101, 3173423.992 257236.509)	11	338	0	579	false	1665	None
LINESTRING (3173423.992 257236.509, 3173420.568 257241.962)	11	338	0	580	false	1665	None
LINESTRING (3173420.568 257241.962, 3173417.968 257246.069)	11	338	0	581	false	1665	None
LINESTRING (3173417.968 257246.069, 3173414.817 257252.822)	11	338	0	582	false	1665	None
LINESTRING (3173414.817 257252.822, 3173411.873 257259.299)	11	338	0	583	false	1665	None
LINESTRING (3173411.873 257259.299, 3173409.705 257264.054)	11	338	0	584	false	1665	None
LINESTRING (3173409.705 257264.054, 3173409.217 257265.293)	11	338	0	585	false	1665	None
LINESTRING (3173409.217 257265.293, 3173407.556 257270.009)	11	338	0	586	false	1665	None
LINESTRING (3173407.556 257270.009, 3173405.284 257276.273)	11	338	0	587	false	1665	None
LINESTRING (3173405.284 257276.273, 3173402.915 257284.528)	11	338	0	588	false	1665	None
LINESTRING (3173402.915 257284.528, 3173401.383 257289.414)	11	338	0	589	false	1665	None
LINESTRING (3173401.383 257289.414, 3173399.735 257289.361)	11	338	0	590	false	1665	None
LINESTRING (3173399.735 257289.361, 3173394.792 257289.204)	11	338	0	591	false	1665	None
LINESTRING (3173394.792 257289.204, 3173393.018 257289.221)	11	338	0	592	false	1665	None
LINESTRING (3173393.018 257289.221, 3173383.597 257288.97)	11	338	0	593	false	1665	None
LINESTRING (3173383.597 257288.97, 3173377.811 257288.958)	11	338	0	594	false	1665	None
LINESTRING (3173377.811 257288.958, 3173350.659 257292.103)	11	338	0	595	false	1665	None
LINESTRING (3173350.659 257292.103, 3173349.015 257292.291)	11	338	0	596	false	1665	None
LINESTRING (3173349.015 257292.291, 3173331.234 257295.071)	11	338	0	597	false	1665	None
LINESTRING (3173331.234 257295.071, 3173317.212 257295.036)	11	338	0	598	false	1665	None
LINESTRING (3173317.212 257295.036, 3173306.086 257290.892)	11	338	0	599	false	1665	None
LINESTRING (3173306.086 257290.892, 3173293.67 257285.285)	11	338	0	600	false	1665	None
LINESTRING (3173293.67 257285.285, 3173282.893 257276.266)	11	338	0	601	false	1665	None
LINESTRING (3173282.893 257276.266, 3173267.946 257262.384)	11	338	0	602	false	1665	None
LINESTRING (3173267.946 257262.384, 3173245.208 257238.63)	11	338	0	603	false	1665	None
LINESTRING (3173245.208 257238.63, 3173236.888 257230.102)	11	338	0	604	false	1665	None
LINESTRING (3173236.888 257230.102, 3173225.296 257217.422)	11	338	0	605	false	1665	None
LINESTRING (3173225.296 257217.422, 3173217.316 257206.284)	11	338	0	606	false	1665	None
LINESTRING (3173217.316 257206.284, 3173147.688 257244.008)	11	338	0	607	false	1665	None
LINESTRING (3173147.688 257244.008, 3173147.186 257244.287)	11	338	0	608	false	1665	None
LINESTRING (3173147.186 257244.287, 3173120.436 257260.121)	11	338	0	609	false	1665	None
LINESTRING (3173120.436 257260.121, 3173083.541 257281.027)	11	338	0	610	false	1665	None
LINESTRING (3173083.541 257281.027, 3173066.592 257291.414)	11	338	0	611	false	1665	None
LINESTRING (3173066.592 257291.414, 3173048.497 257304.214)	11	338	0	612	false	1665	None
LINESTRING (3173048.497 257304.214, 3173033.564 257316.708)	11	338	0	613	false	1665	None
LINESTRING (3173033.564 257316.708, 3173001.538 257341.202)	11	338	0	614	false	1665	None
LINESTRING (3173001.538 257341.202, 3172957.005 257373.777)	11	338	0	615	false	1665	None
LINESTRING (3172957.005 257373.777, 3172947.776 257380.762)	11	338	0	616	false	1665	None
LINESTRING (3172947.776 257380.762, 3172908.266 257410.304)	11	338	0	617	false	1665	None
LINESTRING (3172908.266 257410.304, 3172882.72 257430.311)	11	338	0	618	false	1665	None
LINESTRING (3172882.72 257430.311, 3172852.582 257453.999)	11	338	0	619	false	1665	None
LINESTRING (3172852.582 257453.999, 3172833.15 257467.704)	11	338	0	620	false	1665	None
LINESTRING (3172833.15 257467.704, 3172795.833 257494.172)	11	338	0	621	false	1665	None
LINESTRING (3172795.833 257494.172, 3172748.289 257528.664)	11	338	0	622	false	1665	None
LINESTRING (3172748.289 257528.664, 3172683.057 257577.668)	11	338	0	623	false	1665	None
LINESTRING (3172683.057 257577.668, 3172672.742 257585.418)	11	338	0	624	false	1665	None
LINESTRING (3172672.742 257585.418, 3172633.58 257615.575)	11	338	0	625	false	1665	None
LINESTRING (3172633.58 257615.575, 3172655.052 257628.089)	11	338	0	626	false	1665	None
LINESTRING (3172655.052 257628.089, 3172692.585 257652.896)	11	338	0	627	false	1665	None
LINESTRING (3172692.585 257652.896, 3172716.216 257677.119)	11	338	0	628	false	1665	None
LINESTRING (3172716.216 257677.119, 3172782.263 257744.897)	11	338	0	629	false	1665	None
LINESTRING (3172782.263 257744.897, 3172898.362 257869.98)	11	338	0	630	false	1665	None
LINESTRING (3172898.362 257869.98, 3172936.936 257902.358)	11	338	0	631	false	1665	None
LINESTRING (3172936.936 257902.358, 3172941.984 257906.733)	11	338	0	632	false	1665	None
LINESTRING (3172941.984 257906.733, 3172971.742 257939.815)	11	338	0	633	false	1665	None
LINESTRING (3172971.742 257939.815, 3172970.905 257951.656)	11	338	0	634	false	1665	None
LINESTRING (3172970.905 257951.656, 3172971.099 257970.348)	11	338	0	635	false	1665	None
LINESTRING (3172971.099 257970.348, 3172982.021 257997.68)	11	338	0	636	false	1665	None
LINESTRING (3172982.021 257997.68, 3172997.582 258021.709)	11	338	0	637	false	1665	None
LINESTRING (3172997.582 258021.709, 3172997.67 258021.982)	11	338	0	638	false	1665	None
LINESTRING (3172997.67 258021.982, 3173024.315 258044.531)	11	338	0	639	false	1665	None
LINESTRING (3173024.315 258044.531, 3173039.449 258056.936)	11	338	0	640	false	1665	None
LINESTRING (3173039.449 258056.936, 3173057.363 258071.75)	11	338	0	641	false	1665	None
LINESTRING (3173057.363 258071.75, 3173060.735 258074.152)	11	338	0	642	false	1665	None
LINESTRING (3173060.735 258074.152, 3173082.517 258090.608)	11	338	0	643	false	1665	None
LINESTRING (3173082.517 258090.608, 3173096.695 258101.205)	11	338	0	644	false	1665	None
LINESTRING (3173096.695 258101.205, 3173117.181 258121.447)	11	338	0	645	false	1665	None
LINESTRING (3173117.181 258121.447, 3173150.486 258180.151)	11	338	0	646	false	1665	None
LINESTRING (3173150.486 258180.151, 3173175.643 258233.378)	11	338	0	647	false	1665	None
LINESTRING (3173175.643 258233.378, 3173209.523 258305.316)	11	338	0	648	false	1665	None
LINESTRING (3173209.523 258305.316, 3173281.568 258464.962)	11	338	0	649	false	1665	None
LINESTRING (3173281.568 258464.962, 3173306.149 258525.123)	11	338	0	650	false	1665	None
LINESTRING (3173306.149 258525.123, 3173314.632 258556.149)	11	338	0	651	false	1665	None
LINESTRING (3173314.632 258556.149, 3173316.305 258583.538)	11	338	0	652	false	1665	None
LINESTRING (3173316.305 258583.538, 3173310.599 258637.375)	11	338	0	653	false	1665	None
LINESTRING (3173310.599 258637.375, 3173308.98 258670.627)	11	338	0	654	false	1665	None
LINESTRING (3173308.98 258670.627, 3173308.282 258694.815)	11	338	0	655	false	1665	None
LINESTRING (3173308.282 258694.815, 3173309.462 258748.859)	11	338	0	656	false	1665	None
LINESTRING (3173309.462 258748.859, 3173309.264 258752.599)	11	338	0	657	false	1665	None
LINESTRING (3173309.264 258752.599, 3173305.77 258813.274)	11	338	0	658	false	1665	None
LINESTRING (3173305.77 258813.274, 3173288.37 258893.052)	11	338	0	659	false	1665	None
LINESTRING (3173288.37 258893.052, 3173271.726 258944.012)	11	338	0	660	false	1665	None
LINESTRING (3173271.726 258944.012, 3173253.676 258999.787)	11	338	0	661	false	1665	None
LINESTRING (3173253.676 258999.787, 3173250.038 259010.764)	11	338	0	662	false	1665	None
LINESTRING (3173250.038 259010.764, 3173223.287 259077.908)	11	338	0	663	false	1665	None
LINESTRING (3173223.287 259077.908, 3173199.01 259166.671)	11	338	0	664	false	1665	None
LINESTRING (3173199.01 259166.671, 3173188.029 259206.496)	11	338	0	665	false	1665	None
LINESTRING (3173188.029 259206.496, 3173189.047 259215.37)	11	338	0	666	false	1665	None
LINESTRING (3173189.047 259215.37, 3173193.554 259220.368)	11	338	0	667	false	1665	None
LINESTRING (3173193.554 259220.368, 3173187.936 259225.911)	11	338	0	668	false	1665	None
LINESTRING (3173187.936 259225.911, 3173182.956 259231.824)	11	338	0	669	false	1665	None
LINESTRING (3173182.956 259231.824, 3173174.35 259240.963)	11	338	0	670	false	1665	None
LINESTRING (3173174.35 259240.963, 3173163.457 259252.423)	11	338	0	671	false	1665	None
LINESTRING (3173163.457 259252.423, 3173159.532 259255.411)	11	338	0	672	false	1665	None
LINESTRING (3173159.532 259255.411, 3173153.977 259259.547)	11	338	0	673	false	1665	None
LINESTRING (3173153.977 259259.547, 3173136.985 259269.797)	11	338	0	674	false	1665	None
LINESTRING (3173136.985 259269.797, 3173125.594 259273.304)	11	338	0	675	false	1665	None
LINESTRING (3173125.594 259273.304, 3173117.935 259275.059)	11	338	0	676	false	1665	None
LINESTRING (3173117.935 259275.059, 3173113.886 259275.373)	11	338	0	677	false	1665	None
LINESTRING (3173113.886 259275.373, 3173098.169 259271.925)	11	338	0	678	false	1665	None
LINESTRING (3173098.169 259271.925, 3173090.454 259269.84)	11	338	0	679	false	1665	None
LINESTRING (3173090.454 259269.84, 3173056.704 259257.617)	11	338	0	680	false	1665	None
LINESTRING (3173056.704 259257.617, 3173049.433 259254.155)	11	338	0	681	false	1665	None
LINESTRING (3173049.433 259254.155, 3173039.938 259248.863)	11	338	0	682	false	1665	None
LINESTRING (3173039.938 259248.863, 3173017.803 259236.8)	11	338	0	683	false	1665	None
LINESTRING (3173017.803 259236.8, 3173002.547 259230.193)	11	338	0	684	false	1665	None
LINESTRING (3173002.547 259230.193, 3172988.524 259224.191)	11	338	0	685	false	1665	None
LINESTRING (3172988.524 259224.191, 3172977.314 259220.013)	11	338	0	686	false	1665	None
LINESTRING (3172977.314 259220.013, 3172969.765 259217.755)	11	338	0	687	false	1665	None
LINESTRING (3172969.765 259217.755, 3172958.6 259213.714)	11	338	0	688	false	1665	None
LINESTRING (3172958.6 259213.714, 3172928.44 259204.337)	11	338	0	689	false	1665	None
LINESTRING (3172928.44 259204.337, 3172921.729 259201.693)	11	338	0	690	false	1665	None
LINESTRING (3172921.729 259201.693, 3172921.094 259201.562)	11	338	0	691	false	1665	None
LINESTRING (3172921.094 259201.562, 3172901.939 259196.879)	11	338	0	692	false	1665	None
LINESTRING (3172901.939 259196.879, 3172882.14 259194.329)	11	338	0	693	false	1665	None
LINESTRING (3172882.14 259194.329, 3172838.306 259194.005)	11	338	0	694	false	1665	None
LINESTRING (3172838.306 259194.005, 3172830.47 259195.214)	11	338	0	695	false	1665	None
LINESTRING (3172830.47 259195.214, 3172814.654 259196.501)	11	338	0	696	false	1665	None
LINESTRING (3172814.654 259196.501, 3172803.028 259198.364)	11	338	0	697	false	1665	None
LINESTRING (3172803.028 259198.364, 3172795.284 259200.086)	11	338	0	698	false	1665	None
LINESTRING (3172795.284 259200.086, 3172767.857 259204.197)	11	338	0	699	false	1665	None
LINESTRING (3172767.857 259204.197, 3172748.497 259208.503)	11	338	0	700	false	1665	None
LINESTRING (3172748.497 259208.503, 3172667.729 259228.95)	11	338	0	701	false	1665	None
LINESTRING (3172667.729 259228.95, 3172658.973 259230.751)	11	338	0	702	false	1665	None
LINESTRING (3172658.973 259230.751, 3172593.983 259244.527)	11	338	0	703	false	1665	None
LINESTRING (3172593.983 259244.527, 3172586.107 259245.839)	11	338	0	704	false	1665	None
LINESTRING (3172586.107 259245.839, 3172570.825 259251.752)	11	338	0	705	false	1665	None
LINESTRING (3172570.825 259251.752, 3172541.728 259262.842)	11	338	0	706	false	1665	None
LINESTRING (3172541.728 259262.842, 3172510.642 259270.763)	11	338	0	707	false	1665	None
LINESTRING (3172510.642 259270.763, 3172487.274 259275.28)	11	338	0	708	false	1665	None
LINESTRING (3172487.274 259275.28, 3172479.391 259276.112)	11	338	0	709	false	1665	None
LINESTRING (3172479.391 259276.112, 3172459.553 259276.651)	11	338	0	710	false	1665	None
LINESTRING (3172459.553 259276.651, 3172451.633 259277.827)	11	338	0	711	false	1665	None
LINESTRING (3172451.633 259277.827, 3172432.985 259284.561)	11	338	0	712	false	1665	None
LINESTRING (3172432.985 259284.561, 3172425.684 259287.652)	11	338	0	713	false	1665	None
LINESTRING (3172425.684 259287.652, 3172416.691 259290.553)	11	338	0	714	false	1665	None
LINESTRING (3172416.691 259290.553, 3172410.558 259292.671)	11	338	0	715	false	1665	None
LINESTRING (3172410.558 259292.671, 3172403.298 259295.658)	11	338	0	716	false	1665	None
LINESTRING (3172403.298 259295.658, 3172365.741 259308.548)	11	338	0	717	false	1665	None
LINESTRING (3172365.741 259308.548, 3172353.908 259310.688)	11	338	0	718	false	1665	None
LINESTRING (3172353.908 259310.688, 3172337.895 259309.989)	11	338	0	719	false	1665	None
LINESTRING (3172337.895 259309.989, 3172295.79 259298.057)	11	338	0	720	false	1665	None
LINESTRING (3172295.79 259298.057, 3172284.144 259295.737)	11	338	0	721	false	1665	None
LINESTRING (3172284.144 259295.737, 3172272.339 259294.07)	11	338	0	722	false	1665	None
LINESTRING (3172272.339 259294.07, 3172268.378 259294.658)	11	338	0	723	false	1665	None
LINESTRING (3172268.378 259294.658, 3172264.639 259295.93)	11	338	0	724	false	1665	None
LINESTRING (3172264.639 259295.93, 3172256.929 259297.069)	11	338	0	725	false	1665	None
LINESTRING (3172256.929 259297.069, 3172249.359 259299.099)	11	338	0	726	false	1665	None
LINESTRING (3172249.359 259299.099, 3172242.062 259302.429)	11	338	0	727	false	1665	None
LINESTRING (3172242.062 259302.429, 3172235.237 259306.304)	11	338	0	728	false	1665	None
LINESTRING (3172235.237 259306.304, 3172210.554 259318.896)	11	338	0	729	false	1665	None
LINESTRING (3172210.554 259318.896, 3172193.431 259328.737)	11	338	0	730	false	1665	W:3172204.385 259322.44147269765
LINESTRING (3172193.846 259368.04, 3172219.387 259393.374)	11	338	0	737	false	1665	W:3172204.385 259378.49358545063
LINESTRING (3172219.387 259393.374, 3172229.885 259406.578)	11	338	0	738	false	1665	None
LINESTRING (3172229.885 259406.578, 3172231.694 259408.961)	11	338	0	739	false	1665	None
LINESTRING (3172231.694 259408.961, 3172234.397 259411.816)	11	338	0	740	false	1665	None
LINESTRING (3172234.397 259411.816, 3172238.427 259418.773)	11	338	0	741	false	1665	None
LINESTRING (3172238.427 259418.773, 3172239.034 259422.711)	11	338	0	742	false	1665	None
LINESTRING (3172239.034 259422.711, 3172243.626 259441.942)	11	338	0	743	false	1665	None
LINESTRING (3172243.626 259441.942, 3172246.389 259454.605)	11	338	0	744	false	1665	None
LINESTRING (3172246.389 259454.605, 3172249.433 259469.049)	11	338	0	745	false	1665	None
LINESTRING (3172249.433 259469.049, 3172252.684 259480.473)	11	338	0	746	false	1665	None
LINESTRING (3172252.684 259480.473, 3172255.706 259487.749)	11	338	0	747	false	1665	None
LINESTRING (3172255.706 259487.749, 3172259.484 259494.846)	11	338	0	748	false	1665	None
LINESTRING (3172259.484 259494.846, 3172262.312 259497.63)	11	338	0	749	false	1665	None
LINESTRING (3172262.312 259497.63, 3172272.457 259509.74)	11	338	0	750	false	1665	None
LINESTRING (3172272.457 259509.74, 3172278.197 259515.343)	11	338	0	751	false	1665	None
LINESTRING (3172278.197 259515.343, 3172287.639 259522.761)	11	338	0	752	false	1665	None
LINESTRING (3172287.639 259522.761, 3172310.754 259538.31)	11	338	0	753	false	1665	None
LINESTRING (3172310.754 259538.31, 3172314.451 259539.886)	11	338	0	754	false	1665	None
LINESTRING (3172314.451 259539.886, 3172356.833 259562.071)	11	338	0	755	false	1665	None
LINESTRING (3172356.833 259562.071, 3172366.977 259568.453)	11	338	0	756	false	1665	None
LINESTRING (3172366.977 259568.453, 3172376.625 259575.595)	11	338	0	757	false	1665	None
LINESTRING (3172376.625 259575.595, 3172398.545 259593.18)	11	338	0	758	false	1665	None
LINESTRING (3172398.545 259593.18, 3172406.778 259601.673)	11	338	0	759	false	1665	None
LINESTRING (3172406.778 259601.673, 3172411.351 259608.248)	11	338	0	760	false	1665	None
LINESTRING (3172411.351 259608.248, 3172416.198 259619.107)	11	338	0	761	false	1665	None
LINESTRING (3172416.198 259619.107, 3172417.267 259622.869)	11	338	0	762	false	1665	None
LINESTRING (3172417.267 259622.869, 3172417.494 259626.777)	11	338	0	763	false	1665	None
LINESTRING (3172417.494 259626.777, 3172415.454 259634.446)	11	338	0	764	false	1665	None
LINESTRING (3172415.454 259634.446, 3172411.886 259641.512)	11	338	0	765	false	1665	None
LINESTRING (3172411.886 259641.512, 3172406.179 259646.782)	11	338	0	766	false	1665	None
LINESTRING (3172406.179 259646.782, 3172399.701 259651.271)	11	338	0	767	false	1665	None
LINESTRING (3172399.701 259651.271, 3172396.914 259654.111)	11	338	0	768	false	1665	None
LINESTRING (3172396.914 259654.111, 3172383.095 259661.793)	11	338	0	769	false	1665	None
LINESTRING (3172383.095 259661.793, 3172367.002 259672.756)	11	338	0	770	false	1665	None
LINESTRING (3172367.002 259672.756, 3172360.911 259677.755)	11	338	0	771	false	1665	None
LINESTRING (3172360.911 259677.755, 3172338.085 259693.106)	11	338	0	772	false	1665	None
LINESTRING (3172338.085 259693.106, 3172331.821 259697.798)	11	338	0	773	false	1665	None
LINESTRING (3172331.821 259697.798, 3172305.437 259715.208)	11	338	0	774	false	1665	None
LINESTRING (3172305.437 259715.208, 3172265.636 259733.299)	11	338	0	775	false	1665	None
LINESTRING (3172265.636 259733.299, 3172238.45 259739.296)	11	338	0	776	false	1665	None
LINESTRING (3172238.45 259739.296, 3172227.008 259742.187)	11	338	0	777	false	1665	None
LINESTRING (3172227.008 259742.187, 3172175.295 259748.426)	11	338	0	778	false	1665	W:3172204.385 259744.91638907048
LINESTRING (3172175.295 259748.426, 3172227.008 259742.187)	11	940	0	1130	false	2438	W:3172204.385 259744.91638907048
LINESTRING (3172227.008 259742.187, 3172238.45 259739.296)	11	940	0	1131	false	2438	None
LINESTRING (3172238.45 259739.296, 3172265.636 259733.299)	11	940	0	1132	false	2438	None
LINESTRING (3172265.636 259733.299, 3172305.437 259715.208)	11	940	0	1133	false	2438	None
LINESTRING (3172305.437 259715.208, 3172331.821 259697.798)	11	940	0	1134	false	2438	None
LINESTRING (3172331.821 259697.798, 3172338.085 259693.106)	11	940	0	1135	false	2438	None
LINESTRING (3172338.085 259693.106, 3172360.911 259677.755)	11	940	0	1136	false	2438	None
LINESTRING (3172360.911 259677.755, 3172367.002 259672.756)	11	940	0	1137	false	2438	None
LINESTRING (3172367.002 259672.756, 3172383.095 259661.793)	11	940	0	1138	false	2438	None
LINESTRING (3172383.095 259661.793, 3172396.914 259654.111)	11	940	0	1139	false	2438	None
LINESTRING (3172396.914 259654.111, 3172399.701 259651.271)	11	940	0	1140	false	2438	None
LINESTRING (3172399.701 259651.271, 3172406.179 259646.782)	11	940	0	1141	false	2438	None
LINESTRING (3172406.179 259646.782, 3172411.886 259641.512)	11	940	0	1142	false	2438	None
LINESTRING (3172411.886 259641.512, 3172415.454 259634.446)	11	940	0	1143	false	2438	None
LINESTRING (3172415.454 259634.446, 3172417.494 259626.777)	11	940	0	1144	false	2438	None
LINESTRING (3172417.494 259626.777, 3172417.267 259622.869)	11	940	0	1145	false	2438	None
LINESTRING (3172417.267 259622.869, 3172416.198 259619.107)	11	940	0	1146	false	2438	None
LINESTRING (3172416.198 259619.107, 3172411.351 259608.248)	11	940	0	1147	false	2438	None
LINESTRING (3172411.351 259608.248, 3172406.778 259601.673)	11	940	0	1148	false	2438	None
LINESTRING (3172406.778 259601.673, 3172398.545 259593.18)	11	940	0	1149	false	2438	None
LINESTRING (3172398.545 259593.18, 3172376.625 259575.595)	11	940	0	1150	false	2438	None
LINESTRING (3172376.625 259575.595, 3172366.977 259568.453)	11	940	0	1151	false	2438	None
LINESTRING (3172366.977 259568.453, 3172356.833 259562.071)	11	940	0	1152	false	2438	None
LINESTRING (3172356.833 259562.071, 3172314.451 259539.886)	11	940	0	1153	false	2438	None
LINESTRING (3172314.451 259539.886, 3172310.754 259538.31)	11	940	0	1154	false	2438	None
LINESTRING (3172310.754 259538.31, 3172287.639 259522.761)	11	940	0	1155	false	2438	None
LINESTRING (3172287.639 259522.761, 3172278.197 259515.343)	11	940	0	1156	false	2438	None
LINESTRING (3172278.197 259515.343, 3172272.457 259509.74)	11	940	0	1157	false	2438	None
LINESTRING (3172272.457 259509.74, 3172262.312 259497.63)	11	940	0	1158	false	2438	None
LINESTRING (3172262.312 259497.63, 3172259.484 259494.846)	11	940	0	1159	false	2438	None
LINESTRING (3172259.484 259494.846, 3172255.706 259487.749)	11	940	0	1160	false	2438	None
LINESTRING (3172255.706 259487.749, 3172252.684 259480.473)	11	940	0	1161	false	2438	None
LINESTRING (3172252.684 259480.473, 3172249.433 259469.049)	11	940	0	1162	false	2438	None
LINESTRING (3172249.433 259469.049, 3172246.389 259454.605)	11	940	0	1163	false	2438	None
LINESTRING (3172246.389 259454.605, 3172243.626 259441.942)	11	940	0	1164	false	2438	None
LINESTRING (3172243.626 259441.942, 3172239.034 259422.711)	11	940	0	1165	false	2438	None
LINESTRING (3172239.034 259422.711, 3172238.427 259418.773)	11	940	0	1166	false	2438	None
LINESTRING (3172238.427 259418.773, 3172234.397 259411.816)	11	940	0	1167	false	2438	None
LINESTRING (3172234.397 259411.816, 3172231.694 259408.961)	11	940	0	1168	false	2438	None
LINESTRING (3172231.694 259408.961, 3172229.885 259406.578)	11	940	0	1169	false	2438	None
LINESTRING (3172229.885 259406.578, 3172219.387 259393.374)	11	940	0	1170	false	2438	None
LINESTRING (3172219.387 259393.374, 3172193.846 259368.04)	11	940	0	1171	false	2438	W:3172204.385 259378.49358545063
LINESTRING (3172193.431 259328.737, 3172210.554 259318.896)	11	940	0	1178	false	2438	W:3172204.385 259322.44147269765
LINESTRING (3172210.554 259318.896, 3172235.237 259306.304)	11	940	0	1179	false	2438	None
LINESTRING (3172235.237 259306.304, 3172242.062 259302.429)	11	940	0	1180	false	2438	None
LINESTRING (3172242.062 259302.429, 3172249.359 259299.099)	11	940	0	1181	false	2438	None
LINESTRING (3172249.359 259299.099, 3172256.929 259297.069)	11	940	0	1182	false	2438	None
LINESTRING (3172256.929 259297.069, 3172264.639 259295.93)	11	940	0	1183	false	2438	None
LINESTRING (3172264.639 259295.93, 3172268.378 259294.658)	11	940	0	1184	false	2438	None
LINESTRING (3172268.378 259294.658, 3172272.339 259294.07)	11	940	0	1185	false	2438	None
LINESTRING (3172272.339 259294.07, 3172284.144 259295.737)	11	940	0	1186	false	2438	None
LINESTRING (3172284.144 259295.737, 3172295.79 259298.057)	11	940	0	1187	false	2438	None
LINESTRING (3172295.79 259298.057, 3172337.895 259309.989)	11	940	0	1188	false	2438	None
LINESTRING (3172337.895 259309.989, 3172353.908 259310.688)	11	940	0	1189	false	2438	None
LINESTRING (3172353.908 259310.688, 3172365.741 259308.548)	11	940	0	1190	false	2438	None
LINESTRING (3172365.741 259308.548, 3172403.298 259295.658)	11	940	0	1191	false	2438	None
LINESTRING (3172403.298 259295.658, 3172410.558 259292.671)	11	940	0	1192	false	2438	None
LINESTRING (3172410.558 259292.671, 3172416.691 259290.553)	11	940	0	1193	false	2438	None
LINESTRING (3172416.691 259290.553, 3172425.684 259287.652)	11	940	0	1194	false	2438	None
LINESTRING (3172425.684 259287.652, 3172432.985 259284.561)	11	940	0	1195	false	2438	None
LINESTRING (3172432.985 259284.561, 3172451.633 259277.827)	11	940	0	1196	false	2438	None
LINESTRING (3172451.633 259277.827, 3172459.553 259276.651)	11	940	0	1197	false	2438	None
LINESTRING (3172459.553 259276.651, 3172479.391 259276.112)	11	940	0	1198	false	2438	None
LINESTRING (3172479.391 259276.112, 3172487.274 259275.28)	11	940	0	1199	false	2438	None
LINESTRING (3172487.274 259275.28, 3172510.642 259270.763)	11	940	0	1200	false	2438	None
LINESTRING (3172510.642 259270.763, 3172541.728 259262.842)	11	940	0	1201	false	2438	None
LINESTRING (3172541.728 259262.842, 3172570.825 259251.752)	11	940	0	1202	false	2438	None
LINESTRING (3172570.825 259251.752, 3172586.107 259245.839)	11	940	0	1203	false	2438	None
LINESTRING (3172586.107 259245.839, 3172593.983 259244.527)	11	940	0	1204	false	2438	None
LINESTRING (3172593.983 259244.527, 3172658.973 259230.751)	11	940	0	1205	false	2438	None
LINESTRING (3172658.973 259230.751, 3172667.729 259228.95)	11	940	0	1206	false	2438	None
LINESTRING (3172667.729 259228.95, 3172748.497 259208.503)	11	940	0	1207	false	2438	None
LINESTRING (3172748.497 259208.503, 3172767.857 259204.197)	11	940	0	1208	false	2438	None
LINESTRING (3172767.857 259204.197, 3172795.284 259200.086)	11	940	0	1209	false	2438	None
LINESTRING (3172795.284 259200.086, 3172803.028 259198.364)	11	940	0	1210	false	2438	None
LINESTRING (3172803.028 259198.364, 3172814.654 259196.501)	11	940	0	1211	false	2438	None
LINESTRING (3172814.654 259196.501, 3172830.47 259195.214)	11	940	0	1212	false	2438	None
LINESTRING (3172830.47 259195.214, 3172838.306 259194.005)	11	940	0	1213	false	2438	None
LINESTRING (3172838.306 259194.005, 3172882.14 259194.329)	11	940	0	1214	false	2438	None
LINESTRING (3172882.14 259194.329, 3172901.939 259196.879)	11	940	0	1215	false	2438	None
LINESTRING (3172901.939 259196.879, 3172921.094 259201.562)	11	940	0	1216	false	2438	None
LINESTRING (3172921.094 259201.562, 3172921.729 259201.693)	11	940	0	1217	false	2438	None
LINESTRING (3172921.729 259201.693, 3172928.44 259204.337)	11	940	0	1218	false	2438	None
LINESTRING (3172928.44 259204.337, 3172958.6 259213.714)	11	940	0	1219	false	2438	None
LINESTRING (3172958.6 259213.714, 3172969.765 259217.755)	11	940	0	1220	false	2438	None
LINESTRING (3172969.765 259217.755, 3172977.314 259220.013)	11	940	0	1221	false	2438	None
LINESTRING (3172977.314 259220.013, 3172988.524 259224.191)	11	940	0	1222	false	2438	None
LINESTRING (3172988.524 259224.191, 3173002.547 259230.193)	11	940	0	1223	false	2438	None
LINESTRING (3173002.547 259230.193, 3173017.803 259236.8)	11	940	0	1224	false	2438	None
LINESTRING (3173017.803 259236.8, 3173039.938 259248.863)	11	940	0	1225	false	2438	None
LINESTRING (3173039.938 259248.863, 3173049.433 259254.155)	11	940	0	1226	false	2438	None
LINESTRING (3173049.433 259254.155, 3173056.704 259257.617)	11	940	0	1227	false	2438	None
LINESTRING (3173056.704 259257.617, 3173090.454 259269.84)	11	940	0	1228	false	2438	None
LINESTRING (3173090.454 259269.84, 3173098.169 259271.925)	11	940	0	1229	false	2438	None
LINESTRING (3173098.169 259271.925, 3173113.886 259275.373)	11	940	0	1230	false	2438	None
LINESTRING (3173113.886 259275.373, 3173117.935 259275.059)	11	940	0	1231	false	2438	None
LINESTRING (3173117.935 259275.059, 3173125.594 259273.304)	11	940	0	1232	false	2438	None
LINESTRING (3173125.594 259273.304, 3173136.985 259269.797)	11	940	0	1233	false	2438	None
LINESTRING (3173136.985 259269.797, 3173153.977 259259.547)	11	940	0	1234	false	2438	None
LINESTRING (3173153.977 259259.547, 3173159.532 259255.411)	11	940	0	1235	false	2438	None
LINESTRING (3173159.532 259255.411, 3173163.457 259252.423)	11	940	0	1236	false	2438	None
LINESTRING (3173163.457 259252.423, 3173174.35 259240.963)	11	940	0	1237	false	2438	None
LINESTRING (3173174.35 259240.963, 3173182.956 259231.824)	11	940	0	1238	false	2438	None
LINESTRING (3173182.956 259231.824, 3173187.936 259225.911)	11	940	0	1239	false	2438	None
LINESTRING (3173187.936 259225.911, 3173193.554 259220.368)	11	940	0	1240	false	2438	None
LINESTRING (3173193.554 259220.368, 3173189.047 259215.37)	11	940	0	1241	false	2438	None
LINESTRING (3173189.047 259215.37, 3173188.029 259206.496)	11	940	0	1242	false	2438	None
LINESTRING (3173188.029 259206.496, 3173199.01 259166.671)	11	940	0	1243	false	2438	None
LINESTRING (3173199.01 259166.671, 3173223.287 259077.908)	11	940	0	1244	false	2438	None
LINESTRING (3173223.287 259077.908, 3173250.038 259010.764)	11	940	0	1245	false	2438	None
LINESTRING (3173250.038 259010.764, 3173253.676 258999.787)	11	940	0	1246	false	2438	None
LINESTRING (3173253.676 258999.787, 3173271.726 258944.012)	11	940	0	1247	false	2438	None
LINESTRING (3173271.726 258944.012, 3173288.37 258893.052)	11	940	0	1248	false	2438	None
LINESTRING (3173288.37 258893.052, 3173305.77 258813.274)	11	940	0	1249	false	2438	None
LINESTRING (3173305.77 258813.274, 3173309.264 258752.599)	11	940	0	1250	false	2438	None
LINESTRING (3173309.264 258752.599, 3173309.462 258748.859)	11	940	0	1251	false	2438	None
LINESTRING (3173309.462 258748.859, 3173308.282 258694.815)	11	940	0	1252	false	2438	None
LINESTRING (3173308.282 258694.815, 3173308.98 258670.627)	11	940	0	1253	false	2438	None
LINESTRING (3173308.98 258670.627, 3173310.599 258637.375)	11	940	0	1254	false	2438	None
LINESTRING (3173310.599 258637.375, 3173316.305 258583.538)	11	940	0	1255	false	2438	None
LINESTRING (3173316.305 258583.538, 3173314.632 258556.149)	11	940	0	1256	false	2438	None
LINESTRING (3173314.632 258556.149, 3173306.149 258525.123)	11	940	0	1257	false	2438	None
LINESTRING (3173306.149 258525.123, 3173281.568 258464.962)	11	940	0	1258	false	2438	None
LINESTRING (3173281.568 258464.962, 3173209.523 258305.316)	11	940	0	1259	false	2438	None
LINESTRING (3173209.523 258305.316, 3173175.643 258233.378)	11	940	0	1260	false	2438	None
LINESTRING (3173175.643 258233.378, 3173150.486 258180.151)	11	940	0	1261	false	2438	None
LINESTRING (3173150.486 258180.151, 3173117.181 258121.447)	11	940	0	1262	false	2438	None
LINESTRING (3173117.181 258121.447, 3173096.695 258101.205)	11	940	0	1263	false	2438	None
LINESTRING (3173096.695 258101.205, 3173082.517 258090.608)	11	940	0	1264	false	2438	None
LINESTRING (3173082.517 258090.608, 3173060.735 258074.152)	11	940	0	1265	false	2438	None
LINESTRING (3173060.735 258074.152, 3173057.363 258071.75)	11	940	0	1266	false	2438	None
LINESTRING (3173057.363 258071.75, 3173039.449 258056.936)	11	940	0	1267	false	2438	None
LINESTRING (3173039.449 258056.936, 3173024.315 258044.531)	11	940	0	1268	false	2438	None
LINESTRING (3173024.315 258044.531, 3172997.67 258021.982)	11	940	0	1269	false	2438	None
LINESTRING (3172997.67 258021.982, 3172997.582 258021.709)	11	940	0	1270	false	2438	None
LINESTRING (3172997.582 258021.709, 3172982.021 257997.68)	11	940	0	1271	false	2438	None
LINESTRING (3172982.021 257997.68, 3172971.099 257970.348)	11	940	0	1272	false	2438	None
LINESTRING (3172971.099 257970.348, 3172970.905 257951.656)	11	940	0	1273	false	2438	None
LINESTRING (3172970.905 257951.656, 3172971.742 257939.815)	11	940	0	1274	false	2438	None
LINESTRING (3172971.742 257939.815, 3172941.984 257906.733)	11	940	0	1275	false	2438	None
LINESTRING (3172941.984 257906.733, 3172936.936 257902.358)	11	940	0	1276	false	2438	None
LINESTRING (3172936.936 257902.358, 3172898.362 257869.98)	11	940	0	1277	false	2438	None
LINESTRING (3172898.362 257869.98, 3172782.263 257744.897)	11	940	0	1278	false	2438	None
LINESTRING (3172782.263 257744.897, 3172716.216 257677.119)	11	940	0	1279	false	2438	None
LINESTRING (3172716.216 257677.119, 3172692.585 257652.896)	11	940	0	1280	false	2438	None
LINESTRING (3172692.585 257652.896, 3172655.052 257628.089)	11	940	0	1281	false	2438	None
LINESTRING (3172655.052 257628.089, 3172633.58 257615.575)	11	940	0	1282	false	2438	None
LINESTRING (3172633.58 257615.575, 3172672.742 257585.418)	11	940	0	1283	false	2438	None
LINESTRING (3172672.742 257585.418, 3172683.057 257577.668)	11	940	0	1284	false	2438	None
LINESTRING (3172683.057 257577.668, 3172748.289 257528.664)	11	940	0	1285	false	2438	None
LINESTRING (3172748.289 257528.664, 3172795.833 257494.172)	11	940	0	1286	false	2438	None
LINESTRING (3172795.833 257494.172, 3172833.15 257467.704)	11	940	0	1287	false	2438	None
LINESTRING (3172833.15 257467.704, 3172852.582 257453.999)	11	940	0	1288	false	2438	None
LINESTRING (3172852.582 257453.999, 3172882.72 257430.311)	11	940	0	1289	false	2438	None
LINESTRING (3172882.72 257430.311, 3172908.266 257410.304)	11	940	0	1290	false	2438	None
LINESTRING (3172908.266 257410.304, 3172947.776 257380.762)	11	940	0	1291	false	2438	None
LINESTRING (3172947.776 257380.762, 3172957.005 257373.777)	11	940	0	1292	false	2438	None
LINESTRING (3172957.005 257373.777, 3173001.538 257341.202)	11	940	0	1293	false	2438	None
LINESTRING (3173001.538 257341.202, 3173033.564 257316.708)	11	940	0	1294	false	2438	None
LINESTRING (3173033.564 257316.708, 3173048.497 257304.214)	11	940	0	1295	false	2438	None
LINESTRING (3173048.497 257304.214, 3173066.592 257291.414)	11	940	0	1296	false	2438	None
LINESTRING (3173066.592 257291.414, 3173083.541 257281.027)	11	940	0	1297	false	2438	None
LINESTRING (3173083.541 257281.027, 3173120.436 257260.121)	11	940	0	1298	false	2438	None
LINESTRING (3173120.436 257260.121, 3173147.186 257244.287)	11	940	0	1299	false	2438	None
LINESTRING (3173147.186 257244.287, 3173147.688 257244.008)	11	940	0	1300	false	2438	None
LINESTRING (3173147.688 257244.008, 3173217.316 257206.284)	11	940	0	1301	false	2438	None
LINESTRING (3173217.316 257206.284, 3173225.296 257217.422)	11	940	0	1302	false	2438	None
LINESTRING (3173225.296 257217.422, 3173236.888 257230.102)	11	940	0	1303	false	2438	None
LINESTRING (3173236.888 257230.102, 3173245.208 257238.63)	11	940	0	1304	false	2438	None
LINESTRING (3173245.208 257238.63, 3173267.946 257262.384)	11	940	0	1305	false	2438	None
LINESTRING (3173267.946 257262.384, 3173282.893 257276.266)	11	940	0	1306	false	2438	None
LINESTRING (3173282.893 257276.266, 3173293.67 257285.285)	11	940	0	1307	false	2438	None
LINESTRING (3173293.67 257285.285, 3173306.086 257290.892)	11	940	0	1308	false	2438	None
LINESTRING (3173306.086 257290.892, 3173317.212 257295.036)	11	940	0	1309	false	2438	None
LINESTRING (3173317.212 257295.036, 3173331.234 257295.071)	11	940	0	1310	false	2438	None
LINESTRING (3173331.234 257295.071, 3173349.015 257292.291)	11	940	0	1311	false	2438	None
LINESTRING (3173349.015 257292.291, 3173350.659 257292.103)	11	940	0	1312	false	2438	None
LINESTRING (3173350.659 257292.103, 3173377.811 257288.958)	11	940	0	1313	false	2438	None
LINESTRING (3173377.811 257288.958, 3173383.597 257288.97)	11	940	0	1314	false	2438	None
LINESTRING (3173383.597 257288.97, 3173393.018 257289.221)	11	940	0	1315	false	2438	None
LINESTRING (3173393.018 257289.221, 3173394.792 257289.204)	11	940	0	1316	false	2438	None
LINESTRING (3173394.792 257289.204, 3173399.735 257289.361)	11	940	0	1317	false	2438	None
LINESTRING (3173399.735 257289.361, 3173401.383 257289.414)	11	940	0	1318	false	2438	None
LINESTRING (3173401.383 257289.414, 3173402.915 257284.528)	11	940	0	1319	false	2438	None
LINESTRING (3173402.915 257284.528, 3173405.284 257276.273)	11	940	0	1320	false	2438	None
LINESTRING (3173405.284 257276.273, 3173407.556 257270.009)	11	940	0	1321	false	2438	None
LINESTRING (3173407.556 257270.009, 3173409.217 257265.293)	11	940	0	1322	false	2438	None
LINESTRING (3173409.217 257265.293, 3173409.705 257264.054)	11	940	0	1323	false	2438	None
LINESTRING (3173409.705 257264.054, 3173411.873 257259.299)	11	940	0	1324	false	2438	None
LINESTRING (3173411.873 257259.299, 3173414.817 257252.822)	11	940	0	1325	false	2438	None
LINESTRING (3173414.817 257252.822, 3173417.968 257246.069)	11	940	0	1326	false	2438	None
LINESTRING (3173417.968 257246.069, 3173420.568 257241.962)	11	940	0	1327	false	2438	None
LINESTRING (3173420.568 257241.962, 3173423.992 257236.509)	11	940	0	1328	false	2438	None
LINESTRING (3173423.992 257236.509, 3173435.075 257215.101)	11	940	0	1329	false	2438	None
LINESTRING (3173435.075 257215.101, 3173446.77 257192.144)	11	940	0	1330	false	2438	None
LINESTRING (3173446.77 257192.144, 3173468.375 257151.254)	11	940	0	1331	false	2438	None
LINESTRING (3173468.375 257151.254, 3173479.503 257129.983)	11	940	0	1332	false	2438	None
LINESTRING (3173479.503 257129.983, 3173483.846 257126.682)	11	940	0	1333	false	2438	None
LINESTRING (3173483.846 257126.682, 3173496.579 257116.783)	11	940	0	1334	false	2438	None
LINESTRING (3173496.579 257116.783, 3173500.797 257113.552)	11	940	0	1335	false	2438	None
LINESTRING (3173500.797 257113.552, 3173507.514 257105.22)	11	940	0	1336	false	2438	None
LINESTRING (3173507.514 257105.22, 3173508.472 257104.285)	11	940	0	1337	false	2438	None
LINESTRING (3173508.472 257104.285, 3173524.981 257087.043)	11	940	0	1338	false	2438	None
LINESTRING (3173524.981 257087.043, 3173533.79 257080.131)	11	940	0	1339	false	2438	None
LINESTRING (3173533.79 257080.131, 3173534.791 257079.333)	11	940	0	1340	false	2438	None
LINESTRING (3173534.791 257079.333, 3173543.111 257073.661)	11	940	0	1341	false	2438	None
LINESTRING (3173543.111 257073.661, 3173545.244 257072.234)	11	940	0	1342	false	2438	None
LINESTRING (3173545.244 257072.234, 3173578.737 257052.494)	11	940	0	1343	false	2438	None
LINESTRING (3173578.737 257052.494, 3173615.045 257034.58)	11	940	0	1344	false	2438	None
LINESTRING (3173615.045 257034.58, 3173692.269 256996.272)	11	940	0	1345	false	2438	None
LINESTRING (3173692.269 256996.272, 3173734.772 256974.593)	11	940	0	1346	false	2438	None
LINESTRING (3173734.772 256974.593, 3173776.755 256951.994)	11	940	0	1347	false	2438	None
LINESTRING (3173776.755 256951.994, 3173817.625 256928.48)	11	940	0	1348	false	2438	None
LINESTRING (3173817.625 256928.48, 3173831.519 256919.873)	11	940	0	1349	false	2438	None
LINESTRING (3173831.519 256919.873, 3173857.633 256903.67)	11	940	0	1350	false	2438	None
LINESTRING (3173857.633 256903.67, 3173900.993 256874.336)	11	940	0	1351	false	2438	None
LINESTRING (3173900.993 256874.336, 3173909.147 256868.837)	11	940	0	1352	false	2438	None
LINESTRING (3173909.147 256868.837, 3173909.691 256868.455)	11	940	0	1353	false	2438	None
LINESTRING (3173909.691 256868.455, 3173933.93 256854.02)	11	940	0	1354	false	2438	None
LINESTRING (3173933.93 256854.02, 3173937.781 256851.719)	11	940	0	1355	false	2438	None
LINESTRING (3173937.781 256851.719, 3173941.962 256848.831)	11	940	0	1356	false	2438	None
LINESTRING (3173941.962 256848.831, 3173943.976 256847.954)	11	940	0	1357	false	2438	None
LINESTRING (3173943.976 256847.954, 3173954.072 256839.522)	11	940	0	1358	false	2438	None
LINESTRING (3173954.072 256839.522, 3173960.808 256832.391)	11	940	0	1359	false	2438	None
LINESTRING (3173960.808 256832.391, 3173967.03 256824.819)	11	940	0	1360	false	2438	None
LINESTRING (3173967.03 256824.819, 3173972.229 256816.605)	11	940	0	1361	false	2438	None
LINESTRING (3173972.229 256816.605, 3173976.931 256806.167)	11	940	0	1362	false	2438	None
LINESTRING (3173976.931 256806.167, 3173980.273 256795.193)	11	940	0	1363	false	2438	None
LINESTRING (3173980.273 256795.193, 3173982.902 256776.063)	11	940	0	1364	false	2438	None
LINESTRING (3173982.902 256776.063, 3173983.351 256766.454)	11	940	0	1365	false	2438	None
LINESTRING (3173983.351 256766.454, 3173982.76 256749.516)	11	940	0	1366	false	2438	None
LINESTRING (3173982.76 256749.516, 3173981.388 256736.804)	11	940	0	1367	false	2438	None
LINESTRING (3173981.388 256736.804, 3173962.651 256573.581)	11	940	0	1368	false	2438	None
LINESTRING (3173962.651 256573.581, 3173957.277 256538.887)	11	940	0	1369	false	2438	None
LINESTRING (3173957.277 256538.887, 3173952.02 256512.115)	11	940	0	1370	false	2438	None
LINESTRING (3173952.02 256512.115, 3173945.965 256485.626)	11	940	0	1371	false	2438	None
LINESTRING (3173945.965 256485.626, 3173938.564 256459.561)	11	940	0	1372	false	2438	None
LINESTRING (3173938.564 256459.561, 3173930.371 256437.002)	11	940	0	1373	false	2438	None
LINESTRING (3173930.371 256437.002, 3173911.761 256392.798)	11	940	0	1374	false	2438	S:3173927.2480025333 256429.584
LINESTRING (3175191.436 256406.129, 3175228.506 256442.099)	11	940	0	1524	false	2438	S:3175215.6082782876 256429.584
LINESTRING (3175228.506 256442.099, 3175237.735 256452.061)	11	940	0	1525	false	2438	None
LINESTRING (3175237.735 256452.061, 3175247.251 256464.284)	11	940	0	1526	false	2438	None
LINESTRING (3175247.251 256464.284, 3175255.343 256477.379)	11	940	0	1527	false	2438	None
LINESTRING (3175255.343 256477.379, 3175260.509 256489.677)	11	940	0	1528	false	2438	None
LINESTRING (3175260.509 256489.677, 3175271.765 256522.396)	11	940	0	1529	false	2438	None
LINESTRING (3175271.765 256522.396, 3175275.493 256528.877)	11	940	0	1530	false	2438	None
LINESTRING (3175275.493 256528.877, 3175280.093 256537.134)	11	940	0	1531	false	2438	None
LINESTRING (3175280.093 256537.134, 3175284.306 256542.136)	11	940	0	1532	false	2438	None
LINESTRING (3175284.306 256542.136, 3175296.916 256552.237)	11	940	0	1533	false	2438	None
LINESTRING (3175296.916 256552.237, 3175314.119 256561.643)	11	940	0	1534	false	2438	None
LINESTRING (3175314.119 256561.643, 3175344.373 256573.807)	11	940	0	1535	false	2438	None
LINESTRING (3175344.373 256573.807, 3175353.28 256579.107)	11	940	0	1536	false	2438	None
LINESTRING (3175353.28 256579.107, 3175358.148 256582.697)	11	940	0	1537	false	2438	None
LINESTRING (3175358.148 256582.697, 3175363.375 256584.876)	11	940	0	1538	false	2438	None
LINESTRING (3175363.375 256584.876, 3175370.097 256585.258)	11	940	0	1539	false	2438	None
LINESTRING (3175370.097 256585.258, 3175376.971 256584.507)	11	940	0	1540	false	2438	None
LINESTRING (3175376.971 256584.507, 3175389.26 256581.475)	11	940	0	1541	false	2438	None
LINESTRING (3175389.26 256581.475, 3175401.453 256577.689)	11	940	0	1542	false	2438	None
LINESTRING (3175401.453 256577.689, 3175414.791 256574.235)	11	940	0	1543	false	2438	None
LINESTRING (3175414.791 256574.235, 3175428.396 256571.602)	11	940	0	1544	false	2438	None
LINESTRING (3175428.396 256571.602, 3175436.958 256570.8)	11	940	0	1545	false	2438	None
LINESTRING (3175436.958 256570.8, 3175445.491 256570.822)	11	940	0	1546	false	2438	None
LINESTRING (3175445.491 256570.822, 3175455.615 256572.784)	11	940	0	1547	false	2438	None
LINESTRING (3175455.615 256572.784, 3175462.963 256575.561)	11	940	0	1548	false	2438	None
LINESTRING (3175462.963 256575.561, 3175465.342 256576.499)	11	940	0	1549	false	2438	None
LINESTRING (3175465.342 256576.499, 3175472.154 256580.139)	11	940	0	1550	false	2438	None
LINESTRING (3175472.154 256580.139, 3175478.637 256584.365)	11	940	0	1551	false	2438	None
LINESTRING (3175478.637 256584.365, 3175499.369 256601.009)	11	940	0	1552	false	2438	None
LINESTRING (3175499.369 256601.009, 3175514.179 256608.518)	11	940	0	1553	false	2438	None
LINESTRING (3175514.179 256608.518, 3175532.692 256615.099)	11	940	0	1554	false	2438	None
LINESTRING (3175532.692 256615.099, 3175538.477 256617.857)	11	940	0	1555	false	2438	None
LINESTRING (3175538.477 256617.857, 3175546.792 256623.163)	11	940	0	1556	false	2438	None
LINESTRING (3175546.792 256623.163, 3175554.319 256629.472)	11	940	0	1557	false	2438	None
LINESTRING (3175554.319 256629.472, 3175560.501 256636.205)	11	940	0	1558	false	2438	None
LINESTRING (3175560.501 256636.205, 3175565.552 256643.565)	11	940	0	1559	false	2438	None
LINESTRING (3175565.552 256643.565, 3175568.614 256650.739)	11	940	0	1560	false	2438	None
LINESTRING (3175568.614 256650.739, 3175570.587 256658.438)	11	940	0	1561	false	2438	None
LINESTRING (3175570.587 256658.438, 3175574.062 256679.26)	11	940	0	1562	false	2438	None
LINESTRING (3175574.062 256679.26, 3175574.569 256719.317)	11	940	0	1563	false	2438	None
LINESTRING (3175574.569 256719.317, 3175577.037 256749.169)	11	940	0	1564	false	2438	None
LINESTRING (3175577.037 256749.169, 3175577.2 256777.397)	11	940	0	1565	false	2438	None
LINESTRING (3175577.2 256777.397, 3175576.401 256783.407)	11	940	0	1566	false	2438	None
LINESTRING (3175576.401 256783.407, 3175573.716 256793.208)	11	940	0	1567	false	2438	None
LINESTRING (3175573.716 256793.208, 3175558.821 256831.49)	11	940	0	1568	false	2438	None
LINESTRING (3175558.821 256831.49, 3175555.586 256841.194)	11	940	0	1569	false	2438	None
LINESTRING (3175555.586 256841.194, 3175551.454 256858.897)	11	940	0	1570	false	2438	None
LINESTRING (3175551.454 256858.897, 3175548.719 256876.793)	11	940	0	1571	false	2438	None
LINESTRING (3175548.719 256876.793, 3175546.928 256898.522)	11	940	0	1572	false	2438	None
LINESTRING (3175546.928 256898.522, 3175546.701 256917.527)	11	940	0	1573	false	2438	None
LINESTRING (3175546.701 256917.527, 3175546.614 256920.237)	11	940	0	1574	false	2438	None
LINESTRING (3175546.614 256920.237, 3175546.968 256944.244)	11	940	0	1575	false	2438	None
LINESTRING (3175546.968 256944.244, 3175548.242 256956.202)	11	940	0	1576	false	2438	None
LINESTRING (3175548.242 256956.202, 3175551.068 256970.204)	11	940	0	1577	false	2438	None
LINESTRING (3175551.068 256970.204, 3175555.449 256983.745)	11	940	0	1578	false	2438	None
LINESTRING (3175555.449 256983.745, 3175560.371 256993.92)	11	940	0	1579	false	2438	None
LINESTRING (3175560.371 256993.92, 3175566.344 257003.673)	11	940	0	1580	false	2438	None
LINESTRING (3175566.344 257003.673, 3175572.775 257013.011)	11	940	0	1581	false	2438	None
LINESTRING (3175572.775 257013.011, 3175585.621 257027.741)	11	940	0	1582	false	2438	None
LINESTRING (3175585.621 257027.741, 3175593.675 257035.45)	11	940	0	1583	false	2438	None
LINESTRING (3175593.675 257035.45, 3175606.243 257045.656)	11	940	0	1584	false	2438	None
LINESTRING (3175606.243 257045.656, 3175619.045 257054.521)	11	940	0	1585	false	2438	None
LINESTRING (3175619.045 257054.521, 3175624.966 257057.929)	11	940	0	1586	false	2438	None
LINESTRING (3175624.966 257057.929, 3175632.338 257062.387)	11	940	0	1587	false	2438	None
LINESTRING (3175632.338 257062.387, 3175646.287 257068.84)	11	940	0	1588	false	2438	None
LINESTRING (3175646.287 257068.84, 3175689.274 257085.309)	11	940	0	1589	false	2438	None
LINESTRING (3175689.274 257085.309, 3175703.3 257091.316)	11	940	0	1590	false	2438	None
LINESTRING (3175703.3 257091.316, 3175717.821 257099.308)	11	940	0	1591	false	2438	None
LINESTRING (3175717.821 257099.308, 3175728.44 257106.239)	11	940	0	1592	false	2438	None
LINESTRING (3175728.44 257106.239, 3175731.683 257108.472)	11	940	0	1593	false	2438	None
LINESTRING (3175731.683 257108.472, 3175744.964 257118.362)	11	940	0	1594	false	2438	None
LINESTRING (3175744.964 257118.362, 3175758.518 257129.553)	11	940	0	1595	false	2438	None
LINESTRING (3175758.518 257129.553, 3175758.861 257129.927)	11	940	0	1596	false	2438	None
LINESTRING (3175758.861 257129.927, 3175826.009 257189.694)	11	940	0	1597	false	2438	None
LINESTRING (3175826.009 257189.694, 3175830.486 257192.533)	11	940	0	1598	false	2438	None
LINESTRING (3175830.486 257192.533, 3175838.443 257196.505)	11	940	0	1599	false	2438	None
LINESTRING (3175838.443 257196.505, 3175846.854 257199.821)	11	940	0	1600	false	2438	None
LINESTRING (3175846.854 257199.821, 3175855.462 257202.141)	11	940	0	1601	false	2438	None
LINESTRING (3175855.462 257202.141, 3175862.697 257202.965)	11	940	0	1602	false	2438	None
LINESTRING (3175862.697 257202.965, 3175866.717 257203.476)	11	940	0	1603	false	2438	None
LINESTRING (3175866.717 257203.476, 3175899.315 257205.706)	11	940	0	1604	false	2438	None
LINESTRING (3175899.315 257205.706, 3175906.216 257206.876)	11	940	0	1605	false	2438	None
LINESTRING (3175906.216 257206.876, 3175918.692 257210.84)	11	940	0	1606	false	2438	None
LINESTRING (3175918.692 257210.84, 3175943.088 257221.174)	11	940	0	1607	false	2438	None
LINESTRING (3175943.088 257221.174, 3175978.395 257232.469)	11	940	0	1608	false	2438	None
LINESTRING (3175978.395 257232.469, 3176011.764 257241.209)	11	940	0	1609	false	2438	None
LINESTRING (3176011.764 257241.209, 3176040.229 257249.688)	11	940	0	1610	false	2438	None
LINESTRING (3176040.229 257249.688, 3176045.67 257252.072)	11	940	0	1611	false	2438	None
LINESTRING (3176045.67 257252.072, 3176053.682 257256.901)	11	940	0	1612	false	2438	None
LINESTRING (3176053.682 257256.901, 3176061.072 257262.559)	11	940	0	1613	false	2438	None
LINESTRING (3176061.072 257262.559, 3176068.878 257270.649)	11	940	0	1614	false	2438	None
LINESTRING (3176068.878 257270.649, 3176075.559 257279.847)	11	940	0	1615	false	2438	None
LINESTRING (3176075.559 257279.847, 3176090.057 257303.584)	11	940	0	1616	false	2438	None
LINESTRING (3176090.057 257303.584, 3176093.754 257310.889)	11	940	0	1617	false	2438	None
LINESTRING (3176093.754 257310.889, 3176096.738 257318.51)	11	940	0	1618	false	2438	None
LINESTRING (3176096.738 257318.51, 3176098.417 257326.452)	11	940	0	1619	false	2438	None
LINESTRING (3176098.417 257326.452, 3176099.108 257336.152)	11	940	0	1620	false	2438	None
LINESTRING (3176099.108 257336.152, 3176098.281 257345.969)	11	940	0	1621	false	2438	None
LINESTRING (3176098.281 257345.969, 3176095.71 257354.98)	11	940	0	1622	false	2438	None
LINESTRING (3176095.71 257354.98, 3176092.119 257363.589)	11	940	0	1623	false	2438	None
LINESTRING (3176092.119 257363.589, 3176070.231 257406.155)	11	940	0	1624	false	2438	None
LINESTRING (3176070.231 257406.155, 3176067.449 257415.202)	11	940	0	1625	false	2438	None
LINESTRING (3176067.449 257415.202, 3176066.638 257423.236)	11	940	0	1626	false	2438	None
LINESTRING (3176066.638 257423.236, 3176066.927 257431.465)	11	940	0	1627	false	2438	None
LINESTRING (3176066.927 257431.465, 3176067.974 257439.516)	11	940	0	1628	false	2438	None
LINESTRING (3176067.974 257439.516, 3176069.216 257443.586)	11	940	0	1629	false	2438	None
LINESTRING (3176069.216 257443.586, 3176070.506 257448.033)	11	940	0	1630	false	2438	None
LINESTRING (3176070.506 257448.033, 3176074.428 257456.262)	11	940	0	1631	false	2438	None
LINESTRING (3176074.428 257456.262, 3176083.281 257472.403)	11	940	0	1632	false	2438	None
LINESTRING (3176083.281 257472.403, 3176092.553 257491.215)	11	940	0	1633	false	2438	None
LINESTRING (3176092.553 257491.215, 3176102.915 257509.502)	11	940	0	1634	false	2438	None
LINESTRING (3176102.915 257509.502, 3176111.072 257521.43)	11	940	0	1635	false	2438	None
LINESTRING (3176111.072 257521.43, 3176120.028 257533.076)	11	940	0	1636	false	2438	None
LINESTRING (3176120.028 257533.076, 3176129.897 257543.65)	11	940	0	1637	false	2438	None
LINESTRING (3176129.897 257543.65, 3176141.488 257553.591)	11	940	0	1638	false	2438	None
LINESTRING (3176141.488 257553.591, 3176143.11 257554.708)	11	940	0	1639	false	2438	None
LINESTRING (3176143.11 257554.708, 3176153.908 257562.427)	11	940	0	1640	false	2438	None
LINESTRING (3176153.908 257562.427, 3176159.057 257565.054)	11	940	0	1641	false	2438	None
LINESTRING (3176159.057 257565.054, 3176167.785 257569.808)	11	940	0	1642	false	2438	None
LINESTRING (3176167.785 257569.808, 3176182.65 257575.43)	11	940	0	1643	false	2438	None
LINESTRING (3176182.65 257575.43, 3176197.804 257580.57)	11	940	0	1644	false	2438	None
LINESTRING (3176197.804 257580.57, 3176211.442 257586.067)	11	940	0	1645	false	2438	None
LINESTRING (3176211.442 257586.067, 3176212.506 257586.606)	11	940	0	1646	false	2438	None
LINESTRING (3176212.506 257586.606, 3176228.411 257594.071)	11	940	0	1647	false	2438	None
LINESTRING (3176228.411 257594.071, 3176231.388 257595.484)	11	940	0	1648	false	2438	None
LINESTRING (3176231.388 257595.484, 3176237.142 257599.065)	11	940	0	1649	false	2438	None
LINESTRING (3176237.142 257599.065, 3176245.351 257605.883)	11	940	0	1650	false	2438	None
LINESTRING (3176245.351 257605.883, 3176252.606 257613.875)	11	940	0	1651	false	2438	None
LINESTRING (3176252.606 257613.875, 3176265.866 257631.037)	11	940	0	1652	false	2438	None
LINESTRING (3176265.866 257631.037, 3176282.054 257654.964)	11	940	0	1653	false	2438	None
LINESTRING (3176282.054 257654.964, 3176290.931 257667.057)	11	940	0	1654	false	2438	None
LINESTRING (3176290.931 257667.057, 3176292.481 257669.1)	11	940	0	1655	false	2438	None
LINESTRING (3176292.481 257669.1, 3176295.538 257673.05)	11	940	0	1656	false	2438	None
LINESTRING (3176295.538 257673.05, 3176296.051 257673.491)	11	940	0	1657	false	2438	None
LINESTRING (3176296.051 257673.491, 3176300.807 257678.112)	11	940	0	1658	false	2438	None
LINESTRING (3176300.807 257678.112, 3176304.042 257679.865)	11	940	0	1659	false	2438	None
LINESTRING (3176304.042 257679.865, 3176308.851 257682.358)	11	940	0	1660	false	2438	None
LINESTRING (3176308.851 257682.358, 3176318.268 257685.116)	11	940	0	1661	false	2438	None
LINESTRING (3176318.268 257685.116, 3176326.964 257687.71)	11	940	0	1662	false	2438	None
LINESTRING (3176326.964 257687.71, 3176358.538 257698.013)	11	940	0	1663	false	2438	None
LINESTRING (3176358.538 257698.013, 3176373.916 257704.077)	11	940	0	1664	false	2438	None
LINESTRING (3176373.916 257704.077, 3176390.44 257713.457)	11	940	0	1665	false	2438	None
LINESTRING (3176390.44 257713.457, 3176398.58 257718.457)	11	940	0	1666	false	2438	None
LINESTRING (3176398.58 257718.457, 3176407.091 257722.768)	11	940	0	1667	false	2438	None
LINESTRING (3176407.091 257722.768, 3176416.78 257726.827)	11	940	0	1668	false	2438	None
LINESTRING (3176416.78 257726.827, 3176421.789 257728.564)	11	940	0	1669	false	2438	None
LINESTRING (3176421.789 257728.564, 3176426.835 257729.957)	11	940	0	1670	false	2438	None
LINESTRING (3176426.835 257729.957, 3176434.029 257730.884)	11	940	0	1671	false	2438	None
LINESTRING (3176434.029 257730.884, 3176435.51 257731.111)	11	940	0	1672	false	2438	None
LINESTRING (3176435.51 257731.111, 3176444.382 257731.268)	11	940	0	1673	false	2438	None
LINESTRING (3176444.382 257731.268, 3176453.291 257731.081)	11	940	0	1674	false	2438	None
LINESTRING (3176453.291 257731.081, 3176468.564 257729.943)	11	940	0	1675	false	2438	None
LINESTRING (3176468.564 257729.943, 3176499.034 257725.371)	11	940	0	1676	false	2438	E:3176482.218 257727.89422783066
LINESTRING (3176499.034 257725.371, 3176468.564 257729.943)	11	941	0	521	false	2266	E:3176482.218 257727.89422783066
LINESTRING (3176468.564 257729.943, 3176453.291 257731.081)	11	941	0	522	false	2266	None
LINESTRING (3176453.291 257731.081, 3176444.382 257731.268)	11	941	0	523	false	2266	None
LINESTRING (3176444.382 257731.268, 3176435.51 257731.111)	11	941	0	524	false	2266	None
LINESTRING (3176435.51 257731.111, 3176434.029 257730.884)	11	941	0	525	false	2266	None
LINESTRING (3176434.029 257730.884, 3176426.835 257729.957)	11	941	0	526	false	2266	None
LINESTRING (3176426.835 257729.957, 3176421.789 257728.564)	11	941	0	527	false	2266	None
LINESTRING (3176421.789 257728.564, 3176416.78 257726.827)	11	941	0	528	false	2266	None
LINESTRING (3176416.78 257726.827, 3176407.091 257722.768)	11	941	0	529	false	2266	None
LINESTRING (3176407.091 257722.768, 3176398.58 257718.457)	11	941	0	530	false	2266	None
LINESTRING (3176398.58 257718.457, 3176390.44 257713.457)	11	941	0	531	false	2266	None
LINESTRING (3176390.44 257713.457, 3176373.916 257704.077)	11	941	0	532	false	2266	None
LINESTRING (3176373.916 257704.077, 3176358.538 257698.013)	11	941	0	533	false	2266	None
LINESTRING (3176358.538 257698.013, 3176326.964 257687.71)	11	941	0	534	false	2266	None
LINESTRING (3176326.964 257687.71, 3176318.268 257685.116)	11	941	0	535	false	2266	None
LINESTRING (3176318.268 257685.116, 3176308.851 257682.358)	11	941	0	536	false	2266	None
LINESTRING (3176308.851 257682.358, 3176304.042 257679.865)	11	941	0	537	false	2266	None
LINESTRING (3176304.042 257679.865, 3176300.807 257678.112)	11	941	0	538	false	2266	None
LINESTRING (3176300.807 257678.112, 3176296.051 257673.491)	11	941	0	539	false	2266	None
LINESTRING (3176296.051 257673.491, 3176295.538 257673.05)	11	941	0	540	false	2266	None
LINESTRING (3176295.538 257673.05, 3176292.481 257669.1)	11	941	0	541	false	2266	None
LINESTRING (3176292.481 257669.1, 3176290.931 257667.057)	11	941	0	542	false	2266	None
LINESTRING (3176290.931 257667.057, 3176282.054 257654.964)	11	941	0	543	false	2266	None
LINESTRING (3176282.054 257654.964, 3176265.866 257631.037)	11	941	0	544	false	2266	None
LINESTRING (3176265.866 257631.037, 3176252.606 257613.875)	11	941	0	545	false	2266	None
LINESTRING (3176252.606 257613.875, 3176245.351 257605.883)	11	941	0	546	false	2266	None
LINESTRING (3176245.351 257605.883, 3176237.142 257599.065)	11	941	0	547	false	2266	None
LINESTRING (3176237.142 257599.065, 3176231.388 257595.484)	11	941	0	548	false	2266	None
LINESTRING (3176231.388 257595.484, 3176228.411 257594.071)	11	941	0	549	false	2266	None
LINESTRING (3176228.411 257594.071, 3176212.506 257586.606)	11	941	0	550	false	2266	None
LINESTRING (3176212.506 257586.606, 3176211.442 257586.067)	11	941	0	551	false	2266	None
LINESTRING (3176211.442 257586.067, 3176197.804 257580.57)	11	941	0	552	false	2266	None
LINESTRING (3176197.804 257580.57, 3176182.65 257575.43)	11	941	0	553	false	2266	None
LINESTRING (3176182.65 257575.43, 3176167.785 257569.808)	11	941	0	554	false	2266	None
LINESTRING (3176167.785 257569.808, 3176159.057 257565.054)	11	941	0	555	false	2266	None
LINESTRING (3176159.057 257565.054, 3176153.908 257562.427)	11	941	0	556	false	2266	None
LINESTRING (3176153.908 257562.427, 3176143.11 257554.708)	11	941	0	557	false	2266	None
LINESTRING (3176143.11 257554.708, 3176141.488 257553.591)	11	941	0	558	false	2266	None
LINESTRING (3176141.488 257553.591, 3176129.897 257543.65)	11	941	0	559	false	2266	None
LINESTRING (3176129.897 257543.65, 3176120.028 257533.076)	11	941	0	560	false	2266	None
LINESTRING (3176120.028 257533.076, 3176111.072 257521.43)	11	941	0	561	false	2266	None
LINESTRING (3176111.072 257521.43, 3176102.915 257509.502)	11	941	0	562	false	2266	None
LINESTRING (3176102.915 257509.502, 3176092.553 257491.215)	11	941	0	563	false	2266	None
LINESTRING (3176092.553 257491.215, 3176083.281 257472.403)	11	941	0	564	false	2266	None
LINESTRING (3176083.281 257472.403, 3176074.428 257456.262)	11	941	0	565	false	2266	None
LINESTRING (3176074.428 257456.262, 3176070.506 257448.033)	11	941	0	566	false	2266	None
LINESTRING (3176070.506 257448.033, 3176069.216 257443.586)	11	941	0	567	false	2266	None
LINESTRING (3176069.216 257443.586, 3176067.974 257439.516)	11	941	0	568	false	2266	None
LINESTRING (3176067.974 257439.516, 3176066.927 257431.465)	11	941	0	569	false	2266	None
LINESTRING (3176066.927 257431.465, 3176066.638 257423.236)	11	941	0	570	false	2266	None
LINESTRING (3176066.638 257423.236, 3176067.449 257415.202)	11	941	0	571	false	2266	None
LINESTRING (3176067.449 257415.202, 3176070.231 257406.155)	11	941	0	572	false	2266	None
LINESTRING (3176070.231 257406.155, 3176092.119 257363.589)	11	941	0	573	false	2266	None
LINESTRING (3176092.119 257363.589, 3176095.71 257354.98)	11	941	0	574	false	2266	None
LINESTRING (3176095.71 257354.98, 3176098.281 257345.969)	11	941	0	575	false	2266	None
LINESTRING (3176098.281 257345.969, 3176099.108 257336.152)	11	941	0	576	false	2266	None
LINESTRING (3176099.108 257336.152, 3176098.417 257326.452)	11	941	0	577	false	2266	None
LINESTRING (3176098.417 257326.452, 3176096.738 257318.51)	11	941	0	578	false	2266	None
LINESTRING (3176096.738 257318.51, 3176093.754 257310.889)	11	941	0	579	false	2266	None
LINESTRING (3176093.754 257310.889, 3176090.057 257303.584)	11	941	0	580	false	2266	None
LINESTRING (3176090.057 257303.584, 3176075.559 257279.847)	11	941	0	581	false	2266	None
LINESTRING (3176075.559 257279.847, 3176068.878 257270.649)	11	941	0	582	false	2266	None
LINESTRING (3176068.878 257270.649, 3176061.072 257262.559)	11	941	0	583	false	2266	None
LINESTRING (3176061.072 257262.559, 3176053.682 257256.901)	11	941	0	584	false	2266	None
LINESTRING (3176053.682 257256.901, 3176045.67 257252.072)	11	941	0	585	false	2266	None
LINESTRING (3176045.67 257252.072, 3176040.229 257249.688)	11	941	0	586	false	2266	None
LINESTRING (3176040.229 257249.688, 3176011.764 257241.209)	11	941	0	587	false	2266	None
LINESTRING (3176011.764 257241.209, 3175978.395 257232.469)	11	941	0	588	false	2266	None
LINESTRING (3175978.395 257232.469, 3175943.088 257221.174)	11	941	0	589	false	2266	None
LINESTRING (3175943.088 257221.174, 3175918.692 257210.84)	11	941	0	590	false	2266	None
LINESTRING (3175918.692 257210.84, 3175906.216 257206.876)	11	941	0	591	false	2266	None
LINESTRING (3175906.216 257206.876, 3175899.315 257205.706)	11	941	0	592	false	2266	None
LINESTRING (3175899.315 257205.706, 3175866.717 257203.476)	11	941	0	593	false	2266	None
LINESTRING (3175866.717 257203.476, 3175862.697 257202.965)	11	941	0	594	false	2266	None
LINESTRING (3175862.697 257202.965, 3175855.462 257202.141)	11	941	0	595	false	2266	None
LINESTRING (3175855.462 257202.141, 3175846.854 257199.821)	11	941	0	596	false	2266	None
LINESTRING (3175846.854 257199.821, 3175838.443 257196.505)	11	941	0	597	false	2266	None
LINESTRING (3175838.443 257196.505, 3175830.486 257192.533)	11	941	0	598	false	2266	None
LINESTRING (3175830.486 257192.533, 3175826.009 257189.694)	11	941	0	599	false	2266	None
LINESTRING (3175826.009 257189.694, 3175758.861 257129.927)	11	941	0	600	false	2266	None
LINESTRING (3175758.861 257129.927, 3175758.518 257129.553)	11	941	0	601	false	2266	None
LINESTRING (3175758.518 257129.553, 3175744.964 257118.362)	11	941	0	602	false	2266	None
LINESTRING (3175744.964 257118.362, 3175731.683 257108.472)	11	941	0	603	false	2266	None
LINESTRING (3175731.683 257108.472, 3175728.44 257106.239)	11	941	0	604	false	2266	None
LINESTRING (3175728.44 257106.239, 3175717.821 257099.308)	11	941	0	605	false	2266	None
LINESTRING (3175717.821 257099.308, 3175703.3 257091.316)	11	941	0	606	false	2266	None
LINESTRING (3175703.3 257091.316, 3175689.274 257085.309)	11	941	0	607	false	2266	None
LINESTRING (3175689.274 257085.309, 3175646.287 257068.84)	11	941	0	608	false	2266	None
LINESTRING (3175646.287 257068.84, 3175632.338 257062.387)	11	941	0	609	false	2266	None
LINESTRING (3175632.338 257062.387, 3175624.966 257057.929)	11	941	0	610	false	2266	None
LINESTRING (3175624.966 257057.929, 3175619.045 257054.521)	11	941	0	611	false	2266	None
LINESTRING (3175619.045 257054.521, 3175606.243 257045.656)	11	941	0	612	false	2266	None
LINESTRING (3175606.243 257045.656, 3175593.675 257035.45)	11	941	0	613	false	2266	None
LINESTRING (3175593.675 257035.45, 3175585.621 257027.741)	11	941	0	614	false	2266	None
LINESTRING (3175585.621 257027.741, 3175572.775 257013.011)	11	941	0	615	false	2266	None
LINESTRING (3175572.775 257013.011, 3175566.344 257003.673)	11	941	0	616	false	2266	None
LINESTRING (3175566.344 257003.673, 3175560.371 256993.92)	11	941	0	617	false	2266	None
LINESTRING (3175560.371 256993.92, 3175555.449 256983.745)	11	941	0	618	false	2266	None
LINESTRING (3175555.449 256983.745, 3175551.068 256970.204)	11	941	0	619	false	2266	None
LINESTRING (3175551.068 256970.204, 3175548.242 256956.202)	11	941	0	620	false	2266	None
LINESTRING (3175548.242 256956.202, 3175546.968 256944.244)	11	941	0	621	false	2266	None
LINESTRING (3175546.968 256944.244, 3175546.614 256920.237)	11	941	0	622	false	2266	None
LINESTRING (3175546.614 256920.237, 3175546.701 256917.527)	11	941	0	623	false	2266	None
LINESTRING (3175546.701 256917.527, 3175546.928 256898.522)	11	941	0	624	false	2266	None
LINESTRING (3175546.928 256898.522, 3175548.719 256876.793)	11	941	0	625	false	2266	None
LINESTRING (3175548.719 256876.793, 3175551.454 256858.897)	11	941	0	626	false	2266	None
LINESTRING (3175551.454 256858.897, 3175555.586 256841.194)	11	941	0	627	false	2266	None
LINESTRING (3175555.586 256841.194, 3175558.821 256831.49)	11	941	0	628	false	2266	None
LINESTRING (3175558.821 256831.49, 3175573.716 256793.208)	11	941	0	629	false	2266	None
LINESTRING (3175573.716 256793.208, 3175576.401 256783.407)	11	941	0	630	false	2266	None
LINESTRING (3175576.401 256783.407, 3175577.2 256777.397)	11	941	0	631	false	2266	None
LINESTRING (3175577.2 256777.397, 3175577.037 256749.169)	11	941	0	632	false	2266	None
LINESTRING (3175577.037 256749.169, 3175574.569 256719.317)	11	941	0	633	false	2266	None
LINESTRING (3175574.569 256719.317, 3175574.062 256679.26)	11	941	0	634	false	2266	None
LINESTRING (3175574.062 256679.26, 3175570.587 256658.438)	11	941	0	635	false	2266	None
LINESTRING (3175570.587 256658.438, 3175568.614 256650.739)	11	941	0	636	false	2266	None
LINESTRING (3175568.614 256650.739, 3175565.552 256643.565)	11	941	0	637	false	2266	None
LINESTRING (3175565.552 256643.565, 3175560.501 256636.205)	11	941	0	638	false	2266	None
LINESTRING (3175560.501 256636.205, 3175554.319 256629.472)	11	941	0	639	false	2266	None
LINESTRING (3175554.319 256629.472, 3175546.792 256623.163)	11	941	0	640	false	2266	None
LINESTRING (3175546.792 256623.163, 3175538.477 256617.857)	11	941	0	641	false	2266	None
LINESTRING (3175538.477 256617.857, 3175532.692 256615.099)	11	941	0	642	false	2266	None
LINESTRING (3175532.692 256615.099, 3175514.179 256608.518)	11	941	0	643	false	2266	None
LINESTRING (3175514.179 256608.518, 3175499.369 256601.009)	11	941	0	644	false	2266	None
LINESTRING (3175499.369 256601.009, 3175478.637 256584.365)	11	941	0	645	false	2266	None
LINESTRING (3175478.637 256584.365, 3175472.154 256580.139)	11	941	0	646	false	2266	None
LINESTRING (3175472.154 256580.139, 3175465.342 256576.499)	11	941	0	647	false	2266	None
LINESTRING (3175465.342 256576.499, 3175462.963 256575.561)	11	941	0	648	false	2266	None
LINESTRING (3175462.963 256575.561, 3175455.615 256572.784)	11	941	0	649	false	2266	None
LINESTRING (3175455.615 256572.784, 3175445.491 256570.822)	11	941	0	650	false	2266	None
LINESTRING (3175445.491 256570.822, 3175436.958 256570.8)	11	941	0	651	false	2266	None
LINESTRING (3175436.958 256570.8, 3175428.396 256571.602)	11	941	0	652	false	2266	None
LINESTRING (3175428.396 256571.602, 3175414.791 256574.235)	11	941	0	653	false	2266	None
LINESTRING (3175414.791 256574.235, 3175401.453 256577.689)	11	941	0	654	false	2266	None
LINESTRING (3175401.453 256577.689, 3175389.26 256581.475)	11	941	0	655	false	2266	None
LINESTRING (3175389.26 256581.475, 3175376.971 256584.507)	11	941	0	656	false	2266	None
LINESTRING (3175376.971 256584.507, 3175370.097 256585.258)	11	941	0	657	false	2266	None
LINESTRING (3175370.097 256585.258, 3175363.375 256584.876)	11	941	0	658	false	2266	None
LINESTRING (3175363.375 256584.876, 3175358.148 256582.697)	11	941	0	659	false	2266	None
LINESTRING (3175358.148 256582.697, 3175353.28 256579.107)	11	941	0	660	false	2266	None
LINESTRING (3175353.28 256579.107, 3175344.373 256573.807)	11	941	0	661	false	2266	None
LINESTRING (3175344.373 256573.807, 3175314.119 256561.643)	11	941	0	662	false	2266	None
LINESTRING (3175314.119 256561.643, 3175296.916 256552.237)	11	941	0	663	false	2266	None
LINESTRING (3175296.916 256552.237, 3175284.306 256542.136)	11	941	0	664	false	2266	None
LINESTRING (3175284.306 256542.136, 3175280.093 256537.134)	11	941	0	665	false	2266	None
LINESTRING (3175280.093 256537.134, 3175275.493 256528.877)	11	941	0	666	false	2266	None
LINESTRING (3175275.493 256528.877, 3175271.765 256522.396)	11	941	0	667	false	2266	None
LINESTRING (3175271.765 256522.396, 3175260.509 256489.677)	11	941	0	668	false	2266	None
LINESTRING (3175260.509 256489.677, 3175255.343 256477.379)	11	941	0	669	false	2266	None
LINESTRING (3175255.343 256477.379, 3175247.251 256464.284)	11	941	0	670	false	2266	None
LINESTRING (3175247.251 256464.284, 3175237.735 256452.061)	11	941	0	671	false	2266	None
LINESTRING (3175237.735 256452.061, 3175228.506 256442.099)	11	941	0	672	false	2266	None
LINESTRING (3175228.506 256442.099, 3175191.436 256406.129)	11	941	0	673	false	2266	S:3175215.6082782876 256429.584
