LINESTRING (3117137.683 220168.534, 3117140.508 220195.555)	44	1201	0	0	false	643	None
LINESTRING (3117140.508 220195.555, 3117138.738 220301.938)	44	1201	0	1	false	643	None
LINESTRING (3117138.738 220301.938, 3117136.968 220408.32)	44	1201	0	2	false	643	None
LINESTRING (3117136.968 220408.32, 3117117.571 220484.121)	44	1201	0	3	false	643	None
LINESTRING (3117117.571 220484.121, 3117081.659 220577.352)	44	1201	0	4	false	643	None
LINESTRING (3117081.659 220577.352, 3117066.252 220642.794)	44	1201	0	5	false	643	None
LINESTRING (3117066.252 220642.794, 3117047.409 220742.601)	44	1201	0	6	false	643	None
LINESTRING (3117047.409 220742.601, 3117028.566 220842.408)	44	1201	0	7	false	643	None
LINESTRING (3117028.566 220842.408, 3117013.713 220931.855)	44	1201	0	8	false	643	None
LINESTRING (3117013.713 220931.855, 3117002.296 220986.938)	44	1201	0	9	false	643	None
LINESTRING (3117002.296 220986.938, 3116986.888 221052.38)	44	1201	0	10	false	643	None
LINESTRING (3116986.888 221052.38, 3116958.402 221100.887)	44	1201	0	11	false	643	None
LINESTRING (3116958.402 221100.887, 3116946.984 221155.97)	44	1201	0	12	false	643	None
LINESTRING (3116946.984 221155.97, 3116932.13 221245.418)	44	1201	0	13	false	643	None
LINESTRING (3116932.13 221245.418, 3116929.8 221327.794)	44	1201	0	14	false	643	None
LINESTRING (3116929.8 221327.794, 3116927.47 221410.17)	44	1201	0	15	false	643	None
LINESTRING (3116927.47 221410.17, 3116925.139 221492.546)	44	1201	0	16	false	643	None
LINESTRING (3116925.139 221492.546, 3116918.265 221561.275)	44	1201	0	17	false	643	None
LINESTRING (3116918.265 221561.275, 3116894.874 221647.435)	44	1201	0	18	false	643	None
LINESTRING (3116894.874 221647.435, 3116875.474 221723.235)	44	1201	0	19	false	643	None
LINESTRING (3116875.474 221723.235, 3116843.549 221806.108)	44	1201	0	20	false	643	None
LINESTRING (3116843.549 221806.108, 3116816.168 221902.626)	44	1201	0	21	false	643	None
LINESTRING (3116816.168 221902.626, 3116801.31 221992.074)	44	1201	0	22	false	643	None
LINESTRING (3116801.31 221992.074, 3116806.958 222053.731)	44	1201	0	23	false	643	None
LINESTRING (3116806.958 222053.731, 3116804.072 222112.101)	44	1201	0	24	false	643	None
LINESTRING (3116804.072 222112.101, 3116788.109 222153.537)	44	1201	0	25	false	643	None
LINESTRING (3116788.109 222153.537, 3116781.232 222222.266)	44	1201	0	26	false	643	None
LINESTRING (3116781.232 222222.266, 3116786.327 222259.918)	44	1201	0	27	false	643	None
LINESTRING (3116786.327 222259.918, 3116770.364 222301.354)	44	1201	0	28	false	643	None
LINESTRING (3116770.364 222301.354, 3116746.42 222363.508)	44	1201	0	29	false	643	None
LINESTRING (3116746.42 222363.508, 3116722.475 222425.662)	44	1201	0	30	false	643	None
LINESTRING (3116722.475 222425.662, 3116719.588 222484.032)	44	1201	0	31	false	643	None
LINESTRING (3116719.588 222484.032, 3116716.7 222542.402)	44	1201	0	32	false	643	None
LINESTRING (3116716.7 222542.402, 3116714.364 222624.778)	44	1201	0	33	false	643	None
LINESTRING (3116714.364 222624.778, 3116700.054 222738.23)	44	1201	0	34	false	643	None
LINESTRING (3116700.054 222738.23, 3116677.211 222848.395)	44	1201	0	35	false	643	None
LINESTRING (3116677.211 222848.395, 3116670.883 222941.129)	44	1201	0	36	false	643	None
LINESTRING (3116670.883 222941.129, 3116660.562 223044.222)	44	1201	0	37	false	643	None
LINESTRING (3116660.562 223044.222, 3116670.747 223119.525)	44	1201	0	38	false	643	None
LINESTRING (3116670.747 223119.525, 3116667.856 223177.895)	44	1201	0	39	false	643	None
LINESTRING (3116667.856 223177.895, 3116662.084 223261.802)	44	1201	0	40	false	643	None
LINESTRING (3116662.084 223261.802, 3116661.525 223270.628)	44	1201	0	41	false	643	None
LINESTRING (3116661.525 223270.628, 3116647.212 223384.08)	44	1201	0	42	false	643	None
LINESTRING (3116647.212 223384.08, 3116644.87 223466.455)	44	1201	0	43	false	643	None
LINESTRING (3116644.87 223466.455, 3116638.538 223559.189)	44	1201	0	44	false	643	None
LINESTRING (3116638.538 223559.189, 3116631.654 223627.917)	44	1201	0	45	false	643	None
LINESTRING (3116631.654 223627.917, 3116650.367 223706.507)	44	1201	0	46	false	643	None
LINESTRING (3116650.367 223706.507, 3116664.538 223771.451)	44	1201	0	47	false	643	None
LINESTRING (3116664.538 223771.451, 3116662.743 223877.831)	44	1201	0	48	false	643	None
LINESTRING (3116662.743 223877.831, 3116643.885 223977.636)	44	1201	0	49	false	643	None
LINESTRING (3116643.885 223977.636, 3116624.477 224053.436)	44	1201	0	50	false	643	None
LINESTRING (3116624.477 224053.436, 3116596.537 224125.948)	44	1201	0	51	false	643	None
LINESTRING (3116596.537 224125.948, 3116586.208 224229.04)	44	1201	0	52	false	643	None
LINESTRING (3116586.208 224229.04, 3116582.217 224239.399)	44	1201	0	53	false	643	None
LINESTRING (3116582.217 224239.399, 3116463.724 224419.784)	44	1201	0	54	false	643	None
LINESTRING (3116463.724 224419.784, 3116260.15 225021.61)	44	1201	0	55	false	643	None
LINESTRING (3116260.15 225021.61, 3116120.57 225433.952)	44	1201	0	56	false	643	N:3116251.6921036905 225046.596
LINESTRING (3112304.738 217514.141, 3112636.592 217643.875)	44	1201	0	586	false	643	W:3112314.717 217518.04216010668
LINESTRING (3112636.592 217643.875, 3113632.073 218033.022)	44	1201	0	587	false	643	None
LINESTRING (3113632.073 218033.022, 3113963.779 218162.881)	44	1201	0	588	false	643	None
LINESTRING (3113963.779 218162.881, 3114098.14 218215.404)	44	1201	0	589	false	643	None
LINESTRING (3114098.14 218215.404, 3114501.219 218372.985)	44	1201	0	590	false	643	None
LINESTRING (3114501.219 218372.985, 3114635.451 218425.587)	44	1201	0	591	false	643	None
LINESTRING (3114635.451 218425.587, 3114740.991 218466.913)	44	1201	0	592	false	643	None
LINESTRING (3114740.991 218466.913, 3115057.398 218590.936)	44	1201	0	593	false	643	None
LINESTRING (3115057.398 218590.936, 3115162.81 218632.338)	44	1201	0	594	false	643	None
LINESTRING (3115162.81 218632.338, 3115313.812 218689.504)	44	1201	0	595	false	643	None
LINESTRING (3115313.812 218689.504, 3115460.549 218745.27)	44	1201	0	596	false	643	None
LINESTRING (3115460.549 218745.27, 3115766.884 218860.572)	44	1201	0	597	false	643	None
LINESTRING (3115766.884 218860.572, 3115842.977 218889.27)	44	1201	0	598	false	643	None
LINESTRING (3115842.977 218889.27, 3115880.264 218799.542)	44	1201	0	599	false	643	None
LINESTRING (3115880.264 218799.542, 3115885.83 218786.103)	44	1201	0	600	false	643	None
LINESTRING (3115885.83 218786.103, 3115921.855 218689.466)	44	1201	0	601	false	643	None
LINESTRING (3115921.855 218689.466, 3116045.058 218358.991)	44	1201	0	602	false	643	None
LINESTRING (3116045.058 218358.991, 3116086.012 218248.789)	44	1201	0	603	false	643	None
LINESTRING (3116086.012 218248.789, 3116113.798 218174.318)	44	1201	0	604	false	643	None
LINESTRING (3116113.798 218174.318, 3116128.446 218134.994)	44	1201	0	605	false	643	None
LINESTRING (3116128.446 218134.994, 3116277.753 218197.113)	44	1201	0	606	false	643	None
LINESTRING (3116277.753 218197.113, 3116338.12 218222.375)	44	1201	0	607	false	643	None
LINESTRING (3116338.12 218222.375, 3116342.157 218221.312)	44	1201	0	608	false	643	None
LINESTRING (3116342.157 218221.312, 3116348.425 218219.8)	44	1201	0	609	false	643	None
LINESTRING (3116348.425 218219.8, 3116353.77 218220.431)	44	1201	0	610	false	643	None
LINESTRING (3116353.77 218220.431, 3116357.549 218221.053)	44	1201	0	611	false	643	None
LINESTRING (3116357.549 218221.053, 3116366.463 218222.344)	44	1201	0	612	false	643	None
LINESTRING (3116366.463 218222.344, 3116393.711 218231.526)	44	1201	0	613	false	643	None
LINESTRING (3116393.711 218231.526, 3116428.948 218245.925)	44	1201	0	614	false	643	None
LINESTRING (3116428.948 218245.925, 3116465.813 218261.189)	44	1201	0	615	false	643	None
LINESTRING (3116465.813 218261.189, 3116584.407 218307.088)	44	1201	0	616	false	643	None
LINESTRING (3116584.407 218307.088, 3116640.898 218327.649)	44	1201	0	617	false	643	None
LINESTRING (3116640.898 218327.649, 3116656.431 218333.392)	44	1201	0	618	false	643	None
LINESTRING (3116656.431 218333.392, 3116699.848 218348.444)	44	1201	0	619	false	643	None
LINESTRING (3116699.848 218348.444, 3116711.903 218353.8)	44	1201	0	620	false	643	None
LINESTRING (3116711.903 218353.8, 3116855.068 218403.098)	44	1201	0	621	false	643	None
LINESTRING (3116855.068 218403.098, 3117284.56 218551.008)	44	1201	0	622	false	643	None
LINESTRING (3117284.56 218551.008, 3117427.597 218600.388)	44	1201	0	623	false	643	None
LINESTRING (3117427.597 218600.388, 3117425.407 218609.893)	44	1201	0	624	false	643	None
LINESTRING (3117425.407 218609.893, 3117421.391 218626.428)	44	1201	0	625	false	643	None
LINESTRING (3117421.391 218626.428, 3117416.963 218637.927)	44	1201	0	626	false	643	None
LINESTRING (3117416.963 218637.927, 3117413.412 218647.146)	44	1201	0	627	false	643	None
LINESTRING (3117413.412 218647.146, 3117411.417 218652.326)	44	1201	0	628	false	643	None
LINESTRING (3117411.417 218652.326, 3117409.422 218657.505)	44	1201	0	629	false	643	None
LINESTRING (3117409.422 218657.505, 3117413.97 218671.152)	44	1201	0	630	false	643	None
LINESTRING (3117413.97 218671.152, 3117399.126 218760.601)	44	1201	0	631	false	643	None
LINESTRING (3117399.126 218760.601, 3117388.271 218839.69)	44	1201	0	632	false	643	None
LINESTRING (3117388.271 218839.69, 3117380.849 218884.414)	44	1201	0	633	false	643	None
LINESTRING (3117380.849 218884.414, 3117362.014 218984.222)	44	1201	0	634	false	643	None
LINESTRING (3117362.014 218984.222, 3117250.108 219631.078)	44	1201	0	635	false	643	None
LINESTRING (3117250.108 219631.078, 3117234.704 219696.52)	44	1201	0	636	false	643	None
LINESTRING (3117234.704 219696.52, 3117227.836 219765.25)	44	1201	0	637	false	643	None
LINESTRING (3117227.836 219765.25, 3117228.948 219813.262)	44	1201	0	638	false	643	None
LINESTRING (3117228.948 219813.262, 3117217.533 219868.345)	44	1201	0	639	false	643	None
LINESTRING (3117217.533 219868.345, 3117169.096 219968.647)	44	1201	0	640	false	643	None
LINESTRING (3117169.096 219968.647, 3117137.175 220051.52)	44	1201	0	641	false	643	None
LINESTRING (3117137.175 220051.52, 3117129.751 220096.244)	44	1201	0	642	false	643	None
LINESTRING (3117129.751 220096.244, 3117137.683 220168.534)	44	1201	0	643	false	643	None
LINESTRING (3118735.889 225236.139, 3118973.743 224596.722)	44	1613	0	78	false	645	N:3118806.396291364 225046.596
LINESTRING (3118973.743 224596.722, 3119002.961 224518.159)	44	1613	0	79	false	645	None
LINESTRING (3119002.961 224518.159, 3118755.211 224418.579)	44	1613	0	80	false	645	None
LINESTRING (3118755.211 224418.579, 3118663.508 224381.673)	44	1613	0	81	false	645	None
LINESTRING (3118663.508 224381.673, 3118388.231 224271.136)	44	1613	0	82	false	645	None
LINESTRING (3118388.231 224271.136, 3118296.401 224234.305)	44	1613	0	83	false	645	None
LINESTRING (3118296.401 224234.305, 3118140.643 224171.641)	44	1613	0	84	false	645	None
LINESTRING (3118140.643 224171.641, 3117673.111 223983.808)	44	1613	0	85	false	645	None
LINESTRING (3117673.111 223983.808, 3117534.934 223928.41)	44	1613	0	86	false	645	None
LINESTRING (3117534.934 223928.41, 3117526.846 223950.158)	44	1613	0	87	false	645	None
LINESTRING (3117526.846 223950.158, 3117526.692 223950.812)	44	1613	0	88	false	645	None
LINESTRING (3117526.692 223950.812, 3117525.933 223952.78)	44	1613	0	89	false	645	None
LINESTRING (3117525.933 223952.78, 3117525.654 223953.505)	44	1613	0	90	false	645	None
LINESTRING (3117525.654 223953.505, 3117377.622 224350.808)	44	1613	0	91	false	645	None
LINESTRING (3117377.622 224350.808, 3117260.094 224667.188)	44	1613	0	92	false	645	None
LINESTRING (3117260.094 224667.188, 3117055.983 224612.318)	44	1613	0	93	false	645	None
LINESTRING (3117055.983 224612.318, 3117017.867 224609.526)	44	1613	0	94	false	645	None
LINESTRING (3117017.867 224609.526, 3116967.498 224592.256)	44	1613	0	95	false	645	None
LINESTRING (3116967.498 224592.256, 3116463.724 224419.784)	44	1613	0	96	false	645	None
LINESTRING (3116463.724 224419.784, 3116582.217 224239.399)	44	1613	0	97	false	645	None
LINESTRING (3116582.217 224239.399, 3116586.208 224229.04)	44	1613	0	98	false	645	None
LINESTRING (3116586.208 224229.04, 3116596.537 224125.948)	44	1613	0	99	false	645	None
LINESTRING (3116596.537 224125.948, 3116624.477 224053.436)	44	1613	0	100	false	645	None
LINESTRING (3116624.477 224053.436, 3116643.885 223977.636)	44	1613	0	101	false	645	None
LINESTRING (3116643.885 223977.636, 3116662.743 223877.831)	44	1613	0	102	false	645	None
LINESTRING (3116662.743 223877.831, 3116664.538 223771.451)	44	1613	0	103	false	645	None
LINESTRING (3116664.538 223771.451, 3116650.367 223706.507)	44	1613	0	104	false	645	None
LINESTRING (3116650.367 223706.507, 3116631.654 223627.917)	44	1613	0	105	false	645	None
LINESTRING (3116631.654 223627.917, 3116638.538 223559.189)	44	1613	0	106	false	645	None
LINESTRING (3116638.538 223559.189, 3116644.87 223466.455)	44	1613	0	107	false	645	None
LINESTRING (3116644.87 223466.455, 3116647.212 223384.08)	44	1613	0	108	false	645	None
LINESTRING (3116647.212 223384.08, 3116661.525 223270.628)	44	1613	0	109	false	645	None
LINESTRING (3116661.525 223270.628, 3116662.084 223261.802)	44	1613	0	110	false	645	None
LINESTRING (3116662.084 223261.802, 3116667.856 223177.895)	44	1613	0	111	false	645	None
LINESTRING (3116667.856 223177.895, 3116670.747 223119.525)	44	1613	0	112	false	645	None
LINESTRING (3116670.747 223119.525, 3116660.562 223044.222)	44	1613	0	113	false	645	None
LINESTRING (3116660.562 223044.222, 3116670.883 222941.129)	44	1613	0	114	false	645	None
LINESTRING (3116670.883 222941.129, 3116677.211 222848.395)	44	1613	0	115	false	645	None
LINESTRING (3116677.211 222848.395, 3116700.054 222738.23)	44	1613	0	116	false	645	None
LINESTRING (3116700.054 222738.23, 3116714.364 222624.778)	44	1613	0	117	false	645	None
LINESTRING (3116714.364 222624.778, 3116716.7 222542.402)	44	1613	0	118	false	645	None
LINESTRING (3116716.7 222542.402, 3116719.588 222484.032)	44	1613	0	119	false	645	None
LINESTRING (3116719.588 222484.032, 3116722.475 222425.662)	44	1613	0	120	false	645	None
LINESTRING (3116722.475 222425.662, 3116746.42 222363.508)	44	1613	0	121	false	645	None
LINESTRING (3116746.42 222363.508, 3116770.364 222301.354)	44	1613	0	122	false	645	None
LINESTRING (3116770.364 222301.354, 3116786.327 222259.918)	44	1613	0	123	false	645	None
LINESTRING (3116786.327 222259.918, 3116781.232 222222.266)	44	1613	0	124	false	645	None
LINESTRING (3116781.232 222222.266, 3116788.109 222153.537)	44	1613	0	125	false	645	None
LINESTRING (3116788.109 222153.537, 3116804.072 222112.101)	44	1613	0	126	false	645	None
LINESTRING (3116804.072 222112.101, 3116806.958 222053.731)	44	1613	0	127	false	645	None
LINESTRING (3116806.958 222053.731, 3116801.31 221992.074)	44	1613	0	128	false	645	None
LINESTRING (3116801.31 221992.074, 3116816.168 221902.626)	44	1613	0	129	false	645	None
LINESTRING (3116816.168 221902.626, 3116843.549 221806.108)	44	1613	0	130	false	645	None
LINESTRING (3116843.549 221806.108, 3116875.474 221723.235)	44	1613	0	131	false	645	None
LINESTRING (3116875.474 221723.235, 3116894.874 221647.435)	44	1613	0	132	false	645	None
LINESTRING (3116894.874 221647.435, 3116918.265 221561.275)	44	1613	0	133	false	645	None
LINESTRING (3116918.265 221561.275, 3116925.139 221492.546)	44	1613	0	134	false	645	None
LINESTRING (3116925.139 221492.546, 3116927.47 221410.17)	44	1613	0	135	false	645	None
LINESTRING (3116927.47 221410.17, 3116929.8 221327.794)	44	1613	0	136	false	645	None
LINESTRING (3116929.8 221327.794, 3116932.13 221245.418)	44	1613	0	137	false	645	None
LINESTRING (3116932.13 221245.418, 3116946.984 221155.97)	44	1613	0	138	false	645	None
LINESTRING (3116946.984 221155.97, 3116958.402 221100.887)	44	1613	0	139	false	645	None
LINESTRING (3116958.402 221100.887, 3116986.888 221052.38)	44	1613	0	140	false	645	None
LINESTRING (3116986.888 221052.38, 3117002.296 220986.938)	44	1613	0	141	false	645	None
LINESTRING (3117002.296 220986.938, 3117013.713 220931.855)	44	1613	0	142	false	645	None
LINESTRING (3117013.713 220931.855, 3117028.566 220842.408)	44	1613	0	143	false	645	None
LINESTRING (3117028.566 220842.408, 3117047.409 220742.601)	44	1613	0	144	false	645	None
LINESTRING (3117047.409 220742.601, 3117066.252 220642.794)	44	1613	0	145	false	645	None
LINESTRING (3117066.252 220642.794, 3117081.659 220577.352)	44	1613	0	146	false	645	None
LINESTRING (3117081.659 220577.352, 3117117.571 220484.121)	44	1613	0	147	false	645	None
LINESTRING (3117117.571 220484.121, 3117136.968 220408.32)	44	1613	0	148	false	645	None
LINESTRING (3117136.968 220408.32, 3117138.738 220301.938)	44	1613	0	149	false	645	None
LINESTRING (3117138.738 220301.938, 3117140.508 220195.555)	44	1613	0	150	false	645	None
LINESTRING (3117140.508 220195.555, 3117137.683 220168.534)	44	1613	0	151	false	645	None
LINESTRING (3117137.683 220168.534, 3117129.751 220096.244)	44	1613	0	152	false	645	None
LINESTRING (3117129.751 220096.244, 3117137.175 220051.52)	44	1613	0	153	false	645	None
LINESTRING (3117137.175 220051.52, 3117169.096 219968.647)	44	1613	0	154	false	645	None
LINESTRING (3117169.096 219968.647, 3117217.533 219868.345)	44	1613	0	155	false	645	None
LINESTRING (3117217.533 219868.345, 3117228.948 219813.262)	44	1613	0	156	false	645	None
LINESTRING (3117228.948 219813.262, 3117227.836 219765.25)	44	1613	0	157	false	645	None
LINESTRING (3117227.836 219765.25, 3117234.704 219696.52)	44	1613	0	158	false	645	None
LINESTRING (3117234.704 219696.52, 3117250.108 219631.078)	44	1613	0	159	false	645	None
LINESTRING (3117250.108 219631.078, 3117362.014 218984.222)	44	1613	0	160	false	645	None
LINESTRING (3117362.014 218984.222, 3117380.849 218884.414)	44	1613	0	161	false	645	None
LINESTRING (3117380.849 218884.414, 3117388.271 218839.69)	44	1613	0	162	false	645	None
LINESTRING (3117388.271 218839.69, 3117399.126 218760.601)	44	1613	0	163	false	645	None
LINESTRING (3117399.126 218760.601, 3117413.97 218671.152)	44	1613	0	164	false	645	None
LINESTRING (3117413.97 218671.152, 3117409.422 218657.505)	44	1613	0	165	false	645	None
LINESTRING (3117409.422 218657.505, 3117411.417 218652.326)	44	1613	0	166	false	645	None
LINESTRING (3117411.417 218652.326, 3117413.412 218647.146)	44	1613	0	167	false	645	None
LINESTRING (3117413.412 218647.146, 3117416.963 218637.927)	44	1613	0	168	false	645	None
LINESTRING (3117416.963 218637.927, 3117421.391 218626.428)	44	1613	0	169	false	645	None
LINESTRING (3117421.391 218626.428, 3117425.407 218609.893)	44	1613	0	170	false	645	None
LINESTRING (3117425.407 218609.893, 3117427.597 218600.388)	44	1613	0	171	false	645	None
LINESTRING (3117427.597 218600.388, 3117436.793 218560.986)	44	1613	0	172	false	645	None
LINESTRING (3117436.793 218560.986, 3117443.098 218468.249)	44	1613	0	173	false	645	None
LINESTRING (3117443.098 218468.249, 3117436.876 218382.583)	44	1613	0	174	false	645	None
LINESTRING (3117436.876 218382.583, 3117409.03 218276.694)	44	1613	0	175	false	645	None
LINESTRING (3117409.03 218276.694, 3117396.192 218164.927)	44	1613	0	176	false	645	None
LINESTRING (3117396.192 218164.927, 3117393.151 218139.727)	44	1613	0	177	false	645	None
LINESTRING (3117393.151 218139.727, 3117390.317 218019.799)	44	1613	0	178	false	645	None
LINESTRING (3117390.317 218019.799, 3117388.081 217923.774)	44	1613	0	179	false	645	None
LINESTRING (3117388.081 217923.774, 3117381.295 217814.101)	44	1613	0	180	false	645	None
LINESTRING (3117381.295 217814.101, 3117348.893 217694.565)	44	1613	0	181	false	645	None
LINESTRING (3117348.893 217694.565, 3117312.975 217609.361)	44	1613	0	182	false	645	None
LINESTRING (3117312.975 217609.361, 3117281.13 217513.83)	44	1613	0	183	false	645	None
LINESTRING (3117281.13 217513.83, 3117274.339 217404.158)	44	1613	0	184	false	645	None
LINESTRING (3117274.339 217404.158, 3117285.185 217325.067)	44	1613	0	185	false	645	None
LINESTRING (3117285.185 217325.067, 3117290.92 217208.323)	44	1613	0	186	false	645	None
LINESTRING (3117290.92 217208.323, 3117290.449 217204.454)	44	1613	0	187	false	645	None
LINESTRING (3117290.449 217204.454, 3117280.698 217133.016)	44	1613	0	188	false	645	S:3117289.956931983 217200.849
LINESTRING (3119002.961 224518.159, 3118973.743 224596.722)	44	1627	0	0	false	712	None
LINESTRING (3118973.743 224596.722, 3118735.889 225236.139)	44	1627	0	1	false	712	N:3118806.396291364 225046.596
LINESTRING (3116120.57 225433.952, 3116260.15 225021.61)	44	1627	0	694	false	712	N:3116251.6921036905 225046.596
LINESTRING (3116260.15 225021.61, 3116463.724 224419.784)	44	1627	0	695	false	712	None
LINESTRING (3116463.724 224419.784, 3116967.498 224592.256)	44	1627	0	696	false	712	None
LINESTRING (3116967.498 224592.256, 3117017.867 224609.526)	44	1627	0	697	false	712	None
LINESTRING (3117017.867 224609.526, 3117055.983 224612.318)	44	1627	0	698	false	712	None
LINESTRING (3117055.983 224612.318, 3117260.094 224667.188)	44	1627	0	699	false	712	None
LINESTRING (3117260.094 224667.188, 3117377.622 224350.808)	44	1627	0	700	false	712	None
LINESTRING (3117377.622 224350.808, 3117525.654 223953.505)	44	1627	0	701	false	712	None
LINESTRING (3117525.654 223953.505, 3117525.933 223952.78)	44	1627	0	702	false	712	None
LINESTRING (3117525.933 223952.78, 3117526.692 223950.812)	44	1627	0	703	false	712	None
LINESTRING (3117526.692 223950.812, 3117526.846 223950.158)	44	1627	0	704	false	712	None
LINESTRING (3117526.846 223950.158, 3117534.934 223928.41)	44	1627	0	705	false	712	None
LINESTRING (3117534.934 223928.41, 3117673.111 223983.808)	44	1627	0	706	false	712	None
LINESTRING (3117673.111 223983.808, 3118140.643 224171.641)	44	1627	0	707	false	712	None
LINESTRING (3118140.643 224171.641, 3118296.401 224234.305)	44	1627	0	708	false	712	None
LINESTRING (3118296.401 224234.305, 3118388.231 224271.136)	44	1627	0	709	false	712	None
LINESTRING (3118388.231 224271.136, 3118663.508 224381.673)	44	1627	0	710	false	712	None
LINESTRING (3118663.508 224381.673, 3118755.211 224418.579)	44	1627	0	711	false	712	None
LINESTRING (3118755.211 224418.579, 3119002.961 224518.159)	44	1627	0	712	false	712	None
LINESTRING (3117290.449 217204.454, 3117290.92 217208.323)	44	313	0	0	false	686	None
LINESTRING (3117290.92 217208.323, 3117285.185 217325.067)	44	313	0	1	false	686	None
LINESTRING (3117285.185 217325.067, 3117274.339 217404.158)	44	313	0	2	false	686	None
LINESTRING (3117274.339 217404.158, 3117281.13 217513.83)	44	313	0	3	false	686	None
LINESTRING (3117281.13 217513.83, 3117312.975 217609.361)	44	313	0	4	false	686	None
LINESTRING (3117312.975 217609.361, 3117348.893 217694.565)	44	313	0	5	false	686	None
LINESTRING (3117348.893 217694.565, 3117381.295 217814.101)	44	313	0	6	false	686	None
LINESTRING (3117381.295 217814.101, 3117388.081 217923.774)	44	313	0	7	false	686	None
LINESTRING (3117388.081 217923.774, 3117390.317 218019.799)	44	313	0	8	false	686	None
LINESTRING (3117390.317 218019.799, 3117393.151 218139.727)	44	313	0	9	false	686	None
LINESTRING (3117393.151 218139.727, 3117396.192 218164.927)	44	313	0	10	false	686	None
LINESTRING (3117396.192 218164.927, 3117409.03 218276.694)	44	313	0	11	false	686	None
LINESTRING (3117409.03 218276.694, 3117436.876 218382.583)	44	313	0	12	false	686	None
LINESTRING (3117436.876 218382.583, 3117443.098 218468.249)	44	313	0	13	false	686	None
LINESTRING (3117443.098 218468.249, 3117436.793 218560.986)	44	313	0	14	false	686	None
LINESTRING (3117436.793 218560.986, 3117427.597 218600.388)	44	313	0	15	false	686	None
LINESTRING (3117427.597 218600.388, 3117284.56 218551.008)	44	313	0	16	false	686	None
LINESTRING (3117284.56 218551.008, 3116855.068 218403.098)	44	313	0	17	false	686	None
LINESTRING (3116855.068 218403.098, 3116711.903 218353.8)	44	313	0	18	false	686	None
LINESTRING (3116711.903 218353.8, 3116699.848 218348.444)	44	313	0	19	false	686	None
LINESTRING (3116699.848 218348.444, 3116656.431 218333.392)	44	313	0	20	false	686	None
LINESTRING (3116656.431 218333.392, 3116640.898 218327.649)	44	313	0	21	false	686	None
LINESTRING (3116640.898 218327.649, 3116584.407 218307.088)	44	313	0	22	false	686	None
LINESTRING (3116584.407 218307.088, 3116465.813 218261.189)	44	313	0	23	false	686	None
LINESTRING (3116465.813 218261.189, 3116428.948 218245.925)	44	313	0	24	false	686	None
LINESTRING (3116428.948 218245.925, 3116393.711 218231.526)	44	313	0	25	false	686	None
LINESTRING (3116393.711 218231.526, 3116366.463 218222.344)	44	313	0	26	false	686	None
LINESTRING (3116366.463 218222.344, 3116357.549 218221.053)	44	313	0	27	false	686	None
LINESTRING (3116357.549 218221.053, 3116353.77 218220.431)	44	313	0	28	false	686	None
LINESTRING (3116353.77 218220.431, 3116348.425 218219.8)	44	313	0	29	false	686	None
LINESTRING (3116348.425 218219.8, 3116342.157 218221.312)	44	313	0	30	false	686	None
LINESTRING (3116342.157 218221.312, 3116338.12 218222.375)	44	313	0	31	false	686	None
LINESTRING (3116338.12 218222.375, 3116277.753 218197.113)	44	313	0	32	false	686	None
LINESTRING (3116277.753 218197.113, 3116128.446 218134.994)	44	313	0	33	false	686	None
LINESTRING (3116128.446 218134.994, 3116113.798 218174.318)	44	313	0	34	false	686	None
LINESTRING (3116113.798 218174.318, 3116086.012 218248.789)	44	313	0	35	false	686	None
LINESTRING (3116086.012 218248.789, 3116045.058 218358.991)	44	313	0	36	false	686	None
LINESTRING (3116045.058 218358.991, 3115921.855 218689.466)	44	313	0	37	false	686	None
LINESTRING (3115921.855 218689.466, 3115885.83 218786.103)	44	313	0	38	false	686	None
LINESTRING (3115885.83 218786.103, 3115880.264 218799.542)	44	313	0	39	false	686	None
LINESTRING (3115880.264 218799.542, 3115842.977 218889.27)	44	313	0	40	false	686	None
LINESTRING (3115842.977 218889.27, 3115766.884 218860.572)	44	313	0	41	false	686	None
LINESTRING (3115766.884 218860.572, 3115460.549 218745.27)	44	313	0	42	false	686	None
LINESTRING (3115460.549 218745.27, 3115313.812 218689.504)	44	313	0	43	false	686	None
LINESTRING (3115313.812 218689.504, 3115162.81 218632.338)	44	313	0	44	false	686	None
LINESTRING (3115162.81 218632.338, 3115057.398 218590.936)	44	313	0	45	false	686	None
LINESTRING (3115057.398 218590.936, 3114740.991 218466.913)	44	313	0	46	false	686	None
LINESTRING (3114740.991 218466.913, 3114635.451 218425.587)	44	313	0	47	false	686	None
LINESTRING (3114635.451 218425.587, 3114501.219 218372.985)	44	313	0	48	false	686	None
LINESTRING (3114501.219 218372.985, 3114098.14 218215.404)	44	313	0	49	false	686	None
LINESTRING (3114098.14 218215.404, 3113963.779 218162.881)	44	313	0	50	false	686	None
LINESTRING (3113963.779 218162.881, 3113978.952 218131.847)	44	313	0	51	false	686	None
LINESTRING (3113978.952 218131.847, 3114055.829 217960.294)	44	313	0	52	false	686	None
LINESTRING (3114055.829 217960.294, 3114071.327 217926.887)	44	313	0	53	false	686	None
LINESTRING (3114071.327 217926.887, 3114077.317 217911.827)	44	313	0	54	false	686	None
LINESTRING (3114077.317 217911.827, 3114085.266 217888.361)	44	313	0	55	false	686	None
LINESTRING (3114085.266 217888.361, 3114089.651 217868.044)	44	313	0	56	false	686	None
LINESTRING (3114089.651 217868.044, 3114092.745 217841.403)	44	313	0	57	false	686	None
LINESTRING (3114092.745 217841.403, 3114094.389 217796.362)	44	313	0	58	false	686	None
LINESTRING (3114094.389 217796.362, 3114094.6 217733.644)	44	313	0	59	false	686	None
LINESTRING (3114094.6 217733.644, 3114094.248 217731.248)	44	313	0	60	false	686	None
LINESTRING (3114094.248 217731.248, 3114091.261 217712.258)	44	313	0	61	false	686	None
LINESTRING (3114091.261 217712.258, 3114077.655 217607.234)	44	313	0	62	false	686	None
LINESTRING (3114077.655 217607.234, 3114070.989 217532.831)	44	313	0	63	false	686	None
LINESTRING (3114070.989 217532.831, 3114072.898 217515.13)	44	313	0	64	false	686	None
LINESTRING (3114072.898 217515.13, 3114080.346 217488.379)	44	313	0	65	false	686	None
LINESTRING (3114080.346 217488.379, 3114088.015 217467.423)	44	313	0	66	false	686	None
LINESTRING (3114088.015 217467.423, 3114120.11 217386.284)	44	313	0	67	false	686	None
LINESTRING (3114120.11 217386.284, 3114127.022 217372.648)	44	313	0	68	false	686	None
LINESTRING (3114127.022 217372.648, 3114134.161 217361.479)	44	313	0	69	false	686	None
LINESTRING (3114134.161 217361.479, 3114135.597 217338.125)	44	313	0	70	false	686	None
LINESTRING (3114135.597 217338.125, 3114137.796 217313.042)	44	313	0	71	false	686	None
LINESTRING (3114137.796 217313.042, 3114144.005 217264.287)	44	313	0	72	false	686	None
LINESTRING (3114144.005 217264.287, 3114147.142 217250.27)	44	313	0	73	false	686	None
LINESTRING (3114147.142 217250.27, 3114155.433 217221.583)	44	313	0	74	false	686	None
LINESTRING (3114155.433 217221.583, 3114167.225 217171.052)	44	313	0	75	false	686	S:3114160.271521462 217200.849
LINESTRING (3117280.698 217133.016, 3117290.449 217204.454)	44	313	0	686	false	686	S:3117289.956931983 217200.849
LINESTRING (3114167.225 217171.052, 3114155.433 217221.583)	44	315	0	104	false	449	S:3114160.271521462 217200.849
LINESTRING (3114155.433 217221.583, 3114147.142 217250.27)	44	315	0	105	false	449	None
LINESTRING (3114147.142 217250.27, 3114144.005 217264.287)	44	315	0	106	false	449	None
LINESTRING (3114144.005 217264.287, 3114137.796 217313.042)	44	315	0	107	false	449	None
LINESTRING (3114137.796 217313.042, 3114135.597 217338.125)	44	315	0	108	false	449	None
LINESTRING (3114135.597 217338.125, 3114134.161 217361.479)	44	315	0	109	false	449	None
LINESTRING (3114134.161 217361.479, 3114127.022 217372.648)	44	315	0	110	false	449	None
LINESTRING (3114127.022 217372.648, 3114120.11 217386.284)	44	315	0	111	false	449	None
LINESTRING (3114120.11 217386.284, 3114088.015 217467.423)	44	315	0	112	false	449	None
LINESTRING (3114088.015 217467.423, 3114080.346 217488.379)	44	315	0	113	false	449	None
LINESTRING (3114080.346 217488.379, 3114072.898 217515.13)	44	315	0	114	false	449	None
LINESTRING (3114072.898 217515.13, 3114070.989 217532.831)	44	315	0	115	false	449	None
LINESTRING (3114070.989 217532.831, 3114077.655 217607.234)	44	315	0	116	false	449	None
LINESTRING (3114077.655 217607.234, 3114091.261 217712.258)	44	315	0	117	false	449	None
LINESTRING (3114091.261 217712.258, 3114094.248 217731.248)	44	315	0	118	false	449	None
LINESTRING (3114094.248 217731.248, 3114094.6 217733.644)	44	315	0	119	false	449	None
LINESTRING (3114094.6 217733.644, 3114094.389 217796.362)	44	315	0	120	false	449	None
LINESTRING (3114094.389 217796.362, 3114092.745 217841.403)	44	315	0	121	false	449	None
LINESTRING (3114092.745 217841.403, 3114089.651 217868.044)	44	315	0	122	false	449	None
LINESTRING (3114089.651 217868.044, 3114085.266 217888.361)	44	315	0	123	false	449	None
LINESTRING (3114085.266 217888.361, 3114077.317 217911.827)	44	315	0	124	false	449	None
LINESTRING (3114077.317 217911.827, 3114071.327 217926.887)	44	315	0	125	false	449	None
LINESTRING (3114071.327 217926.887, 3114055.829 217960.294)	44	315	0	126	false	449	None
LINESTRING (3114055.829 217960.294, 3113978.952 218131.847)	44	315	0	127	false	449	None
LINESTRING (3113978.952 218131.847, 3113963.779 218162.881)	44	315	0	128	false	449	None
LINESTRING (3113963.779 218162.881, 3113632.073 218033.022)	44	315	0	129	false	449	None
LINESTRING (3113632.073 218033.022, 3112636.592 217643.875)	44	315	0	130	false	449	None
LINESTRING (3112636.592 217643.875, 3112304.738 217514.141)	44	315	0	131	false	449	W:3112314.717 217518.04216010668
