LINESTRING (3148831.551 209352.745, 3148825.909 209374.606)	105	1594	0	1481	false	1773	S:3148830.9426932437 209355.102
LINESTRING (3148825.909 209374.606, 3148819.96 209391.942)	105	1594	0	1482	false	1773	None
LINESTRING (3148819.96 209391.942, 3148757.482 209546.395)	105	1594	0	1483	false	1773	None
LINESTRING (3148757.482 209546.395, 3148734.944 209601.104)	105	1594	0	1484	false	1773	None
LINESTRING (3148734.944 209601.104, 3148699.949 209686.1)	105	1594	0	1485	false	1773	None
LINESTRING (3148699.949 209686.1, 3148647.492 209821.347)	105	1594	0	1486	false	1773	None
LINESTRING (3148647.492 209821.347, 3148623.708 209881.288)	105	1594	0	1487	false	1773	None
LINESTRING (3148623.708 209881.288, 3148592.12 209957.01)	105	1594	0	1488	false	1773	None
LINESTRING (3148592.12 209957.01, 3148543.465 210069.562)	105	1594	0	1489	false	1773	None
LINESTRING (3148543.465 210069.562, 3148535.269 210086.858)	105	1594	0	1490	false	1773	None
LINESTRING (3148535.269 210086.858, 3148528.851 210098.058)	105	1594	0	1491	false	1773	None
LINESTRING (3148528.851 210098.058, 3148521.448 210108.756)	105	1594	0	1492	false	1773	None
LINESTRING (3148521.448 210108.756, 3148515.894 210114.695)	105	1594	0	1493	false	1773	None
LINESTRING (3148515.894 210114.695, 3148504.339 210125.447)	105	1594	0	1494	false	1773	None
LINESTRING (3148504.339 210125.447, 3148498.423 210130.292)	105	1594	0	1495	false	1773	None
LINESTRING (3148498.423 210130.292, 3148425.335 210185.483)	105	1594	0	1496	false	1773	None
LINESTRING (3148425.335 210185.483, 3148407.667 210197.789)	105	1594	0	1497	false	1773	None
LINESTRING (3148407.667 210197.789, 3148353.624 210233.588)	105	1594	0	1498	false	1773	None
LINESTRING (3148353.624 210233.588, 3148319.033 210257.298)	105	1594	0	1499	false	1773	None
LINESTRING (3148319.033 210257.298, 3148301.078 210268.064)	105	1594	0	1500	false	1773	None
LINESTRING (3148301.078 210268.064, 3148283.415 210276.562)	105	1594	0	1501	false	1773	None
LINESTRING (3148283.415 210276.562, 3148234.382 210298.709)	105	1594	0	1502	false	1773	None
LINESTRING (3148234.382 210298.709, 3148203.581 210313.176)	105	1594	0	1503	false	1773	None
LINESTRING (3148203.581 210313.176, 3148176.242 210327.083)	105	1594	0	1504	false	1773	None
LINESTRING (3148176.242 210327.083, 3148149.256 210341.603)	105	1594	0	1505	false	1773	None
LINESTRING (3148149.256 210341.603, 3148122.888 210357.316)	105	1594	0	1506	false	1773	None
LINESTRING (3148122.888 210357.316, 3148092.494 210377.061)	105	1594	0	1507	false	1773	None
LINESTRING (3148092.494 210377.061, 3147981.009 210448.056)	105	1594	0	1508	false	1773	None
LINESTRING (3147981.009 210448.056, 3147937.145 210474.119)	105	1594	0	1509	false	1773	None
LINESTRING (3147937.145 210474.119, 3147920.278 210486.141)	105	1594	0	1510	false	1773	None
LINESTRING (3147920.278 210486.141, 3147903.888 210498.706)	105	1594	0	1511	false	1773	None
LINESTRING (3147903.888 210498.706, 3147887.519 210512.231)	105	1594	0	1512	false	1773	None
LINESTRING (3147887.519 210512.231, 3147871.667 210526.196)	105	1594	0	1513	false	1773	None
LINESTRING (3147871.667 210526.196, 3147850.966 210547.326)	105	1594	0	1514	false	1773	None
LINESTRING (3147850.966 210547.326, 3147839.94 210556.974)	105	1594	0	1515	false	1773	None
LINESTRING (3147839.94 210556.974, 3147825.103 210566.808)	105	1594	0	1516	false	1773	None
LINESTRING (3147825.103 210566.808, 3147814.025 210572.03)	105	1594	0	1517	false	1773	None
LINESTRING (3147814.025 210572.03, 3147814.192 210575.905)	105	1594	0	1518	false	1773	None
LINESTRING (3147814.192 210575.905, 3147814.478 210577.445)	105	1594	0	1519	false	1773	None
LINESTRING (3147814.478 210577.445, 3147815.98 210598.39)	105	1594	0	1520	false	1773	None
LINESTRING (3147815.98 210598.39, 3147815.013 210646.954)	105	1594	0	1521	false	1773	None
LINESTRING (3147815.013 210646.954, 3147811.171 210699.878)	105	1594	0	1522	false	1773	None
LINESTRING (3147811.171 210699.878, 3147807.487 210732.144)	105	1594	0	1523	false	1773	None
LINESTRING (3147807.487 210732.144, 3147795.301 210813.381)	105	1594	0	1524	false	1773	None
LINESTRING (3147795.301 210813.381, 3147783.003 210895.408)	105	1594	0	1525	false	1773	None
LINESTRING (3147783.003 210895.408, 3147765.005 211006.537)	105	1594	0	1526	false	1773	None
LINESTRING (3147765.005 211006.537, 3147752.805 211071.099)	105	1594	0	1527	false	1773	None
LINESTRING (3147752.805 211071.099, 3147742.557 211111.651)	105	1594	0	1528	false	1773	None
LINESTRING (3147742.557 211111.651, 3147729.589 211151.861)	105	1594	0	1529	false	1773	None
LINESTRING (3147729.589 211151.861, 3147716.862 211185.377)	105	1594	0	1530	false	1773	None
LINESTRING (3147716.862 211185.377, 3147690.23 211242.783)	105	1594	0	1531	false	1773	None
LINESTRING (3147690.23 211242.783, 3147676.924 211266.906)	105	1594	0	1532	false	1773	None
LINESTRING (3147676.924 211266.906, 3147653.913 211303.095)	105	1594	0	1533	false	1773	None
LINESTRING (3147653.913 211303.095, 3147617.118 211354.766)	105	1594	0	1534	false	1773	None
LINESTRING (3147617.118 211354.766, 3147578.313 211407.562)	105	1594	0	1535	false	1773	None
LINESTRING (3147578.313 211407.562, 3147536.201 211464.312)	105	1594	0	1536	false	1773	None
LINESTRING (3147536.201 211464.312, 3147430.676 211606.569)	105	1594	0	1537	false	1773	None
LINESTRING (3147430.676 211606.569, 3147396.379 211654.092)	105	1594	0	1538	false	1773	None
LINESTRING (3147396.379 211654.092, 3147394.61 211656.619)	105	1594	0	1539	false	1773	None
LINESTRING (3147394.61 211656.619, 3147254.337 211871.111)	105	1594	0	1540	false	1773	None
LINESTRING (3147254.337 211871.111, 3147212.756 211934.855)	105	1594	0	1541	false	1773	None
LINESTRING (3147212.756 211934.855, 3147154.753 212021.631)	105	1594	0	1542	false	1773	None
LINESTRING (3147154.753 212021.631, 3147109.604 212004.448)	105	1594	0	1543	false	1773	None
LINESTRING (3147109.604 212004.448, 3146973.986 211952.834)	105	1594	0	1544	false	1773	None
LINESTRING (3146973.986 211952.834, 3146931.656 211936.747)	105	1594	0	1545	false	1773	None
LINESTRING (3146931.656 211936.747, 3146928.671 211935.825)	105	1594	0	1546	false	1773	None
LINESTRING (3146928.671 211935.825, 3146922.057 211933.613)	105	1594	0	1547	false	1773	None
LINESTRING (3146922.057 211933.613, 3146902.008 211927.254)	105	1594	0	1548	false	1773	None
LINESTRING (3146902.008 211927.254, 3146895.268 211925.112)	105	1594	0	1549	false	1773	None
LINESTRING (3146895.268 211925.112, 3146861.487 211910.56)	105	1594	0	1550	false	1773	None
LINESTRING (3146861.487 211910.56, 3146839.639 211901.239)	105	1594	0	1551	false	1773	None
LINESTRING (3146839.639 211901.239, 3146760.105 211867.01)	105	1594	0	1552	false	1773	None
LINESTRING (3146760.105 211867.01, 3146726.198 211852.529)	105	1594	0	1553	false	1773	None
LINESTRING (3146726.198 211852.529, 3146724.188 211851.629)	105	1594	0	1554	false	1773	None
LINESTRING (3146724.188 211851.629, 3146719.7 211849.767)	105	1594	0	1555	false	1773	None
LINESTRING (3146719.7 211849.767, 3146699.66 211841.864)	105	1594	0	1556	false	1773	None
LINESTRING (3146699.66 211841.864, 3146692.996 211839.275)	105	1594	0	1557	false	1773	None
LINESTRING (3146692.996 211839.275, 3146687.06 211837.088)	105	1594	0	1558	false	1773	None
LINESTRING (3146687.06 211837.088, 3146669.127 211830.599)	105	1594	0	1559	false	1773	None
LINESTRING (3146669.127 211830.599, 3146663.065 211828.482)	105	1594	0	1560	false	1773	None
LINESTRING (3146663.065 211828.482, 3146631.044 211816.997)	105	1594	0	1561	false	1773	None
LINESTRING (3146631.044 211816.997, 3146612.452 211809.418)	105	1594	0	1562	false	1773	None
LINESTRING (3146612.452 211809.418, 3146583.607 211797.856)	105	1594	0	1563	false	1773	None
LINESTRING (3146583.607 211797.856, 3146498.087 211767.139)	105	1594	0	1564	false	1773	W:3146537.384 211781.2536626404
LINESTRING (3155147.161 214799.157, 3155083.613 214751.169)	105	180	0	1665	false	2099	E:3155093.051 214758.29606527355
LINESTRING (3155083.613 214751.169, 3154977.279 214720.58)	105	180	0	1666	false	2099	None
LINESTRING (3154977.279 214720.58, 3154947.811 214721.726)	105	180	0	1667	false	2099	None
LINESTRING (3154947.811 214721.726, 3154916.78 214723.096)	105	180	0	1668	false	2099	None
LINESTRING (3154916.78 214723.096, 3154894.079 214715.205)	105	180	0	1669	false	2099	None
LINESTRING (3154894.079 214715.205, 3154892.396 214713.716)	105	180	0	1670	false	2099	None
LINESTRING (3154892.396 214713.716, 3154860.775 214685.793)	105	180	0	1671	false	2099	None
LINESTRING (3154860.775 214685.793, 3154859.454 214679.084)	105	180	0	1672	false	2099	None
LINESTRING (3154859.454 214679.084, 3154855.175 214655.976)	105	180	0	1673	false	2099	None
LINESTRING (3154855.175 214655.976, 3154865.88 214619.408)	105	180	0	1674	false	2099	None
LINESTRING (3154865.88 214619.408, 3154919.351 214457.155)	105	180	0	1675	false	2099	None
LINESTRING (3154919.351 214457.155, 3154967.701 214312.086)	105	180	0	1676	false	2099	None
LINESTRING (3154967.701 214312.086, 3155011.294 214195.896)	105	180	0	1677	false	2099	None
LINESTRING (3155011.294 214195.896, 3155011.415 214195.586)	105	180	0	1678	false	2099	None
LINESTRING (3155011.415 214195.586, 3154996.528 214188.595)	105	180	0	1679	false	2099	None
LINESTRING (3154996.528 214188.595, 3154970.721 214178.065)	105	180	0	1680	false	2099	None
LINESTRING (3154970.721 214178.065, 3154955.597 214171.935)	105	180	0	1681	false	2099	None
LINESTRING (3154955.597 214171.935, 3154937.569 214164.673)	105	180	0	1682	false	2099	None
LINESTRING (3154937.569 214164.673, 3154934.664 214163.542)	105	180	0	1683	false	2099	None
LINESTRING (3154934.664 214163.542, 3154546.64 214010.246)	105	180	0	1684	false	2099	None
LINESTRING (3154546.64 214010.246, 3154534.334 214005.215)	105	180	0	1685	false	2099	None
LINESTRING (3154534.334 214005.215, 3154417.888 213961.169)	105	180	0	1686	false	2099	None
LINESTRING (3154417.888 213961.169, 3154030.93 213814.988)	105	180	0	1687	false	2099	None
LINESTRING (3154030.93 213814.988, 3153901.803 213766.369)	105	180	0	1688	false	2099	None
LINESTRING (3153901.803 213766.369, 3153898.261 213765.109)	105	180	0	1689	false	2099	None
LINESTRING (3153898.261 213765.109, 3153735.029 213702.26)	105	180	0	1690	false	2099	None
LINESTRING (3153735.029 213702.26, 3153234.779 213509.744)	105	180	0	1691	false	2099	None
LINESTRING (3153234.779 213509.744, 3153082.734 213451.265)	105	180	0	1692	false	2099	None
LINESTRING (3153082.734 213451.265, 3153068 213445.648)	105	180	0	1693	false	2099	None
LINESTRING (3153068 213445.648, 3152997.698 213418.518)	105	180	0	1694	false	2099	None
LINESTRING (3152997.698 213418.518, 3152786.665 213337.201)	105	180	0	1695	false	2099	None
LINESTRING (3152786.665 213337.201, 3152716.236 213310.143)	105	180	0	1696	false	2099	None
LINESTRING (3152716.236 213310.143, 3152698.683 213303.43)	105	180	0	1697	false	2099	None
LINESTRING (3152698.683 213303.43, 3152532.709 213239.54)	105	180	0	1698	false	2099	None
LINESTRING (3152532.709 213239.54, 3151981.86 213027.658)	105	180	0	1699	false	2099	None
LINESTRING (3151981.86 213027.658, 3151798.115 212957.109)	105	180	0	1700	false	2099	None
LINESTRING (3151798.115 212957.109, 3151784.702 212951.889)	105	180	0	1701	false	2099	None
LINESTRING (3151784.702 212951.889, 3151733.658 212932.146)	105	180	0	1702	false	2099	None
LINESTRING (3151733.658 212932.146, 3151540.086 212857.78)	105	180	0	1703	false	2099	None
LINESTRING (3151540.086 212857.78, 3151490.072 212838.678)	105	180	0	1704	false	2099	None
LINESTRING (3151490.072 212838.678, 3151475.337 212833.064)	105	180	0	1705	false	2099	None
LINESTRING (3151475.337 212833.064, 3151426.429 212814.154)	105	180	0	1706	false	2099	None
LINESTRING (3151426.429 212814.154, 3151279.411 212757.67)	105	180	0	1707	false	2099	None
LINESTRING (3151279.411 212757.67, 3151230.376 212738.831)	105	180	0	1708	false	2099	None
LINESTRING (3151230.376 212738.831, 3151203.68 212728.565)	105	180	0	1709	false	2099	None
LINESTRING (3151203.68 212728.565, 3151141.489 212704.608)	105	180	0	1710	false	2099	None
LINESTRING (3151141.489 212704.608, 3150874.783 212602.047)	105	180	0	1711	false	2099	None
LINESTRING (3150874.783 212602.047, 3150785.853 212567.931)	105	180	0	1712	false	2099	None
LINESTRING (3150785.853 212567.931, 3150743.306 212551.381)	105	180	0	1713	false	2099	None
LINESTRING (3150743.306 212551.381, 3150615.074 212501.98)	105	180	0	1714	false	2099	None
LINESTRING (3150615.074 212501.98, 3150572.195 212485.779)	105	180	0	1715	false	2099	None
LINESTRING (3150572.195 212485.779, 3150555.916 212479.328)	105	180	0	1716	false	2099	None
LINESTRING (3150555.916 212479.328, 3150472.152 212447.106)	105	180	0	1717	false	2099	None
LINESTRING (3150472.152 212447.106, 3150171.272 212331.757)	105	180	0	1718	false	2099	None
LINESTRING (3150171.272 212331.757, 3150091.14 212301.071)	105	180	0	1719	false	2099	None
LINESTRING (3150091.14 212301.071, 3150070.725 212293.37)	105	180	0	1720	false	2099	None
LINESTRING (3150070.725 212293.37, 3150004.258 212267.761)	105	180	0	1721	false	2099	None
LINESTRING (3150004.258 212267.761, 3149804.775 212191.144)	105	180	0	1722	false	2099	None
LINESTRING (3149804.775 212191.144, 3149738.266 212165.64)	105	180	0	1723	false	2099	None
LINESTRING (3149738.266 212165.64, 3149718.233 212157.97)	105	180	0	1724	false	2099	None
LINESTRING (3149718.233 212157.97, 3149515.37 212079.927)	105	180	0	1725	false	2099	None
LINESTRING (3149515.37 212079.927, 3148846.289 211823.036)	105	180	0	1726	false	2099	None
LINESTRING (3148846.289 211823.036, 3148641.286 211744.425)	105	180	0	1727	false	2099	None
LINESTRING (3148641.286 211744.425, 3148623.217 211737.521)	105	180	0	1728	false	2099	None
LINESTRING (3148623.217 211737.521, 3148336.786 211627.509)	105	180	0	1729	false	2099	None
LINESTRING (3148336.786 211627.509, 3147797.109 211420.294)	105	180	0	1730	false	2099	None
LINESTRING (3147797.109 211420.294, 3147641.719 211805.023)	105	180	0	1731	false	2099	None
LINESTRING (3147641.719 211805.023, 3147502.435 212149.572)	105	180	0	1732	false	2099	None
LINESTRING (3147502.435 212149.572, 3147501.832 212151.124)	105	180	0	1733	false	2099	None
LINESTRING (3147501.832 212151.124, 3147500.023 212155.779)	105	180	0	1734	false	2099	None
LINESTRING (3147500.023 212155.779, 3147499.38 212157.434)	105	180	0	1735	false	2099	None
LINESTRING (3147499.38 212157.434, 3147430.504 212130.197)	105	180	0	1736	false	2099	None
LINESTRING (3147430.504 212130.197, 3147223.755 212048.797)	105	180	0	1737	false	2099	None
LINESTRING (3147223.755 212048.797, 3147154.753 212021.631)	105	180	0	1738	false	2099	None
LINESTRING (3147154.753 212021.631, 3147212.756 211934.855)	105	180	0	1739	false	2099	None
LINESTRING (3147212.756 211934.855, 3147254.337 211871.111)	105	180	0	1740	false	2099	None
LINESTRING (3147254.337 211871.111, 3147394.61 211656.619)	105	180	0	1741	false	2099	None
LINESTRING (3147394.61 211656.619, 3147396.379 211654.092)	105	180	0	1742	false	2099	None
LINESTRING (3147396.379 211654.092, 3147430.676 211606.569)	105	180	0	1743	false	2099	None
LINESTRING (3147430.676 211606.569, 3147536.201 211464.312)	105	180	0	1744	false	2099	None
LINESTRING (3147536.201 211464.312, 3147578.313 211407.562)	105	180	0	1745	false	2099	None
LINESTRING (3147578.313 211407.562, 3147617.118 211354.766)	105	180	0	1746	false	2099	None
LINESTRING (3147617.118 211354.766, 3147653.913 211303.095)	105	180	0	1747	false	2099	None
LINESTRING (3147653.913 211303.095, 3147676.924 211266.906)	105	180	0	1748	false	2099	None
LINESTRING (3147676.924 211266.906, 3147690.23 211242.783)	105	180	0	1749	false	2099	None
LINESTRING (3147690.23 211242.783, 3147716.862 211185.377)	105	180	0	1750	false	2099	None
LINESTRING (3147716.862 211185.377, 3147729.589 211151.861)	105	180	0	1751	false	2099	None
LINESTRING (3147729.589 211151.861, 3147742.557 211111.651)	105	180	0	1752	false	2099	None
LINESTRING (3147742.557 211111.651, 3147752.805 211071.099)	105	180	0	1753	false	2099	None
LINESTRING (3147752.805 211071.099, 3147765.005 211006.537)	105	180	0	1754	false	2099	None
LINESTRING (3147765.005 211006.537, 3147783.003 210895.408)	105	180	0	1755	false	2099	None
LINESTRING (3147783.003 210895.408, 3147795.301 210813.381)	105	180	0	1756	false	2099	None
LINESTRING (3147795.301 210813.381, 3147807.487 210732.144)	105	180	0	1757	false	2099	None
LINESTRING (3147807.487 210732.144, 3147811.171 210699.878)	105	180	0	1758	false	2099	None
LINESTRING (3147811.171 210699.878, 3147815.013 210646.954)	105	180	0	1759	false	2099	None
LINESTRING (3147815.013 210646.954, 3147815.98 210598.39)	105	180	0	1760	false	2099	None
LINESTRING (3147815.98 210598.39, 3147814.478 210577.445)	105	180	0	1761	false	2099	None
LINESTRING (3147814.478 210577.445, 3147814.192 210575.905)	105	180	0	1762	false	2099	None
LINESTRING (3147814.192 210575.905, 3147814.025 210572.03)	105	180	0	1763	false	2099	None
LINESTRING (3147814.025 210572.03, 3147825.103 210566.808)	105	180	0	1764	false	2099	None
LINESTRING (3147825.103 210566.808, 3147839.94 210556.974)	105	180	0	1765	false	2099	None
LINESTRING (3147839.94 210556.974, 3147850.966 210547.326)	105	180	0	1766	false	2099	None
LINESTRING (3147850.966 210547.326, 3147871.667 210526.196)	105	180	0	1767	false	2099	None
LINESTRING (3147871.667 210526.196, 3147887.519 210512.231)	105	180	0	1768	false	2099	None
LINESTRING (3147887.519 210512.231, 3147903.888 210498.706)	105	180	0	1769	false	2099	None
LINESTRING (3147903.888 210498.706, 3147920.278 210486.141)	105	180	0	1770	false	2099	None
LINESTRING (3147920.278 210486.141, 3147937.145 210474.119)	105	180	0	1771	false	2099	None
LINESTRING (3147937.145 210474.119, 3147981.009 210448.056)	105	180	0	1772	false	2099	None
LINESTRING (3147981.009 210448.056, 3148092.494 210377.061)	105	180	0	1773	false	2099	None
LINESTRING (3148092.494 210377.061, 3148122.888 210357.316)	105	180	0	1774	false	2099	None
LINESTRING (3148122.888 210357.316, 3148149.256 210341.603)	105	180	0	1775	false	2099	None
LINESTRING (3148149.256 210341.603, 3148176.242 210327.083)	105	180	0	1776	false	2099	None
LINESTRING (3148176.242 210327.083, 3148203.581 210313.176)	105	180	0	1777	false	2099	None
LINESTRING (3148203.581 210313.176, 3148234.382 210298.709)	105	180	0	1778	false	2099	None
LINESTRING (3148234.382 210298.709, 3148283.415 210276.562)	105	180	0	1779	false	2099	None
LINESTRING (3148283.415 210276.562, 3148301.078 210268.064)	105	180	0	1780	false	2099	None
LINESTRING (3148301.078 210268.064, 3148319.033 210257.298)	105	180	0	1781	false	2099	None
LINESTRING (3148319.033 210257.298, 3148353.624 210233.588)	105	180	0	1782	false	2099	None
LINESTRING (3148353.624 210233.588, 3148407.667 210197.789)	105	180	0	1783	false	2099	None
LINESTRING (3148407.667 210197.789, 3148425.335 210185.483)	105	180	0	1784	false	2099	None
LINESTRING (3148425.335 210185.483, 3148498.423 210130.292)	105	180	0	1785	false	2099	None
LINESTRING (3148498.423 210130.292, 3148504.339 210125.447)	105	180	0	1786	false	2099	None
LINESTRING (3148504.339 210125.447, 3148515.894 210114.695)	105	180	0	1787	false	2099	None
LINESTRING (3148515.894 210114.695, 3148521.448 210108.756)	105	180	0	1788	false	2099	None
LINESTRING (3148521.448 210108.756, 3148528.851 210098.058)	105	180	0	1789	false	2099	None
LINESTRING (3148528.851 210098.058, 3148535.269 210086.858)	105	180	0	1790	false	2099	None
LINESTRING (3148535.269 210086.858, 3148543.465 210069.562)	105	180	0	1791	false	2099	None
LINESTRING (3148543.465 210069.562, 3148592.12 209957.01)	105	180	0	1792	false	2099	None
LINESTRING (3148592.12 209957.01, 3148623.708 209881.288)	105	180	0	1793	false	2099	None
LINESTRING (3148623.708 209881.288, 3148647.492 209821.347)	105	180	0	1794	false	2099	None
LINESTRING (3148647.492 209821.347, 3148699.949 209686.1)	105	180	0	1795	false	2099	None
LINESTRING (3148699.949 209686.1, 3148734.944 209601.104)	105	180	0	1796	false	2099	None
LINESTRING (3148734.944 209601.104, 3148757.482 209546.395)	105	180	0	1797	false	2099	None
LINESTRING (3148757.482 209546.395, 3148819.96 209391.942)	105	180	0	1798	false	2099	None
LINESTRING (3148819.96 209391.942, 3148825.909 209374.606)	105	180	0	1799	false	2099	None
LINESTRING (3148825.909 209374.606, 3148831.551 209352.745)	105	180	0	1800	false	2099	S:3148830.9426932437 209355.102
LINESTRING (3146498.087 211767.139, 3146583.607 211797.856)	105	182	0	10	false	1985	W:3146537.384 211781.2536626404
LINESTRING (3146583.607 211797.856, 3146612.452 211809.418)	105	182	0	11	false	1985	None
LINESTRING (3146612.452 211809.418, 3146631.044 211816.997)	105	182	0	12	false	1985	None
LINESTRING (3146631.044 211816.997, 3146663.065 211828.482)	105	182	0	13	false	1985	None
LINESTRING (3146663.065 211828.482, 3146669.127 211830.599)	105	182	0	14	false	1985	None
LINESTRING (3146669.127 211830.599, 3146687.06 211837.088)	105	182	0	15	false	1985	None
LINESTRING (3146687.06 211837.088, 3146692.996 211839.275)	105	182	0	16	false	1985	None
LINESTRING (3146692.996 211839.275, 3146699.66 211841.864)	105	182	0	17	false	1985	None
LINESTRING (3146699.66 211841.864, 3146719.7 211849.767)	105	182	0	18	false	1985	None
LINESTRING (3146719.7 211849.767, 3146724.188 211851.629)	105	182	0	19	false	1985	None
LINESTRING (3146724.188 211851.629, 3146726.198 211852.529)	105	182	0	20	false	1985	None
LINESTRING (3146726.198 211852.529, 3146760.105 211867.01)	105	182	0	21	false	1985	None
LINESTRING (3146760.105 211867.01, 3146839.639 211901.239)	105	182	0	22	false	1985	None
LINESTRING (3146839.639 211901.239, 3146861.487 211910.56)	105	182	0	23	false	1985	None
LINESTRING (3146861.487 211910.56, 3146895.268 211925.112)	105	182	0	24	false	1985	None
LINESTRING (3146895.268 211925.112, 3146902.008 211927.254)	105	182	0	25	false	1985	None
LINESTRING (3146902.008 211927.254, 3146922.057 211933.613)	105	182	0	26	false	1985	None
LINESTRING (3146922.057 211933.613, 3146928.671 211935.825)	105	182	0	27	false	1985	None
LINESTRING (3146928.671 211935.825, 3146931.656 211936.747)	105	182	0	28	false	1985	None
LINESTRING (3146931.656 211936.747, 3146973.986 211952.834)	105	182	0	29	false	1985	None
LINESTRING (3146973.986 211952.834, 3147109.604 212004.448)	105	182	0	30	false	1985	None
LINESTRING (3147109.604 212004.448, 3147154.753 212021.631)	105	182	0	31	false	1985	None
LINESTRING (3147154.753 212021.631, 3147223.755 212048.797)	105	182	0	32	false	1985	None
LINESTRING (3147223.755 212048.797, 3147430.504 212130.197)	105	182	0	33	false	1985	None
LINESTRING (3147430.504 212130.197, 3147499.38 212157.434)	105	182	0	34	false	1985	None
LINESTRING (3147499.38 212157.434, 3147500.023 212155.779)	105	182	0	35	false	1985	None
LINESTRING (3147500.023 212155.779, 3147501.832 212151.124)	105	182	0	36	false	1985	None
LINESTRING (3147501.832 212151.124, 3147502.435 212149.572)	105	182	0	37	false	1985	None
LINESTRING (3147502.435 212149.572, 3147641.719 211805.023)	105	182	0	38	false	1985	None
LINESTRING (3147641.719 211805.023, 3147797.109 211420.294)	105	182	0	39	false	1985	None
LINESTRING (3147797.109 211420.294, 3148336.786 211627.509)	105	182	0	40	false	1985	None
LINESTRING (3148336.786 211627.509, 3148623.217 211737.521)	105	182	0	41	false	1985	None
LINESTRING (3148623.217 211737.521, 3148641.286 211744.425)	105	182	0	42	false	1985	None
LINESTRING (3148641.286 211744.425, 3148846.289 211823.036)	105	182	0	43	false	1985	None
LINESTRING (3148846.289 211823.036, 3149515.37 212079.927)	105	182	0	44	false	1985	None
LINESTRING (3149515.37 212079.927, 3149718.233 212157.97)	105	182	0	45	false	1985	None
LINESTRING (3149718.233 212157.97, 3149738.266 212165.64)	105	182	0	46	false	1985	None
LINESTRING (3149738.266 212165.64, 3149804.775 212191.144)	105	182	0	47	false	1985	None
LINESTRING (3149804.775 212191.144, 3150004.258 212267.761)	105	182	0	48	false	1985	None
LINESTRING (3150004.258 212267.761, 3150070.725 212293.37)	105	182	0	49	false	1985	None
LINESTRING (3150070.725 212293.37, 3150091.14 212301.071)	105	182	0	50	false	1985	None
LINESTRING (3150091.14 212301.071, 3150171.272 212331.757)	105	182	0	51	false	1985	None
LINESTRING (3150171.272 212331.757, 3150472.152 212447.106)	105	182	0	52	false	1985	None
LINESTRING (3150472.152 212447.106, 3150555.916 212479.328)	105	182	0	53	false	1985	None
LINESTRING (3150555.916 212479.328, 3150572.195 212485.779)	105	182	0	54	false	1985	None
LINESTRING (3150572.195 212485.779, 3150615.074 212501.98)	105	182	0	55	false	1985	None
LINESTRING (3150615.074 212501.98, 3150743.306 212551.381)	105	182	0	56	false	1985	None
LINESTRING (3150743.306 212551.381, 3150785.853 212567.931)	105	182	0	57	false	1985	None
LINESTRING (3150785.853 212567.931, 3150874.783 212602.047)	105	182	0	58	false	1985	None
LINESTRING (3150874.783 212602.047, 3151141.489 212704.608)	105	182	0	59	false	1985	None
LINESTRING (3151141.489 212704.608, 3151203.68 212728.565)	105	182	0	60	false	1985	None
LINESTRING (3151203.68 212728.565, 3151230.376 212738.831)	105	182	0	61	false	1985	None
LINESTRING (3151230.376 212738.831, 3151279.411 212757.67)	105	182	0	62	false	1985	None
LINESTRING (3151279.411 212757.67, 3151426.429 212814.154)	105	182	0	63	false	1985	None
LINESTRING (3151426.429 212814.154, 3151475.337 212833.064)	105	182	0	64	false	1985	None
LINESTRING (3151475.337 212833.064, 3151490.072 212838.678)	105	182	0	65	false	1985	None
LINESTRING (3151490.072 212838.678, 3151540.086 212857.78)	105	182	0	66	false	1985	None
LINESTRING (3151540.086 212857.78, 3151733.658 212932.146)	105	182	0	67	false	1985	None
LINESTRING (3151733.658 212932.146, 3151784.702 212951.889)	105	182	0	68	false	1985	None
LINESTRING (3151784.702 212951.889, 3151798.115 212957.109)	105	182	0	69	false	1985	None
LINESTRING (3151798.115 212957.109, 3151981.86 213027.658)	105	182	0	70	false	1985	None
LINESTRING (3151981.86 213027.658, 3152532.709 213239.54)	105	182	0	71	false	1985	None
LINESTRING (3152532.709 213239.54, 3152698.683 213303.43)	105	182	0	72	false	1985	None
LINESTRING (3152698.683 213303.43, 3152716.236 213310.143)	105	182	0	73	false	1985	None
LINESTRING (3152716.236 213310.143, 3152786.665 213337.201)	105	182	0	74	false	1985	None
LINESTRING (3152786.665 213337.201, 3152997.698 213418.518)	105	182	0	75	false	1985	None
LINESTRING (3152997.698 213418.518, 3153068 213445.648)	105	182	0	76	false	1985	None
LINESTRING (3153068 213445.648, 3153082.734 213451.265)	105	182	0	77	false	1985	None
LINESTRING (3153082.734 213451.265, 3153234.779 213509.744)	105	182	0	78	false	1985	None
LINESTRING (3153234.779 213509.744, 3153735.029 213702.26)	105	182	0	79	false	1985	None
LINESTRING (3153735.029 213702.26, 3153898.261 213765.109)	105	182	0	80	false	1985	None
LINESTRING (3153898.261 213765.109, 3153901.803 213766.369)	105	182	0	81	false	1985	None
LINESTRING (3153901.803 213766.369, 3154030.93 213814.988)	105	182	0	82	false	1985	None
LINESTRING (3154030.93 213814.988, 3154417.888 213961.169)	105	182	0	83	false	1985	None
LINESTRING (3154417.888 213961.169, 3154534.334 214005.215)	105	182	0	84	false	1985	None
LINESTRING (3154534.334 214005.215, 3154546.64 214010.246)	105	182	0	85	false	1985	None
LINESTRING (3154546.64 214010.246, 3154934.664 214163.542)	105	182	0	86	false	1985	None
LINESTRING (3154934.664 214163.542, 3154937.569 214164.673)	105	182	0	87	false	1985	None
LINESTRING (3154937.569 214164.673, 3154955.597 214171.935)	105	182	0	88	false	1985	None
LINESTRING (3154955.597 214171.935, 3154970.721 214178.065)	105	182	0	89	false	1985	None
LINESTRING (3154970.721 214178.065, 3154996.528 214188.595)	105	182	0	90	false	1985	None
LINESTRING (3154996.528 214188.595, 3155011.415 214195.586)	105	182	0	91	false	1985	None
LINESTRING (3155011.415 214195.586, 3155011.294 214195.896)	105	182	0	92	false	1985	None
LINESTRING (3155011.294 214195.896, 3154967.701 214312.086)	105	182	0	93	false	1985	None
LINESTRING (3154967.701 214312.086, 3154919.351 214457.155)	105	182	0	94	false	1985	None
LINESTRING (3154919.351 214457.155, 3154865.88 214619.408)	105	182	0	95	false	1985	None
LINESTRING (3154865.88 214619.408, 3154855.175 214655.976)	105	182	0	96	false	1985	None
LINESTRING (3154855.175 214655.976, 3154859.454 214679.084)	105	182	0	97	false	1985	None
LINESTRING (3154859.454 214679.084, 3154860.775 214685.793)	105	182	0	98	false	1985	None
LINESTRING (3154860.775 214685.793, 3154892.396 214713.716)	105	182	0	99	false	1985	None
LINESTRING (3154892.396 214713.716, 3154894.079 214715.205)	105	182	0	100	false	1985	None
LINESTRING (3154894.079 214715.205, 3154916.78 214723.096)	105	182	0	101	false	1985	None
LINESTRING (3154916.78 214723.096, 3154947.811 214721.726)	105	182	0	102	false	1985	None
LINESTRING (3154947.811 214721.726, 3154977.279 214720.58)	105	182	0	103	false	1985	None
LINESTRING (3154977.279 214720.58, 3155083.613 214751.169)	105	182	0	104	false	1985	None
LINESTRING (3155083.613 214751.169, 3155147.161 214799.157)	105	182	0	105	false	1985	E:3155093.051 214758.29606527355
