LINESTRING (3137963.311 208466.587, 3137997.629 208479.756)	106	1618	0	406	false	884	W:3137981.717 208473.65001690073
LINESTRING (3137997.629 208479.756, 3138028.356 208491.535)	106	1618	0	407	false	884	None
LINESTRING (3138028.356 208491.535, 3138096.649 208517.741)	106	1618	0	408	false	884	None
LINESTRING (3138096.649 208517.741, 3138393.41 208631.706)	106	1618	0	409	false	884	None
LINESTRING (3138393.41 208631.706, 3138492.303 208669.766)	106	1618	0	410	false	884	None
LINESTRING (3138492.303 208669.766, 3138546.194 208690.518)	106	1618	0	411	false	884	None
LINESTRING (3138546.194 208690.518, 3138916.328 208832.803)	106	1618	0	412	false	884	None
LINESTRING (3138916.328 208832.803, 3138858.708 208890.71)	106	1618	0	413	false	884	None
LINESTRING (3138858.708 208890.71, 3138852.945 208896.452)	106	1618	0	414	false	884	None
LINESTRING (3138852.945 208896.452, 3138737.664 209006.537)	106	1618	0	415	false	884	None
LINESTRING (3138737.664 209006.537, 3138680.554 209056.786)	106	1618	0	416	false	884	None
LINESTRING (3138680.554 209056.786, 3138639.862 209092.564)	106	1618	0	417	false	884	None
LINESTRING (3138639.862 209092.564, 3138619.256 209109.221)	106	1618	0	418	false	884	None
LINESTRING (3138619.256 209109.221, 3138554.776 209161.496)	106	1618	0	419	false	884	None
LINESTRING (3138554.776 209161.496, 3138361.222 209318.635)	106	1618	0	420	false	884	None
LINESTRING (3138361.222 209318.635, 3138296.705 209371.016)	106	1618	0	421	false	884	N:3138316.3060679063 209355.102
LINESTRING (3138296.705 209371.016, 3138361.222 209318.635)	106	1625	0	475	false	1385	N:3138316.3060679063 209355.102
LINESTRING (3138361.222 209318.635, 3138554.776 209161.496)	106	1625	0	476	false	1385	None
LINESTRING (3138554.776 209161.496, 3138619.256 209109.221)	106	1625	0	477	false	1385	None
LINESTRING (3138619.256 209109.221, 3138639.862 209092.564)	106	1625	0	478	false	1385	None
LINESTRING (3138639.862 209092.564, 3138680.554 209056.786)	106	1625	0	479	false	1385	None
LINESTRING (3138680.554 209056.786, 3138737.664 209006.537)	106	1625	0	480	false	1385	None
LINESTRING (3138737.664 209006.537, 3138852.945 208896.452)	106	1625	0	481	false	1385	None
LINESTRING (3138852.945 208896.452, 3138858.708 208890.71)	106	1625	0	482	false	1385	None
LINESTRING (3138858.708 208890.71, 3138916.328 208832.803)	106	1625	0	483	false	1385	None
LINESTRING (3138916.328 208832.803, 3138935.726 208840.079)	106	1625	0	484	false	1385	None
LINESTRING (3138935.726 208840.079, 3138944.741 208843.452)	106	1625	0	485	false	1385	None
LINESTRING (3138944.741 208843.452, 3138968.589 208852.689)	106	1625	0	486	false	1385	None
LINESTRING (3138968.589 208852.689, 3139134.23 208916.375)	106	1625	0	487	false	1385	None
LINESTRING (3139134.23 208916.375, 3139177.264 208932.926)	106	1625	0	488	false	1385	None
LINESTRING (3139177.264 208932.926, 3139189.401 208937.627)	106	1625	0	489	false	1385	None
LINESTRING (3139189.401 208937.627, 3139342.687 208996.413)	106	1625	0	490	false	1385	None
LINESTRING (3139342.687 208996.413, 3139933.994 209223.722)	106	1625	0	491	false	1385	None
LINESTRING (3139933.994 209223.722, 3140013.392 209254.25)	106	1625	0	492	false	1385	None
LINESTRING (3140013.392 209254.25, 3140025.785 209259.052)	106	1625	0	493	false	1385	None
LINESTRING (3140025.785 209259.052, 3140169.11 209314.115)	106	1625	0	494	false	1385	None
LINESTRING (3140169.11 209314.115, 3141146.26 209690.103)	106	1625	0	495	false	1385	N:3140275.6305460013 209355.102
LINESTRING (3139189.401 208937.627, 3139177.264 208932.926)	106	1594	0	0	false	1773	None
LINESTRING (3139177.264 208932.926, 3139134.23 208916.375)	106	1594	0	1	false	1773	None
LINESTRING (3139134.23 208916.375, 3138968.589 208852.689)	106	1594	0	2	false	1773	None
LINESTRING (3138968.589 208852.689, 3138944.741 208843.452)	106	1594	0	3	false	1773	None
LINESTRING (3138944.741 208843.452, 3138935.726 208840.079)	106	1594	0	4	false	1773	None
LINESTRING (3138935.726 208840.079, 3138916.328 208832.803)	106	1594	0	5	false	1773	None
LINESTRING (3138916.328 208832.803, 3138546.194 208690.518)	106	1594	0	6	false	1773	None
LINESTRING (3138546.194 208690.518, 3138492.303 208669.766)	106	1594	0	7	false	1773	None
LINESTRING (3138492.303 208669.766, 3138393.41 208631.706)	106	1594	0	8	false	1773	None
LINESTRING (3138393.41 208631.706, 3138096.649 208517.741)	106	1594	0	9	false	1773	None
LINESTRING (3138096.649 208517.741, 3138028.356 208491.535)	106	1594	0	10	false	1773	None
LINESTRING (3138028.356 208491.535, 3137997.629 208479.756)	106	1594	0	11	false	1773	None
LINESTRING (3137997.629 208479.756, 3137963.311 208466.587)	106	1594	0	12	false	1773	W:3137981.717 208473.65001690073
LINESTRING (3142854.439 201499.796, 3142865.955 201516.041)	106	1594	0	1035	false	1773	S:3142861.215327732 201509.355
LINESTRING (3142865.955 201516.041, 3142876.219 201533.23)	106	1594	0	1036	false	1773	None
LINESTRING (3142876.219 201533.23, 3142885.101 201551.193)	106	1594	0	1037	false	1773	None
LINESTRING (3142885.101 201551.193, 3142894.65 201616.191)	106	1594	0	1038	false	1773	None
LINESTRING (3142894.65 201616.191, 3142896.115 201632.47)	106	1594	0	1039	false	1773	None
LINESTRING (3142896.115 201632.47, 3142896.757 201657.476)	106	1594	0	1040	false	1773	None
LINESTRING (3142896.757 201657.476, 3142895.362 201682.407)	106	1594	0	1041	false	1773	None
LINESTRING (3142895.362 201682.407, 3142892.794 201702.241)	106	1594	0	1042	false	1773	None
LINESTRING (3142892.794 201702.241, 3142888.907 201721.921)	106	1594	0	1043	false	1773	None
LINESTRING (3142888.907 201721.921, 3142883.782 201741.241)	106	1594	0	1044	false	1773	None
LINESTRING (3142883.782 201741.241, 3142875.701 201764.891)	106	1594	0	1045	false	1773	None
LINESTRING (3142875.701 201764.891, 3142867.884 201783.286)	106	1594	0	1046	false	1773	None
LINESTRING (3142867.884 201783.286, 3142858.824 201801.081)	106	1594	0	1047	false	1773	None
LINESTRING (3142858.824 201801.081, 3142837.913 201833.209)	106	1594	0	1048	false	1773	None
LINESTRING (3142837.913 201833.209, 3142787.311 201910.727)	106	1594	0	1049	false	1773	None
LINESTRING (3142787.311 201910.727, 3142689.634 202083.078)	106	1594	0	1050	false	1773	None
LINESTRING (3142689.634 202083.078, 3142626.279 202183.863)	106	1594	0	1051	false	1773	None
LINESTRING (3142626.279 202183.863, 3142603.551 202237.188)	106	1594	0	1052	false	1773	None
LINESTRING (3142603.551 202237.188, 3142583.627 202296.479)	106	1594	0	1053	false	1773	None
LINESTRING (3142583.627 202296.479, 3142582.83 202306.407)	106	1594	0	1054	false	1773	None
LINESTRING (3142582.83 202306.407, 3142579.978 202321.132)	106	1594	0	1055	false	1773	None
LINESTRING (3142579.978 202321.132, 3142575.505 202335.468)	106	1594	0	1056	false	1773	None
LINESTRING (3142575.505 202335.468, 3142569.237 202349.107)	106	1594	0	1057	false	1773	None
LINESTRING (3142569.237 202349.107, 3142561.337 202361.877)	106	1594	0	1058	false	1773	None
LINESTRING (3142561.337 202361.877, 3142551.973 202373.603)	106	1594	0	1059	false	1773	None
LINESTRING (3142551.973 202373.603, 3142541.309 202384.111)	106	1594	0	1060	false	1773	None
LINESTRING (3142541.309 202384.111, 3142529.426 202393.195)	106	1594	0	1061	false	1773	None
LINESTRING (3142529.426 202393.195, 3142516.45 202400.783)	106	1594	0	1062	false	1773	None
LINESTRING (3142516.45 202400.783, 3142502.718 202406.77)	106	1594	0	1063	false	1773	None
LINESTRING (3142502.718 202406.77, 3142422.684 202432.535)	106	1594	0	1064	false	1773	None
LINESTRING (3142422.684 202432.535, 3142332.946 202441.447)	106	1594	0	1065	false	1773	None
LINESTRING (3142332.946 202441.447, 3142187.114 202444.815)	106	1594	0	1066	false	1773	None
LINESTRING (3142187.114 202444.815, 3142020.111 202438.079)	106	1594	0	1067	false	1773	None
LINESTRING (3142020.111 202438.079, 3141908.401 202438.96)	106	1594	0	1068	false	1773	None
LINESTRING (3141908.401 202438.96, 3141824.811 202440.142)	106	1594	0	1069	false	1773	None
LINESTRING (3141824.811 202440.142, 3141758.457 202430.862)	106	1594	0	1070	false	1773	None
LINESTRING (3141758.457 202430.862, 3141731.862 202430.439)	106	1594	0	1071	false	1773	None
LINESTRING (3141731.862 202430.439, 3141691.85 202431.126)	106	1594	0	1072	false	1773	None
LINESTRING (3141691.85 202431.126, 3141651.956 202433.287)	106	1594	0	1073	false	1773	None
LINESTRING (3141651.956 202433.287, 3141612.139 202437.027)	106	1594	0	1074	false	1773	None
LINESTRING (3141612.139 202437.027, 3141572.526 202442.273)	106	1594	0	1075	false	1773	None
LINESTRING (3141572.526 202442.273, 3141537.974 202448.17)	106	1594	0	1076	false	1773	None
LINESTRING (3141537.974 202448.17, 3141498.807 202456.327)	106	1594	0	1077	false	1773	None
LINESTRING (3141498.807 202456.327, 3141460.056 202465.954)	106	1594	0	1078	false	1773	None
LINESTRING (3141460.056 202465.954, 3141421.679 202477.155)	106	1594	0	1079	false	1773	None
LINESTRING (3141421.679 202477.155, 3141344.514 202503.92)	106	1594	0	1080	false	1773	None
LINESTRING (3141344.514 202503.92, 3141322.405 202514.519)	106	1594	0	1081	false	1773	None
LINESTRING (3141322.405 202514.519, 3141291.656 202531.173)	106	1594	0	1082	false	1773	None
LINESTRING (3141291.656 202531.173, 3141266.06 202546.968)	106	1594	0	1083	false	1773	None
LINESTRING (3141266.06 202546.968, 3141241.381 202563.951)	106	1594	0	1084	false	1773	None
LINESTRING (3141241.381 202563.951, 3141217.533 202582.089)	106	1594	0	1085	false	1773	None
LINESTRING (3141217.533 202582.089, 3141201.681 202595.587)	106	1594	0	1086	false	1773	None
LINESTRING (3141201.681 202595.587, 3141190.861 202604.727)	106	1594	0	1087	false	1773	None
LINESTRING (3141190.861 202604.727, 3141165.539 202628.959)	106	1594	0	1088	false	1773	None
LINESTRING (3141165.539 202628.959, 3141141.733 202654.611)	106	1594	0	1089	false	1773	None
LINESTRING (3141141.733 202654.611, 3141005.802 202840.48)	106	1594	0	1090	false	1773	None
LINESTRING (3141005.802 202840.48, 3140944.605 202936.512)	106	1594	0	1091	false	1773	None
LINESTRING (3140944.605 202936.512, 3140929.928 202962.725)	106	1594	0	1092	false	1773	None
LINESTRING (3140929.928 202962.725, 3140916.665 202989.605)	106	1594	0	1093	false	1773	None
LINESTRING (3140916.665 202989.605, 3140904.947 203017.321)	106	1594	0	1094	false	1773	None
LINESTRING (3140904.947 203017.321, 3140896.526 203040.839)	106	1594	0	1095	false	1773	None
LINESTRING (3140896.526 203040.839, 3140892.609 203055.271)	106	1594	0	1096	false	1773	None
LINESTRING (3140892.609 203055.271, 3140889.107 203074.981)	106	1594	0	1097	false	1773	None
LINESTRING (3140889.107 203074.981, 3140887.561 203094.973)	106	1594	0	1098	false	1773	None
LINESTRING (3140887.561 203094.973, 3140888.092 203114.936)	106	1594	0	1099	false	1773	None
LINESTRING (3140888.092 203114.936, 3140890.318 203134.841)	106	1594	0	1100	false	1773	None
LINESTRING (3140890.318 203134.841, 3140894.107 203154.519)	106	1594	0	1101	false	1773	None
LINESTRING (3140894.107 203154.519, 3140899.243 203173.766)	106	1594	0	1102	false	1773	None
LINESTRING (3140899.243 203173.766, 3140905.812 203192.616)	106	1594	0	1103	false	1773	None
LINESTRING (3140905.812 203192.616, 3140913.814 203211.069)	106	1594	0	1104	false	1773	None
LINESTRING (3140913.814 203211.069, 3140927.72 203237.641)	106	1594	0	1105	false	1773	None
LINESTRING (3140927.72 203237.641, 3140942.923 203263.405)	106	1594	0	1106	false	1773	None
LINESTRING (3140942.923 203263.405, 3140959.382 203288.467)	106	1594	0	1107	false	1773	None
LINESTRING (3140959.382 203288.467, 3140977.177 203312.617)	106	1594	0	1108	false	1773	None
LINESTRING (3140977.177 203312.617, 3140996.097 203335.894)	106	1594	0	1109	false	1773	None
LINESTRING (3140996.097 203335.894, 3141019.612 203361.784)	106	1594	0	1110	false	1773	None
LINESTRING (3141019.612 203361.784, 3141044.663 203386.246)	106	1594	0	1111	false	1773	None
LINESTRING (3141044.663 203386.246, 3141170.764 203523.644)	106	1594	0	1112	false	1773	None
LINESTRING (3141170.764 203523.644, 3141223.076 203582.352)	106	1594	0	1113	false	1773	None
LINESTRING (3141223.076 203582.352, 3141243.78 203624.889)	106	1594	0	1114	false	1773	None
LINESTRING (3141243.78 203624.889, 3141329.897 203728.116)	106	1594	0	1115	false	1773	None
LINESTRING (3141329.897 203728.116, 3141381.733 203790.332)	106	1594	0	1116	false	1773	None
LINESTRING (3141381.733 203790.332, 3141509.911 203960.681)	106	1594	0	1117	false	1773	None
LINESTRING (3141509.911 203960.681, 3141511.739 203962.817)	106	1594	0	1118	false	1773	None
LINESTRING (3141511.739 203962.817, 3141645.693 204116.721)	106	1594	0	1119	false	1773	None
LINESTRING (3141645.693 204116.721, 3141670.497 204147.399)	106	1594	0	1120	false	1773	None
LINESTRING (3141670.497 204147.399, 3141745.875 204240.999)	106	1594	0	1121	false	1773	None
LINESTRING (3141745.875 204240.999, 3141753.066 204249.856)	106	1594	0	1122	false	1773	None
LINESTRING (3141753.066 204249.856, 3141758.432 204258.6)	106	1594	0	1123	false	1773	None
LINESTRING (3141758.432 204258.6, 3141768.681 204271.498)	106	1594	0	1124	false	1773	None
LINESTRING (3141768.681 204271.498, 3141778.034 204284.169)	106	1594	0	1125	false	1773	None
LINESTRING (3141778.034 204284.169, 3141782.38 204288.947)	106	1594	0	1126	false	1773	None
LINESTRING (3141782.38 204288.947, 3141800.659 204314.122)	106	1594	0	1127	false	1773	None
LINESTRING (3141800.659 204314.122, 3141818.938 204339.297)	106	1594	0	1128	false	1773	None
LINESTRING (3141818.938 204339.297, 3141831.661 204356.725)	106	1594	0	1129	false	1773	None
LINESTRING (3141831.661 204356.725, 3141847.976 204379.354)	106	1594	0	1130	false	1773	None
LINESTRING (3141847.976 204379.354, 3141860.488 204396.819)	106	1594	0	1131	false	1773	None
LINESTRING (3141860.488 204396.819, 3141957.771 204534.143)	106	1594	0	1132	false	1773	None
LINESTRING (3141957.771 204534.143, 3142093.306 204722.002)	106	1594	0	1133	false	1773	None
LINESTRING (3142093.306 204722.002, 3142102.407 204734.813)	106	1594	0	1134	false	1773	None
LINESTRING (3142102.407 204734.813, 3142142.631 204797.776)	106	1594	0	1135	false	1773	None
LINESTRING (3142142.631 204797.776, 3142155.676 204816.401)	106	1594	0	1136	false	1773	None
LINESTRING (3142155.676 204816.401, 3142166.879 204834.193)	106	1594	0	1137	false	1773	None
LINESTRING (3142166.879 204834.193, 3142162.741 204852.23)	106	1594	0	1138	false	1773	None
LINESTRING (3142162.741 204852.23, 3142163.974 204865.801)	106	1594	0	1139	false	1773	None
LINESTRING (3142163.974 204865.801, 3142164.692 204873.34)	106	1594	0	1140	false	1773	None
LINESTRING (3142164.692 204873.34, 3142183.755 204905.367)	106	1594	0	1141	false	1773	None
LINESTRING (3142183.755 204905.367, 3142207.618 204970.441)	106	1594	0	1142	false	1773	None
LINESTRING (3142207.618 204970.441, 3142210.959 204985.425)	106	1594	0	1143	false	1773	None
LINESTRING (3142210.959 204985.425, 3142228.625 205067.5)	106	1594	0	1144	false	1773	None
LINESTRING (3142228.625 205067.5, 3142244.117 205166.349)	106	1594	0	1145	false	1773	None
LINESTRING (3142244.117 205166.349, 3142256.657 205260.126)	106	1594	0	1146	false	1773	None
LINESTRING (3142256.657 205260.126, 3142261.879 205298.931)	106	1594	0	1147	false	1773	None
LINESTRING (3142261.879 205298.931, 3142307.223 205469.464)	106	1594	0	1148	false	1773	None
LINESTRING (3142307.223 205469.464, 3142307.506 205470.764)	106	1594	0	1149	false	1773	None
LINESTRING (3142307.506 205470.764, 3142348.736 205554.713)	106	1594	0	1150	false	1773	None
LINESTRING (3142348.736 205554.713, 3142374.471 205589.566)	106	1594	0	1151	false	1773	None
LINESTRING (3142374.471 205589.566, 3142387.729 205598.752)	106	1594	0	1152	false	1773	None
LINESTRING (3142387.729 205598.752, 3142397.613 205606.749)	106	1594	0	1153	false	1773	None
LINESTRING (3142397.613 205606.749, 3142419.629 205624.806)	106	1594	0	1154	false	1773	None
LINESTRING (3142419.629 205624.806, 3142427.795 205629.876)	106	1594	0	1155	false	1773	None
LINESTRING (3142427.795 205629.876, 3142438.331 205636.697)	106	1594	0	1156	false	1773	None
LINESTRING (3142438.331 205636.697, 3142458.496 205649.633)	106	1594	0	1157	false	1773	None
LINESTRING (3142458.496 205649.633, 3142498.918 205666.134)	106	1594	0	1158	false	1773	None
LINESTRING (3142498.918 205666.134, 3142561.705 205664.523)	106	1594	0	1159	false	1773	None
LINESTRING (3142561.705 205664.523, 3142594.905 205664.893)	106	1594	0	1160	false	1773	None
LINESTRING (3142594.905 205664.893, 3142656.769 205665.663)	106	1594	0	1161	false	1773	None
LINESTRING (3142656.769 205665.663, 3142869.265 205640.192)	106	1594	0	1162	false	1773	None
LINESTRING (3142869.265 205640.192, 3143064.526 205613.519)	106	1594	0	1163	false	1773	None
LINESTRING (3143064.526 205613.519, 3143065.878 205613.329)	106	1594	0	1164	false	1773	None
LINESTRING (3143065.878 205613.329, 3143091.991 205615.239)	106	1594	0	1165	false	1773	None
LINESTRING (3143091.991 205615.239, 3143140.143 205618.909)	106	1594	0	1166	false	1773	None
LINESTRING (3143140.143 205618.909, 3143168.92 205620.543)	106	1594	0	1167	false	1773	None
LINESTRING (3143168.92 205620.543, 3143211.615 205622.812)	106	1594	0	1168	false	1773	None
LINESTRING (3143211.615 205622.812, 3143254.992 205627.13)	106	1594	0	1169	false	1773	None
LINESTRING (3143254.992 205627.13, 3143282.369 205626.794)	106	1594	0	1170	false	1773	None
LINESTRING (3143282.369 205626.794, 3143363.737 205635.368)	106	1594	0	1171	false	1773	None
LINESTRING (3143363.737 205635.368, 3143429.34 205642.234)	106	1594	0	1172	false	1773	None
LINESTRING (3143429.34 205642.234, 3143555.877 205657.61)	106	1594	0	1173	false	1773	None
LINESTRING (3143555.877 205657.61, 3143651.13 205669.191)	106	1594	0	1174	false	1773	None
LINESTRING (3143651.13 205669.191, 3143864.927 205696.981)	106	1594	0	1175	false	1773	None
LINESTRING (3143864.927 205696.981, 3144072.268 205724.178)	106	1594	0	1176	false	1773	None
LINESTRING (3144072.268 205724.178, 3144182.198 205734.195)	106	1594	0	1177	false	1773	None
LINESTRING (3144182.198 205734.195, 3144193.201 205735.248)	106	1594	0	1178	false	1773	None
LINESTRING (3144193.201 205735.248, 3144347.405 205734.343)	106	1594	0	1179	false	1773	None
LINESTRING (3144347.405 205734.343, 3144471.701 205726.603)	106	1594	0	1180	false	1773	None
LINESTRING (3144471.701 205726.603, 3144547.063 205714.407)	106	1594	0	1181	false	1773	None
LINESTRING (3144547.063 205714.407, 3144660.23 205686.162)	106	1594	0	1182	false	1773	None
LINESTRING (3144660.23 205686.162, 3144811.526 205625.566)	106	1594	0	1183	false	1773	None
LINESTRING (3144811.526 205625.566, 3144877.415 205592.912)	106	1594	0	1184	false	1773	None
LINESTRING (3144877.415 205592.912, 3144880.727 205591.221)	106	1594	0	1185	false	1773	None
LINESTRING (3144880.727 205591.221, 3145087.492 205484.528)	106	1594	0	1186	false	1773	None
LINESTRING (3145087.492 205484.528, 3145268.872 205378.109)	106	1594	0	1187	false	1773	None
LINESTRING (3145268.872 205378.109, 3145374.614 205294.729)	106	1594	0	1188	false	1773	None
LINESTRING (3145374.614 205294.729, 3145492.354 205189.813)	106	1594	0	1189	false	1773	None
LINESTRING (3145492.354 205189.813, 3145570.27 205111.472)	106	1594	0	1190	false	1773	None
LINESTRING (3145570.27 205111.472, 3145632.748 205038.688)	106	1594	0	1191	false	1773	None
LINESTRING (3145632.748 205038.688, 3145681.419 204956.858)	106	1594	0	1192	false	1773	None
LINESTRING (3145681.419 204956.858, 3145717.642 204877.697)	106	1594	0	1193	false	1773	None
LINESTRING (3145717.642 204877.697, 3145770.475 204755.22)	106	1594	0	1194	false	1773	None
LINESTRING (3145770.475 204755.22, 3145818.156 204623.958)	106	1594	0	1195	false	1773	None
LINESTRING (3145818.156 204623.958, 3145862.14 204492.333)	106	1594	0	1196	false	1773	None
LINESTRING (3145862.14 204492.333, 3145888.78 204368.384)	106	1594	0	1197	false	1773	None
LINESTRING (3145888.78 204368.384, 3145905.542 204267.864)	106	1594	0	1198	false	1773	None
LINESTRING (3145905.542 204267.864, 3145926.63 204146.047)	106	1594	0	1199	false	1773	None
LINESTRING (3145926.63 204146.047, 3145944.056 204076.023)	106	1594	0	1200	false	1773	None
LINESTRING (3145944.056 204076.023, 3145952.12 204031.652)	106	1594	0	1201	false	1773	None
LINESTRING (3145952.12 204031.652, 3145958.471 203996.26)	106	1594	0	1202	false	1773	None
LINESTRING (3145958.471 203996.26, 3145982.724 203901.028)	106	1594	0	1203	false	1773	None
LINESTRING (3145982.724 203901.028, 3146027.106 203801.344)	106	1594	0	1204	false	1773	None
LINESTRING (3146027.106 203801.344, 3146039.193 203774.248)	106	1594	0	1205	false	1773	None
LINESTRING (3146039.193 203774.248, 3146055.963 203748.017)	106	1594	0	1206	false	1773	None
LINESTRING (3146055.963 203748.017, 3146119.837 203678.752)	106	1594	0	1207	false	1773	None
LINESTRING (3146119.837 203678.752, 3146154.376 203646.796)	106	1594	0	1208	false	1773	None
LINESTRING (3146154.376 203646.796, 3146179.729 203623.3)	106	1594	0	1209	false	1773	None
LINESTRING (3146179.729 203623.3, 3146198.806 203605.582)	106	1594	0	1210	false	1773	None
LINESTRING (3146198.806 203605.582, 3146271.085 203536.722)	106	1594	0	1211	false	1773	None
LINESTRING (3146271.085 203536.722, 3146343.142 203488.728)	106	1594	0	1212	false	1773	None
LINESTRING (3146343.142 203488.728, 3146444.155 203434.589)	106	1594	0	1213	false	1773	None
LINESTRING (3146444.155 203434.589, 3146526.069 203406.849)	106	1594	0	1214	false	1773	None
LINESTRING (3146526.069 203406.849, 3146654.191 203378.468)	106	1594	0	1215	false	1773	E:3146537.384 203404.3425529027
LINESTRING (3141146.26 209690.103, 3140169.11 209314.115)	106	1594	0	1768	false	1773	N:3140275.6305460013 209355.102
LINESTRING (3140169.11 209314.115, 3140025.785 209259.052)	106	1594	0	1769	false	1773	None
LINESTRING (3140025.785 209259.052, 3140013.392 209254.25)	106	1594	0	1770	false	1773	None
LINESTRING (3140013.392 209254.25, 3139933.994 209223.722)	106	1594	0	1771	false	1773	None
LINESTRING (3139933.994 209223.722, 3139342.687 208996.413)	106	1594	0	1772	false	1773	None
LINESTRING (3139342.687 208996.413, 3139189.401 208937.627)	106	1594	0	1773	false	1773	None
LINESTRING (3146654.191 203378.468, 3146526.069 203406.849)	106	1600	0	611	false	1375	E:3146537.384 203404.3425529027
LINESTRING (3146526.069 203406.849, 3146444.155 203434.589)	106	1600	0	612	false	1375	None
LINESTRING (3146444.155 203434.589, 3146343.142 203488.728)	106	1600	0	613	false	1375	None
LINESTRING (3146343.142 203488.728, 3146271.085 203536.722)	106	1600	0	614	false	1375	None
LINESTRING (3146271.085 203536.722, 3146198.806 203605.582)	106	1600	0	615	false	1375	None
LINESTRING (3146198.806 203605.582, 3146179.729 203623.3)	106	1600	0	616	false	1375	None
LINESTRING (3146179.729 203623.3, 3146154.376 203646.796)	106	1600	0	617	false	1375	None
LINESTRING (3146154.376 203646.796, 3146119.837 203678.752)	106	1600	0	618	false	1375	None
LINESTRING (3146119.837 203678.752, 3146055.963 203748.017)	106	1600	0	619	false	1375	None
LINESTRING (3146055.963 203748.017, 3146039.193 203774.248)	106	1600	0	620	false	1375	None
LINESTRING (3146039.193 203774.248, 3146027.106 203801.344)	106	1600	0	621	false	1375	None
LINESTRING (3146027.106 203801.344, 3145982.724 203901.028)	106	1600	0	622	false	1375	None
LINESTRING (3145982.724 203901.028, 3145958.471 203996.26)	106	1600	0	623	false	1375	None
LINESTRING (3145958.471 203996.26, 3145952.12 204031.652)	106	1600	0	624	false	1375	None
LINESTRING (3145952.12 204031.652, 3145944.056 204076.023)	106	1600	0	625	false	1375	None
LINESTRING (3145944.056 204076.023, 3145926.63 204146.047)	106	1600	0	626	false	1375	None
LINESTRING (3145926.63 204146.047, 3145905.542 204267.864)	106	1600	0	627	false	1375	None
LINESTRING (3145905.542 204267.864, 3145888.78 204368.384)	106	1600	0	628	false	1375	None
LINESTRING (3145888.78 204368.384, 3145862.14 204492.333)	106	1600	0	629	false	1375	None
LINESTRING (3145862.14 204492.333, 3145818.156 204623.958)	106	1600	0	630	false	1375	None
LINESTRING (3145818.156 204623.958, 3145770.475 204755.22)	106	1600	0	631	false	1375	None
LINESTRING (3145770.475 204755.22, 3145717.642 204877.697)	106	1600	0	632	false	1375	None
LINESTRING (3145717.642 204877.697, 3145681.419 204956.858)	106	1600	0	633	false	1375	None
LINESTRING (3145681.419 204956.858, 3145632.748 205038.688)	106	1600	0	634	false	1375	None
LINESTRING (3145632.748 205038.688, 3145570.27 205111.472)	106	1600	0	635	false	1375	None
LINESTRING (3145570.27 205111.472, 3145492.354 205189.813)	106	1600	0	636	false	1375	None
LINESTRING (3145492.354 205189.813, 3145374.614 205294.729)	106	1600	0	637	false	1375	None
LINESTRING (3145374.614 205294.729, 3145268.872 205378.109)	106	1600	0	638	false	1375	None
LINESTRING (3145268.872 205378.109, 3145087.492 205484.528)	106	1600	0	639	false	1375	None
LINESTRING (3145087.492 205484.528, 3144880.727 205591.221)	106	1600	0	640	false	1375	None
LINESTRING (3144880.727 205591.221, 3144877.415 205592.912)	106	1600	0	641	false	1375	None
LINESTRING (3144877.415 205592.912, 3144811.526 205625.566)	106	1600	0	642	false	1375	None
LINESTRING (3144811.526 205625.566, 3144660.23 205686.162)	106	1600	0	643	false	1375	None
LINESTRING (3144660.23 205686.162, 3144547.063 205714.407)	106	1600	0	644	false	1375	None
LINESTRING (3144547.063 205714.407, 3144471.701 205726.603)	106	1600	0	645	false	1375	None
LINESTRING (3144471.701 205726.603, 3144347.405 205734.343)	106	1600	0	646	false	1375	None
LINESTRING (3144347.405 205734.343, 3144193.201 205735.248)	106	1600	0	647	false	1375	None
LINESTRING (3144193.201 205735.248, 3144182.198 205734.195)	106	1600	0	648	false	1375	None
LINESTRING (3144182.198 205734.195, 3144072.268 205724.178)	106	1600	0	649	false	1375	None
LINESTRING (3144072.268 205724.178, 3143864.927 205696.981)	106	1600	0	650	false	1375	None
LINESTRING (3143864.927 205696.981, 3143651.13 205669.191)	106	1600	0	651	false	1375	None
LINESTRING (3143651.13 205669.191, 3143555.877 205657.61)	106	1600	0	652	false	1375	None
LINESTRING (3143555.877 205657.61, 3143429.34 205642.234)	106	1600	0	653	false	1375	None
LINESTRING (3143429.34 205642.234, 3143363.737 205635.368)	106	1600	0	654	false	1375	None
LINESTRING (3143363.737 205635.368, 3143282.369 205626.794)	106	1600	0	655	false	1375	None
LINESTRING (3143282.369 205626.794, 3143254.992 205627.13)	106	1600	0	656	false	1375	None
LINESTRING (3143254.992 205627.13, 3143211.615 205622.812)	106	1600	0	657	false	1375	None
LINESTRING (3143211.615 205622.812, 3143168.92 205620.543)	106	1600	0	658	false	1375	None
LINESTRING (3143168.92 205620.543, 3143140.143 205618.909)	106	1600	0	659	false	1375	None
LINESTRING (3143140.143 205618.909, 3143091.991 205615.239)	106	1600	0	660	false	1375	None
LINESTRING (3143091.991 205615.239, 3143065.878 205613.329)	106	1600	0	661	false	1375	None
LINESTRING (3143065.878 205613.329, 3143064.526 205613.519)	106	1600	0	662	false	1375	None
LINESTRING (3143064.526 205613.519, 3142869.265 205640.192)	106	1600	0	663	false	1375	None
LINESTRING (3142869.265 205640.192, 3142656.769 205665.663)	106	1600	0	664	false	1375	None
LINESTRING (3142656.769 205665.663, 3142594.905 205664.893)	106	1600	0	665	false	1375	None
LINESTRING (3142594.905 205664.893, 3142561.705 205664.523)	106	1600	0	666	false	1375	None
LINESTRING (3142561.705 205664.523, 3142498.918 205666.134)	106	1600	0	667	false	1375	None
LINESTRING (3142498.918 205666.134, 3142458.496 205649.633)	106	1600	0	668	false	1375	None
LINESTRING (3142458.496 205649.633, 3142438.331 205636.697)	106	1600	0	669	false	1375	None
LINESTRING (3142438.331 205636.697, 3142427.795 205629.876)	106	1600	0	670	false	1375	None
LINESTRING (3142427.795 205629.876, 3142419.629 205624.806)	106	1600	0	671	false	1375	None
LINESTRING (3142419.629 205624.806, 3142397.613 205606.749)	106	1600	0	672	false	1375	None
LINESTRING (3142397.613 205606.749, 3142387.729 205598.752)	106	1600	0	673	false	1375	None
LINESTRING (3142387.729 205598.752, 3142374.471 205589.566)	106	1600	0	674	false	1375	None
LINESTRING (3142374.471 205589.566, 3142348.736 205554.713)	106	1600	0	675	false	1375	None
LINESTRING (3142348.736 205554.713, 3142307.506 205470.764)	106	1600	0	676	false	1375	None
LINESTRING (3142307.506 205470.764, 3142307.223 205469.464)	106	1600	0	677	false	1375	None
LINESTRING (3142307.223 205469.464, 3142261.879 205298.931)	106	1600	0	678	false	1375	None
LINESTRING (3142261.879 205298.931, 3142256.657 205260.126)	106	1600	0	679	false	1375	None
LINESTRING (3142256.657 205260.126, 3142244.117 205166.349)	106	1600	0	680	false	1375	None
LINESTRING (3142244.117 205166.349, 3142228.625 205067.5)	106	1600	0	681	false	1375	None
LINESTRING (3142228.625 205067.5, 3142210.959 204985.425)	106	1600	0	682	false	1375	None
LINESTRING (3142210.959 204985.425, 3142207.618 204970.441)	106	1600	0	683	false	1375	None
LINESTRING (3142207.618 204970.441, 3142183.755 204905.367)	106	1600	0	684	false	1375	None
LINESTRING (3142183.755 204905.367, 3142164.692 204873.34)	106	1600	0	685	false	1375	None
LINESTRING (3142164.692 204873.34, 3142163.974 204865.801)	106	1600	0	686	false	1375	None
LINESTRING (3142163.974 204865.801, 3142162.741 204852.23)	106	1600	0	687	false	1375	None
LINESTRING (3142162.741 204852.23, 3142166.879 204834.193)	106	1600	0	688	false	1375	None
LINESTRING (3142166.879 204834.193, 3142155.676 204816.401)	106	1600	0	689	false	1375	None
LINESTRING (3142155.676 204816.401, 3142142.631 204797.776)	106	1600	0	690	false	1375	None
LINESTRING (3142142.631 204797.776, 3142102.407 204734.813)	106	1600	0	691	false	1375	None
LINESTRING (3142102.407 204734.813, 3142093.306 204722.002)	106	1600	0	692	false	1375	None
LINESTRING (3142093.306 204722.002, 3141957.771 204534.143)	106	1600	0	693	false	1375	None
LINESTRING (3141957.771 204534.143, 3141860.488 204396.819)	106	1600	0	694	false	1375	None
LINESTRING (3141860.488 204396.819, 3141847.976 204379.354)	106	1600	0	695	false	1375	None
LINESTRING (3141847.976 204379.354, 3141831.661 204356.725)	106	1600	0	696	false	1375	None
LINESTRING (3141831.661 204356.725, 3141818.938 204339.297)	106	1600	0	697	false	1375	None
LINESTRING (3141818.938 204339.297, 3141800.659 204314.122)	106	1600	0	698	false	1375	None
LINESTRING (3141800.659 204314.122, 3141782.38 204288.947)	106	1600	0	699	false	1375	None
LINESTRING (3141782.38 204288.947, 3141778.034 204284.169)	106	1600	0	700	false	1375	None
LINESTRING (3141778.034 204284.169, 3141768.681 204271.498)	106	1600	0	701	false	1375	None
LINESTRING (3141768.681 204271.498, 3141758.432 204258.6)	106	1600	0	702	false	1375	None
LINESTRING (3141758.432 204258.6, 3141753.066 204249.856)	106	1600	0	703	false	1375	None
LINESTRING (3141753.066 204249.856, 3141745.875 204240.999)	106	1600	0	704	false	1375	None
LINESTRING (3141745.875 204240.999, 3141670.497 204147.399)	106	1600	0	705	false	1375	None
LINESTRING (3141670.497 204147.399, 3141645.693 204116.721)	106	1600	0	706	false	1375	None
LINESTRING (3141645.693 204116.721, 3141511.739 203962.817)	106	1600	0	707	false	1375	None
LINESTRING (3141511.739 203962.817, 3141509.911 203960.681)	106	1600	0	708	false	1375	None
LINESTRING (3141509.911 203960.681, 3141381.733 203790.332)	106	1600	0	709	false	1375	None
LINESTRING (3141381.733 203790.332, 3141329.897 203728.116)	106	1600	0	710	false	1375	None
LINESTRING (3141329.897 203728.116, 3141243.78 203624.889)	106	1600	0	711	false	1375	None
LINESTRING (3141243.78 203624.889, 3141223.076 203582.352)	106	1600	0	712	false	1375	None
LINESTRING (3141223.076 203582.352, 3141170.764 203523.644)	106	1600	0	713	false	1375	None
LINESTRING (3141170.764 203523.644, 3141044.663 203386.246)	106	1600	0	714	false	1375	None
LINESTRING (3141044.663 203386.246, 3141019.612 203361.784)	106	1600	0	715	false	1375	None
LINESTRING (3141019.612 203361.784, 3140996.097 203335.894)	106	1600	0	716	false	1375	None
LINESTRING (3140996.097 203335.894, 3140977.177 203312.617)	106	1600	0	717	false	1375	None
LINESTRING (3140977.177 203312.617, 3140959.382 203288.467)	106	1600	0	718	false	1375	None
LINESTRING (3140959.382 203288.467, 3140942.923 203263.405)	106	1600	0	719	false	1375	None
LINESTRING (3140942.923 203263.405, 3140927.72 203237.641)	106	1600	0	720	false	1375	None
LINESTRING (3140927.72 203237.641, 3140913.814 203211.069)	106	1600	0	721	false	1375	None
LINESTRING (3140913.814 203211.069, 3140905.812 203192.616)	106	1600	0	722	false	1375	None
LINESTRING (3140905.812 203192.616, 3140899.243 203173.766)	106	1600	0	723	false	1375	None
LINESTRING (3140899.243 203173.766, 3140894.107 203154.519)	106	1600	0	724	false	1375	None
LINESTRING (3140894.107 203154.519, 3140890.318 203134.841)	106	1600	0	725	false	1375	None
LINESTRING (3140890.318 203134.841, 3140888.092 203114.936)	106	1600	0	726	false	1375	None
LINESTRING (3140888.092 203114.936, 3140887.561 203094.973)	106	1600	0	727	false	1375	None
LINESTRING (3140887.561 203094.973, 3140889.107 203074.981)	106	1600	0	728	false	1375	None
LINESTRING (3140889.107 203074.981, 3140892.609 203055.271)	106	1600	0	729	false	1375	None
LINESTRING (3140892.609 203055.271, 3140896.526 203040.839)	106	1600	0	730	false	1375	None
LINESTRING (3140896.526 203040.839, 3140904.947 203017.321)	106	1600	0	731	false	1375	None
LINESTRING (3140904.947 203017.321, 3140916.665 202989.605)	106	1600	0	732	false	1375	None
LINESTRING (3140916.665 202989.605, 3140929.928 202962.725)	106	1600	0	733	false	1375	None
LINESTRING (3140929.928 202962.725, 3140944.605 202936.512)	106	1600	0	734	false	1375	None
LINESTRING (3140944.605 202936.512, 3141005.802 202840.48)	106	1600	0	735	false	1375	None
LINESTRING (3141005.802 202840.48, 3141141.733 202654.611)	106	1600	0	736	false	1375	None
LINESTRING (3141141.733 202654.611, 3141165.539 202628.959)	106	1600	0	737	false	1375	None
LINESTRING (3141165.539 202628.959, 3141190.861 202604.727)	106	1600	0	738	false	1375	None
LINESTRING (3141190.861 202604.727, 3141201.681 202595.587)	106	1600	0	739	false	1375	None
LINESTRING (3141201.681 202595.587, 3141217.533 202582.089)	106	1600	0	740	false	1375	None
LINESTRING (3141217.533 202582.089, 3141241.381 202563.951)	106	1600	0	741	false	1375	None
LINESTRING (3141241.381 202563.951, 3141266.06 202546.968)	106	1600	0	742	false	1375	None
LINESTRING (3141266.06 202546.968, 3141291.656 202531.173)	106	1600	0	743	false	1375	None
LINESTRING (3141291.656 202531.173, 3141322.405 202514.519)	106	1600	0	744	false	1375	None
LINESTRING (3141322.405 202514.519, 3141344.514 202503.92)	106	1600	0	745	false	1375	None
LINESTRING (3141344.514 202503.92, 3141421.679 202477.155)	106	1600	0	746	false	1375	None
LINESTRING (3141421.679 202477.155, 3141460.056 202465.954)	106	1600	0	747	false	1375	None
LINESTRING (3141460.056 202465.954, 3141498.807 202456.327)	106	1600	0	748	false	1375	None
LINESTRING (3141498.807 202456.327, 3141537.974 202448.17)	106	1600	0	749	false	1375	None
LINESTRING (3141537.974 202448.17, 3141572.526 202442.273)	106	1600	0	750	false	1375	None
LINESTRING (3141572.526 202442.273, 3141612.139 202437.027)	106	1600	0	751	false	1375	None
LINESTRING (3141612.139 202437.027, 3141651.956 202433.287)	106	1600	0	752	false	1375	None
LINESTRING (3141651.956 202433.287, 3141691.85 202431.126)	106	1600	0	753	false	1375	None
LINESTRING (3141691.85 202431.126, 3141731.862 202430.439)	106	1600	0	754	false	1375	None
LINESTRING (3141731.862 202430.439, 3141758.457 202430.862)	106	1600	0	755	false	1375	None
LINESTRING (3141758.457 202430.862, 3141824.811 202440.142)	106	1600	0	756	false	1375	None
LINESTRING (3141824.811 202440.142, 3141908.401 202438.96)	106	1600	0	757	false	1375	None
LINESTRING (3141908.401 202438.96, 3142020.111 202438.079)	106	1600	0	758	false	1375	None
LINESTRING (3142020.111 202438.079, 3142187.114 202444.815)	106	1600	0	759	false	1375	None
LINESTRING (3142187.114 202444.815, 3142332.946 202441.447)	106	1600	0	760	false	1375	None
LINESTRING (3142332.946 202441.447, 3142422.684 202432.535)	106	1600	0	761	false	1375	None
LINESTRING (3142422.684 202432.535, 3142502.718 202406.77)	106	1600	0	762	false	1375	None
LINESTRING (3142502.718 202406.77, 3142516.45 202400.783)	106	1600	0	763	false	1375	None
LINESTRING (3142516.45 202400.783, 3142529.426 202393.195)	106	1600	0	764	false	1375	None
LINESTRING (3142529.426 202393.195, 3142541.309 202384.111)	106	1600	0	765	false	1375	None
LINESTRING (3142541.309 202384.111, 3142551.973 202373.603)	106	1600	0	766	false	1375	None
LINESTRING (3142551.973 202373.603, 3142561.337 202361.877)	106	1600	0	767	false	1375	None
LINESTRING (3142561.337 202361.877, 3142569.237 202349.107)	106	1600	0	768	false	1375	None
LINESTRING (3142569.237 202349.107, 3142575.505 202335.468)	106	1600	0	769	false	1375	None
LINESTRING (3142575.505 202335.468, 3142579.978 202321.132)	106	1600	0	770	false	1375	None
LINESTRING (3142579.978 202321.132, 3142582.83 202306.407)	106	1600	0	771	false	1375	None
LINESTRING (3142582.83 202306.407, 3142583.627 202296.479)	106	1600	0	772	false	1375	None
LINESTRING (3142583.627 202296.479, 3142603.551 202237.188)	106	1600	0	773	false	1375	None
LINESTRING (3142603.551 202237.188, 3142626.279 202183.863)	106	1600	0	774	false	1375	None
LINESTRING (3142626.279 202183.863, 3142689.634 202083.078)	106	1600	0	775	false	1375	None
LINESTRING (3142689.634 202083.078, 3142787.311 201910.727)	106	1600	0	776	false	1375	None
LINESTRING (3142787.311 201910.727, 3142837.913 201833.209)	106	1600	0	777	false	1375	None
LINESTRING (3142837.913 201833.209, 3142858.824 201801.081)	106	1600	0	778	false	1375	None
LINESTRING (3142858.824 201801.081, 3142867.884 201783.286)	106	1600	0	779	false	1375	None
LINESTRING (3142867.884 201783.286, 3142875.701 201764.891)	106	1600	0	780	false	1375	None
LINESTRING (3142875.701 201764.891, 3142883.782 201741.241)	106	1600	0	781	false	1375	None
LINESTRING (3142883.782 201741.241, 3142888.907 201721.921)	106	1600	0	782	false	1375	None
LINESTRING (3142888.907 201721.921, 3142892.794 201702.241)	106	1600	0	783	false	1375	None
LINESTRING (3142892.794 201702.241, 3142895.362 201682.407)	106	1600	0	784	false	1375	None
LINESTRING (3142895.362 201682.407, 3142896.757 201657.476)	106	1600	0	785	false	1375	None
LINESTRING (3142896.757 201657.476, 3142896.115 201632.47)	106	1600	0	786	false	1375	None
LINESTRING (3142896.115 201632.47, 3142894.65 201616.191)	106	1600	0	787	false	1375	None
LINESTRING (3142894.65 201616.191, 3142885.101 201551.193)	106	1600	0	788	false	1375	None
LINESTRING (3142885.101 201551.193, 3142876.219 201533.23)	106	1600	0	789	false	1375	None
LINESTRING (3142876.219 201533.23, 3142865.955 201516.041)	106	1600	0	790	false	1375	None
LINESTRING (3142865.955 201516.041, 3142854.439 201499.796)	106	1600	0	791	false	1375	S:3142861.215327732 201509.355
