LINESTRING (3112221.708 208281.011, 3112335.757 208330.635)	62	313	0	475	false	686	W:3112314.717 208321.48025984445
LINESTRING (3112335.757 208330.635, 3112408.007 208360.879)	62	313	0	476	false	686	None
LINESTRING (3112408.007 208360.879, 3112443.632 208377.176)	62	313	0	477	false	686	None
LINESTRING (3112443.632 208377.176, 3112492.293 208401.929)	62	313	0	478	false	686	None
LINESTRING (3112492.293 208401.929, 3112597.127 208457.411)	62	313	0	479	false	686	None
LINESTRING (3112597.127 208457.411, 3112618.716 208469.389)	62	313	0	480	false	686	None
LINESTRING (3112618.716 208469.389, 3112633.682 208477.159)	62	313	0	481	false	686	None
LINESTRING (3112633.682 208477.159, 3112651.926 208487.376)	62	313	0	482	false	686	None
LINESTRING (3112651.926 208487.376, 3112687.625 208505.012)	62	313	0	483	false	686	None
LINESTRING (3112687.625 208505.012, 3112948.385 208624.433)	62	313	0	484	false	686	None
LINESTRING (3112948.385 208624.433, 3113006.956 208649.429)	62	313	0	485	false	686	None
LINESTRING (3113006.956 208649.429, 3113051.49 208666.536)	62	313	0	486	false	686	None
LINESTRING (3113051.49 208666.536, 3113077.949 208676.818)	62	313	0	487	false	686	None
LINESTRING (3113077.949 208676.818, 3113089.117 208679.92)	62	313	0	488	false	686	None
LINESTRING (3113089.117 208679.92, 3113122.601 208691.831)	62	313	0	489	false	686	None
LINESTRING (3113122.601 208691.831, 3113164.579 208704.865)	62	313	0	490	false	686	None
LINESTRING (3113164.579 208704.865, 3113188.483 208711.075)	62	313	0	491	false	686	None
LINESTRING (3113188.483 208711.075, 3113206.527 208714.915)	62	313	0	492	false	686	None
LINESTRING (3113206.527 208714.915, 3113226.686 208718.617)	62	313	0	493	false	686	None
LINESTRING (3113226.686 208718.617, 3113289.825 208726.106)	62	313	0	494	false	686	None
LINESTRING (3113289.825 208726.106, 3113373.891 208728.912)	62	313	0	495	false	686	None
LINESTRING (3113373.891 208728.912, 3113424.189 208727.188)	62	313	0	496	false	686	None
LINESTRING (3113424.189 208727.188, 3113429.378 208726.447)	62	313	0	497	false	686	None
LINESTRING (3113429.378 208726.447, 3113487.544 208717.52)	62	313	0	498	false	686	None
LINESTRING (3113487.544 208717.52, 3113520.994 208712.416)	62	313	0	499	false	686	None
LINESTRING (3113520.994 208712.416, 3113637.66 208690.887)	62	313	0	500	false	686	None
LINESTRING (3113637.66 208690.887, 3113675.827 208686.525)	62	313	0	501	false	686	None
LINESTRING (3113675.827 208686.525, 3113688.136 208682.574)	62	313	0	502	false	686	None
LINESTRING (3113688.136 208682.574, 3113752.25 208672.723)	62	313	0	503	false	686	None
LINESTRING (3113752.25 208672.723, 3113847.226 208654.04)	62	313	0	504	false	686	None
LINESTRING (3113847.226 208654.04, 3114001.612 208627.031)	62	313	0	505	false	686	None
LINESTRING (3114001.612 208627.031, 3114050.165 208621.43)	62	313	0	506	false	686	None
LINESTRING (3114050.165 208621.43, 3114112.559 208619.125)	62	313	0	507	false	686	None
LINESTRING (3114112.559 208619.125, 3114175.119 208625.328)	62	313	0	508	false	686	None
LINESTRING (3114175.119 208625.328, 3114241.096 208631.06)	62	313	0	509	false	686	None
LINESTRING (3114241.096 208631.06, 3114271.704 208636.163)	62	313	0	510	false	686	None
LINESTRING (3114271.704 208636.163, 3114294.973 208638.922)	62	313	0	511	false	686	None
LINESTRING (3114294.973 208638.922, 3114399.611 208662.248)	62	313	0	512	false	686	None
LINESTRING (3114399.611 208662.248, 3114457.406 208676.254)	62	313	0	513	false	686	None
LINESTRING (3114457.406 208676.254, 3114523.48 208691.182)	62	313	0	514	false	686	None
LINESTRING (3114523.48 208691.182, 3114571.766 208704.15)	62	313	0	515	false	686	None
LINESTRING (3114571.766 208704.15, 3114592.325 208710.387)	62	313	0	516	false	686	None
LINESTRING (3114592.325 208710.387, 3114739.197 208745.074)	62	313	0	517	false	686	None
LINESTRING (3114739.197 208745.074, 3114745.419 208746.752)	62	313	0	518	false	686	None
LINESTRING (3114745.419 208746.752, 3114803.477 208762.883)	62	313	0	519	false	686	None
LINESTRING (3114803.477 208762.883, 3114818.908 208767.149)	62	313	0	520	false	686	None
LINESTRING (3114818.908 208767.149, 3114895.302 208786.88)	62	313	0	521	false	686	None
LINESTRING (3114895.302 208786.88, 3114971.602 208802.77)	62	313	0	522	false	686	None
LINESTRING (3114971.602 208802.77, 3115009.668 208806.342)	62	313	0	523	false	686	None
LINESTRING (3115009.668 208806.342, 3115063.286 208951.936)	62	313	0	524	false	686	None
LINESTRING (3115063.286 208951.936, 3115072.912 208980.49)	62	313	0	525	false	686	None
LINESTRING (3115072.912 208980.49, 3115107.158 209072.855)	62	313	0	526	false	686	None
LINESTRING (3115107.158 209072.855, 3115122.02 209114.839)	62	313	0	527	false	686	None
LINESTRING (3115122.02 209114.839, 3115176.306 209276.033)	62	313	0	528	false	686	None
LINESTRING (3115176.306 209276.033, 3115185.974 209299.372)	62	313	0	529	false	686	None
LINESTRING (3115185.974 209299.372, 3115214.309 209368.06)	62	313	0	530	false	686	N:3115208.9635986197 209355.102
LINESTRING (3116200.995 201502.725, 3116166.478 201799.564)	62	314	0	80	false	1296	S:3116200.224051068 201509.355
LINESTRING (3116166.478 201799.564, 3116151.758 202086.77)	62	314	0	81	false	1296	None
LINESTRING (3116151.758 202086.77, 3116142.822 202191.54)	62	314	0	82	false	1296	None
LINESTRING (3116142.822 202191.54, 3116125.011 202334.993)	62	314	0	83	false	1296	None
LINESTRING (3116125.011 202334.993, 3116103.536 202683.696)	62	314	0	84	false	1296	None
LINESTRING (3116103.536 202683.696, 3116085.429 202964.85)	62	314	0	85	false	1296	None
LINESTRING (3116085.429 202964.85, 3116023.587 203605.304)	62	314	0	86	false	1296	None
LINESTRING (3116023.587 203605.304, 3116042.613 203951.981)	62	314	0	87	false	1296	None
LINESTRING (3116042.613 203951.981, 3116049.455 203989.094)	62	314	0	88	false	1296	None
LINESTRING (3116049.455 203989.094, 3116065.58 204235.251)	62	314	0	89	false	1296	None
LINESTRING (3116065.58 204235.251, 3116093.635 204489.681)	62	314	0	90	false	1296	None
LINESTRING (3116093.635 204489.681, 3116072.09 204607.803)	62	314	0	91	false	1296	None
LINESTRING (3116072.09 204607.803, 3116028.436 204741.568)	62	314	0	92	false	1296	None
LINESTRING (3116028.436 204741.568, 3115937.801 205073.935)	62	314	0	93	false	1296	None
LINESTRING (3115937.801 205073.935, 3115877.475 205530.444)	62	314	0	94	false	1296	None
LINESTRING (3115877.475 205530.444, 3115845.457 205757.511)	62	314	0	95	false	1296	None
LINESTRING (3115845.457 205757.511, 3115816.587 206016.468)	62	314	0	96	false	1296	None
LINESTRING (3115816.587 206016.468, 3115833.031 206251.223)	62	314	0	97	false	1296	None
LINESTRING (3115833.031 206251.223, 3115943.276 206734.658)	62	314	0	98	false	1296	None
LINESTRING (3115943.276 206734.658, 3116074.666 207235.509)	62	314	0	99	false	1296	None
LINESTRING (3116074.666 207235.509, 3116200.704 207593.751)	62	314	0	100	false	1296	None
LINESTRING (3116200.704 207593.751, 3116297.844 207854.077)	62	314	0	101	false	1296	None
LINESTRING (3116297.844 207854.077, 3116527.954 208474.384)	62	314	0	102	false	1296	None
LINESTRING (3116527.954 208474.384, 3116610.731 208776.058)	62	314	0	103	false	1296	None
LINESTRING (3116610.731 208776.058, 3116628.158 208847.337)	62	314	0	104	false	1296	None
LINESTRING (3116628.158 208847.337, 3116710.995 209301.623)	62	314	0	105	false	1296	None
LINESTRING (3116710.995 209301.623, 3116740.251 209477.591)	62	314	0	106	false	1296	N:3116719.8862849157 209355.102
LINESTRING (3115214.309 209368.06, 3115185.974 209299.372)	62	314	0	194	false	1296	N:3115208.9635986197 209355.102
LINESTRING (3115185.974 209299.372, 3115176.306 209276.033)	62	314	0	195	false	1296	None
LINESTRING (3115176.306 209276.033, 3115122.02 209114.839)	62	314	0	196	false	1296	None
LINESTRING (3115122.02 209114.839, 3115107.158 209072.855)	62	314	0	197	false	1296	None
LINESTRING (3115107.158 209072.855, 3115072.912 208980.49)	62	314	0	198	false	1296	None
LINESTRING (3115072.912 208980.49, 3115063.286 208951.936)	62	314	0	199	false	1296	None
LINESTRING (3115063.286 208951.936, 3115009.668 208806.342)	62	314	0	200	false	1296	None
LINESTRING (3115009.668 208806.342, 3114971.602 208802.77)	62	314	0	201	false	1296	None
LINESTRING (3114971.602 208802.77, 3114895.302 208786.88)	62	314	0	202	false	1296	None
LINESTRING (3114895.302 208786.88, 3114818.908 208767.149)	62	314	0	203	false	1296	None
LINESTRING (3114818.908 208767.149, 3114803.477 208762.883)	62	314	0	204	false	1296	None
LINESTRING (3114803.477 208762.883, 3114745.419 208746.752)	62	314	0	205	false	1296	None
LINESTRING (3114745.419 208746.752, 3114739.197 208745.074)	62	314	0	206	false	1296	None
LINESTRING (3114739.197 208745.074, 3114592.325 208710.387)	62	314	0	207	false	1296	None
LINESTRING (3114592.325 208710.387, 3114571.766 208704.15)	62	314	0	208	false	1296	None
LINESTRING (3114571.766 208704.15, 3114523.48 208691.182)	62	314	0	209	false	1296	None
LINESTRING (3114523.48 208691.182, 3114457.406 208676.254)	62	314	0	210	false	1296	None
LINESTRING (3114457.406 208676.254, 3114399.611 208662.248)	62	314	0	211	false	1296	None
LINESTRING (3114399.611 208662.248, 3114294.973 208638.922)	62	314	0	212	false	1296	None
LINESTRING (3114294.973 208638.922, 3114271.704 208636.163)	62	314	0	213	false	1296	None
LINESTRING (3114271.704 208636.163, 3114241.096 208631.06)	62	314	0	214	false	1296	None
LINESTRING (3114241.096 208631.06, 3114175.119 208625.328)	62	314	0	215	false	1296	None
LINESTRING (3114175.119 208625.328, 3114112.559 208619.125)	62	314	0	216	false	1296	None
LINESTRING (3114112.559 208619.125, 3114050.165 208621.43)	62	314	0	217	false	1296	None
LINESTRING (3114050.165 208621.43, 3114001.612 208627.031)	62	314	0	218	false	1296	None
LINESTRING (3114001.612 208627.031, 3113847.226 208654.04)	62	314	0	219	false	1296	None
LINESTRING (3113847.226 208654.04, 3113752.25 208672.723)	62	314	0	220	false	1296	None
LINESTRING (3113752.25 208672.723, 3113688.136 208682.574)	62	314	0	221	false	1296	None
LINESTRING (3113688.136 208682.574, 3113675.827 208686.525)	62	314	0	222	false	1296	None
LINESTRING (3113675.827 208686.525, 3113637.66 208690.887)	62	314	0	223	false	1296	None
LINESTRING (3113637.66 208690.887, 3113520.994 208712.416)	62	314	0	224	false	1296	None
LINESTRING (3113520.994 208712.416, 3113487.544 208717.52)	62	314	0	225	false	1296	None
LINESTRING (3113487.544 208717.52, 3113429.378 208726.447)	62	314	0	226	false	1296	None
LINESTRING (3113429.378 208726.447, 3113424.189 208727.188)	62	314	0	227	false	1296	None
LINESTRING (3113424.189 208727.188, 3113373.891 208728.912)	62	314	0	228	false	1296	None
LINESTRING (3113373.891 208728.912, 3113289.825 208726.106)	62	314	0	229	false	1296	None
LINESTRING (3113289.825 208726.106, 3113226.686 208718.617)	62	314	0	230	false	1296	None
LINESTRING (3113226.686 208718.617, 3113206.527 208714.915)	62	314	0	231	false	1296	None
LINESTRING (3113206.527 208714.915, 3113188.483 208711.075)	62	314	0	232	false	1296	None
LINESTRING (3113188.483 208711.075, 3113164.579 208704.865)	62	314	0	233	false	1296	None
LINESTRING (3113164.579 208704.865, 3113122.601 208691.831)	62	314	0	234	false	1296	None
LINESTRING (3113122.601 208691.831, 3113089.117 208679.92)	62	314	0	235	false	1296	None
LINESTRING (3113089.117 208679.92, 3113077.949 208676.818)	62	314	0	236	false	1296	None
LINESTRING (3113077.949 208676.818, 3113051.49 208666.536)	62	314	0	237	false	1296	None
LINESTRING (3113051.49 208666.536, 3113006.956 208649.429)	62	314	0	238	false	1296	None
LINESTRING (3113006.956 208649.429, 3112948.385 208624.433)	62	314	0	239	false	1296	None
LINESTRING (3112948.385 208624.433, 3112687.625 208505.012)	62	314	0	240	false	1296	None
LINESTRING (3112687.625 208505.012, 3112651.926 208487.376)	62	314	0	241	false	1296	None
LINESTRING (3112651.926 208487.376, 3112633.682 208477.159)	62	314	0	242	false	1296	None
LINESTRING (3112633.682 208477.159, 3112618.716 208469.389)	62	314	0	243	false	1296	None
LINESTRING (3112618.716 208469.389, 3112597.127 208457.411)	62	314	0	244	false	1296	None
LINESTRING (3112597.127 208457.411, 3112492.293 208401.929)	62	314	0	245	false	1296	None
LINESTRING (3112492.293 208401.929, 3112443.632 208377.176)	62	314	0	246	false	1296	None
LINESTRING (3112443.632 208377.176, 3112408.007 208360.879)	62	314	0	247	false	1296	None
LINESTRING (3112408.007 208360.879, 3112335.757 208330.635)	62	314	0	248	false	1296	None
LINESTRING (3112335.757 208330.635, 3112221.708 208281.011)	62	314	0	249	false	1296	W:3112314.717 208321.48025984445
LINESTRING (3116740.251 209477.591, 3116710.995 209301.623)	62	316	0	98	false	215	N:3116719.8862849157 209355.102
LINESTRING (3116710.995 209301.623, 3116628.158 208847.337)	62	316	0	99	false	215	None
LINESTRING (3116628.158 208847.337, 3116610.731 208776.058)	62	316	0	100	false	215	None
LINESTRING (3116610.731 208776.058, 3116527.954 208474.384)	62	316	0	101	false	215	None
LINESTRING (3116527.954 208474.384, 3116297.844 207854.077)	62	316	0	102	false	215	None
LINESTRING (3116297.844 207854.077, 3116200.704 207593.751)	62	316	0	103	false	215	None
LINESTRING (3116200.704 207593.751, 3116074.666 207235.509)	62	316	0	104	false	215	None
LINESTRING (3116074.666 207235.509, 3115943.276 206734.658)	62	316	0	105	false	215	None
LINESTRING (3115943.276 206734.658, 3115833.031 206251.223)	62	316	0	106	false	215	None
LINESTRING (3115833.031 206251.223, 3115816.587 206016.468)	62	316	0	107	false	215	None
LINESTRING (3115816.587 206016.468, 3115845.457 205757.511)	62	316	0	108	false	215	None
LINESTRING (3115845.457 205757.511, 3115877.475 205530.444)	62	316	0	109	false	215	None
LINESTRING (3115877.475 205530.444, 3115937.801 205073.935)	62	316	0	110	false	215	None
LINESTRING (3115937.801 205073.935, 3116028.436 204741.568)	62	316	0	111	false	215	None
LINESTRING (3116028.436 204741.568, 3116072.09 204607.803)	62	316	0	112	false	215	None
LINESTRING (3116072.09 204607.803, 3116093.635 204489.681)	62	316	0	113	false	215	None
LINESTRING (3116093.635 204489.681, 3116065.58 204235.251)	62	316	0	114	false	215	None
LINESTRING (3116065.58 204235.251, 3116049.455 203989.094)	62	316	0	115	false	215	None
LINESTRING (3116049.455 203989.094, 3116042.613 203951.981)	62	316	0	116	false	215	None
LINESTRING (3116042.613 203951.981, 3116023.587 203605.304)	62	316	0	117	false	215	None
LINESTRING (3116023.587 203605.304, 3116085.429 202964.85)	62	316	0	118	false	215	None
LINESTRING (3116085.429 202964.85, 3116103.536 202683.696)	62	316	0	119	false	215	None
LINESTRING (3116103.536 202683.696, 3116125.011 202334.993)	62	316	0	120	false	215	None
LINESTRING (3116125.011 202334.993, 3116142.822 202191.54)	62	316	0	121	false	215	None
LINESTRING (3116142.822 202191.54, 3116151.758 202086.77)	62	316	0	122	false	215	None
LINESTRING (3116151.758 202086.77, 3116166.478 201799.564)	62	316	0	123	false	215	None
LINESTRING (3116166.478 201799.564, 3116200.995 201502.725)	62	316	0	124	false	215	S:3116200.224051068 201509.355
